 160 
  37  46  45  44   3  10  18   4  32  17  40   1  42  48  42  42   6  35  44  15  10  18   1  45  14  11  15  27  14   4  44  15  45  26  19  30   5  32  29  50  48  31  16  35  48   5   6  45  16  27  48  13  46  14  34  19  50  22  17  36  34  17  44   3  18  36  15  26  10   6   7   8  29   4  10  24  40  15  30  39  21  48  29  33  10  37  26  26  29  14   7  40   5  39  37  19   7   1  48  35   4  45  42  16   1  44   6  11  22   6   3  10  31  27  22  44  49  45  41  48  24  50   9  20  11  23  49   7  20  50  28  11  29  47  30  46  18  40  13  31  46  48  49   7   4  25   2  10  21  17  47  23  43  35  48  14  11  15  32   8
  11   7   2  14   8  12   1  39  28  47   3  50  33  49  50  39  19  26  30  33  18  48  24  49   1  38  42  28  40  16  13  39  18  45  21  35  39   9  17  40  14  48  15  12  10  38   7   1   9  46   9  32  40  10  19  29  49  41  48  30  19  28  34  41  36  41   3   3   8  50  42  50  48  20  19  24  50  45   6  14  20  12  41  32   2  17  15  15  25  21  50  46  44   2   7  27  40  18  23  10  39  19  35  34  47  33  49  43  41  28  43  13   9   4  15   1   2  46   7  32  33  48  21   3   6  29  38   6  34  10  29  24  37  33  22  16  11  21  22  11  42  23  20  23  27   4   2  25  32   9  18  23   7  22  24  11  41  10  29
  22  13  33  49   8  24  49  25  49  26  40  49  25  18  50  31   9  16  36  34  38  42  35  19  40   5   8  28  24   7  40   3  41  21  44  46  24  16  13  33  49  22  43   8   4  23  32  32  25  41  41  47  36  49  35  24  15   1  13  30  38  48  44  46  44  34   4   6  15  40  36   6  50  38  45  23  32  26  13  12   7  14  24  17  27  14  26   4  32   2  22  39  46   4  43  43  22  38  48   4  27  44   3  40  40  15  39  21  30   8  43  11  15  50  15  47  25  26  47   6  15  15  46  15  44  12  40  30  21  39  30  42  12  18  48  31  14  23  27   1  17  30  48  19  46   3  16  41  13  16  23  19  40  25  46   5  20   8
  47  42   8  29  47  49  40  35  17  19  20  47   7  22  20  18  20  25  35  31  13  25  10   8  17  17  34  39  22  49  47  10  34  36   5  23  12  11  12  12  45  37  49  11  20  16  46  27   5  26   1  12  46  45  37  12  50  50   3  40  31  36  40   2  32   4  17  37  39  25  43  50  21  30  40  26  39  48  17  13  25  47  45   9  22  20  28  40   4   2  16  21  18   1  15  24  13  16  41  40  21   5  10  30  25  44  22  26  15  19  50  24  44  17   9  50  14  23  49  14   1  43  28   9   9  37   8  16  41  45  40  32  34  24  10  27   3  29  50  24  38   9  24   8  26  22  38  16  19   6  25   9  17  23  34  13  40
   7  27  49  26  50  35  31  48   8  29  30  32   6   9  50  50  20  16  36  13  15   7  46  44   8  20  25  29  48  30  49  49  32  10  30  36  23  44  15  22   4  37  25  44  19  41   4  41  28  30  18  29  12  35   6  41  26  28  11  34   3  22  19   8  26   4  43  33  26  16  33  43   5  24  35  26  40  50  13   7   3  14  24  27  31  28  27   9  28  31  49   3  37  16   3  29  38   2  39  20  19  24  21  25  14  49  48  17  47  10   9  42  35  11  39  45   5   3  38  45  19  25   2  23  49  19  33  38  13  34  30  27  16  14  29  50  12  21  10  26   3  33  20  14  27  20   4   1  13  17  47  21   2  20  35   3
  45  29  19  44  22  50  36  21  37  14  38  42   2  42  36  42  33  48  49  46  15  20  31  14  13   1  33  36  18  30  13  42  45  10  11  17  16  24  30  17  22  15  20   7  42  20  45  31  22   3  41  46  24  48  17  35  23  30  47  28  42  24  27  19  35  45   5   3  10   7  24  32  29  27   4  13  30  40  13  18  48  13  11   7  33  47  12  19  31  28  17  47   4  27  47  17  27  28  29  45  10  26  45   1  50  26  14  50  31  13  30  36  17   5  37  34  12  40   2  23  46   7  35  17   1  39  37  47  26  15  23  44   2  34   5  38  10  12  30  38  10  50  16   4  43  18  37  49  28  45  16  42  16   7   5
  46  50  26  25  44  32  14  41  10  33  42  31  35  42  41  15   2  25  22  27   4  11  47  31  12  12  12  11   4  34  16  33   9  20  22  27  13  21  45  48  39   8  22   1  10  25  44  30  20  40  26  37  24  12  35  27  12  31   2  48  11  14   6  40  18   6  21  49  43   5  40  34  37  33  17  47  33  47  47  36  42   9  19  12  33  18  21  37  16  38  43  40  26  47  28   7  21  32  14  47  50  44   8  23  17  34  23  25  47  23  25  19  13  25  22  36  39  48  47   4  13  31   8  28  43  42  44  21   3  16   4  28  50  45  17  42  42  42  41  26  26  25  42  12  20  32  11  28  44   4  25  20   5  39
  13  34   8  16   6  49  48  49  36  16  23  28  21  45   1  15  24  29  35  27  49  47   2  11  20  40  12   4   2  14  41  46  36   3  28   7  29  37  39   6  11  41  16  10  39  34  31   4  48  13   4   6  43  27  26  12  10  37  25  14  11  27  30  22  19  20  29  37  19   8  22  43  38   4  20   6  39  27  28  16  31  46   1   5  15  31  17  44  26  15  35  18  46  37   1  18  14  24  17  49  12  19  45   4  31  36  26  25  39  20  20  50  34  24  41  43  21  31  30   6  20  46  38  10  48  39   2  15  24  40  29   3  46  43  40  33  50  32  10  17  49   2  41  12  23  19  26  40   6  47  17  49   8
  14  18  33  14   1  19  36  19  34  28  11   9  49   1  38  14  50   2  49   4  20   3   1  19   9   3   6  45   8  15  10   8   5   1  32  42  26  10  36  36  50  43   8  23  33  21  38   2  46  13  38  46  37  38  21   3   2  25   6   3  49  14  12  23  39   3  22  39  17  22  37  18   9  16  50  39  40  30  22  43  13   1  35  25   1  30  27  42   8  39  24  26  50  40  40  14  35  40   8  40  11  15   6  15  21  21   4  32  32   8   1  30  26  30  29  24  49  40  29  25  45  29  42  35  17  38  19  37  16  23  23  16  32  21   2  38  24  48   8  15   4  36  31  42  29  49  24  20  24  23  39  45
  29  14  49   5   2  47  18  47  38  49  12  22  14   1   5   3  47  17   3  40  38  38  36  47  11  41  50  39  46  48   8  14   9  34  19   8  33  35  15  16  18  28  33  38  17  18  50  48  14  16   4  15  12  26  29   1  28  35  42  34  31  25  43  14  42  28  22  36  30  40  40  11  28   2   8  28  20  41  18  19  36   8   4  29  38  26  15  15  39   4   3  50   4  19  17  15  24  11  33   1  29   1  17  27  44  29  29  36  15  30  38  34  46  18  20  38  10  45  28  11  19  36  33   2  46  29   7  40  24  13  28  13  32  15  19  37  46  21  13  47   1  38  42  49  28  31  25  18  38  14   9
  37  13  10   2  44  44  23  19  50  22   8  26  18   3  26  31   3   8  45  45  12  48   3  27  46  17  47  20  29  30  42  42  44  34  12  22  30  41  43   9  14  40  36   7  35  37  18   2  47   6  14  38  47  40  19  15  19  47  34  36   2  33  41   8   2   6  26  35   7  47  14  37  44  37   8  48  46  27  10  29  40   6  18  46   3  18  12  25  39  50  17   2  44  15  49  20  44  10  36  20   8  21  25  14  32   2  36  45  45  18  10  38  18   8  32  16  45  30  41  11  13  19  45  19  45  15   5   3  46  19   9  14  45  42  26  13   8  39  28  21  27  29  32   5   3  28  36  18   7   5
  34  33  48   7   3   8  26  46  17  11  38  37  11  28  12  37  39   6  40   8  19  38  38  34  11  50  36  38  28  41  43  30  34   8   7  35   7  46  25  45  24  28   9  26  48  17  49  45  24  25   4  46  30   3  24  13  32  42   4  38  42  24   2  12   2  22  22  40  26  32  22  30  47  26  22   3  33   4  40  34  36  43  46  48   4  32  48  29   9  21   8  27  21  34  16  34  40  15  22  49  15  21  13  17  35  37  13  34  39  50  40  36  33  13   5  37  46  39  27  32  25  38   1  48  37  35  32  26   5  50  48   8   2  35   3  20  40  27  25  41  37  23  46   9  46  21  41  18  36
  38   2  24  43  49  39  37   1  16  29   2  45   5  46  40  28  12  25  16   5   5  26   5   8  27   9   6   8  21  19  46  50  19  50  41  16  36  50  33  30  18  19  21  43   1  43  10   1  48  17   6  30  14  14  40  15  18  16   3  18  21   9  24  44  50   6   7   6   9  50  37  32  42  25  24  29  49  39  34  10  41  48   7  31  15  42  42  49  32   3  29  35  38  40   4  28  30  31  40  16  28  45  29  37  18  20  50  37  15  10  36  22  38   7  28  23  33  17  43  36  19   8  12  40  15   3  15  29  10  27  25  32  21   8  40  39  31  31  12  50  26  39  50  34  17  35  21  49
   6  33  22   1  22  47   2  49  42  37  17  50  33  46  23  27  28  49  42  36  42  25  35   5  31  34  28   1  34  14  36  32  21  23  37  41  38  46  18  19  50  21  10  12  36  46  25  35  14  47   1  35  37  36  22  48  37  20  27  28  21  32   9  22  40  25  31   1  49  36  33  15  12  21  33   9  42  27  24  10  22   2  44  33   2  28  16  18  48  50  28  21  32  33  36  35   9  37  42  43  35  27  24   7  28  33  49  26  40   7  27  24  48  22  45  22  29  27   7  14  19  11   7  26   9  44  15  12  20   3  42  45   2  49  34  28  38   8  24  47  21  34  12  22  48  47   7
  26   2  10   4  15  50  33  12  38  42  30  19  11  25  47  21  50  13  31  50  21  46  44  33  45   4  44  40  13   9  41  34  24  42   3   3  50  36  43  29  17  46  30   1  49   1  39  46  14  19   7  33  20  41  30  14  21  46  48  26  40  22  49  28   3  34  47  16  20   5   5   6  34  36  43   1   7  39  25  13  36  20  28  29  47  22  29  21  39  28  21  14  18  16  41  38  13  44  39  29  16  28  39  29  49   6   9  21  37  29  13  10  49  24  24  35  36  48  46  18  48  43  46  16  45  11  25  10  42  40  16  28  48  39  29  38  45   1  43  41   4  22  45  45  18  24
  10  23  19  11  19  39  41   8  21   3   7  21  31   3  19  14  36  37  45  35  43  50  12  38  37  46   3  38  10  28  44  15  49  50  38  11  30   4  23   4   1   3   6   6   5   7  34  18  10  41   7   5  28  37  28  13  19  41  27   3  26  30  49  41  49  47  36  46  13  25  23  32  39  25  47  48   7  26   8  13  31  38   4  10  40  22  49  37  48  10  19  50   5   4  16  39  14  41  23  26  12  16   5  44  42  24  12   8   2  44  21  17   3  30  44   4  41  43  38  49  16  40  20  26  50  10  31  49   4  31  14   3  43  24   5  26  35  14   9   9  19  12   4  30  44
  28   6  43  28  34  17  50  22  38   1   7  37  10   5   3  13  30  18  29  33  32  47  27  43  34  15  44  47  10  36  44  41  27  35  21  49  18  50  23  33   1  41  40   5   3  14  36  19  50  41  33   2  19  16   5  16  27  23  32  33  36  32  41  12  46  23  27  33  33  14   2   5  42  30  11  33  27  22  13  50  47   8  44   8  19  17  28  41  45  28  29  11  13   6  32  40  11  21  24  49  21  19  41  42  10  26  43  19  46  17   7  44   3  50  26  50  13  24  18  29  22  47  40  26  34  40  22  25  39  35  49  45   1  37  13  29   1  13  17  36  17  47   7  34
  25  36  35  16  30  17  20   8  19  28   7  47  25  13  24  24  27  40  27  28  48  39   4  22  20  46  50  36  32  47  28  23   3  14  48  19   6   1  31  43   6   4  19  12  41  16   1  39  25  40  41  43  17  45  21  34  26   4   4   5  22  29  21   3  36  16  17  39  17  21  10  25   3   1  19  38  18   5   8  16  44  42  31  39  45  44  35  32  31  45   4  33  15  20  27   5  21  18  30   1  26  13  42  39  12  32   9   1  28  32  18  42  22  11   2  23  45  11  35  39  13  44  27   5   4  19  39  20  47  28  18  19   3   4  28   1  41  21  46   9  24   2  33
  25  41  42  42  30  49  15  30  40   9  25  41  42  46  49  46  43   1  24  21   2  24  13  30  28  47  44   1  42  14   4  40  20  23  46  10  30  29  20  23   7  17  45  38   2   4  43   2  21  26   2  17  22  12  21  23  40  41  47  39  33   1  16  36  29  40  50  44  23  12  15  15   3  18  26  10  25  13   3  46  30  41  18  30   9  28   3  22  46  43  31  19  23  29  22   2  15  45  29  37  30   3  18  20  46  48   3  26   9  16  50  50  21  32  14   2  15  10  43   6  44   6  47  21  10  33  45  18  32  13  17   4  35   1  25  34  23   4  21  28  20  11
  10  45  32   2  50  18  16  20  48   4  39  45   2  46  12  23  32  46  28   9   4   4   1  11  13  16  50  10   2  32  29  22  44  23   4  37  24  26  42  39   4  49   6  43  38  46  48  19   5  13  36  19  36  35   5  44   8  22   9   2  11  25   7  25  28  37   2  23  44  44  28  47  29  48  12  21  17   5  34  27  22  21  48   7  10  35  23  39  28   9  34   3   1  47  46  49   2  48  26  20  15  33  43  31  27   9  30  15  10  49  45  10  11  48   7  43  48  17  10  40   7  30  17   2  50  36   1   6  25  31   5  50  42  32   4  28   8  27  29  33  36
  46   6  12  16   7  32  45  22  13  48  32  37  40  23  37  32  50   5  40  30  17   7   9   7   4  24  19  22  32  45  46  26  48  39  48  39  22  42   2  21  23  37  43  33  24  45  29  25  40  12  18  13   8   2  20   9  16  34  12  48  29   6   2   1  14  36  38  40  15  15   4  42  11   7  43  19  34  45  39  30  28  49  20   5  48  25  27  28   9   1  38  31  31   8  42  13  42  21   3  16  13  28  11  31   1  33  45   4   1  34  34  32  32  15   8  16  42  40  28  35  48  12  50  29   5  40  44  40  26  10  10  38  41  47  40  36  17  39  12   7
  12   6  23  11  12  15  24  34  35  12  45  27  41  28  39  40  14  18  12  44  39  33  25  27   5  24  46  23  18  21  21  36  15  19  45  13  16   3  36  28  49  20  16  16  15  45  49  30  33  12  41  45  44  24  48  13  15  30  26  25  27  32  21  37  19  16  30   7   6  29  29   4  50   1  45  10  16   9   9  33  13  37  20  37  48   3  21  49  35  31  14  18  49  47  31  28  49  45  22  44  28   1  41  33  33   5  48  23  23  20  42  20  31  37  20  40   9   7  20  12  13  50   6  36   3  16  34  24   5   7  24  44  20  50  46  24  35  50  11
  15  42   3  27   3   6  46  10  44   6  25  15  33  47  17  23  15   3  29  10  25  10  24  37  22  36   3  35  12  27   5  16   9  13   8  29  39  35  29  13  36   7  11  20  32  36  10   8  25   8  42  17  38  10  35  17  33  20  30  34  43  39  18  26  30  16  33  40  20  14   7  18  23  16  19  33  18  41   1  43  14  14  25  42  30  11  39  12  37  46  10  46  38  44   1  40   1  49  45  28  11  48  38  45  19  12  10  14  13  20  38  13  10  35   3  45   4  21  39  34  40  24  13  49  13  24   5  16  34  42  47   5  12  48  35  26  31  50
  33  16   3  28  40   2  43  17  30  49  43  45   6  38  31  42  32  16  49   6   7  32  47  27  32   9  34   6  15  48  46  44   1   4  50  32  20  44  42  14  32  34  14  12  13  44  48  44  43  42  14   7  13  43   8  44  24  47  41  36   2  38  11  17  47  13  13   7  29  32  13  40   1  40  21   5  18  35  25  27  43  36   4   4  20  25   7  18  42  30  37   2  50  35   9  21  40  27  36  17  37  23  43  28  11  47  34  32   4   1  10  16  44   7  47  13  24  12  14  30   6  28  11  31  49  41  21  36  10  47   9  33  28  21  35  29  12
  47  22  43  23  46  17  10  19   6  16   6  12   3  48   4  47  28  46  17  21  39  11  31  26   3  33  19  41  11  13  41  50  34  36   6  41   6  23  31  34  32  40  11  34  26  30  36  47  48  44  13  46  46  25  40  31  20  19   9   6   2  45   4  32  17   5  42   2  20  12  27  48  24  49  19  18  25  49  29   7  21  30  43  39  40  43  14  38  15  16   3  44  30  20  24  37  19  26  33  44  18  46  19  50  44  20   9  39  18  45  45  36  12  42  49  26  42  29   2  13   4  33  24  24  30   8  29  45  45  37   5   5  33  42  25  43
  18  17  12  42  41  10  38   6  13   4  23  39  19  40  34  42  34   2   3  18  41  49  19  41   7  41  17  19  30  41  11   7  21  42   6  24  19   7  11  10  38  13   3  38  25  48  39  41  24  23  39   8  39  39  20  22  30  19  19  36  37  26  39   7  21   5  16   7  35  25  26  23  45   3  36  37  41  31  30  12  38  17  25  13  27  13  20  40  45  22  12   2   2  32  17   9  47  24  21  39  18   1  49  40   8  20  11  10  23  11  30  32   2  15  24   3  32  38  39  50  46  24  46  21  13  18  34  12   8  30  28  34  35  17  46
  41  11  27  30  42   3   8  18  21   6  41  10  12  29   2  14  30  36  30  38  24   1   7  27  21  42  29  35  34  37   6  37   3  12  27  28   4  26  48  33   3  45  48   4  12  43   3  27  39  19  15  10  25   6   1  44   5  11  42  13   7  31  17  46   3  42   6  40  38  13  33  39  23  28  42  22  17   5  29  10  19  22  20  43  47  29  16   5  11   4  48  13  21  41  17   2  41   7  23  38   2  32   9   2  46   1  48  23  21   6  48  10  35  11   8  32  38   5  28  49  50   1  19  35  30   4  36  36  38   2  49  49  39   4
  25  36  16   5  13  47  35  18   8  42   7  16  47  17  11  27  39  42  25  43   6  49  49  37  26  18  35  46   7   3  21  25  12  18  34   3  43  49   5   5  41  49   9  42   8  13  40  50  31  47   1  43  14  24   8  12  26   8  30   4  16  14  41  49  30  25  20  21   6  50  30   3  31  26  31  17   1  16  31  25  32  46  17  35  11   8  31   5  18  13  26   6  23  24  36  39   5  26  44  12  37  29  31  37  33  48  20  37  50  19  20  14  36  15  14  45   4  27  40  38  19  12  42   2   4  18  29  24  10  14  36  39  37
  22  37  37   3  27  44  13   7  41  28   3  22  19  19  10  38  32  20  16   6  41  47  22   3  38   7   2  35  38   7  30  11   6  41  31  42   1  36   9  22   9  31  14   7  17  14  48   2   4  31  44   2  27  19  11  20   9  50  22  44  18  42  17  14  21  19   7  28  25  23  45  33  38  15  42  32   6  28  20  48  19  38   2  30  21  27   1  19   7   2   5   5  37   8  41   6  43  29  42  43  11  38  11  48   1  49  11  45  44   8  34   5  35   6   5  39  13  43   1  42  28  40   8  13  29   9  32  24   6   7  20  33
  44  31  14  36  41  36  20  25   4   2  17  32  48  28  16  46  29  17  24   3  50  49  44  42  19  45  50  47  20  21  39  49  29  16  35   1  23  30  33  22   4  18  11   9  10  40  18  20  36  47  42  43  50  15  32  29  25  14  48  35  19  32  38  24   8  42   4  35  46  36  22  39  13  15  28  35  15  16  34  18   8  45   9   5  27  34  26  23   2  22  15  30  16  12  27  42  43  39  48  40  40  35  13  40  22  23  40   2   1   3  44   2   4  39   5  16  40  24  40  15   2  31  24  10   2  29   4  15  37  27  12
  12  43   6  42  29   3  35  12  20  19  27  47  21   6   4  39  40  12  32   3  11  17  41   5  46  49   1   2  21  47  19  42  25   7  29  23  39  33  17  20  37   3  19  48  37  14  45   6  24  26   9  44  21  48  30  29  34  16  43   4   5  24  32   5  11  12  39  28  38  40  46  49  44  45  32   3  19  47  25  36  39  11  42  18   2  31   3  19   1  40  13  46  15  39  37  19  45  13   5   4  26  14  32  16  26   9  37  32   9  19  32  12  16  31  48  39   8  38  24  28  37  47  43  43  16  23  41  27  32  14
  46  21  31  12  35  30  18  50  19   9  15  14  43   7  16  17   9  31  40  47  39  18  25  16   6  48  38  11  35  40  26  36  29  42  29  47  14  34  10  13  16  30  25   1  16  49  13   8  25  41  12  37  11  44  15  23   5   6  42   5  14  34  17  36  11  25   3  39  47  16  40  46  20   3  17  17  16  30  26  21  24  44   3  33  40  12  26   1  28  22  26  19  21  38  25  17  36  46  12  32  28  46   3  21  45  38  29  42  37   8  12  34  45  17  28  13  36  38  12  41  16  46  42  17   7  14  12  26  32
  12  26  38  19  47  35  43   9  32  25  41  17  42  26  48  34   8  48  31   4  11  16  26  39  39  46  18  20  31  32  17  34  15   3   1   7  20  47  21  22  46   7  46  26  29  43  35  26  16  19  26   4  46  14   2  33  10   1  47   2  37  21  41  42  40  47   2  26  20  35   6  44  25  13  43  17   8   3  16  22   4  30  31   9  27  26  32   5  26  35  31  42  41  16  42  42  33  34   6  19  46  35  12  22  47  43   2  42  26  50  47  32  48   1   7  15  29  23  31  28  49  36  23  17   4  33  42  31
   9  41  46  23  14  13  32  19  28  29  26  28  17  23  44  42  29  41  11   5  28  27  37  25  21   1  45   3  17  10  37   3   7   4  14  34   5  29  13   4  26  17  49  34  43  31  29  37   3   7  28  18  27  39  30  32  45   7  23  46  34  36  37  40   5  25  38  34  20   5  43   1  29   5   1  15  25  44  15  22  34  37  22  15   3   3  31  18  17  11   7  19   5  46  10   1  31  29   3  16  13  18  48  16  48  44  22  37   5   5  43   3  19  14  15  18  48  17  39  36  49  11  40   2  39  43  47
   6  25  10  10  33  28  15  36  46  15  16  50  34  17  25  12  36  19   3  14  42  36  45   4  32   4  42  42  38  24  49  42  11  28  39  15  34  45  39   4  20  18   7   4  26  38  38   5  26  29  32   4  21  46  28   8   4  34  45   5  11   7  43  41  24  48  22   1   2  46  21  14  47  26  17  40  23   5  20  18  11  19  22  19  19  25  45   3  21  17  16  24  12   7  33  11  26   6   4  49  34  45  11  49  38   2  24  39  46   6   8  20  10  14  33   1  34  42  23  36  26  47  37  48  42   6
  35  24  24  40  45   9  28  36  20  48  45  16  40   5  28  32   9   8  17  27   5  23  13  42  15  19  24  46  15  17  10  46  26  19  13  23   4   6  26   6  46  34  17  19  31  21  22  42  49  25  39   5  13  11  27  28  47   6   8  12  50  46  20  34   5  33  10  41  41   7  43  41  27   9  24  18  20   2   7  44   3  26  23  14  29   4  48  21  48   7  43  47  35  31  27  15  34   1  11  43  36  12  26  17  25  21  29  34  40  28  13  14  40   9  42  10   1  12   5   7  15  10  30  11  46
  21  38   5   8  32  50  26   6  49  12  38  10   9  17  21  28  42  13  35   1  26  21  35  19  12  37  14   6  32  11  32  22  30   7  12  10  18  31  45  18  48  42   9  36  39  20  23  37  46   7  45   6  47  27   2  48  48  40   3  19  27   1  47  23  25  42  30  25  29  11  47  44  16  49  29  23  30  50  48  50  12  22  36  21  39   2  24   6  34  28   8   9  48  49  13  11  16  34  29  46  45  23  23  45  19  12  29  21  42  43   3  38  48  43  42  21  45  29  12  33  30   1  29  21
  23  33  34  22  15   1  50  32  12   1  46  27   9  24  34  15   8  16  47  45   1  13  31  46   3  21  35  37  24  32  47  29  27  45  15  15  46  24  25   9  18  23  44  25   8  31   6  50  43  35  24  24   8  32  40  15  41  39  19  48   3  34  45  27  16  46   4   8   4  46  18  45  45  24  48  26  31  26  48  25  35  35  13   8  39  18   1  19  26  14  11  37  30  33  22  26  47  20  13  48  16  20  13  18  46  16  26  23  31  18  10  46  22  38  18  46  50  12  40  21  37  24   5
  21  20  32  40   1  12  24  43  32   4  12  28  33  34  17  28   8  11  23  17   6  30  15  45  39  34   6  40  19  26  24  42  36   2   5  48  49  22   7   4   8  20  22  11  41  36  13  26  49  37  13  50  23  17  24  11  44  42  18  13  27  13  29   7  26  48  14  23  32  23  40  15  36  14  37  34  28  19  50  28  50  16  14  44   6   6  46  36  42  38  28  29  13  41  28   3  50  48  19  34   3  35  42   7  31  48  46  21  47  11  25  21  49  38  35  32  35  22  35  45  17   6
   4   5  41  32  40   5   8  25  49  14   5  35  30  13  36   2  44  18  40  21  39  35  31  48  28   6  38  18  47  46  22   8   7  32  38  38  12   1  26  35  15  45  44  46  28   1  49  36  36  36  46  47  46  45  41  22  38   4  39  38  47  31  25  45  31  27  28  35  21  22  31  50  29  25  45  17   5  42   4  31  35  35  26   7  18  40  19  44  35   1  23   6  26  24  29  43  28  38  27   4  44  42  11  25  14  38  12  39   4  36  25  42  30  27  34  23  46  12   9  37  33
   3  21   9   2   7  46   2  31  33  20   5  47   7  36  47  37  26  14  27   2  20  17  29  37  21  47   8  15  43  24  34  25  26  24  16  31  22  44  10  48  29  14  36  41  40  14  38  17  27   9  40   5  25  34  12  37  20  21  32  33   5   8  10  49  48   5  42   3  31  26  48  31  42   7  21   9  10   1  16   9   8  14  39  49  27  47  23  14  12  26  14  36  14  13   6   8  42  32  46  41  46  32   7  22  40  45  36  40  12  33  14  19  21   1  23  34   7  10  10  26
  33  21  18  13  44   4   7  14  27  10  48  35   1  18  45   7   1  14  35  28  20  17  39  21  19   3  35  45  20  45  13  10  37  24  43  21  46   1  36  19  16  19   1  42  40  10  11  37  11   4  19   8  19  25  29   5  12  21  11   3  37  34  47   1  43  13   3  30  34  48   5  27   6  10   3   7   1   2  48  41  45  28  44  14  47   6   2  15  10   7  48  32  34  41  19   1  28  43  23  35  47  40  47  19  37  45  19  36  34  12  42   3  21  29  47  30  29  44  47
  28  33  46  44   6  14  16   4  30  49  45  45   5  39  48  12  48  47  50  37  38  44  26   6  45  10  24  38  19  46   4   7  11  44  15  11  38  11  39   9  50  28  39  22  36  19  12   1  40   6  16  15  43   6  43  45  42  27  40   6  14  14  32  37  27  32  37  32   9  34   2  43  28   9  33  28  45   1  20  29  22  39  27  14  15  27  50  13  48  17  29   5   3  30  22   2  29  19  26  33  38  26  39  33  26  21  24  48  39  19  25  43  19  21  19  34  15  23
   4  50  25  41  22  10  37  23  39  19  23   4   5  19  39   6  44  32  18  41  47  38  34  31  16  42  42  29  45  29  32  16  20  42  42  22  15  10  13  20  45  20  23  21  43  15  40  44  44  35  23   8   5  28  29   3  18  15  23  17  43  34  39  11  29  33  43  21  12   4  10   3  26  21  22  34  20  44  10  34  30   5  27  37   9   7  27  23  13  15  15  47  12  12  47  35  38   1  36  28   5  40  44  43  47  33   7   4  12  30  22  50  49  33  30  22   5
   4  12   1  44   7  22  41  40  20  19  49  30  31  21  11   6   7  45  10  29  34  27   9  44  39  45  15  45  10   1   9  30  31   7  17   9  38  11  13  31  44  19  32  34  25   1  25  42  19  12   1  32  28   9  40  45  36  46  31  42   6  26  33  45  15  47  12  32  50  33  31  47   1  36  10   7  10   3  16  38  49  30  23   2  38  49  20  30  47   6  16  37  21   1  35  16  21  19  23  35  19  20  15   4  12   3  20  25  45  36  30   8  50  43  25  50
  36  45  33  35  17  12  43   8   8  28  45  24  50   9  20  50  12  20  32  25  32  27  41  45  14  14  42   2  50   8   3  38  38  50   9  21  20  12  32  10  18  16  41  30  22  11  22  41  37  43  16  15  47  30  26  25   2  40  29  38   9  42  40  10  16  22  48  49  25  29  43  43   1  50  40  38  25  41  31  19   6  31  10   8  40   4  35  46  50  34   8   2  33  15   3  32  41  18  39  15  42   9  22  29  33  10   2  26  18  49  33   1  48  14  38
  12  37  10  14  43   4  29   5  48  42  47  47  42  20  48  19  10  10  13  14  17  10   7  38  19  32  44  13  46  50  45   2  31   3  33   2   7  38  41  34  11  42  18  17  22   8  32   3   3  40  36  12  32  26  50   3  23  50  43   7   5  20  31  47  14  39  40  16  37  41  29  27  16  35  16  35   1  49  37  24  43  35   5  21  45  32  14  12  36   5  32  43  34  18  30  17  47  10  41   2  35  45  47  28   7  40  38  27  23   7  29  10  25  29
  36  21  30   9  29  39  42  42  20  25   3  21  21  35   6  13  11   1  32  35  37  31   8  32   2  40  10   6  10   3   8   6  16  42   2   8  28  42  49  14  46   3  38  30  14   5  46  34   5  14  20  13   8  35   3  45   2  10  11  41  27  27  16  40  33  42   6  46  24   9  13  42  27   4  10  16  17   3  18  36  22   4   6  30  12  33  46  26  16  27   5   3  20  26  46  34   6  36  12  47  25  42  17  17   7  17  47  18  50  34  48  27  21
  23  32  15  13  34  14  28  42  50  50   6  33   9  16   2  28  49  15  10  28  12  23  14  47  10  48   1   8  28  45  32  42  31   3  48  25  32  16  30  25  26  43  26  42  47  12  32  19  14  26   4  42  40  25  43   1  50  32  48  42  44  29  47  44   8  45   6   5  17   1   9  19   4  44  38  14  33   6  40  32   7  47  16  15  31  12  39  16  47  50  12  10  25  13   9   7  34   3  26  27  31  21  15   9  49  39  14  24  21   1  40  14
  39  44  20  20  11  30  30  17  17  12  22  29  32  32  29   7  22  24  38  34   3  12  34  34  48  14   5  27   3   6  39  18  45  49  24  11  22  33  12  16  36  30  16  47  38  39  10  47  41  10   5  47  44  24  25   7   3  27  36  18  28  48  16  22   7  13  18   1  50  12   3  31  36  23  20   7  33  18  16  15  18   4  16  25  29  34  16  11  46  14  43  10  33  37  34  47   4  50  24  30  29  46  30  16  27  10  42  35  27  48  35
  19  38  12  49  11  13  37  15  26  14  19  21  35   6   3  50  14  38  37  10  46  27  24  41  34  44  27  13  34  38  12  38  27  27  16  19  46  35  31  18  44   5  50  12  19   7  24  29  46   3  38   1  29  42  37  32   3  23  14   8  50  43  25  27  37  43  27   3  10  29  17  48  31  13  48  23  16  28  18  29  31  36  22  19   1  22  38  42  26  26  49   7  35   2  32  31  20  31  14  38  33  28   2  15  38  50   4  48  18   9
  32  44   8  49   2  23  37  42   3  18  12  19   7  27  28  30  36  12  24  38  28  19  10  11  10  11   8  16   3   6  34   9  23  21  34  46  25  31  31   6  36  23  24  45  46  36  20  22  46  49  36  21  49  14  43  28  36  25  22  14  41  18  27   4   1  17  50  25  23  25  34   5   7  18  31  39  11  50  12  41  27  37  34  14  50  39  42  27   8   4  34  39  14   1  37  34  39  12   7  50  47  10  19  45  28  41  29  17   1
  37  25  20  14  37  17  42  31  39   7  50  11  15  42  24  11  27  37  33  18  29   5  19  24  41  42  36   2  48  24   4  38  23  10  49  48   6  33  33  38  41   2  32   2  18  29  33   8  13  31  43  42  17  43  11  18  47  16  50  14  42  10   5   7  37   8  47  31  39  32  40  35  41  42  35  26  50  33  18  50  50  25  28  47  29  38  28  15  34  44  41   3  42   3   1  32  23  14  34   9  13   5   4  42  43  29  13   9
   8  40  10  39  32  48  24  38  44  21  12  48  44  23  33   5  12  18   8  23  34  32   3  14   3  40   2  29  12  46  38  47  35  24  43  12  45  42  49  28  20  44  47  20   4  46   4  21  50  27  14  30  15  24  30  23  50  31   6   4  16  38  23  35  17  28  43  15  45   3  38   1   4  14  38  17  31  35   7  15  42   2  32  10  21  49  40  24  40  47   6  26  13  18  21  34  18  48  42  43   3  12  18  28  21  23  49
  45  40   9   1  38  13   8  49  48  47  37  40  43  35  25  18   7  35  49  22  37   5  29  21  19   5   4  28  21  28  39   8  23  45  45   6  15   6  24  18  38  22  23  29   5  24   8  37   4  32  46  22  35  22  21  21  24  48  11  23  10  27  45  15  36  26  41  42  10  35  32  15  16  18   3  44  43  20  21  27  23  18  20  14  33  43  40  49  27  24  45   7  12  37   8  15   6  43  23  47   2  31  14  31  41  45
  36   4   6  31  47  25  24  50  46  48  11  43  10   7  24  22  14  45  38   3  29  30   3   7   7   8  45  46  23  30  27  50   1  31  34  48   4  17  40  26  27   6  45  41  42  22  47  41  49  28  16  43  12   6  26  13  30  22  32   3  49  30  17  23  37  11  40   6  29  45  21  41  23   5  27  15  16  11   4   3   7  12  39  39  44  18  17   1  23  18  36   2  17  11  23   9  12  10  12  45  39  47  31   6  33
  42   2  37   7  20  13  34   7  20  39  31  26  38  28  13   1  33  31  49   9   3  18  34  10  18   1   2   1  14  34   4   5   5  19  41  21  17  19  15   7   8  13  12   5  11  44   2  13  16  48  43  42  33  23  31  29  31   1  50  28  42  16  29  14  38  41  35  39   4  26  41   7  26  13   8  20  43  11  48  50  33  44   7  32  30  11  43  48  44  43  40  26  25  38  45  37  49  40  50  34  48  10  43  22
   8   7   4  43  22  40  23  44  14   1  34   3   2  36  34  18  28   4  16  23  46  22   3  32  32  26  22  25  48  47  41  15  15  29  49  13   4  26  10  31  16  48  50   7  15  36  40  28  45  17  49  18  25  29  40  38   8   9  13  22  35  26  36  42  27  36  24  43  45  14  50  42  43  33  41  44   9  11  23  37  31  30  50   9  45  19  50  20  30  30  12  14   6  23  14   6  28  14  10   1  50  46  38
  35  28  16   4  41  13  46   2   3  33  28  46  22  17   8  12  31   8  42  31  12  39  42  33   9  11  39  41  42  50   6  37  23   4  37  11  35  48  44   9  25  12  24  40  26  44  36  15  36  48  38  49   7  28  16  37  49  14  37  32  11   1  37  28  27  30  31   6   4  42   3  12  33  12  37  30  17  48  36   1  21  14  15   8  25  44  11   3  15  11  17  44  50  25  49  48  36  24  10  10   7   5
  28  48  45   9   8  21  21  42  44  43  22  20  39  41   5  17  18   2   4  42  50  13  21  34  50  36  41  28   9   4  25  38   7  12  20  44  34  32  15  15   7  29  15  44   5  49   5  13  48  38  18   4   3  20  26  28  21  28  43  39  38  21  47  48  13   5   4  29   3  17  49  21   2  19  44  39  27  11  30  11   2   7  26  45  30  27   3  27  42  23  43  32  49   4  37  32  10  17  49   4  45
  33  20  31  49  15  42   2   5  48  21  30  18   6   4   3  40  11  39  36  29  44  43   9  43  16  35   7  42  42  24  32   2   7  47  49  17  34  28  35  42  12  32  16   7   8  28  43  12  21  25  47  11  44  48  34  36  36   5  16  31  45  22  14  16  37  36  35  42  11   5  48  13   7  20  18   7  16  19  41  19  37  31  25  33  41  22   5  49  15  45  39   6  24  35  13  43  33  30  46  18
  11  36  34   6  10   2  32  50  11  45  49   1  22  17  31  36  25  19  20  10  22  26  49  48  50  26   3  32   5  40  43   8  26   1   7  43  20  48  20   8  11  11  39  28  42   6   6  10  18  39  28  12  27  16  26  38  21  29  24  41   6  45  31   3  36  36  39  48  19   7  25  44  27  34  14  16   2  10  34  47   3  47  20  44   8  47   8  20  39  29  45   4  11  35  47  41  36  48  19
  36   4  35  24  43  15  43  24   6  38   1  45  40  15  39  11  13  20   4  33  20   5  21  26  38  42   4  21  10   5  15  42  35  29   6  44  24  22  31  19  13  33   8  44  44  35   4  22  25  13  11  45  46  47  40  26  37  42  47  35   7  14  50  31  44  38   3  30  39  29  31  37  33  16  15   5  50  27  25  45  25  27   9  41  24  45  16  14  34  41  10  21  42  24  12  47  22  32
  23  18  36  49  21  46  36  17  27  41  47  30  10  47  29  41  24  41  34  13  49  10  45  15  39  23  48   8  44  19  20  40  15  29  38   4  28  31  44   9  38  46  43  34  29  30  14  16   2  36  34  47  31  43  41  50  39  49  38  29  33  10  12  41  26   7  19  45   6  41  29   8  47  32  45  10   8  26  35  35  49  49  41  13  19  31  22  32  47  36   2  19  44  34  32   9  18
  21  13   4  20  41  34  28  17   3  43  38  29  12  32  21  24  32  17  46   4  41  49  32  17  12  21  13  48  21  35   8  45   9  28  30  35  30  12  11  24  40  49   4  14  38  49  15  36  33  23  15  43  47  43  36  14   8  18  24  47   3  46  31  13  15  16  18   1  37  18  33  22  16  19  42  12  18  47  15  45  35  47  48  27  37   4  17  12   9  29  20  45  35  10  42  13
  12   6   2  25  23  26  50  44   9   7  28  19   3  26  16  11  31  30  33  21   6  31  25  11  37  35  28  16  11   2  24  27  50  29  13  39  23  11  21  16   3  45   8  12  36   8   6  23  12  41  12  20  28  16  22  16  32  27  37  45  36  14   1  10  29  39  14  16  38  27  47  14   1  42  16  48  10  28  50  28  43  35  22  37  15  35  21  43  44  23  48  26  49  29  45
  50  31  34  24  43   3  44  48  30   7  50  14   8  31   5  37  32  45   9  30  32  35  49  35   4  14   8   7  24  34  30  26   3  18  31  37   3  36  21  30  40  43  21  35  27  37  20  30  42  44  20  15  18  48  40  45  35  32  38  37  32   2  13  30  42  10  20  45  28  11   5  35  23  15   6   2   5  27  48  13  44  33  34  15  29  23  28  34  26  17  33   6  30   7
  36  49  11  20  31  36  38  21   6  25  41  49  45  40  40  45  45  28   7   6  28   5   6  15  25  33  35  23  27  44   4   4   4  30  38  18  43   2  13  26  12  20   2  15  17  18  12  10  26  33   5  45  42   2  22  44  13  30   8  42  41  38  14  39  35  33  41  23  19   4  26  21  31  40  14  17  33  12  32   2  43  13  42   9  37   5   4  14  38  49  16   4  47
  44  36  38  44   4  20  37  45  14   5  24  10  30  19  21  38   1  25   6   6  14   3   6  47  37  18  20   6  41  26  33  19   3  22  44  29  29  49  32  38  36  21  33  30  33  26  33   4  10  32   5  48   6   1   8  49  10  28  32  43  23  41  27   2  41  22  37  48   4  31  23  42   9  37  42  29  49  39  11  20  30  31   4  20  46  22   2  37  34  45   1  41
  31  22  46  45   8  33  47   4  41  29  21  18  27  24  35  25  47  14  40  29   8  42  46  33  31  48  41  45  24  38  30  46  14   1  20  43  28  47  35  40  33  18  39  31   6  13  25  24  19  48  50  42  23  16  41  39  41   9   1  45  48  30  20   8  47  46  18   1  20  10  12   2  25  13  43  29  13  27  20  45  17  32  18  40  30  21   7  47  42  13  35
  50  39  35  27  34   1  36  43  43  50  12  38   8  27  42   9  24   7  28  11  23  34  30  32  44  47  28  31  31  21  42   9  12  27  30  46  41  35  26  39  33  33  14   5  45  18  49  31   7   5  11  35   4  47  39  26  43  27  44  22  49  19  11  19  13   1  12  35  40  32  35  16  46  47  22   3  15   1  35   4  34  26  36  10  48  10  42  18  30  21
  15  44   6  50  18  49   2   9  17  14  46  17  37  24   5  32   3  42  32   6  20  27  28  47  19  33  43   2  21  17  41  15  48   8  29  39  32  33  40  12  49  50  24   9  48  36  27  34  49  42  34  17  25  19  41  22  42  29   8  13   6  13  21  29  32  14  48  28   8   3  49  35   2  11  43  28   9  27  35   4  35  44  28   6  41   3   1  29  33
  33  24  48   4   8  16   6  33   1  32  39  43  11  37  14   8  16  38  35  28  48  38  48   8   6  20  33  49  14  35  42  11  17  40   2  24  39   2  19  36  19  48  11   5   1  14  36  29   7  31  30  16  27  27  44  23  38   6   6  15  37  34  24  16  43   7  26  29  22  45  33  39  14  32  46  50  48  47   9  11  22  46  30  44  23   5  26  15
  39  15  48  16  50  25   5  37  35  22  44  40  18  49  44  45  12  24  12  36   6  34  22   7  31  10  47  17  29  47  13  37  11  47  48  18  23  36   9   7  16  46  27  21  31  20  22  36  32  33  15  19  28   5  49  25  39  20   6  46  40  17  12  30  28   2  49  48  42   6   6  13  11  12  21  39  50  13  44  19  31  32  17  24   8  15  18
  17  42  14  17  42  31  24  44  43  46  47  29  23  29  10  46   8   7  38  17  18  27  34  38  30  37  40  41  49  42  36  34  29  30  46  14  50  21  35  46  42  14  16  37  50  20  46   9  22  50  12   9  43  33  19  29  23  41   1  10  13  43  28  31  36  24  11  37  13   2  19  22  18  31  45   8  16  37  20  49  18  43   4   7  15  44
  16  12   5  26  43   3  36  22  48  44  31  36  44  32   4  46  26  30  35  19  42   5  36  32  27  43   4   9  14  24  34  22  13  45  15  11  26  33  29  27  29  40  25  16  28   2   5   3  24  13  43  44  28   4   8  44  43  29  47  26  46  33  22   6  43  43  28  40  19   5  29  27   4  47  16  47  45  25  49  15   4  43  43  23  48
  19  18  11  14  13  44  13  29  16  27  15  27  45  15  27  14  16  37  27  36  37   1  48  40  20  32  16  26  48  27  38  30  42  39  14   7  24  21  19  43  31  14  22  49  10   1  48   7  35  22  20  12  15  50  35  41  35  14  44  15  45   3  48  35  14  34   9   2  13  33  16  27  26   7   2  24   7  24  47  27  22  11   7  43
  15  36  49  36  30  27  33  32  29  20  14  28  42   6  43  26  34   6   4   5  32  10  40  31   8  31  10   7   3  20  30   8  37  12  29  38  49  27  35  24  42   4  16  42  10  20  26  34  50  19  43  16  11  22  27  14   6  25  34   3  15  22   7   5  42  18  21  20  22  24  30  30  35   6  37  36  46  47  32  13   5  33  20
   5  12  29   1   6  47  26   5  35  14  49  18  20   4  34  26  30   5  40  16  37   3  21  13  17  17  47  20   8  11  50  28  21  50  29   3   2  50   4  44  12  39  42  13  35  37  50  44   3  33  46   3  41  44  27  36  32  27  13  26   6  31  42  32  46  18  17  38  39  11  49  30   5   9  29  19  16  33  45  22  18  17
  40  18  35   3  15   9   2  49  19  44  20  42  34  46  47  25  45  14  46  23  12   1  19  49  21   1  23  37  28  15  35  50  49  20  38   3  28  29  30  36  33  43  42  43  36  10   6  31  31  48  31   8   3  40  18  40  12  18  13  36  42  28  40  24  19   4  43  24   8  36  15  41  32  48  15  37  15  35  22  44  30
   6  34  44  36  13  49  20   8  35  29  34  40  35  16  30  34  17  35  14  38   3  41  15  24  11  21  49  20  23  38  38  27  23  49  33  45  35   6  15  35   7  35  32  23  48  41  39  50   5  14  17  27  42  18  47  42  30  26  37  32  29  20  28  14  44  26  25  18  24   4   7   8   4  13  21   3  18   1  50  14
  35   4  43  47  17   8   2  37  18  48  19  25  32  21  33  36   4  39  31  50  21  33  24  24  48   9  24  31  10  39  33  26  10  13  18  29  13  33   3  41  40  45  17   9   8  50  39  16  11  38  27   1  25  43   5  35   8  23  19  14  23  38  45  37   2   2   1  35   6   4  46  11  17  16   7  15  33  50  46
   9  38  39  49  27  49  35  20  40   7  19  22  14   3  26  47  17  33   6  38  32  33  45  34  44  35  42  12  12   4  14  41  35  35  40  35  11  24   3   4  39  33  18  23   4   6  25  41   2  18  15  23  50  48  11  42  22  35  27  16  11  12  40   3  23  45  43  32  10  30  44  40   9  16   8  49  47  31
   8   6  25   1  44  35  27  47   7  32  29   1  48   9  49  49   4  35  28  47  18  44  31  50  24  33  31  30  40  12  17  49  11  33  31  29   5  16  22   1  25  10  37  39  43   3  46  49  15  48  22  36  10  48  39  35  22  40  20  11  38  31  29   5   9  10  31  17   5  45  44  12  48  31   5  30  21
  14  11  12  24  31  16  43  35  30  50  39  48   9  40  20  42  45   7  43  40  45  44  27  30  47  37  16  10  13  27   3  47   1  13  44   2  48  12  40  20  45   7  13  21  38  18  10  37  47   4   4  50  15  23  17  49  10  45  29  39   2   4  30  30  10  49  39  43  50  43  38  32  40  14  41  44
  45  34  17  19  24  45  17  39  20  41  38  32  21  42  47  24   6  34   8  27  10  32  20  34  33   7   9   9   4  11  24  16  17   5  46  47  10   5   2   1  50  19  16  31  19  26   5   2  33  34  22   2  47  23   3  14  20  21   9  21  26   1  36  27   6  22  44   3  18   1  18  12   4  40  15
  22  29  33  35  14  10  15   8  26   6   7  12  46  19  21  49  15   3  26  50  49  35  27  14  38   8  49  36  11  16  40  24  45   4   7  34  35  37  21  42  17   7   3  48   9  21   2  44   6  12  47  29  41  48  10  14  36  33  24  25  45   4  29   2  23  11  49  19   1   3  36  21  39  32
  36  40  20  38  11  10   7  50  10  20   4  14   8  31  23  36  43   5  21   2  31  38  39  40  26  36   4   2  19  16   6  33  21  16  38  27   2  48  41   3  28  50  41  47  26  45   6   2  43  27  28  29  46   6  19   8  45  34  45  48  28  40  26  28  31  25  37  34  25  21  31  10  30
  26  33  30  22  34  19  39  18  40  35   1   3   3  48  19  36  22  29  11   6  36  10  42   8  29  23  24  48  12  37  34  40  37  45  42  25  45   3  25  50  30  41  46  37  21   3  13  41  37  43  23  32  43  13  30  44  30  48  32  43  43  22  36   4  50  34  47  26  30  32   1  15
   6  49  35  16  12  27  47  27  17  49  41  40  50  45  34  32  34  21  50   8  20  30  34  39  11   9  46   3  48  42  46  33  32  13  29  47   4  27  13  16   6   5  26  45  32   3  25  22  47  27  24   6  14  32  44  47  37  28  15  37  19  18  31   6  34  27  47  29  22  38  13
  26  43  42  20  42   2  20  42  10  40  17  23  35  47  45  21  37  37   2   6  28   2   1   8  10  38  47   3  49  47  24  15  16   2  12  41  42  37  20  33  29   1   4  27   4  14  41  48  41   5   1  36  11  47   3  42  29  18  29  21   6  18  43   5  48  36  32  48  49  11
  39  33  30   4  32  11  23  27  21   4   9  24  19  16  47  47  27  21  22  45  14  34   4  20  34  47  17   2  27  46   6  41  46  48  25  29  27   4   8  27  35  21  33   9  32  43  39  45  16  34  33  12  15  39  31  47  43  31  22  26  29  30   3   4  32  38  13  40  22
  22  44  10  45  26   3  32  43  47  13  48  44  29  45  16  39  25  39  49  38  28  45  17   6  27  41  38  31   8  31  40  41  37  48  49   8  39  43  19  35  46  35  23  11  21  13  36   2  34  46  14   6   6   4  13  36  26  41   5   9   3  38  18   4  47  23  13  18
  17  30  23  25  10   1  16   3  33  30  37   3  35  12  15   8  41  33  11  45  27  14  40  48   5  13   7   1  21  38  40  28  34  30   7  42  13  29  22  22  22  43  39  18  25  10  22  40  13  28  43  15   5  15  41  14  26  44  46  19  32  29  34   4  29  41  17
  35  18  50  19  37  14  27  30  43  37  19  33  50  48  25   8  45  24  35  28  35  25  43  37   7  22  42  35   4   2  27  44  24  14  16  30  48  21  39  33  35  28  33  42  47  24  16  31  15  17  17  43  40   5  18  32  26   3  32  29   1  12  36  42  33  47
  31  18  34   5  40  42  38   2  24  46  26  30  26   5   3  14   1  13  42  45  32   4  14  15  14  45  48  40  11  12  32  11   7   6  35  32  18  27  16  44  21  23  10  24  12   7  41  43  44  16  50  48  16  12  43  44  14  17  37   5  12  21  25  37  29
  43  16  44  25   3  13   5  31   6   1  32  46  21  37  28  15  18  21  26  43  39  11  17  42  33   6  16   2   9  49  15   3  10  42  21  36  38  14   7  11  15  45  22  34  40  39  20  20  34  43  10  33  18   5  34   1   2   8  16  35  20   4   9  14
  11   4  23  43   5  12  45  47  14  21  35  19   3   7  40  31  36  10  39   4   7  21   4  28  42   2  19  36  28  44   2  35  33  14  33   1  34  28  23  28   9  35  14  24  36  14  17   8  11  37  19  20  25  33  38   4  34  26  20   6  12   7  28
  31   1   3   2  16  19  26  48  46  26  10  21  33  40  42  19  16  22   6  15  38   2  23  17  33   7  26  43   2  27  17  14  10  29  42   9  35  45  36  15  10  33  37  47   7  24   6   7  48  44  12   3  23  17  35  11  41  34  10  21  33  23
  35  26  14  46  28  22  40  10  14  42  13  45  24  21  44  32  19  36  44  44  10   7   2  47   7  12  46  13  13  47  12   8   7  47  47   4  11   3  15  20  20  43   8  27  23  11   1  31   1   7  24  31  20  11  45  28  15  13  31   5  50
  33   3  37   9  11   5  40  12  32  45  20  47   2   3  23   3  24  28  20  49  41  11  36   1  27  25  41  12   9  13  42   2  38  45   5  42  24   3  11  32  36  18  46  25  11  37  46  28  37  21  27  48  33  10  24   1  20  32  35   4
  45  19  49  10  49   8  47  41  45   3  38  16  47  47  42  44  25  31   8  21   2  14  23  19  44  20   8  45  15  25   6  24  48  17  10  35   8  32   1  26  48  25  50  50   6  31  47  15  18  34  16   1  21  21  27  38  46  38  38
  44  25   6  36   6   8  46  29  25  34  24  17  30  45   5  32  17  17  27  41  47  25  19  46  42   8  30  20  18   3  23  42  12  13  21  50   1  24  38  32  37  38  10   8  50   7  45   1  13   3  27  22   3  15  47  48  44  34
  28  15  46  23   4  31  43  12  10  21  48  31  31   6  44  41   4  33  49  35   5  37  17  11  41  20   5  11  22  50  18  13   7  48   5   5   9  30  13  23   2  11  18  28   9  40  12  40  35  38  13  42   8   6  41  24  35
   5   2  45  22   5   1  47  23   1   9   9  46  13  48   1   5  46  10  25  10  18  23  18  20  31  30  14  49  10  41  35  28  33   5  35  50   4   4  46  28   4  24  11  36  30   9  38  12  13   9  27  34  10  50  11  27
  16  50  27  45  41  47  34  44  16  33  34  22  14  20   5  22  45   4  40  37  23  44  32  13   3  12  30   6  26  29  40  49  11  48  14  26  30  29  10  22  31  24  14  16  38  31  25  33   4  21  26  32  31  44  27
   9  45  34   5  24  43   7  48   1  41  35  22  11  35   1  48  42   2  43  47  22  22  13  16  10  30  18  49   7  20  25  38  24  15  36  45  10  37  23  36   1   2  41  49  38   9  29  50  19  35  26   7  39  33
  39  29  21  37   6  28  50  10   7  20   3  22   9  28  12  21  34  47   4  38   8  34   5  37   7  18  43  17  48  42  42  18  43  12  25   2  19  12  29  32  49   2   4  10   6   2  33  30  38  26  37  25  22
  44  48  20   9  38  31  15  50  30  17  24   5  25  17  46  34  43  41  46  10  38  11  23  18   7  48  20  47  29  48  17   9  49   5  35   3  40  10  22  20  17  38  49  49  32  28  11  21  16   3  25   9
  13  28  32  13  12  25   5  28  46  13  41  33  17  40  37  49  37  48   5  45  29  38  35  22  48  19  17  17  14  13  13  50  34  26  10   9   6  13   9  29  22  26  25  15  14   2  42  10  35  34  26
   9  15  33  43  28  13  42  47  19  20  16  34  28  32  26  43  46  27  48   4  24  43  10   3  22  26   7  39   9  42  23  38  37  45  25  16  21  10  39  47  32  16   1   4  28  45   4  32  41  19
  19  29  48  38  33  13  21  45   2  41  36  19  21   7  36  18   3  44   4  38  30  28   3  29  44  40  15  27  35  31  36  31   2  31  38  18  16  25  38  40  36  19  50  38  36  46   3  45  28
  27  24   6  36  20  39  40  35  45   6   1  33  29  23  33   5  42  15  20   1  40  35  19  32  18  46   5  15  44  11  43   9   7  22  14  48  39  44  34  45  42  40   2  36  32  20  38  33
  25   9  27  48  14   6  37   1  19  42  10  19  41  16  40  41  20  17  21   5  14  28  34   3  50   7  22   5  17   8  45  14  43   2  20  40   5  46   7  40  32   5  14   3  43   8  26
  30  20  16  43  40   9  34  20  46  23  19  45  47  37  19   5  50  38  35  29  50   5  24  19  37  34  25  41  36   2  23   8  47  48  30   9  27  40  43  32  24  41  42  10  41  17
  17   9  24  37  42  12  13   1   5   9  31  39  26  18  40   6  18  11  37  33  16   9  12  28  32  16  34  16  13   8  39  42  50  49  46  11  27   6  36  18  10  45  42  44  20
   4  28  30  43  31   3   1   8  27  31  23  12  46   4  30  11   4  43  27  17  13  20  31   2  30  24  11  18  22   6   7  26   7   7  10  30  31  30  42  35  49   1  49  43
  47  19  48  43  46   1   8  23  23  25  40  18  19  41  11  39  15  17  22   1  33  41  29  43   8  22  19  26  20  39  41   7  18  16  33  10  49  36   6   7   3  19  19
  19  35  40   1  50  41  10   8  37  49  10  21   2  13  39  19   2  49  44  42  38  20  43  32  40  21  12  50  14  10  33  13  40  15  18  38   9  29  49  47  30  50
  35  20  45   8  31  15   5  33  34   2  19  30  17  49  47  10  21   7  37   5  38  40   6   9  13  15  17   5  45  25  21  18   8  28   8  20  34  41  13  25  27
  47  48   8  30  30  16   9  44  38  11  35   5  18   5  38  33  23  19   4  47  41   5  35  22  30  25   2  41  19  17  11  31  14  36  25  18  49  20  15  43
  49  40  21  14  30  28   2   4  34   6  18  39  48  33  35  28  11  23  19  22  42  42  10  11  22  10  25  44  33  23  40  34  19  34  10  31   3  43  48
   7  24  31   2  23  16   1  22  31  11  35   6  39   9  22   4  17  39  26  34   8  37  11  31  47  36  30   5  43  45  10  16   5  10  43  13  29   7
  10  31  34  47   6  29  39  31  25  19   7  26  46  32  18  41  45  44  28  47  15  33  22  15  46  26  42  41  50   9  31  46  36  20  27  41  23
  23  18  18  32  47   9  42  18   9  13  18  11  11   6   8  16  46   1  38  12  13  22  25  17  15   7  12  23  10   3  47  32  34  17   1  20
  22  47  48  26  35   4  30   2   9  49  16  27  41  43  31  34  15  30  31   4   4  14  40  39  16  20  10   7  34  26   9   6  34  28  45
   9  46  16   9  15  34   2   6  34  37  32  49  32  32  33  37   3  26  44  20  34  29  50  41  46  34  28  16  47   5  17  44  43  48
  44  19  42  45  41  48  19  12  40  47  28  26  10  43  30  50  14  29  10  17   4  36  36  36  30  19  10   7  17  19  21  41  40
  14  41   1   4  24  36  43  10  42   7  24  41  27  39  39  21  36   2   1  33  28  19  34  18  26  12  21  35  15  16  36   4
  16  27  35  11  10  11  15  40  44   9   3  43  25  41  28  21   5  39  30  45  38   7  28  24  47  43  16   2  45  31   2
   8   7   1  23  46  39  24  48  23  33  40  26  21  27  36  45  27   4  24  46  22  35  48  21  10  34  16   7  36  45
  25  19  18  34  10  33  33  16  42  22  14  30   3  21  25  39  15  37   4  13   9  19  10  37  49  34  16  12  42
   6  39  23  21  39  37  41   1   8   4  35  24  34  36  43  20  10   8  34  21  22  14  27  24  43  29  42  29
   1  36  14  34   3  13  47  25   4  15  24  49  13  41  46  47  17   5  26  23  31  44  35  50  29  27  13
  16   9  41  21  37  38  28  28  19  21  36   1   2  24  25  39   4  22  34  31   4   4  42  24  48   6
  26  12   7  12  27  19  46  43  50  50  36   2  31  25  14  16   6  16  14  23  14  11   4  42  44
  48   9  10   1  22  43  44  19  50  31  35  18  41  33  48  41  19  32  15  10  47  35  47   1
  28   1  11   1   6  35  15  25  25  17  48  27  20  24   8  33  15   5  27  42  39  39   9
  28  47  35   1  20  42  47  11  39  29   3   7  35  32  47  27  16  32  45  20   4   8
  27  30   5  34   8   3  46   7  32  48   1  40  10  44  25  41  33  32  49  38  32
   5  19   3   9  28   9  36  49   3  23  42   6  36  50  18  23   6  18  45   5
  12  48  17  30  49  24   3  34  15   9  42  13  24   4  20  27   3  45   4
  13  25  27  45  13  46  24   9  48  10   1  17  10  46  10  26  28  31
  17  15  16  18  42   9  18  17  40   8  13  15  10   3  29  50   3
  17   2  47  33  31  43  41  14  50   7  13  50  13  25  46   1
  22  30  46  11  27  50  41  25  38  24  39  13  36  40  46
   6   1  37  14  12  50  47  31   3   4  25  32   6   4
  43  21  35  16  41  13  12  38  22  12  42   7  49
  43  35  39  22  29  25  23  23  21  30  35  36
  15  45   4   8  27  36  44  45  29  19  46
  13   1  26  21  36  41  11  39   4   1
  28  42  18   7  23  28   1  37  23
  50  20  31  11   9  31  49  23
  20   8   4  17  17  23  41
  35   9  13  33   8  32
   8  41  12  41   1
  44  11  26  26
   5  32  22
  37  26
  36

 727
  11   1   9  24   9  10  21  23  23  12   7   3  16   6   8  20   2   5  21   9  24  13  17  25   4  20  14  18  21  18  11   1   1  17  22   4  24   6  12  16  18  18  14   1   3  16  15   1  18   3  16  13   6  16  10  12  16  17  14  15  10  11   3   5   2   9  16   4  23  19   4  20  20   6  10  12   8   6   1  16   2  17  12  12  25  23  20   2   2   3  11   1  14   5  13  17   9  22  23  17  16  22  12  13  11  11  25   5  14   3  10  12  19   1  13   8  16  19  19  17   2  10   4  12  25  14  25   3  21   9  18  21  24   8   7  15   6  15   5  11  23  21  11  19  17   5   9   5   1  15  14  14  19  11   9  16   6   6  15   7

