 160 
  48   7  28  45  10   7  47   5  37  20  23   2  27  47  45  43  17  12  29  16  25  35   6  12  25   6  38  22  41  23  23  12  12  49  48  23  18  37  18  21  43  48   7  48  31  44  11  18  33  44   1  10   1  37  31  22  19  25  26   1  19   6  45  10  49  11  46   7  49  43  40  15  42  29   1  39   3  36  29  18  48  29   8   2  37  44   7   1  26  41   2  33  34  40  24  44  14  44   1  44  25  16   1  39   6  47  17  10  17  43  16  23   8  40  19  19  40  30  12  33  43   5  34  49  20   2  34  44  33  41  27  10  28  12  31   5  47  49  22  14  11  47  12   8  13  16  31  19  46  30  14  44  18  46  29  29   4  50   9  21
  50   4  37  49  43  19   6  20  33  38  46  45  24  40   5  38  14  37  49  22  13  15  39  28  46  41  41  33  49  39  50  20  23  14  42  12  48  44  50   3   1  13   4  35  37  39  38  26  40  25   8  27  31  43  24  14  10   6  21  35  46  41   5  16  29  46  34  38  15  21  15  43  49  35  12  47  11  20  13  17   3  15  28  21  19  48  50  10  16  18  23  37  31  23  30   2  31  39  28  17  38  32  14  15   2  20  10   4  30  19  14  20  42  27  26  30   7   1  48   1  18   3  12   2   1  50  13   3   9  39  30  49  46  28  35  49  16  24  43   4  49  44   5  28  32  17  13  46   1  44  45  28   6  15  15  20  30  35   2
   3  24  44  46  47  15  10  12  42  39   9  30  20  37   5  42  10  17  41  19   1  47  40  22  15   8  37  39  29   6   9  20  48  26  17  41  17   7  14  32  34   3  14  37  45  34   7  35  30  34  36  10  13   8  28  29   8  24  30  15   3  35  41  15  47   3  41  27  32   9  43  21   5  33  12  48  23   7  16  13  28  35   9  14   6  13  33  49  25  49  29  50  33  29  40   4  29  17  29   9  38  17  14  21  27  34  14  24  27  47  40  14   6   1  20  12  20  45  48  31  20  50  13  40  39  29  37  29  34  30   9  23  39  43  41  34  19  26  34  50  28  15  15  36   7  30  49   2  14  47  10  28   1  50   5  22  41  11
  40  25  37  36   6  12  23  48  44  30  43  50  30  45  17  43   9  10  44  18  18  38  11  25  50   8  43   6   9  40  20   3  33   3  28  44   1   6  27   3  20  16  40  36  31  43  19   4  36  35  36   5  45   2  36   7  43  47  40  19  16  29  23  49   3   7   2  26   6  36  22  27  24  27  49   1  16  11  48  42   2  48  22  36  37   7  41   3  45  41   5  16  37  46  28  21  44   3  32   1  32  16  31  27  50  35  29  17  28  10  23  35  33   6  28   1  31  26  48  43  42  28  37  30  40   2  31  21  26  30  23  39  17  27  19  22   6  30  37   9  47   2  45  25   5  43   5  47  28  31  10  24  16  26  39  30  45
   6  38  50  35  11   4   4  35  45  10  27  25  23  22  23  31  43  43  15  46   8   2  29   5  39  33  20  12   9  11  40  46  43  37  43  29  48  25   4   9  47  22  50   7  28  40  33  16   7  49   7  44  29  14  35  14  35  27  34  37  50  43  42  29   3  25  20  20  15  47  30  16   8  11  42  37   9  35  14   4  24   9   3  42   6  21   8  40   1  12  22  34  28  43  38  26  23  13   6  29  14  41  26  18   7  36  23  18  18  17  24  13  32  48   2  46   8  14  47  38  38  46  19  12   8  14  44  47  12  29  15   6  29  37  22  13  31  36  47  33  22  16  45   3   6  25  35  48  18  42   4  44  19  35  34   6
  34  18  22  37  39  41  19  44   4  25  23  33  43  37   1  49  36  13  42  45  10   9  36  17   6  14   2  25  35  41  10  13  20  21  48  30   7  15  37  46  19   6  41  24  15  41  14  48  49  22   4  23  13  23   6  28  22   3  16  25  49  35  32  24  44  18  16  38  47  18  15   3  46   8  23  26  45   9  40  15  15  42  46  50  40  22  15  38  12  25  38  14   3  42   2  40  14  45  36  40  29  27   6   2  15   1  29  43  42  10  27  35  12  18  46  43  41  13  43   4  49  10  12  44  16  10  50  28  31  44   8  17  43  31  18  45  29  17   1  49  19  49  21  33  16  35  36  26  13  46  17   1  27  40  10
  39  41   7  30  35  45   1  36  49  24   1  34  32  39  10  22  15  16  17  26  37   8  48  18  47  47  19   8  19  43  31  20  46   9   9  22   6   2  18  37  14  33  13  40   9  36   3  21  35  13  29  22  35  45  44  30  33  22  25  19  36  31  49  31  21  35  18  48  34   8   7   1   2  10   2  28  22  14  40  39  19   6   6  13  14  29  44  14  49  39  26  49  39  30  17  36   4  33  43  38  11   9  35  42  24  41  26   4  10  34  34  20  44  42  41  39  28  35  22  35  38  34  49   5  46  13   5   6  18  29   9  37  25  32  30  35  49  13  42   1  45  42  31   5  39  43  26  33  25  49  32   7   6  48
  40  23  19  35  13  40  49  24  13  15  22  33  16   8  50   2   1  12  42   6  16   4   9  44  49  27  33   7  23  45   6  15  23  26  21  18  42  46  12   3   4  12   7   5  22   1  30   3  23  42  29   7  26  30  27  27  35  12   4  45  12  26  11  29  32   1   8  16  22  41  29  26   9   7  43  25  12  46   3  35  26  35  26  16   8  24   6  23  35   4  26  43  43  38  40  45  27  31  32  28  23  14  12  15  30   7  41  24  46  35  27   3   5  13  32  18  26   2   7  43  15  39  47  27  27  30  13  28   7   1  48  36  15  38  27   4  19   3  11  38  30  27  42  37  46  46  49   9  31  40   2   8  49
   9  15   2  25   8  30  11  40  41  31  28  30  50  22  41  11  45  23   6  35  49  42   8  28  50  46  37  42  41  30  37  49  28  18  29  33  23  17  39  39  49  40  37  34   6  50  31  43  43  42  45  49  26  47  38   4  31   6   1  30  18   9  17  30   6  30   5  10  30  37   8  45  34  43  21  28  31  15   9  48  40  34  38  44  16  15  16  27  33  48  11   3  21   9  37  17  16  43   9  11  12  10  39  24   8  42   5  43  17   7  34   1  31  29  38   1  46   7  22  32  34  24  37  20  24  17  32  22  21  30  20  39  27   8  25   9  33  31   7  10  23  39  40  17  10  30  37   3  23  10  14  12
  36  15  36   6  33  38  49  24  39  12  11  23   9  36   2  36  22  20  34   7  23   3   9  34  32  14  39  28   3  23  45  41   4   3  36   3  12  28  32  43  33   7  30  29   4  41  19  25  35  11   9  16  31  27   6   2  11  40   7   5  22   2  28  39  19  43  35  27  47  37   5  20  11  33   9  19  25  12  15  14  15  33  23  28   9  45  14   8  38  33  20  45   3  18  24  40  39  50  50  22  50  14  26  48  15  26  24  41  30  45  27  37  11  31  25  49  11  14  47  28  44  29   2  43  39  44   6  17  45  48  23  18  31  38  32  46  33   4  50  24  36  19  13   8   7  48  36  45  15  47  36
  18  16  25  39  23   3  22  34  33   9  31  45   5  20  11  44  38  45  40  36  45   1   4  42  29  36   6  15  42  43   5   5  37  43   7  29  27   6  48  16   9   7  41  22  26  12  25   7  28   9   3  15  26  11  44  16  36  32  39  27   5  44  46  45  19  31   3   2   2   4  23  22  47  26  29  11  35  44   3  46  35   1  17  45  24   3  29  16  46  19  48  49  33  36  12   7  13  13  47  35  29  30  42  47  39  31  47  32  20  17  39  45  11  19  15  29  32  33   2  32  20   8  26  18  38  14  46  24   9   6  18  23  22   1  15   2  17  34   1  46  28  48  31  46  44   7  27  47   6  26
   1  16  23  46  22  11  41   9  32  22   3  24  18  41   5  10   2  45  13  41  40  41  35  35  26  13  49  37  23  48  48  25   7   1  16  12  32  23  42  12  25   7  50  41  13  32  50  30  35  40  17   7  37  32  21  20  23  43  21  37  33  33  19  37  43  41  15   7  15  25  17  21   8  15  25  18   2  27  45  15  21  14  49  17  45  19  11  18  48  18  27  36  46  37  19  35  13  20  49  20   6  10  46  24   4   2  42  31  44  43   5  19  22  46   4  16  11  18  12  19  12  41   8  47  24  40  15   1  26   9  25  25  29   8  32   5  37  20  42  20  50  14  13  26  11  10  18  49  41
  45  33  19   8  38  50  46  26   7  30   7  42  12  21  15  11  27  16  25  48  28  27  36  27  42  28  15  47  50  42  45   5  48  15  26   7  27   3  48  27  49  12  24  30  22   6  39  12   7  50   1   9  37  15  47   2   3  31  40  45  40  12  21   9  17   1  18   5  16  39  20  37   3  24   5   8  28  34  11  23  30  13  32  44  32  27  37  32  29  50  18   8  45  11  43   1  25  18  43  21  39  26  28  26  13  11  21   4   8   9  11   7  31  28  41  46  46   4  40  41  50  11  49  15  14  24   6   2  19  20  40  15  28  37  15  38   6  12  45  49  23  16  49  13  48  48  24  28
  23  50   7  40  35  10   9  20  29  10  50  19   6  25  36  26  41  28  21   5  35  14  42  22  28  45  15  22  43  27  19  43  24  48  42  46  21   3  49   8  23  30  11  37  23   3  10  32  25  10  10   8  30  41  49  27  20  45  40   9  38   5   2  39  21  14  46  20   4   7  36   2  33  26  40  28  23  30  27  33  29  31   3  46  45  25  19  13  41  11  29  14  11  32  21   8  12  10  45  12  42  24  15  24  21   4  22  41  29  22  16  11  27  31  24  27  20  30  18  27  36  10  36  21  16  35   2  39  39  30  27  38  15   8  15  41  37  11  11  16  20  21  45   7  49  28  50
  35  37  27   1  28  33  16  15  31  27  27  12  26  36  22  10  31  22  22   3  48  23  41  48  44  49   3   7  24  24   8  43  33  31  42  16  37  35  20  18  26  25   7  50  48   4  20  23   7  18  34  46   9   6  37  25   8  11  25  33  25  37  38   9  18  11  32  23  35   2  12  45  17   1  12  10  30  32  14  10  31  23   5  14  14  41  26  10   6  39   6  11  29   9  50   9  32  11   2  34  19   3  10  30  26  25  30  50   6  50  38  47  32  27  29   2  25   9  39  41  43  14  23  41  36  12   2   7  13  45   5  15  11  20   2  17  42  44  26  18  21  33  14  38  23  39
  47  14  30  30  38  42  16  47  50  28  50  44  50  10  12  33  33  34  20  24  24  37  15  11  34  21   4  27  37   9  21   2  42  25  45   4  31  37  24  23   6  38  21  33  24  42  49  31  15  12   2  10  11  16  35  42  36  46  28  44   1   7  40  18  44  48  17   5  10  16  40  29  36  42  40  23   4   9  13  46   6  17  17   9  23  43   2  50  47  17  10  45  10  37  13  14   1  14  10  43  19  37   4  23   3  35  29  47  45  47  50  28  28  41   3  37   2   4  45  14  31  37  21   9  31  19  28  48   7  40   3  40  38   5  50   9  24  27   8  14  18  33  31  23   1
  15  23  24  47  41   2   5  25  49  16  22  36  45  18  20  28  33  23  22  20  21  48  40  24  43  14   7  16  47  17  27  30  48  32  30  20  37  35   2  40  38  26  15  22  22  49   9  40  47  44  40   7  32  35  28   3   4   6   3  46  15  11  32  35  21  10  46  26  46  11  25  18   7  23  10  14  50  13  14  15  16  47  31   5   4  18  41  48  42   1   8  26  22   3  47  11  14  14   1   2   8  38  48  19   7  41  26  42  21  12  28  27  40  11  11  13  48   7  27   2   1  26  17  13  29  29   3  28  20  38  18  34  14  16  40  44   6  22  20  29   4  48  28  17
  20  43  22  33  15   2  27  17  20  37   4  28  14   2  41  15  46  23  42  23  21  20  37  39  35  49  13   3  39  12  23  34  30  49  45  46   7  32   8  42  37  15   4  31  24  41  38  26  22  25  28  10  36   2  36   7  41   7   5  42  11  32  42   8  37  17   2  24  46  26   3   6  22  34  26  49  21   6  13  47   9  49  10  16   2  43  50  35  16   6  29  32   6  19  12  30  30  25  31  38   5  46  37   8  45  37  40  24  15  13  15  45  33  40  27  20  42   2  38  10  48  15  12  46   3  40  42  13  36  31  35  34  12   1   7  24  26  18  39  20  35  27  40
  14  16  37  41  37  34   2  47  41   2  20  10  33  49  38  37  44  18  35  30   9  19  14  43  29  20  43  22   9  37  19  13  41  22  31  45  45   6   9   4  36  38  30  49  35  49  38   1  30  41  13  40  35  45  46  36  29  22  26  14  24  44  15  35  18   9  47  25  22  49  46  20  24  15  33  49  20  46   6  31  13  44  13  49  36   3  10  41  29   4  46   6  22   8  31  25  18  14  20  44  13  10  41  31  29   7  16   5   4  45   1  13   6  45  43  23   8  13  34   9  21  39   6   4   1  14   4  29   9  40  42  47  24   6   2   1  30  25  22  31  29  32
  35   6  21   3  27  45  25  33  29  39  20   6   3  21  45  14  47  17   3  32  31  33  46   4  46  27   9   3   3  39  14   7  13  38  25  26  43  19  13   6  29  22  35  16  41  33  21  40  46  18   5   2   5  44  42  19  39  33  46   3   2   6  34   6   1  28  41   2  41   1  15   4  30  29  35  38  50   2  41  30  17  30  41  48   1   2   4  14   9  16  49   2  18  50  29  22  29   1  43  37  46  16  20  40  26  12  23   2  35  30  50  25  32  25  42  50   9  38  13  37  30   3  48  39  13  39  36  29  42   4   2  21  19  23  33  41  13  18  18  24   3
  49  17  31  49  18  15  24  17  40  31  35  40   9  40  48  23   7   8  29  31  14  38  30  40   9  17  44  17  19  28  33  41  33  44  47  30  47  31   1  34  22   2  24  16  41  40  32  10  49  45   5  44  35  31  13  22   1  39  23  37   6  11  27  14  21  31  15  11  30  20   1  15  18  38  34  12  45  22  32   3  31  34  47  46  41  48  22  13  16  48   5   2  50  17   3   8  43  18  10   9  30  39  24  34  26  10  40   7  16   5  23  47  13  10   9  17   7  45  11  20  11  45  37  48  32  11  13  15  49  17  35  15  36  14  49  31  20  32  45  50
  41  39  48  22  49  36  33  29  24  49  28  38  16  17   4  19  29  27   1  15  36  28  16   4  26  21  39   2  21   4  20  23  40  50  18  16  11  46  35  29  28  27  13   5  50  30  42  15  20  27  48  32  15  37  31   6   6   9   3  48  16   7  24  28  16  21  29   4   9  10  28  21   9  42   4   9  29  36  50  40  44  26  45  24  35  44  26   2  28  40  41  45  50  46  10  49  46   6  21   7  35  44  12  46   8  50  13   2   6   1  39   1   8   4  21  45  22  40  39  43   6  13  13  37  42  33  17  27  38   2  13   3  17  31  37  27  50  11  50
   6  13  38   4  46  27   3  49  47   7  44  24  10  40  12  42   8  34  34  15  40  17  23  20  27  25   4  12  23   6  22  27  36  34  29  24  38  12  24  36   9  46  32  11  41  13  37  41  18  19  45   8  11  15  38   8  40  35  27   9   2  30  35  15  13   1  50  11  45  23  24  17  22  35  42  50  43  48  34   2  31  49  34  11  21   2   6  13  50  31   9   7  19   3  46  31  40  10  40  45  48  45  25  22  48  39  45  33  26  37  43  28   3   8   6  36  13  28  22  31   9  21  30   2   4   9  22  37   9  27  36  18  19  47  14  41  36  27
  28  39  46  21  35  23   2  28  15  34  12   2  11  35  26   7   5  23  44  43  30  31  16  30  35  10   7  49  48  11  23  45  42  31   5   7  27  33  31  21  27  49   5   3   2  39  13   1  12  13  37  18  40  32  29  35  41  36  48  23  13  41  50   4  38  34  16  44  46   7  24  11  36  27  28  40   9  22  12  10   6   1  45  39  31   8  40  23  43  11  32  43  23  48  44  38   7  24  23  22  40  22  50  41  32  14  15  25   9  12  27  45  47  12  26  16   7  17  43  15  47   5   2  40  38  34  26  41   3   2  28  10  25  22  26  28  23
  50   1  42  38   3  16  11  28  17   5  39  35  34  35  41   2  23   3  26   6  30  46  50  27  32  16  40  12  20   2  32   5  23  41  49  34  19  32  42   7  19  21  18  33   7  49  21   8  23  19  34  13  41  42  35  48  35   2   8  19  31  40  39  23  16  42  37  31  35  13  28  21  37  38  28  31   2   8  46  32  50  37  26  40   9  32  23   3  20  43   4  47  27   9  27  46  32  37  12  45   3   5   6   9   1   9  14  20  41  32  36  39   9  17  10  17  17   4  31  26  39  18   3  11  39   1  38  36  26  24  10  42   2  47  26  22
   7  36  31  19  14  23  47  23   4  13  26  32  20  11  31   1  47  37  24  43  42  36  36  16   8  46  34  34  45  48  18  38  12  23  17  49  10   6  26  27  35  32  24  31  22  11  40  36  15  22  48  11   4  12   7  49  41  20  24  13   2  13  34   2  12  18  27  40  24  40   7  48  14  48  19  34  38  40  31  37  31  30  12  14  26  24  33  25  10  11   3  31   9   7  34  34   6  29  48  18  43   6  24  33  41  15  46  17  30   2  17  43  37  50  19  24  41  27   4   5  27  21   1  12   8  15  31  35  27  15   9  23  30  14  43
  42   6  32  15  35  36  37   5   2  19  24  11  25  16  29  39  19  31  49  15  47  42  32   2  46  29   2  26  47  12   1  10   8  45  20  17   7  49  47  34  36  34  11  33  45  48  50  24   8  16  24  43  10  41  12  33  28  12  35  48   8  50  46  15  38  35   5  29  23  24  20  14  40   7  39  37  24  20  40  31   6  41  41  20  20  36  47  42  40  19   3  38   4  26  14   5   8   4  30  15  11  35  44   9   1  26  11   8  18  29  35  33  10  40  49  41  19  10  25  18  13  12   8  12  27  25  25  43  27   1   6  50  32  45
  32  35  13  40  32  50  14  23   7  25  14   5  30  16  26  36  26  31  40  10  49  36  46  12  29  29  18   1  30  12  24  10  45  13  47  24  32  46  40  22  32   4  12  39  21  26  25  35  44   8  26  16  15  25  49  13   5  29  17  35  23  15  34  34  47  30  29  36  37  25  19  12  20  39  24  36  38  35  44  22  29  17  26   4  12  13  16  40  39   4  49   9   4   7  39  48  36  17  29  49  22  30  30  38  24  37  29  42  45   8  49  27   1  20  45  24  33  38  33   9   2  43  25  43  33  47   8  27  15  33  41   2  20
  27   4  10  36   8   1  36   8  12  43  32  17  26  44  49   9   1   3  29  25  28  14  37  18  37  28  43  38  33  30  45  24  27  16  36   3  30  13  18  47  34  32  39  38  22  29  49  23  27  44  29  21  38  10  34  19  38  17   1  49  45  37  48  37  34  26  36  15  18  36  16  28  49  12  39  39  47  31   1  43  44  23  47  17  50  44  28  32  50  49  38  32  34  35  18  49  40  10  47  22   6   3  38  31  42  30  24   8  11   3  47  22  30  45  44  38  12  44   8  21  47  43  15  34  30  44  39  25  21  10  41  50
  23  14  43   3   2   9   7  16  15  27   4  41  43  39  39  31  32  40  37   6  27  20  37  27  22  50  31  28  15  20  18  28  22  15  50   8  32  15  10   1  21   5   6  48  11   5  27  37  41  38  23  14  11  12  21  10  26  19  49   2  14  31  15  31  13  17  29  20  49  31  33  24  24  50  23  30  20  25   9  49   1  46  16  42   6  47  49   6   7  41  32  39  49  31  28  41  20  24   9  15  43  46   2  23  37  26  13  23  32   8  21  17   7  38  12  49   7  45   3  28  15  16  43  25  15  50  27   4   6  28   7
  23   6  41  41  34  30   2  45  33  44  44  46  32  39   5  44  43  13  49  44  12  28  32  42  15  34  44  31  46  12  28  21  50  40  24   6  34  26  34  49  46   6   8  17   6  23  28  31  43  39  46   9  26   5   9  28  25  49  38   9  44  25  17  34  32  15  34   9  13  45  17   2  11  20  35  18   2  50  50   1  42  46  27  23  29  38  20   8   6   5  28  45   6  26   4  14  40  18  50  15  17  23  15  35  19  38  48  23  38  18  41  39  11  50  33  44  49  15  13  27  50  32  50  40  47  36   8  36  17  17
  39   8  44  29  32  29  39  49  44  42  10  19  36   8  49  32  10   8   9  20  34  49  46  19  21  29  13   4  28  39  39  23  48  11  22  26   1  19  15  18  15  41   2  18  15  38  42  43  38  40  33  36  42  35  46   2  46  27  13   4  41   1  44  49  48  30  26   8   8  49  43  49  19  30  16  22  47  31  39  24  41  33  16  12  49  15  19  44  23  33  19  48  16   5  42  50  47  33   9  49   3  21  16  46  42  39  30  11  22  41  39  15  48  38   3  16  43  43   5  42  43   5   7   4  16  15  21  15  33
  31   7  23  48  24  34  14  38  11  22  10  36   9  15  25  47  27  45  38  33  26  11  35  48  50  39  45  13  34  11   6  19  40   8  34   8  43  10  46  27   9  48  11  45  24  24   2  13  45   2  49  13  11  13   1  36  25  32  10  15  10  38  18  17  37  40   1  13  11  38  27  35  10  46  20  42   3  10  19  43  29  43   2  16  36  19  19  12  45  42  10  21  40  31   3   9  38  37   1  32  41  28  45   1  14  44   3  23   1  11   8  15  39  38  12  44  34  18  50  13  50  31  36  32  21  42  15  38
   2  28   9  38  11  48   3  50  39  50   5  49  36  26  13   3  12  44  42  12   9  26  14  28  36  28  28  18  46  17  36   4  14  15   7  43   6  36  20  19  17  34  28  43  46   8  18  26  16   2   5  41  30  18  35  21  36  22  40  37  29  35  22  25  22  30   9  17  33  24  30  48  14  20   8  22  30  29  38  23  21  22  41  50  34  14  26   1  42  46  14  14  18  17   1  10  48  46  16  47  48  13  35  15  25  31  11  20  50  44  18  24  22   9  18  27  13  30  38  35  40  40   9  13  40  18  12
  49  48  49  23  30  15  38  27   1  18   3   9  27  20  44  23  27  12  26  41  27  15  48  13  31   7  49  31  49  17  32  13  42  25  30   2  13  24  28  23  33  19   6   5  17   7  35  26  21  22  27  37  32   1  49  43   7   9  30  36  40  34  50  18   1   1  47  16  37   1  40  17  50   1  22  19  10  30  17  33  32  28   5  32  26  40  36  28  32  18  11  21  33  24  28  26  39   9  35   6  47  40  16  32  29  27   7  40  19  23  45  45  15   1   8  24  15  25   8  49  17  18   2   7  47   3
  50  25  37  11  28  36  45  17  39  15  18  23  19  32  13   3  22  37  16  48  12  40  22  45  36  14  39   1  12  40  25  13  35  24  50  50  13   9  45  25  21  31  12  50  18  42  41  41  28  46  46  24  26  16  42   9  46  27  49  49  49  25  39   5   8  42  11  22  50  16   4   6  40  16  29  41  37  27  24  43   2  15  24   5  40  35  19  12  37  42  20  18  10   2  26   8  37  42  44  32  33  33  15   8  22  20   6  15  39   3  38  15  27   4   7   5  14  43  28   4  18  29  41  20   5
  48   3  14  23  25  35  39  25  18  31  31  35  20  24   6   7  13  38  30  36  23  22  26  18  29   8  35  41   3  46   5  41  13  26   3  47   5  10  18  15   7  25  38  41  12  37  12  26  31  20  44  31   2  44   5  33  47  47  26  10  24  42  30   4  40  13  41  14  22  36  30  11   7  48  24  44  19  47  27   9   7  31  37  28  46   9  35  13  37  23  19  30   7   6  36  22  11  25  38  37  34   4  36  36  50  39  20  14   7  30   6  19  37  38  21  22  14  28   5  10  43  10  40  18
  46  50  17  37  24  26  13  35  17   6  41  36  10  31  13   4  35  49  38  16  30  28  50   5  42  18  38  40  11  19  46  28   2  32   2  26  17  15  34  26  49  14   3   2  21  42  27   9  44   6  43  35  33   5  45  26  50  20  46   7  14  41  46  18  13  23  39   1   9  11  11  38  10   5  29  15  16  29  21  34  10  50  30   9  20   7  34  22  11  49  22  12   5  44  11  33   4  33  50   1   9  39  20  49   9   7  47  36  20  39  25  45  11  39  21   3  43  43   3   2  30  21  32
  40  41  27  43   8  35  47  32  17  23  37  13   2  31  30  49   3  48  44  50   7   5  24   2  42  21  25  25  14  19  13  29  21   7  24  27  48  25  42  23  21  35  19  44   6  31   2  15  42  48  48  49   2  32  31  12  19  21  21  36  16  26  12   8  41   1  39  28   9  38  25  40  17  25  28  41  33  34  25   1  31  27  23  13  33  21  45  47  47  23  19   8  28   8  41   6  37  25  10  17   4  10  43  38   8  13  21   4  24  50  40  32  34   9  10  17  18  33  22  34  48  21
  25  38  12  23  39  48  13   2  14  33  22  22  17  16  11  11  49  17  47  46  38  10  12  35  41  41  23   7  28  29  37   7  48   5  27  21  25  24  35  48  24  48  47  11  21   4  16  23   3  39   7  48  35  26  20  27  29  17   6  43  12  24  30   6  34  34  35  40  14  49  14  19  40  46   8  34  50   3  45  28  38  18  15   6  23  29  26  33  14  28   8  13  33  11  46  44  33   3  44  21  15   5  46   6  25  11  23   8  39  41  46  37  15  24   7   8  47  29  14  44  18
  50   6  12  43  42  35  43   8  32  13  14  36  32  47  50  42  17  29  34  23  39  14  48  50  18  16  35   2  16  49   1  26  47   5  15  22  35  33  47  29  48  23   5  12  17  47  15  38   8   6  47  20  50  31  41  36  43  16  17  46  46   5  23   8   1  36  35  20  26  19  43  16  43   2   2  10  45  24  41  48  21   3  38  32  24  18   2  25  15  23  13  15  17  20   9  17  31   7  21  42  15  47  32  29  25  24  47  41  35  24  29  18  12  26  38  11  18  37   7  27
  18  18  23  22   5  31  38  31  42  15  31  18  42  13  38  38  10  47  16  47   5  18  14  22  22   2  34  44  23  34   2  47  30  11  28  36   7  48   1  40   9   6  42  37  17  35  28  28  26   3  50  19   2  24  12  42   5  16  28  46  28  45  48  26  50  14  16  17   3  23  48  50  11   9  26  34  30  41  11  34   4  17   7  41  40  27  33  40  35  22  39  29  15   6   8  32  37  12  22  42  12  33  20  46  24  32   8  23  21  15   1  14  38  24  22   3  30  39  14
  15  44  47  43  41  21  17  35   5  10  24  36  34  38   1  17  29  28  27  30   3   5  43  35   8  19  41  25  32  15  29  20  36  13  14   6  33   4  16  32   7  15  24  13  37  10  13  38  35  33   7   8  28  21  20  46  43  48   1  47  43  35  13  26  26  35   4  13  20  13   3  48  17  48  18  27  42  32  23  46  43  22   4  35  12  48  37  12  17  22   6  12  48  29  41  35  38  18   3  20   5  39  30  30  39   2  11  23  44  36  32  28  28  50  18   1  34  38
  31  47  30  26   1  29   2  42  22  38  48   1   6  46  24  19  47  35  39  50  50  11  21  38  43  41  23  32  28  36  11   1  43  49  21  15  42  45  32   9  48  23  14   6  24  24  27  31  35   4   4  41  38   9  18  14   3   6  20  44  40  17  22  18  18  24  24  48   1  13  45  46   9  14   7  33  45   9   3  45  19  40  38  50  32  10  40  28  42  36  10  10  31  47  42  28  19  20  41  31   2  43  33  46  40  20  34  49  31   9  35   5  46  34   1  49   4
   3   1  50  21  30  23   6   9  27  16  50  21  44  30  12  43  28   2  33   6   1  42  46   3  48  28  22   2  39  46  30   7  38  30   8  22   7  14  28  20  35   4   3  15  46  10  32  47  18  47  10  41  37   2   7  34   3  37  42   3  15  15  38  38  12  20  37  17  45  28  26  36  30  31   3  22   3   6  31   5  22   7  48   5  45  28  33   3  22   5  13  12  26   2   6  23   2  36  20   4  38  15  16  25  33  14  35  20  20   5  21  41  19  18  28  33
   1  22  48  12  20  25  22  23  15  29  50  35  15   2  39   1   1  23  17  30  11  36  26  30   3  47  29   9  27  15  36  45   1  41  42  16  37  33   1   1  15   9  28   7  25  40  41  18  10   6  29  12  18  21  35  16  41   1  40   9   4  23  49  21  25   3  13  22  16  42  36   2  44  47  15  43   6  44  14  24  29  18  49  23  41  31  44  37  19  13  27  39  44  20  24  43  16   5   8  20  11  10  17  50  18   9   5  41  27  40  36  50  35   3  27
  15  20  33  45  20  21  10   2  13  25  16  10  19   9  33  20  41   7  48  49  14  45  48  25  44   9  11  16   9  45   8  11   6  14  38  19   8   9  22  43  28   1  25  40   3  13  23  14  38  11  23  31  21  33  25  24  32  41  24   6  40   5  38  44  29  46  43  45  20  38  12  42  31  18  19  48  28  22   4   1  34  48  10  20  34  11  27  39  49   6  17   6  33  13  47  10   8  33  30  25  50  24  44  21  14   1  11  50   2  18  30  27   6  16
  35  32   3  50  40  16  49  23  43  30   8   6  34  18  21  18   2  32   5  24  14  40  23  33   7  25  25  19  13  48  31  37  25  33  47   9  31  49   8  21  13  40  49   1  29  48  11   3  42  21  37  16  35  20  28  16  47  15  36   6  12  18  23  47  26  13  41  31   7  38  40   5  50  27   7  15  50   4  19  13   9  19  47  33  13  46  25   5  31  42   4  48   3  39  21  17  35  17   1  50  32   1  46  18  46  38  48  11   5  27  37  34  28
  28  43   6  34  11  49  25  13  31  15  23  32  22  27   7  27  18  14   3  29  15  36   9  24  11  23  18  35  39  34  17  25  50  26  21  34  41  27  23  34   5  30  45  29  22  49  21  26  43  45  43  45  25  16  44  14  39   5  19  19  43   4   8  35  21  48   5  46   2   8  44  24   9  15  39  49  12  37  43  13   6  40  37  24  26  29   6  11  16   3  15   9  44   6  24  26  17  20  25  24  24  46  22  30  46  38  39  13  14  14  17  39
  46  35  43  33  16  15  25   4  18  47  45  26  41  43  34  30  43  21  33  21  44  21  23   5  47  49   4  30  16  45   4  47  50   4  11  26  11   8  21   5   9   9  21  28  21  26  23  30   6   1  38  28  29  45  12  14  14  24  17   3  39   3  47  15  32   2   3  28  41  31  36  48  37  20  45  12   4  43  29  14   9  35  25   2  44   3  19  10  47  19  50   9  34  32  45  36  37  27  15  25  22  23   3  49   2   7   9  22   6  19  30
  40  35  19   6  42  46  46  34  25  33  20  30   6  15  36  19  43  47  14   5  33  48  23  38  13  19  18  18  25  21  49  27  34   2  29  16  13  48  18   5  37  36  41   5  38  38  43  24   9  34  39   2   4  13  12   5  14   8   5  11  19  40  14   6  14  36  30  46  33  34  22  47  46  22  43  42  31  27  41  24  10  39  29  46  34  31  35  47  49  25  10  14  12  21  49  12   3   6  13  39  42   9  43  16  39  23  29  41  35  16
  17  37  37  22  49  32  22  25  30   5  37  34  12  18  11  37   7  47  29  25   3  50  35   8  13  32  27   1   8  49   3  22  40  30  41  47  16  16  26  29   9  46  23  50   7   1  23  13  35  10  45  36  50  27  36  47  19  16   7  15  44  25  42  35  28  28  27   8  14  22  33  38   4  47  20  26  34   5  39  26   6  20  33  13  27   8  15  18  43  19  49   2  25  50  44  35  44   1  12  29   2  41  28  34  13   8  46  20  22
  34  18  13  29  14  14  45  28  14  12  37   4  20  19  23  44  26  48  22  47  16   6  10  27  28   9  23  45  23  17  15  43  24   3  26  47  43  18  46  17  42  23  15  19   5   8  12  37  20  50  28  19  20  14  44  37  34  35   9  47  17  31   8  10  46  47  34  48  38  15  17  44  36   1  20   5  15  20  21   3  13  34  11  20   6   5  41  28  45  37  40  24  17  12  18  25  12  19  29   8   6  32   1  19  16   8  26  12
  13  21  43  14  11  13  43  13  13  18  19   3  45   2  34  22  17  49  15  36  49   3  16  19  48   5  43  36  21  43  21  14  22  25   4  23  32  25  40  37  19  33  46  19  19  35  17   8  43   8  13  41  42  37   3  36  17  28   5   1  37  33   2  10  24  33  22   2  30   6  41  48  31  23  25  18  16  44  14  26  17  29  41  13  24  14   9  17  29   4  43  27   2  25  16   3   9  25  41  16  42  25   1  47  36  12  44
  48  39  32  12  45  46  13  28  21  24  12  21  26   2  40  37  50  28  28  47   4  32  38  10  44  16  21  49  36  37  32  45  26  42  46  33   8  43   9  45  19  43  44  50  30  33  19  34  11   9  41  45  14  41  42  22  37  27   8  22  19  38  10  16   3  11  36  19  29  36  21  24   3  29   2  15  32   5  22  46   4  21   5   5  46  16  33  20  20  31  20  32  21  42  47   8  21  40  20  14  43  20  13  42  18   4
  27   3  29  30  44  38   3  27  21   7  26  20  25  30  43   7  23  44  49  14   4   7  38   4  40  45  42   5  10   5  40   1   4  46  49  23   5  22  17  37  46  29  46  38  49  41  50  12   8  17  35   8  33  13  27  30   3  39   9   2  40  31  18   6  44  26  33   1  30  12  46   4  34  20  44  50  43  18   3  10  28  47   6   4  39   3  32  38  42  43  37  31   6  50  26   4  37  21  15  36  16  50  38  49  40
   9   1  48  42   7  30  41   4  43  26  20   7   1  27  34  32  18  50  36  22  46   9  27   1  41  40  27  28   5  35  11   6  30  40  12  44  34  12  14  42  17  14  23  22  22  41  19  28  45  31   8  31  22  16  28  20  28  32  43  47  37  43  48  35  33  16   2   6  45  21   4  46  41  32  35  49  34  38  35  11  30  33  42   7   5  22  22  21  11   4  47  31  26  35  44  46  40  45  49  37  15  35  12  33
  19  44  15  46  17  15  24  13   7  14  33  22  49  39  21  33  27  17  31  16  13  45   2  11  31  45   1  46  37   8  42  24  30  10  24   4  23  25  21  16   1  13  15  16   6  49  35   7  48  18  14  49  28  44  33  41   1  26  28  39  40  15   3  27  20   5  33  42  44  27  41  41  32  30  20   7  10  18  12  18  48  29  27  10  20  28  43   3  15  43  21  29  15  16   7  27  19  29  45  16  13  27  23
  22  41   3   1   6  44  29  45   6  46  29  21  19   8  23  41   8  45  27   4  19  18  23  14  16  50   8  36  11  13  13  36  46  17   2   2  16  43  21  12  36  25  11  39  49  19  19  22  45  45  21  16  32  47   3  48  50  11  46  33  26  18  16  25  38  17  40  11  31  41  48  13  48  13  12  45  34   7  31  38  46   9  50  25  18  21  24  26  50   4  38  21  39  16  16  45   5  11  37  17  18  44
  39  23   8  38   1  30  50  49  31   8  39  13  16  26   6  32   1  33  43  49   9  26   4  25   1  49  38  15  28  13  48  27   4  41  31  29  27  21  24  50  28  38  32  15  32  26  50  50  13  21  15  41  48  21  41  13  36  23   8  40   5  12  46   7   8  24   3  18  18  28  50  20  41  34  25  16  10  30  15   4  39  10  15  44   3  22  36  18  39  44  24  13  16  41  44  35  39  48  18  13  38
  40   7  10  38  38  21  45  20  17  36   5  13  47  35  48  33  20  32  25  22  19  14  26  22  43  46  30  47  31  31  39  39  40  34   4  12  19  33  38  35  47  41   5  44  13  21   6  31  16  18  20  20  43  35   5  13  45  30  49  10  36  43  11   5  32   1  10  43  16  36  25  18  46  29  17  14   7   2  18  12  16  26   2  34  38  31  46  26  46  16  46  27  41  38  40  46  32  35  11   3
  50  31  25  47   9   9   1  31  48  10   2   4  41   8  34  47  28   8  19  39  21   7  34  43   7  23  28  13  24  37  48   3   1  26  44  50  33  17  33  45   2  12  48  49  37  29  39  25  43  16  29  25  18   3  21  45   4  28  27  18  21  26  38   6  43  47  22  23  40   4  16  39  48  39  43  11  23  21  45   2  42  12  15  23   5   8  31   9   4  30  48  35   4   4  44  44   5   3  18
  45  47  22  37  24  32  40  45  47  17  34  24  33  42  50   4  22  47  13  24  21  50   4   1  27  29  49   4  47  40  48   1  30  50  49   9  31  29   8  22  22  36  35  39  49  28  25  27  24   2  30  28  27  40   9  33  34   9  14  42  28  23  33   2  35  31  12   7  40  24   8  26  20   1   4  20   5  18  38   2  50   2   2  18  33  36  49  23  19   8   1  40  13   9  33  32  47   5
  36   5  23  46  10  17  11  38  32  44  44  37  11  46  10  18   1  18  17  46  28  13   2  34  48  34  27  27  43  32   7  39  30  36   5  27  45  16  35  44  49   5  16  45   6  21  23  23   3  39  43  12  30  40  22  43  12  24  11  24  30   7  39  36  23  10   6  18  29   8  28  19  46  25  12  19  45   3  34  28  26   6   2  38  24  16  29  29  50   9  19  50  25   5  21  26  33
  48  18   1  45  40  21   9   8  22  28  13  16   1  19  48  23  43  28  35  41  30   8  23  30   9  18  40  19  48  34   3  46   8  37  15   2  35  19  24  29   7  18  39  27   5  12  44   9   8  20  14  40  42  50  27  15  43  33   3   6   8   7  50  36  12  11  17  22  46  35  18  33  45   2   9  43  31  14  18   4  36  48   1   6  34  47  16  19  20  36  45  32  34  17   9  42
  35  29  41  12  46  41  45  11  20  14   7   4  16  21   9  32  30   1  16  18  43   8  16  38   6  14  43  15  42   5  11  12  25  38  20  36   2  28  16   3   8   4  25  49  19  33  13   8  37   8  31   3   3  21  19  17  23  30  10   2  33   7   4  35  48  14  23  13   7  18  32  29  36  35  25  33  33  45   1  43  46  48  19  16  48  38  10  34  43  50  25   7   4   6  42
  41  26  17  47  20  18   1   5  35  28  27  39  21  34  32  10  43  18  20  37  21   4   8  48  27  17  47  40  43  43  39  23  36  37   8  12  48  17  42  45  29   2   6  12   8   4  49  37   9  31  21  30  43  31  21   2  20   7   9  12  23   1  12  13  31  19  15  46  45  20  12  20  44  40   1  43  12  32  23  12  19  44  17  20  50  24  27  17   9  36  10  17  49  24
  49  40   2  25  22  39   1  30  29  44  28   6  30  13  25  14  34  33  28  49  37  32  15  16  34  48  26  22  36   1   9  15  47  23  41   9  34  25  16  31  17   3  17  50  34  37  21  35  43  34   2  26  35  45  45   1  24  31   5  11  46  49  27  40  18   4  36  20  40   3  29  48  36  23  37  20  20  37  19   1  28  32  35  24  10  42  25  33  25  40  21  21  40
  15  17  39  19  19  19  10  10   5   6   9  47  47  16   2  31  18  44  17  17  25  10  11   2  18  43  17   5  24  23  16  38  36   5  23   2  26  44  13   9  47  46  46  21  40  45  12  49   3  33  32  43  39   8  13  16  17  25  37  50  44  30  12  47  18  43   8  13  43   8   6  23   8  14  31  10  16  38  40  13  45  10   3   7  37  21  27  34  15  46  46  32
  42  29  25  20  29  42  34  37  18  38  14  27  34   1  14  30  42  47  19  26   1  15  25  14  24   5  34  30  11   5  19  23  39  26  41  48  21  50  20  25   2   1  40  22  17  44  12  15  26  31  37  47  26  27  38  44  28  30  16   6  49  13  39  21  12  43  41   8  35   3  11  25  40  12  20  20  26  22  39  14  50  19   7  21  19  30  32  14  35  22  48
  47  26  20  44  19   6  29  16  48  37  15  29  49  40  15  14   1  18  11   2  10  11  39   7   7  22  21  36  50  14   5  38  47   4  41  45  12  16   1  22  22  48  19  20  28  43   2   4  32   8  26  38   1   6  42  11  32  16   5  39  32  38   6  38   2  16  19  42  31  11  34  21   5   2  15  36   8  14   2  47  43   5  41   1  21  47  35  37  49  10
  14  39  13  31  41  12   3  28   2   9  19  14  34  13  28   9  30   7   7   7   9  26  43  38  28  30  14  45  22  44  40  14  11  43   4   4  35  12   9  41  22  13  19  32  13  27  18  23   6  31  19  10   4  50  46  17  47  26  33  38   5  40  22  18   7  41  49  39  25  16  22  34   7  26  30  21  16  18  36  39  24  25   1  21  50  48  12  10  46
  10  37  23  45  35  43  29  46  26  33  12  40  12  34  11  43  21   9  16  15  25  41   7   3  47  41  28  12  31   6  17   8  10  45   7   5  22  19  14  35  50  37  18  30  44  39  45  44  28  34  19  11  18   4  37  28  41   1  25  32  32  17  35  33  42  46  39   2  31  14  14  20  23  29  45  13  41   2  12  38  49  33   7  45  26  20   7  36
  22  48   7  37  27  40  36  44  46  15  29  39   9  42  19  50   5  41  45  41   9   3  25  46  36  19  20  44  32  36  24  44  40  30   7  23   2  47  14  28  45   3   8  48  32   9  29  21  29   4  20  34   7  42  38   6   4  31  45  31  35  24  33  47   3   9  42  11  23  31  21  16   8   3   2  30   3   8  29   4  18  15  22  37   3  42  11
  46  27  43  50  15  18  37  47  36  45  36  36  40  46  15  19  35  24   3  30  31  16  31  45  11   8   7   4  26  45  39  13  12  19   5  47  33  42   6  17  41  41  27   6  11  45  23  46  31  21   9  34  40  18  28  46   8  16  32  17  24  26   7   2  45  27   8  48  50  41   2   7  45  22   2   1  47  10  27  20  25  32  21  10  50  49
  21  37  40  39  24  24  27  37  25   3   4   3  41  21  41   9  47   3  34  22  31  12  23  25   4   4  45  28  17  29   3  35  46  16  30  24  37  44  32   4   4  23  36  21  11  41  36  36  11  34  10  49  27  23  35   5  48  30  24  43   9  12  15   9  28  14  35  31  14   4   4  42   5   2  35  44  36  34  46   8  37  10  34  42  49
   8   5  24  21  16  23  12  44  45  34  34  46  10  28  18   5  35  22  10  27  42  28  49  21  21  47   5  47  31  46  15   7   7  24  41  14  17  24  12  14   6  33  17  10  27  30  45  36  40  19   5  39  24  27  46  50  46  19  41  12  20  24  13  16  41  25  44  47  34  14  37  22  47  46  39   9  46  33  46  12   9  32   2  18
  42  47  40  19   9   2  12  23  50  39  27  15  31  23  36  21   5  21  25  46  21   1  27  44  25  14   3  34  48  25  11  31   4  35   4  35  28  28   2  39  27  39  19  11  23  49   9  49  13  38   4  33  10  17  26  41  49  46  45   6  38  33  46  18  33   1  22   5  47  47  19  25  28  23   6  29  15  44  43  26  28   8  11
  20  27  10  20  23  20  41  44  44  19   6   3  25  15  35  13   7   2   5   1  36  30  16  20  12  20  12  23  13  36   9  37  34  31  34  22  49   3   5  27  27  48  31  26  30  10  49  15  40  18  45  34  48  27  16  15  33  44   2  45  25  18  11  47   3  43  20  27  42  22  10  23  26  48  20  10  49  36  42   1  37  32
  33  45  50  30  26  18  21  24   2   1   5  39  43  37   4  36   4   7  31  42  23  12  24  36  38  22  10  42  41  28  34  47  26  15  21  14  37  10   3  43  48  16  41  20   3  15  39  42   2  23   6  41  26  43  21  15  27  25  46  17  43  49  45  35  50   1  12   9  15  19  36  16  19  47  40  12  28  12  47  43  45
  49  35   3  13  30  12  11  49  10  18   3  15  40   3   1  31  30  36   3  21   6  18   8  15   8  12   2  33  36   5   7  38   4  18   6  10  26  47  40  12  10  28  33  36  35  16  36  31  38  41   8  34  27  21  30  35  37  17  26  45  42  27  23   3  47  13   8  33  31  21  28  27  29  16  42  22  43  32   1  25
   4  49  18  20  46  45  27  48  47  33  50   6  25  26  28  11   9  10   8  29  14  28  13  45   5  42  47  32   3  22  24   7  43  48  49  24  12  16  10  24  13  34   6  38  33  47  46  21  46  15  26  28  46  50  14  50  41  20  24  29  26  47  30  26  37  35  36  28  33  19  21  20  28  37  46  20  24  27   3
  22  37   4  44  46  24  18  23  25  32  42  25  11  30   3  30  16  40  29  17   3  18  22  45  37  38   5  25  33  49  41  28  46  32  31  18  24  21   8  21  16  12  17  10  39  33  28  42  23  19  22  18   3  37  48  23  23  42  24   5  28   1   5  42  32  46  20   5  39  29  29  39  24   3  37  14   6  26
  15  21  38  36  31   8  22  38  46  19  32   6  23  30   8  50  47   2  43  26  15  47  38   9   5  50  22  27  31  49  40   6  34  38  36   8  42  13  23   6  34  41  48  12   2   2  15  30   8   3  49   3  13   7  16  32  29  15   1  44  47   6  42  32  38  31  28  36  48  12  39   9  35  42  14  47  32
  23  32  33  45  38  41  22  44  11  25   2  11  16  31  23  41  16  10  36  29  14  19  10  27  42  10   1  27  34  10  36  10  10  12  49   1  25  13  43  43  14  40  50  48  27   7   7  24  50  49  35  27  24  34   8  10  31   8  24  36  19  27   1  27  27  38  24  20  21  48  35  17  39  41  16  25
   6   9  42  48  15  12  38  10  13  42  17  37  50   5  36  41   1  29  13  34  49  47  33  25  22  36  10  32  47  42   5  17   6  28  39   6  21   4  21   6  45  16  23  12  18  39  38   1  32  11   1  39  36  22  34   9   9  42  10  48   7  18   5  14   7  41  15  22   9  24  11   5  39  31   8
  21  46   6   4  15  41  28  29   5  19  12  23  17  32  22  30  32  12   5  49  48   4   2  31  35  49  18  19  50  41  39   5  44  31   4  31  46  18  28  45  46  46   6  23  24  36   3   3  43  39  50   6  30   9  39  13  15  14   1  30  48  35  20  23  46  36  12   6  44  50  19  20  22   9
  41  19  21  25  40   3  14  19  47   1  43   9  37  36  16  25  18  42  40  21  26  47  50   3  21  15  19  49  42  29  33  28  40  31  29  46  15  35  24  26  17   5  30  32  23   8   7  13  30  48  13  10  31   9  30  39  42  27  40  27  21  21  31  29  32  28  20  23  50  12  10  31  15
  39  36  35  15  41  10   8  13  47  50  22  42  46  19  22  39  35  18  40   7  15  47  25  29  38  38  33  19  25  18  27   3  10  46  35  22  32  50  26  25  23  50  13  12  12   8  12  10  26  32   8  37   8  48  17  33  37  13  19  26  16  33  27   3  19  11  38  29  27  37  28   8
   5  38  22  11   9  48  44  18  24  46   6  43  19  30   7  29  49   4   5   3  35  41   1  26  16   2  23   8  27   1   3  38  21   4  14  50  17   4  30  13  33  40  31  44  17  26  32  37  40  18  29  25  43  39  15  30  26  45  28  40  24  11  34   3  47  34  16  24  21  17  40
  17  34   9  49  25  35  37  25  13  37  20  14  34  28  34  36  46  46  17  11   1  21  46  49  47  47  34  28  18  20  39  46  29  43  11  26  15  46  15  24  18  30  45  50   5   7   2   9  46   6  16  21  10  28  38   9  34  19   6  50  37   1  30  22  27  23  49  23  18   6
  26  38  47  41  37  22  34  40  48  15   8  19  12   7  18  30  20  28   1  30  25  17  29  23  49  16  30  19  14  37  49  26  33  29  44   6  28  45   9  10  38   4  16  38   9  22   6  22  45  47  16  33   4  34  40  22  50  20  29  45  36   5  14  45  19  31  36  21  27
   5  49  37  42   7  32  43  16  26  44  45  39   8  18   3  48   2  20   4  17  35  50  30  23  46  46  37  20  31   2   5   2   2  17  42  33  10   4  42  30  29  12  12  42  42   4  21  11  15   7   9   5  15  47  28  11   7   4  40  34  32  37  41   3  28  16  12  15
  32  39  40  24   9  32   5  32  50  39  50  34  18  35  50  35  38   4  14  40  18   1  29  33  16   2  34  42  18  35   9   5   3  29  38  19  26  38   9   9  31  36  44   9   4  13   5   9  34  33  36  44  18  48  10  39  27  35  47  18  19  16  41   5  28  38  40
  14  17  21   2  42  47  12  13  12   8   6  44  15  21   4  41  26   9  38  11  12  34  12  44   6  11  31  42  31  29  42  49   7  11  45  23   7  30  30  14   4   9  44  31  28  47  47  44  12  38  12  22   1  38  29  15  33  12   7  20  18   3   3  47  16   2
  24  33  17  10  27  45   7  35   3  39  35  47  19  42  50   3  48  30  49  38  45  19  35   8  31  32   5  19  28   9  35  34  44  29  24  33  45  28  35  31   8  18  15  23  37  18  26  10  13  23  31   5  27  45   6  29  25  28  12  20  41  38  26  48  10
  40  41   7  32  12  44  48  20  33  50  15   7  48  16  37  44  45   8  19  10  26   8  34  37  10  19   1  47  14  22  20  42  35  35  44   7  17  31  30  28   8   4  11   5  27  24   5   9   9  12  31  14  47  14   3  28  45  19  49  22   9  19  10  15
  16  11  46  38  28  25  34   4  11  32  40  42   8  50   5  28  21  45  14  27  26  14  45   9   9   7  22  47  11  15   7  16  48  41  42  20  27  17  20  13  20   4  13  49  13   3  16  29   4  24  30   1  30  46  33  47  41  17   1  47  49  26  39
  24  22  34   3  11  46   1  31  39  47  37  36  46  33  13  16  13   1  13  10  47  49   6   8   2  10  45  18  45  18   6  31  25  36  11  32  30  40  45   2   3  36  48  30  48  49  13  14  37  45  17  28  50  30  26   2  24  49  27  16  32  16
  48  29  37  11  11   5  11  47  23   1  28  24  23  46  23  11  14  29  31  45  49  22  35  36  24  37  37  34  20  36  11  31  40  42  42  13  50  18  46  39   9  34  13  32  30   4  32  28  32   8   7  50  43  26  48  21  26  28  42  44  43
  42  16  34  40  44  44   3  17  23  16  45  28  33  40  26  24  25   5  39  34  50  30  41  18  50  12  48  23   4  16  27  15   3  40  50   7  11  26  30   3  49  47  27  14  36  18  41  47   8  36  46  19  32  41  35  32  33  33  34  49
  40  24  42  35  46   9  34  26  40   2  43  33   8  36  31  21  36  46   1  42  25  41   2  14  23   1  25  50  22  24  11   5  47   4  33  20  37  31  44  23  47  24  15  21   9  12  22  36  47   7   1  50  14  44  16  21  31  31  31
  31   6  37  17  31   7   1  24  24   9  37  30  37  18  34  41  24  24  12  50  26  32   8   9  45  39  47  21  37  12   8  29  35   2  14  33  34  11   1   7  14  43  39  39  29  32  20  46  46  44  28   1  34  28  30  29  25  27
  43  24  33  36  43  16  38  45  19  14  25  28  42  19  17  40  11  10  38  46  28  12   6   4  32  13  48  10  19  11  45  14  24  13  40  28  10   9  30  42  23  44  11   3  50  31  15  47  50  35  46   9   3  13   6  49  34
  20  23  30  21   2  16  24  32  10  12  14   7  24   1  42  12  43  47  50   9  15  10  47  17  14  19  49  30  41   6  36  43  26   2  46  21  49   3  23  31  29   7  50  49   9   4  29  31  18  26  28  19  13  49  26   8
   7   9  26  10  10  30  43  21  21   4  41  47   5  15  42  41  32  39  15   8  44  21  35   8   6  39  29  29  17   8   3  20  38  21  31  45  33  10   7  19   4  19  19  23  29  26  42   2   5  28  23  29   2  37  46
   2  30  15  18  21  30  38  23  34   8  42  15  14  16  34   9  23   1  32  16  15  21  48  31   9  49  35  42  32  25  24  19   7  34  47  26   1  24  48  33  50   3  34  24  47  46  10  45  26  18  15  44  50  20
  26  36  50  44  29   5  41  29  38  49  12  41  50  41  43   6   1  10  17  23   9  41  32  12   6   3  44  36  31  35  25  11   4  43   8   7  50  47  10  23   8  37   5  47  35  31   4   5  47  31  30  14  47
   5   5   5  22  19  24  20   1  49  16   3   2  44  40   9  27  46  10  17  45  37  32  24  49  32   3  11  30  38  13  28  24  10  10  36   8  31  31  23  13  32  31  44  12  23   9  28  30  15  40  30   4
  38  25  17   2  27  20  44  21  11  22   6  10  46  41  50  50  34   1  50   2  12  31  42   7  29  20  22  26   7  28  30  21  49  41  41  40  29  20   2  22  37   7  12  34  45  21  25  27  34  17  25
  12  44  50   2  11  18  25  30  20   5  11  43   7  17  29  44   7  34  29  47  49  28  43  12  43  31  16  18  14  29  36  27  40  44  42  29  30  49  16   8  37  27  10  17  15  50  39  43  50   2
   4  42  17  35  38  20  50   4  35  48  49  20  38  22  49   3  20  49   5  13  31  39  22  18   9   5  10  48  38  16  15  32  11   2   3   7  29   2   3  35  19   2  15  11  31  17  26  24  11
  48  39   5  17  47  42   9  10  28  17   8  40  34  30   2  20  45   6  17  12  17  46  12  21  49  17  14  48  23  18  30  48  18   7  35  47  24  23  41  36  25  37  11  23   7   1  43   8
  38  30  30  41   1  43  42  32   6  17  47  36  26  45  11  48  45   6  30  48  13  47  47  32  13  50  13  24  48   3  12  49  24  49  37  49  50  13  26   3   7  26  43  42  28  35   9
   7  49  19  40  47  22  15   5   3  40  12  48  32  26  44  50  31  41  12  22  17  20  41  18  40  43  12  38  23  19  12   9  26   5  31  38  38  25  18  15  19  10  27   1  10  28
  44   8   1  20  49  25  26  44   2   8  16  40  49  39  47   5  35  28  34  24  45  20   7   7  29   9  43   9  10  43  16  31  39  36  49  32   4  39   5  23  35  10  31  31  37
  21   9  19  46  12  28   8  45  10  50  32  31  35  47  41  18  21  16  44  44   4  19   6  23  11  23  36  33  25  29  26  47  26  28  35   3  42  39  19   2  18   6  22  38
  14  36  23  24   1  18  27  16  26  12  39  13  14  44  44  22  40  34  13   8  20  12  34  34  29  49  42  29   9  50  48  50   7  39  10   9  28  33  23  46  46   8  28
  48  30  35  28  43  12  15  19   8  20  29  12  49   4  28  14   9   2  47  49   3  31  40  17  37   6  49  47  43  13  38  22  29  42  45  19   2  40  40  34  15  43
  12  39  42  39   8   4   2  16  13  33  26  47  28  26  40  19  42  36  40  10  39  25  39  22  10  36   6  42  38  50  48   3  49  25  29  39  19  28  32   4  46
  10  29  11  47  31  29  48  19  21  18  38   8  45  30  25  16  12  38  15  14  18   2  30  39  25  30  45  42  42   4  14  50  49  37  10  35  34  13  34  26
   2  31  16  49   1  37  23   1  41  13  17  24  21   4  40  27  36  10  44  49  25  41  23  36  27  15  28  25  20   4  29  19  14  13  25  12   8  46  39
   2  11  48  15  30  43  40  45  50  46  22   3  28  36  39  47  48  12   3  37   9  10  36  26  16  47   7  32  48  40  47  23  38  31  14  10   4  12
  49  24  27  28  15   2  40   2  40  12  24  41  31   3  43  40  18  45  45  20  50  20  45  10  41   7  49   4   9   2  24  47   1  43  48  48   2
  44  49   9  25  22  50  29  37  24  32   3  42  10  13  37  47   9  20   7   3  28  11  12   6  18  24   1  48   5  14  30  47  11  28   6  19
  31  50   3   3  12  33  29  17  32  42  13   6  48  32  46  25  12  43  40  35   9  39  15  18  27  45  23  50  25  15  42  25  43   1  14
  24   1  15   6  12  49  39  35  41  44  31  38  47  41  26  14   6  19  29  17  21  42  29  44  43  41   9  13  28   4  50  37  48  31
  21  28  27  50  50   1  36   5  47  38  29  45  31  36   1  23  35  18  37  16   1  15  39  37  33  32  43  30  42   8   2  34  27
  25  12  24  23   3   3  32  35  41  10  23  50  24  26  16  26  15  17   8  22  49  44   3  39   9  37  32  50   6  17  17   5
   1  22   8   6   1  14  32  13  33  20  26  14  18  28  39  48   8  36  35   8   1  14  31  37  46   8  13  17  22  18  49
  15   6  46  24   1  16  45  49  26  46  43  25  38  30   3  14  42  13   5  43  27  28  13  22  41  47  21  36   9  38
  36  42  33  35  41  36  30   3   3  39  13  21  48   4  12  32   4   2  11   2   8  18  13  26  34  19  29  45  37
  27  16  34  30  48  20  24  10  15  45   6   7  25  27  32  21  31  29  45  44  39  25  48  43  38  50  19  14
  30  13  27  17   6  34  36  32  35  32  41  24  46  34  29  38  14  12  47  34  10  47  48  35  22  48   4
  41  18  36  40  40  23  29  19  22  48  33  36  41  41  50  10   9  47  43  34  45  29   7   5  41  41
  27   9  44  21  46   6  29  24  31  21  29  43  12  28  11  47  33  29  41  16  19  48  37  23   5
  33  10  35  28  25  48   1  46  19  18  40   1  22  40  39  20   4  45   4  19  34  14  32  40
   5  40  28  26  47   6   2  46   4  12  45  42  31  17  31  32  34  40  14  15  24  42  20
  31  22   2  40   7   1  24  36  18  16  26  24  10  41  10  26  41  21   8  31   3  19
  24  47  42  11  21  44  13  50  31  21  26  11   7  41  14  32  42  13  24   5  11
   2  12  28  50  27  14  33  32  44  40  37  27  15  29   1  42  27  31   8  42
   3  23  34  21   8  15  36  15  16  24   1  38  11  17  15  22  18   8  25
   6   6   8  24  22  23  25  38  31  23  46  38   9  19   9  15  27  14
  26  40  39  39  39  32  17  24   9  25  22  34  35  38  50  15   6
  30  37  12  42  32  32  46  31   7   8  34   1  14  12   1  46
  25  21  49   4   6  41  38  30  41  19  38  20  27  47  11
  13  40   6   1  19  13  10  44  36  13  36  19  37  31
  46  24  28  29  26  20  23  17  23  35  33  26  28
  50  48  30  29  16  30  18  34  44   3  42   1
  34  30   1  13  46   5   7   8  42  22  17
  28  20  15  20   9  12  42  16  15  20
  49   5   1  50  30   5  44  42   2
  49   1  10  34  18  22  28   8
  17  19  25  36  10  36  30
  46  26  48  50  45   1
   3  28  29   8  28
  45   2  31   7
  50  15  13
  22  23
  19

 1978
  17  23   3  20  21  24  25  17  13  13   5   2  24   9  19   9  15  18  22  14  13   8  18  14  12  20   1  18  13   5   1   6  19  23  21  22  13  12   4  17   7  18   3   3  14   9  14   2  14  12  17  12   5  23  10  10   8  19  17   5  23  11  14   6  17  20   7  20  15  24  18  17  17  20   2  14   7   3  15   2  23  24   2  14   2   3  19  11   4   7   3  13   2  20   7  17  12  17   9  12   9  24   6  25  22  17  22  18  24  22  24  23   3   4  25  11  18   9  23   2  23  21   1  24   3  12   8  21  12   1   7   5  16  18  21  13  14   9  22   5  14  16  15   2  20  24   9   1  21   8  14  10  18   9  16  11  22   5  20  19

