 160 
   0   0   0   0  48   0  47  16   0  49  36   0  44   0   0   0   0   2   0   0  45   0   0   0   0   0   0   0   0   0   0   0   0   0   0   0   0   0   0   0   0   0   0   0   0   0  18   0  17   0  44   0   0   0   0  50   0   0   0   0  44   0  40   0  49   0   3   8   0  16   0   0   0   0   9  28  22   0  10   0   0   0  43   0   0   0  37   6   0   0  15   0   0   0   0   0  32   0   0   0   0   0  16   8   0  20   0   0   0   0  37   0  13   0   0   0  17   0   0   0  45   0  17   0   0   0   0  13   0  28  31  25   0   0   0   5   0  37   0   0   0   0   0   0   0  40   0   0   0   0  46   0   0   0   0   0   0   0  14   0
  30   2   0  44   4   0   0  31   9   0  36  10  30   0   0   0  18   0   0  11  39   0   0   0   0   0   0  33   0   0   0   0   1   0  12  18  48   0  26   0   0   0   0   0   0   0  36  19   0   0   0  37   0   0  18   0  29   5   0   0   0  34   0   0   0  38   0   0   0   0  23   0   0   0   0   0   0  47  10   0   0   0   0   0  14   0   0  39   0  39   0   0   0   0   0   0   0   0   0  34  17   0  47   0   0   0   0   0   0   0  22   9   0  32  18   5   0   0   0  17   0   0   0  13  41   0  30   0   0  24   0   0  29   0  22   0   0   5   0   0  45  23   0   0   0   0   0  33   0  40   1  41  29   0   0  19  36   0   0
   0   0   0   0   0   0   0   0   0   0  44   0   0   0   0   0  23   0   0   0   0   0  36   0   0   0  23   0   0   0   0   0   0   0  36   0   0   7   0   0   0   0   0   0   0   0   0   0  25   0   0   0   0   0   0   0   0   0   0   0   0  32   0   0   0   0  43  39   0   0   0   6   0   0   0   0   0   0   0   0  46   0   0   5   0   1   0   0  12   0   0  31   0  38  21   0  21   0  36   0  31  38   0   0   0   0   0   0   0   0   0   0   0   0   0   0   0   0  19   6   0   0  49   0   0   0   0   0   0   3   0   0   0   0   0   0   0   5   0   4   0   0   0   0   0   0   0   0   0   0   0  10   0   0   0   0   0   0
   0  29  24   0   0  25   0   0   0   0   0  18   0   0   0   0   0  22   0   7   0   0  14   0   0   0   0  13   0   0   0   0   0   0   0   0   0   0   0  29   0   0   0   0  43   0   0   0   0   0   0   0   0  28   0   0   0  26   0  26   0   0   0   0   8   0   0   0   0   0   0  20  19  39  24  31   0   0  32  49   0   0   0   0   0   0   0   0   0   0   0   0   0   0   0   0   0  34   0   0   0  39  45   0  29   0   0   0  43  21  26  49   0  21   0   0  21   0   0   0   0  44   0   0   0   0   0   0   0   0   0  38  20   0  18   0   0   0   0   0   0  14   0   0   0   0   0   0   2   0   0   0   0   0   0   0   0
  21   0   0   0   0   5  31   0   0   0   7   0  16   0   0   0   9   0   4   0  22   9   0   0   0   0  16   0   0  38   0  46   0   0   6  45   0  50   0   0   1   0   0  17   0  16   0   0   0   0   0   0   0   0   0   0   0   0  21  49   0   0   0   0   0   0   0   0   0   0   0  23   0  50   0   0   0   0   0  40  13   0   0   0   0   0   5  24   0  27  50   0   0   0   0   0   0  27   0  37   0   0   0   0   0   0   0   0  50  11  18   0   0   0   0  28   0   0   0   0  48   0   0   0   0   6   0   0   0   0  30  34   0   0   0   0   0   0  19   0   0   0  39  32   0   0   0   0   0   2   0   0  27   0  32   0
   0   0   0   0   0  27   0  48   0  26   4   0   0  34  22   0  38   0   0  40   0  46   0   0  39   0   0   0   0   0   0  37   0  29   0   0   0   0  44  27   7   0   0   0   0   0  50  49   0  19   0  27  24   0   0   0   0   0  15   0   0  30   0  43  25   0   0   0   9   0  11   0   0   0   0   0   0   0   7   0  39   0  36   0   0  30   0  39   0   0   0  13   0   0  41  49   0  20   0   0   0   0   0   0   0  26   0   0  32   0   0   0   0   5  49   2   0   4   0   0   0   0   0  25   0   0   0   9  33  46   0   0   0   0  36   0  37  45   0   0  11  10   8   0   0   0   0   0   0   0   0   6   0   0   0
   0   0   0   0  40   0   0  15   0   0   0   0   0  32  42   0   0   0  50   0   0   0   0   0   4  28   0   0   0   0   0   0   0   0  35   0   0   0   0   0   3   0   0   0   0   0  44   0   0   0  19   0  38  29  23   0   0   0   0   5   3   0   0   0   0   0   0  24   0  14  45  15   0   0   0   0   0  13  25   0   0  26   0   0  32   7   0   0  17   0   8   0   0  41   0   0   0   5   0   0   0   0  50  47   0   3  44  21   0   0   0   0   0   0   0  40   2   0   0   0   0   0   0  28   0  45   0   0   0   0   0   0   0   0   0   7   0   0   0   0   8   0   0   3   0   0   0   0  48   0  29  19   0   0
   0  20   0  19   0   0   0   0  22   0   0   0  32   0   0  40   0   0   0  45  50   0   0  35   0   0   0   0   0   0   0   0   0  20   0   0   0  33   0   0  30   0   0   0   0   0   0   0  44  25   0   0   0   0  36   0   0   0   0   0   0   0   0   0  21   0   0   0   0   0   0   0   0   0   0   0   0   0   0   0   0   0   0   0   0   0   0   0   0   9   0   0   0   0   0   0   0  46   0   0   0   0   0  38   0   0  34   0   0   0   0   0   0   0   0   0   0   7  15   0   0   0   0   0   0  19   0   0   0   0   0  30   3   0   0   0   0   0   0   0   0   0   0   0   0   0  21  44   0  38   0   0   0
  46   0   0   0   0   0   0   0  46   0   0   0   0   0   0  50   0   0   0   0   0   0   0  20   0   0   0   0   0   0   0  37  23   0  46   0   0   0   0   0  34   0  49   0  39   0  40   0   0   0   0  38  40   0   0   0   0   0  35   0   0   0  44   0   0   2  37   0   0   0   0   0   0   0   0  49   0   0   0   0  33   0   0   0   0   0  33  49  30  44  22   0  36   8   0   0   0   0   0   0   0   0   0   0   0   0   0   0   0  41   0   0   0   0   0   0   0   4   0   0   0   0   0   0   0   0   0   0  24   4   0   0   0   0   0  18   0   0   0   0   0   0  42  41   0   0   0   0   0   0  18   0
   0   0   0   0   9   0  38  10   0   0   0   0   0   4  39   0  23  11   0  28   0   0   6   0   0   7   0   0   0   0  36   0   0  10   0   0   0   0   0   0   0   0   0  34   0   0  11   0   0   0   0  29   0   0   0   0   0   0   0   0   1   0   0   0   0  48   0  21  16  31   0   0   0   0   0   0  37   0   0   0  34   0   0  34   0   0   0   0  25   0   0   0   0   0  45   0   0   0   0   3  33   0   0   0   0  27   0   0   0   0   0   0  34  39  32   0   0   0   0   0   0  42   0  32   0   0   0   0   0  50   0   0   0   0   0  31   0  27  21   0   0   0   0   0   0   0   0   0  25   0   1
   0   0   0   0  18  20   0  37   0   0   0   0   0   0  48   0  37   0   0  47   0  25  29   0   0   0  14  48   0   0  28   0   0   0  39  16   0   0  20   0   0   0  33   0   0  13   3  43  21  22   8   0   0   0   0  46   0   0   0   0   0  34  13   4   0  26  43   0   0   0  48   0   0   0   0   0   0   0   0   0   0   0   0   0   0   0   0   0   0   0  43   0   0   0   0   0   0   0   0   0   0   0  50   0   0   0   0   0   0   2   0  23   0   0   0  47  43  34   0   0   0   0   0  50   0   0   0   0   0   0  42  27   0   0   0   0   0   0  36  23  24   0   0  46  33   0   0   0   0   0
   0   0   0   0   0   0   0   0   0   6   0   0   0   0   0   0   0   0  40   0  17   0   0  48   0   0   0   0   0  14   0   0  31   0   0  46   0   0   0   0  43   0   0   0  47  32   0   0   0   0   0   5   0   0   0  19   0   0   0   0   0   0   5   0   0   0   0   0   0   0   6   0   0   0   0   0   0   0   0  47   0  44   0   0   0   0  42   0   0   0   0   0   0   0   0   0   0   0   0  34   0   0  14   0   0   0  22   0  26   0   0   0   0   0   0  15   0   0   0  17   0   0   0   0   0   0   0  44   0   0  18   0   0   0   0  20  45   0   0   0   0   0   0   0  33   0   0   0   0
   0   0  15   0   0   0   0   0   0   0   0   0   0   0   0   0   0   0  26   0  11  10  14  22   0   0  32   0  16   0   0   2   0  18   0   0  17   0   0   0   0   0   8   0   0   0  37   0   0   0   0   0   0   0  19   0   0   0   0  24   0  26  27   0   0  38   0  19  35   0   0  29  48   0   0   0   0   0   0   0  47   7   0  21   0   0   0   0   0   0  32   0  14   0   0   0   0   0   0   0   0   0  18   0  11   0   0   0   0  48  34   0  48   0  27   0   0   0  26  48   0   0   0   0   0   0   0   0   3  21   0   0  10   0   0  19   0   0   0   0   0   0   0   0  31  12   0   0
  21   0   0   0   0   0   0   0  17   0  27   0   0   0   0   0   0   0   0   0   0  21   0  27   0   0   0  10   0   7   0   0  29   0   0   0  20  49   0   0   0   0   0   0   0   0   0   0  48   0  42   0   0  40   0  18   0   0   0   0   0   0  30   0   0   0   0   0   0  49   0   0   0   0  13   0   0   8   0  42  50   0   0   0  25   0   0  26  11   0   0   0   0   0   0   0  43   0  38   0   0   0   0   0   0   0  49  14   0  48   0   0   0   8   0   3  29  30   0   0   0   0   0   0  26  26  23   0   0  19   0  12   0   0   0   0   0   0   0   0   0   0   0  30  49   0   0
   0   0   0  37   0   0   0   0   0   0  35   0   0   0   0   0   0   0   0  38   0  30   0   0  18   0   0  40   0   0   0   0   0  37   0  47   0   0   0   0   8   0   0  47   0   0  26   0   0  25   0   0   0   0   0   0   0   0   0   0   1   0   0  29   0   7   0  14   0  41   0   0   0   0   0   0   0   0   0   0   5   0   0   0   0   0   0   0  37   0   0  49   0  12   0   0   0   0  18   0   0  40   0   0   0  26   0   0   0   0   0   0   0   0  44  28  11   0  32   0  13   0   0   0   0   0   0   6  21   0   0  24   0   0  17   0   0  14  45  38   0   0   0  46  15   0
  11   0   0   0   0   0   0   0   0   0   0  25  12   0   0   0  27  50   0  18   8   0   0   0   0   3   0  24   0   0   0  40   0   5   0   0  14   0   0   0   0   0   0  47   0   0   0  29   0   0  39   0  25   0   0   0  27   0   0  39   0  12   0   0   0   0   0   0   0  23   0   0   0   0   0  44  50   0  44  48   0  13   0   0   0   0  23   0   0   0   0   0   0   0   0   0   6   0  34   0   0   0   0   0   0   0   0   0   0   3   0  48   0   9   0   0   0   0  18  29   0  47   0   0  50  38   0  43   0   0   0   0  34  15   0  11   0   0   0   0   0   0   0   0  12
  15   0   0   0   0   0   0  37  31   0   0   0   0   0   5   0   0   0  46   0  44   0  34   0   0   0   0   0   0   0  48   0   0  16   0  12   0   0   0   0   0   0   0   0   3   0   0   0  34   0   0   0   0  30   7   0   0  17   0   0   0   0   0   0   0   0   0   0   0   0   0   0   0   0   0   0   0   0   0   0   0   0  41   0   0   0   0  21   0   0   0  47  17   0   0   0   0   0  28   0   0   0  32   0  44   0   0   0   0  38   0   0   0   0  13  47  13   0  13   0   0   0   0   0   0   0   0   4   0   0  14   0   0   0   0   0   0  14   0   0   0   0   0  13
  41   0  34  22   0   0   0   0   0   0   0   0   0   0   0   0   0   0   0   0  47   0   0   0  49   0   0   0   0  29   0  48   0  35   0   0   0   0   0   0   0   0   0   0   0   9   0   0   7  30   0   0   0  34   2   0   0   0   0   0   0   9  35   0  36   5   0   0   0   0   0   0   0   0   0   0  21   0   0   0   0   0   0   0   5  41  25   0   0   0   0   4  44   0   0   0   0   4   0  50   0   0  43  39  15   0   0   0   0  33   0   0   0   0   0   0   0   0   0   0   0   0   0   0   0   0  30   0  42   0  24   0   0  32   0   0   0   0   0   0   0   0   0
   0  44   0   0   0   0  23   0   0   0   0  31   0   0   0   0   0   0   0   0   0   6   0   0   0   0  37  17   0   0   9   0   0   0   0   0   0  17  49   0  36   0   0   0   0  44   0  33   0   0   0  49   5   0   0   0   0   0   0   0   0   6   0  15   0  24   0   0   0   0   0   0   0   0   0  16   0  21   0   0   0  12   0  34   0   0   0   0   0   0   0   0   0  21   0  48   0   0   0   0   0   0   0  25   0   0  40  35   0   9  34  16  47  27  22  29   0   0  17   0   0   0   0   0  31   0   0   0   0   0  14   0   0   0   0   0  26   0   0   0  23   0
   0   0   0  40   0  13   6   0   0   0   0   0   0  24  17   0   0   0  43  44   0   0   0  27   0   4  37   0   0   0  19  12  36   0   0  46   0  40   0  25   0  13   0   0   0   0   0   0   0  40   0  35   0   0  28   0   0   0   0   0   0   0  11   0   0  10   0   0   0   0   0   0   0  13  13   0   0   0   0   2  31   0   0   0  24   0   0   0   0  24   0   0   0   0   6   0   0   0   0   0   0   0  46  32   4   0   0   0   0   0  48   0   0  14   0  39   0   0   0   0  21   0  23   0   2   0   0   0  49  15   6   0  16   0   0   0   0  50  37   0   0
   0  35   0  20   0   0   0   0  31  16   8  17   0  13   0  46   0   0   0   0   0  21   0   0  38   0  33   0   0   0   0   0   6   0  27   0   0   0   5   0   0   0   0   0   0   0  44   4   0  38   0   0  24   0   0   0  23   0   0   0   0   0   0   0   0   0   0   0  37  21  36  35   0   0   0  20   0   0  42  30   0   0   7  23   0   0  29   0   0   0   0   0   0   0   0   0   0   0   3   0   0   0   0   0   4  46  16   0  10   0   8   0   0   0   0   0   0  20   0  26   0  23   0   0   0  48   0   0   0   0   0  39   0   0  45   0   0   0  19   0
   0  33   0   0  30   0   0   0  31   3   0   0   0   0   0   0   0   0  12  40  23   0   0   0   0   0   0   0  35  37  15   0   0   0   0   0  33   0   0   0   0   0  11   0  43   0  42   0  33   0   0   0  20   0   0   0   0   0   0   0  26  22  42   0   0   0   0   0  11   0   0   0  34  35  14   0   0   0   0   2   0   0   0  16  15  38  14   0   6   0  46   0   0   0   0   0   0  28   0   0   0   0   0  18   0  14   0   0   0   0   0   0   0   0   0   0   0   0   0   0  40   0   0   0  10   0   0  28  41   0   0  31   0   0   0   5  31   5   0
   0   0   0  48   0   0  41   0   0   0   0   0   0   0   0   0   0  26   0   0  35   0  23  26   0   0   0   0   8   0   0   0  38  31   0  34  47   0  40   0  50  41   0  41   0   0  10   0   0   0   0   0   0   0   0   0   0   0   0   0   0   0   0   0  22   0   0  24   0  19   0   0   0   0   0   0   0  35   0   0   0   0   0   0  48   0  32  27   0   0   0   0   0  42   2   0   0  11   0   0   0  10   0   9   0   0  22   0   0  27   0   0   0   0  30   0   0   0  22   0   0  47   0   0  27  26   0   0   0   0   3  13  19  32   0  42   0   0
   0  45  15   0  35   0   0   0  46  13   0   0   0   3   0   0   0   0   0   0   0   0   3   0   0   0   0  45  28   0   0   9   0   0   0   0   0   0   0   0   0   0   0  11   0   0  36   0   0   0   0  37   0   0   0   0   0   0   0   0   0   0  46  48   0   0   0   0  37   0   0   0   0   0   0   0   0  35   0   0   0  20  41   0   0   4   0   0   0   0   0   0   0   0   0   0   0   0   0   0   0   0  32   0   0   0   0   0   5   3   0   0  31   0   0   0   0   0  48  32   0   0  38  45   0  28   0   0   0   0   0   0   0   0  10  28  32
   0   0   8  10  16   0   3   0  24  50   4   0  10   0  22   0  16   0   7   0   0   0  26  18   0   0  31   0   7   0   0  16   0  40   0   0   0   0   0   0   0   0   0   0   0   0   0   0   0   0   0   0   0   0   0   0   0   2   0   0   0   0   0   0   0   0   0   0   0   0   0  10   0   0   0   0   0   3  13   0  27   0   0   0   0  34   0   0   0   0   0   0  44  22   0   0   0   6   0  48  26   0   0   8  24  38  19  21   0   0   0   0   0   0   0   0   0   0   0   0   0  42  39   0   0   0   0  17   0   0  30   0   0   0   0  28
   0   0   0   0   0   0   1   0   0   0   0   0  34   0   0  25   0   0  30  16   0   0   0   0   0   0  11   9  17  40   0   0  10   0   0   0   0   7   0   0   0   0   0   0   0   0   0  43   0  44  49   0  19  43   0  30   0  25   0   0   0   0   0   0   0   0   0   0   0   0   2  31   0   0   0   0  43   0   0  13   0  18  18   0   0   0   0  46   0   0   0   0   0   0   0  40  42   0   0  16   0   0   0   0   0   0   0   0   5   0   0  14   0   0   0  34   0  50   2   0   0   0   0   0   0   0  25   0   0   0   0   0   0  13   0
  36   0  12   0  32   0   6  45  17   0   0  19   0   0   0   0   0   0   8  16   0   0   0   0   0   0   0   0   0   0   0   0   0   0  47   0   0   0  48   0   0   0   0   0   0   0  28   0   0   0   0  20   0   0   0   0  19  14  13   0   0  37   0   0   0   0   0   0   0   0   0   0   0  49   0  34   0  27  18   0   0   0   9   0   0   0   0   0   0   0  40   0  25  23   2   0   0  28  18   0  48  36   0   0   0   0  15   0   0   0   0   0   0   0   0  29  11   0   0   0  13   0   0   0   0   0   0   0   0   0   0   0  32  49
   0   0   0   0   0   0   0   4   0   0   0   5   0   0   0   0   0   0   0   0   0   0   0   0  40   0  20   3  47   0  23  37   0   0   0  43   0   0   0   0   0   0   0  27   0   0  23   0   0   2   0   0   0   0   0   0   0  48  32   0   0   0   0   0   0   0   0   0   9   0   0   0   0  16   0  30  38   0   0   0   0   0  36   0  18  49   1  45   0   0   0   0   0   0  44  18   5   0   0   0   0   0   0   0   0   0   0   0   0   0   0   0   0  30   0   0   9  16   0   0  20   0  19   0   0   0  16   0   0   5   0   0   0
   0  11   0  15   0  45   0   0   0  46  32   0  40   0   0   0   5   0  22   0   0   0   0   0   0   0   0   8  21  18   0   0   0   0   0   0   0   0   0  36  23   0   0   0   0   0   0  44  18  35  28   0  12   0  38   0   0   0   0  16   2  43  27   0   0  32  12   0   0   0   0  29   0   0   0   0  39   0   0   0   0   0  17   0  10   0   0   0   0   0   0  22   0   5  24   0   0   0   0   0   0   0   6   0   0   0   0   0   0   0   8  18  21   0   5   0   0   0   1   0   0   0   0   0   0   0   0  35  17   0   0   0
   0   0   0   0   0   0   0   0   0   0   0  14  15   0   0   0   0  26   0   0   0   0   2  47  40   0   0   0   0   0   1   0  17   0   0   0   0   0   0  24   0   0   0  19   0   0   0  35   0   0   9   0   0   0  47   0   0   0   0   0   0   0   0   0  20   0   0   0  32   0  37   0   0  12  49   0   0  34  35   0   0   0   0   0   5  48   0   0   9   0  17   0   0   0  22  44  43   0   0   0   0   0   0   0   0   0   0   0   0   4   0   0   0   0   0   0   0   0   0   0   0  42   0   0   0   0   0   0  44  47   7
   0   0   0   0   0   0   0   0   0   0   0   0   0   0  22  33   0   0  45   0   0   9   0  17  46   0   0   0   0   0   0  36   0   0  24   0   0   0   0   0  44   0  38  36   0   0  50   0   0   0   0   8  24  34   1   0   0  25   0  38   0   0   0   0   0   0  37   0   0   0   0  20  30   0   0   0   0   0  10   0   0   0  11   0   0  12   0   0   0   0   0   0   0   0   0   0   0   0  34   0   0  23   0   0  27   0  40   0   0  33  30   0  24   9   0   0   0   0   0   0  32   0   0   0   0   0   0   0  35   7
  34   0   0   0   0  22   0   4   0   0   0   0  19  29   0   0   0   0  44   0   0   0  21   0  25   0   0  18   0   0   1   0   0   0   6   0   0   0   0   0   0   0  15   0  11   0   0   0   0   0   0   0   0  26   0   0   0  12  30   0   0   0  45   0   0   0   0  30   0   0   0  41   0   0   0   0   0   0   0   0   0  33   0   0   0   0   0  13  32  10   0  19  26  26   3   0   0   0   0  18   7   0  19   0  44   0  26   0   0   0   0  10   0   0   2   0   8  46   0   0   0   0   0   0   0   0   0   0   0
   0  36   0   0  49   0   0  28   0   0   2   0   0   0   0   0   0   0   0   0   0  30   0   0   0   0   0   0   0   0   0   0   0  12   0   0   0   0  29   0   0   0   0   0   0  24   7  33  18  19   0   0   2   0   0   0   0   0   0   0   0   0   0   0   0  37   0   9   0   0   0   0   0   0   0   0   0   0   0   0  37   0   0   6   0   0   0   0   0  35  43   0   0   0   0   0   0   0   2   0  47   0   0   0   0  40  47   0   0   0   4   0   0   0  17   0  24   6  12   0   3   0  16  27   0   0   0   0
  22   0  16  24  39   0   0   8   0   0   0   0   5   0   0  39   0   0   0   0   0  19   0   0   0  38   0   0   0   0   0   0  49   0   0  29   0   0   0  29   0  16   0   0   0   0  46   0  25   0  20   0   0   0   0   0   0  14  44   0   0   0  14   0   0   0   0   0   0  47   0   0  30   6   0  32   0   0   0   0   0  40   0   0   0   0   0   0  12   0   0   0   0  22   0   0   0   0  25  21   0  20   0   0  30   0   0   0   0   0   0   0   0   0   0   0  26   0   0   0  28   0  10   0   0   0   0
   0   0  42  33   9   0   0   0  22   0   0   0  30  12   0   0   0   0   0   0   0   0   0  15   0  14   0   0   0   0   0   0   0   0   0   0   0   0   0   0   0   0   0   0   0  12  21   0   0   0   0   0   0   0   0  20   0   0   0   0   0  29   0  22   0   0  50   0  13   0   0   0   0   0   0   0  10   0   0   0   0   0   0   0   0  32   0  28   0   0   0   0  30   0   0  42   0   0   0   0   0   0   0   0   0   0   0   0   0   0   0   0  23  19   0   0   0  24   0   0   0   0   0   0   0   0
   0   0   0   0   0   0   0   0  24  27   0   0   1   0   0   0  19   0  44   0   0   0   1  32   0  18   0   0   0   0   0   0  16   0  16   0   0   0   0   0  11   0   0   0  27   0   0   0  20  14   0  20   0   0  21   0   0  21   0   0   0  30   0  19  10   0   3   0   0   0  27   0   0   0   0   0   0   2   0   0   0   0   0   0   0   0   0   0   0  22   0  22   0   0   0   0   0   0   0   0   0   0   0   0   0   0   0   0  32   0   0   0  44   0  50  23   0   0  40  27   0  30   0   0   0
   0   0   0  30  28  35   0   0   0   0   0   0  24   0  16  11   0   0   0   0   0   0   0   0   0   0   0   0   0  50   0  27   0  50   0   0   0   0   0   0   0   0   0  44   0   0   0  14   0   0   0   0   0   0   0   0   0   0   0   0   0  27  43   0  27   0   0   0   0   0   0   0   0   0   0   0   0   0   0   0   0   0   0  31   0  50   0   7   0   0   0  27   0   0   0   0   0  33   0   0   0  34   0   9   0   2  19   0   0  17   0   0   0   0   0  31  24  29  47  14   0   0   0   0
   0   0   7   0   0  38   2   0  34   0   5  49   0   0   0  47   0   0   0  15  26   0   0   0  28   0   0   0  41  20  28   0  15   0   0   0   0   0  27  25  28   0   0  47   0   0   0   0   0   0   0   0   0   0  45  20  41   0  17   0   0  27   0   0   0   0   0   7   0  23   0   0   0   0   0   0   0  12   0   0   5   0   0   0  34   0   0  30   0   0   0   0   0  38   0   0   0   0  15  26   0   0   0   0   0   0   0   0   0   0   0   0  30   0   0   0   0  28   0   0   0  39   0
  41   0  13   0   0   0   0   0   0  10   0   0   0   0  25  31  34   0   0   0   0  27   0  19   0   0   0   0   0   0   0   0   0   0  42   0   8   0   0   0  34   0   0   0   0   0  12   0   0   0   0  22   0   0   0   0   0   0   0   0  47   0   0   0   0   0   0  45   8   0   0   0   0   0   0   0   0   0   0   0   0   0   0   0   0  23   0   0   0   0  43  14   0   0  22   0   0   0  36   0   0  13   0   0   0  17   0  39   0  16   0  40   6   0   0  17   0   0   0   0   0   0
   0   0  35   0   0   0   0   0   0   0   3   0   0   0   0   0  38   0   0   0   0   5   0   0   0   0   0   0  23   0  38   0   0   0   0   9   0   0  13   0   0   0   0   0  50   0   0   0   0   0  33   0  46   0   0   6  39   0  34  16   0   0   0   0   0  40   0   0   0  37   0   0   0   0   0   0   0   0   0   0  34   0  35   0   0  15   0   0   0   0   0  30   0   0   0   0   0   0   0   0   0   0   0  25  23  15   0   0   0   0  36   0  24   0   0   0  31   0   0   0  19
  13   0   0   0  15   0   0   0   0  38   0  44   0   0   0  45  20   3   0   0   0   0   0   0   0   0  11   0   0   0  43  19  48   0   0  16  49  25   0  27   0   0   0   0   0   0   0   0  37   0   0   0   0   0  29   0   0   0   0   0   0  40   0   0   0   0   0   0  50   0   0  16   0  49  38  45   8   0   0   0   0  21   0   0   0  28   0   0  39   0   0   9   0   0  46   0   0  16  42   6   0  35   0   0  39   0   0   0   0  20   0   0   0   0   0   0   5   0   0   0
   0   0   0  33   8  33   0  11   0   0   0   8   0  10   0   0   0  49   0   0   0   0   3  50   0   0   0   0   0   0   0   0   0   0   0  23   0   2   0   0  14   0   0   0   0   0   0   0   0  10   0   0  16   0   0  41   0  23   0   0   0   0   0  33  38   6  39   0  12   0   0   0   0   0   0   0   0   0  28   0   0   0   0   0   0   0   0   0   0  33  16   0   0  10   0   0   0   0  48   0   0   0   0   0   0   0  17   0   0  39   0   0   0   0  11   0   0   0   0
   0   0   0   0   0   0   0   0   0   0   0   0   0  28   0   0   7   0   0  31   3  25  19   0   0   0   0   0  36   0  31   0   5   0   0   0   0   0  32   2   0  35   0  10   0  18   0  10   0   3  23  42   0   0   0  12   0   0   0   0  31  37   0  29  14   0   0   0   0   2   0   6  36  39   0   0   0   0   0   0   0  26   0   0   0   0  23   0   0  49   0   0  15   0   0  23   0   0  50   0   0   0  37  43   0   0   0   0   0   9  30  35  42   0   0   0  34   0
  45   0   0   0   0   0   0   0   0   0  32   0   6   0   0   0  29   0   0   0   0  42   0   0  45   0   0   0   0   0   0   0   0   0   0   0   0   0   0   0   0  24   0  16  43   0   0  39   0   0  37   0  43   0   0   0   0   0   6   0   0   0  38   0   0   0   0   1   0   0   0   0  23   0   0   0   0   5   0   0  35   0   0   0  18   0   0   0  46   0   0   0   1   0   0   0  36   0   0  17   0   0   0   0   0   0  15   0   2   0  23   0   0  44   0   0   0
  28  33  48   0   0   0   0   0   0   0   2  50  50   0   0   0   0   0  39   0   0   0  30   0   0   0   0   6   0   0   0   0   0   0   0   0   0   0   0   0   0   0  48   0   0   0   0  17   0   0   0   0  28   0  30   0  37   0   0   0  15   0   0   0  29   0   0  47   0   0   0  33   9   0   0  47  48   0   0   0  33   0   0   0   0   0   0   0   0   0   0   0   0  36  50   0   0   0  19   0  46   0   0   0   0   0   0  48   0  11   0   0   0   0   0   0
   0  27   0  13   0  40   0   6   0  43   0   0  23  48   0   0   0   0   0   0  41   0   0   0   0   0  42   0   7  13  37   0   3  30   0   0   0   0   0  45   0   0   0   0  30   0   0   0   3  16   0   0   0   0  12   0  44   0   0   0  39   0   0   0  49   0   0   9   0   0  28   0   0   0   0   0   0   0   0   0  33   0   0   0   0  29   0   0   0   0   0   6   0   0   0   0   0   0   0   0  16  42   0   0   0   0   0   0   0   0  29   0  44   1  26
   0   0   0   0   0   0   8  40   0   0   0   0  36   0   0   0   0   0   0  23   0   0   0  14  43  44   0   0   8   0   0   0   0  36   0  32  17   0   0   0  33   0   0   0  28   0  19   0   0   0   0  10  50   0   0   0   0  21   0   8   0   0   0   0   0  38   0   0  18   0   0   0  46   0   0  23   0  12   0  26   0   0   0  32   3   0   0   0   0   0   0   0   0   0   0   0   0   0  22   0   0  28   0   0   0   0   0  37   0   0   0   0   0   0
   0   0   0  49   0   2   0   0  25   0   0   0   0   0   0   0   0  17   0   1   0  15   0   0   0   0  38   0  19  45   8   0   0   0   0   0   0  27   0  19   0   0   0   0   0  18   0   0   0   0  35   0   5   0   0   0   0   0   0   0   0   0  25   0   0  42   0   0   0  50   0   0   7   0  49   0   0   0   0  42  11   0  27  44   0   0   0  15   0   9   0   0  40   0   0   0   0   0   0   0  38   0   0  29   0   0   0  18  34  26   0   0   0
   0   0   0   0   0   0   0   8   0   0   0  24   9   0   0   0   0  35   0  46  35   0   0   0  17   0   0  27   0   0   0   0   0   0  34  18  47   0   8   0   0   0   0   0   0  23   0   0   0   0   0   0   0   0   0   0  18   0  11   0   0   0   0  35   0   0   0   0   0   0   0   0   0   0   0  35   0  19   0  28   0   8  27   0   0   0   0   0   0   0   0   0   0   0   0   0  50   0   0   0   0  30   0   0   0   5   0   0   0   0  27   0
   0   0   0   0   0   0   0   0   4   0   0   0   0   0   0   0   0   0   0   0  18   0  23   0   0   0   0   4  24   0   0   0   0   0   0   0   0   0   0   0   0   0   0   0  32   0   0   0   0   0  16   0   0  24   0   0   0   0   0   0   0   0   0   0   8   0   0   0   0   0  10   0  46   0  29   0   0   0   0  16   0   0   0   0   0   0   0   0   0   0   0   8   0   0   0   0  36   0   0   0   0   0   0   0   0   0  28   0  21  45  22
   0  35   0   0  23   0   0   0  20   0   0   0   0   0  20  29   0   0   0  31   0   0   0   0   0   0   0   0   0  40   0   0  39   0   0   0  27   0   0   0   0   0  31  47   0   0   0   0   0   0   0   2   0   0   0   0   0   0   0  19   0  28   0   0   0   0   0  16   0   0   0   0  36   0   0   0  39   0   0  31   0  38   0   5   0  24   0   0   0   0   0   0   0   0   0   0   0   0   0   0   0   0   8  38   0   0   0   0   0   0
   0   0   0   0   0   0   0   0   0   0   0   0   0   0   0   0   0   0  35   0   0   0  21   0   0  24   0   0   0   0  26  12  10   0   0   0   0  44   0  39  17   0   0   0   0   0  48   0   0   0  49   0   0   0   0   0   0   0  30  34   0   0   0   0   0   0   0   0  31   0   0   0   0  25  34   0   0  34   0   0   0   0   0   0   0   0  39  49   0   0  43  19   0   0  25   0  18   0   0   0  31   0   0   0   9   0   0   0   0
   0  26  40   0   0   0   0   0   0   0   0   5   0   0   0   0  39   2   0   0  40  36   0   0  41   0   0  18  42  12   0   0   0   0   0   0   0   0  46  14  27  29  15   0  18   0   0   0   0  40  10  11   0  25   0   0   0   0  50   0  26   0  19   6   0   0   0   0   0   0   0   0   0   0  26   0  43   0   0  46   0   0   0  48   0   0   3   0   0   0   0   0   0   0   0   0   0  50  16   0   3   0   0   0  24   0  32   0
   0   0   0   0   0  30  43   0   0   0   0   0   0   0   0   7   0  20  16   0   0  28   0   0   0  28   0  43   0   0  24   0   0   0   0   0  45  10   0   0  17   0   0   0   1   0   0  17   0   0   0   0  14   0  22  20   0   0   0   0   0   0   0  31   0   0   0  24   0  47   0   0  46  29   0   0   0   0   0  18   0   0   0   0   0   0   0   0   0   0   0   0   0  18   1   0   0  45   0   0   0  18   0   0   8   0   0
   0   0   0   0  10  11   0  31  50   0   0   0   0   0   0   0   0   0  13  33   0  18   0   0  28   0   0  31   0   0  31   0   7   1   0   0   0   0   0   0   0   0   0   0   0   0   0   0   0   0   0   0   0   0   0  14   0   0   0   0   0   0   0   0  22   0   0   0   0   0   0   0   0   0   0   0   0  21   0   0   0  17  12   0   0   0   0   0  37   0   0   8   0   0   0   0  41   0  32  19   0   0   0   0   0   0
   0   0   0   0   0  35   0   3   0  45   0  41   0   0   0   0   0   0   2   0   0   8   0   6   0   0  20   0   0   0  16   0   0   0   0   0   0   0   0   0   0   0   0   0   0  23   0   0   0   0   0  18  27   0   0   0   0   0   0   0   0   0   0   0   0   0   0   0   0   6   0   0   0   0   7  50   0   0   0   0   0   0  42   0   0   0   0   0   0   0  20   0  19   0   0   0   0   0  29   0   0   0   0   0   3
   0   0   5  34   8  11   0   0   0   0   0   0   1  14   0   0   0   0   0   0   0   0   0   0   0   0   0   7  12   0   0  12   0  34   0  40   0   0   0   0  32   0   0  19   0  18   4   0   0   0   0   0   0   0  10   0   0  17   0   0  48   0  25  36   0   0   0   0   0   0   0  41  39  47   0   0   0  49  46  25   6   0   0   0   0   0   0  49   0   0   0   8   0   0   0  14   0   0   0   0   6  10   0   0
   0   0   0  16   0   0   0   0   4  50   0   0   0   0   0   0  17   0   0   0   0  19   0   0   0   0   0   0   0   0   0   0  13   0   0  46   0   0   0   0   6  44  25  41   0   0   0   0   0   0  45  22   0   0  25   0   0   0   0   0   0   0   0   0   0  25   0   0   0   0   7   0  43  25   0   0   0  11   0   0  36   0   0  40   0   0   0   0   0   0  48   7  27   0   0   0   0   0   0   0   0   0  19
   2   0  29  10   0   0   2  41  43   0   0   0   0   0   0  27   0  33   3   0  12   0   0   6   0  18   0   0   0   0   0   0   0  21   0  32   0   0   0   0   0   0   0   0   0   0   0  43  46   0   0   0   0   0   0   0   0   0   0   0  35  21   0   0   0   0   0  28   0   0   0   0   0   0  13  20   0   0   0   0  26   0   0   0   0   0   0   0   0   0  35  48   0   0   5  28   3   0  22   0   0   0
   0   0  11  14  29   0   0   0   0   4   0   0   0   0   0   0  48   0   0   0   0   0   0   0   0   0  20   0  33   0   0  39  33  24   0   0  29   0   0  15   0   0   0   0   0   0   0   0  29   0   0   0   0   0   0   0   0   0   2   0   0  48   0   6  27   0   0   0   0  17   3   0   0  19   0   0   0   0   0   0   0   0   0   0   0  15   0   0   0   0   0   0   0   0   0   0   0  18  48   0   0
   0  28   0   0  38   0   0  32   0  21   0   0  24   0   0   0  41   0   0  11   4   0  21   0   0   0   0   0   0  48   0  28   0   0   0   0   0   0   6   0  30  39  47   0   7  29  41   6  39   0   0   0   0  31   0   0   0  44  30   0   0   1   0   0   0   0   0   0   0   0   0   0   0   8   0  36   0   0   0   0   0  17  11   0   0   0   0  22   7   0   0   0   0   0  16   0   0   0   0   0
   0   0   0   0   0   0   0   0   0   0  35  25   0   0   0  13   0   0   0   0   0   0   0  39   0   0   0   0   0   9   1   0   0  27   0  50   0  18   0   0   0   0   0  31   0   0  12   0   0   2   0   0  48   0  19  39   0  16   0   0  25  50   0   0   5   0   0   0   0   8   0   0  15   0   0   0   1  36  37   0  19  17   0   6   0   0   0   0   0   0   0   0   0   0   0   0   0   0   0
   0   0  28   0   0  50   0   0  10   0   0   0   0   0   0   0   0   0   0   0   0  27   0   0   0  13   0   0   0  50  18   0  15   0   0   0   0  19   0   0   0   0   0   0   3  34  32  42   0  30   0  34  18   0   0   8   0   0   0   0   0  47   0  26   0  38   0   0  27  33   0   0   0   0   0  42   0   0   0  17   0   0   0   0  45  42   0   0   0   0  39   0  21   0  13   0   0   0
   0   0   0   0   0   0   0   0  43  35   0   0   0   0  48  47   0   0   0   0   0   0   0   0   0   0   0   0   0   0   0   0  25  42   0   0   0   0  33   0   0  28   0   0   0  12   0   0   0   0  34   0   0   0   0   0   0  19   0   0   0   0  36   0   0   0   0   0   0   0   0   0   0  28   0   0   0   0  23   0   0   0   0   0   0   0   0   0   0   0   0  28   0   0   0   0  44
   0   0   0  29  18   0   2   0   0   0  29   0   0  14   0   0   0   0   0   0   0  25   0  50   0   0  34   0   0   0   0   0   0   0  33  48   0   0   0   0   7  46  48   0   0   0   0   0   0  47   0  20  28   0   0   0  22   0   0   0   0   0  46   0  48   0   0   0  19   0   5  12   0   0   0  39   0  14  39   0  29   0   0   0   0   0   0  27  50   0  37   0   0   0   0   0
   0   0  36   0  17   0   0   0  40   0   0   0   0   3   0   0  12   0   0  39   0  20   0   0   0   0  17   0   0   0   0   0   0   0   0   0   0   0   0   0   0   0   0   0   0   0   0   0   0   0  27   0  24   0   0   0  10   0   0  12   0   0   0  43   0   0  28  42   0   0   0   0   0   0  41   0  50  33   0  21   0   0   0   0   0   0   0   0  23   0  41   0   0   0   0
   0   0  39  15  41   0   0   0   0   0  33   0   0   0   0   0   0   0   0  42   0   0   0   0   0   9   0   0   8  10   0   0   0  12   0   0  12   0  25   0   0   0   0   0  40   0   0   0   0   0  35  50   0   0   0   9   0   0   0   0   0   0   0   0   0   0   9   5   0   0   0   0   0   0  26   0  44  42   0   0   0   0   0   0   0   0   0   0   5   0   0   0   2   0
   0   0  41   0   0   0   0   0  29   0   0  37   0   0   0   0   0   0   7   0   0   0   0   0   0   0  28   0   0   0   3   0   0   0   0  17   0   0  22   0   0   0   0   1   0   0   9  33   0   0   0  14   0  11   0   0   0   0  49   0   0   0   4  31   0  46   0   0   0   0   0  46   0   0  43   0   0  21   0   0   0  24   0   0  45   0  43   0   0   0   0   0   0
   0   0   0   0   0   0   0   0   0   0   0   1   0   0  50   0   0   0   0   0   5   0   0   0  50   0  44  23  44   0   0   0   0   0   0  16   4  14   0   0   0   8   4   0  23  17  35   0   0  32   0   0   0  22   0   0   0   0  30  13   2   0   0   7   0   0   0  13   0   0   0  19   0   0   0   0  38   0   0   0   0   0   0   0   0   0  13   0   0   0   0   0
   0   0   0   0   0   0  18   0   0  46   0   0  20   0   0   0   0   0   0   0   0   0   0   0   0   0   0   0   0  13   0   0  16   0  22   0   0   0   0   0   0  16   0   0  23  48   0  22   0   0  23  45   0   0   0  34   0  12   0  41   0   0   0   0   0  41   0   6   0   0  33   0  12   0  39   0   0   1   0   1  37   0   0   0   0   0   0   0   0   0   0
   0   0  46   0   0   0   0   0   0   0   0   4   0   0   0   0   0   0   0  34   0   0  47   0  41   0  11  33   0   0   0   0   0   0   0   0   0   0   0   0   0  39  22   0   2  45   0   0   0  21   0   0   0   0  16  31  27   0   0   0   0   0   0  15  33   0  24   0  21   0  50   0   0   0   0   0   0   0   0   0   0   0   0   0   0   0   0  43   0   0
   0   0  37  24   0   0   0   0   0   0   0   0   0   0   0   0  27   0   0  38   0   0   0   0   0  22   0  33   0   0   0   0   0   0   0   0   0   0   3   0  18   0  35  12   0   0   0  10   0   0   0   0   0  22  39   0   0   0  50   0   0   0   0   0   0  48   5   0   0  28   0   0   0  23   0   0  32  14  19   0  38   0  30   0   0   0   0  37   0
   0  38   3   0  31   0   0  49   0  47   0   0   0   0   0   0   0   0   0  35   0   0  23   0   0   0  32  25   0   6   0   0   0  47   0   0  36   0   0   0   0   0   0  44   0   0   0   0   0  44   0   0   0  37   0   0   0  43  45  11  48  12   0   0   0  11   0   0   0  20   0   0   1   0  26   0   0  37  45   0   0  49   0  46   0   0   4   0
   0   0  27   0   0   0   0  34   0   1   0   0   0   0   0   0   1   0   0   0   0   2   0  42   0   0  39   0   0  45   0   0   0   0   0   0   0   0   0   0  30   0   0   0  39   0  43   0   0   0   0   0  27  21   0   0   7   0   0   0   0   0   0   0  50  36   0   0   0  13  28   0   0   1   0   0   0  33   0  44   0   0  48   7   0   0   0
   0   7  39  14   0   0   0   0   0   0   0   0   0   0   0  35   0   0   0   0   0  35   0   0   0   0   0   0   0  16  24  28   0  14   0   0   0   0   0   0  35  44   0   0   0   0   0  47   0   0   0  15   0   0  28   0   0   0   0   0  37   0   0   0   0   0   3  37   0   0   0  38   0   0   4   0  34  27   0  40  41   0   0  28  50  13
  25  38   0  12   0   0   0  23   0   0  42   0   0  17   0   0  37  47   0   0  22   0   0   0   0   0   0  34   0   0  34   0   8   0   0   9   0   0   0   0   0   0   0  22   0   0   0   0   0  12   0   0   0   0  45  10   0   0   0   0   0   0  49  36  34   0   0   0   0  43   0   0   0   0   0   4   0   0   0   0   0   0  46   0   0
   0   0   0   0   0   0   0   0   0   0   0   0   0   0   0   0   0   0   0   0   0  49   0   0   0  30  46   0  32  10   0   0   0   0   0   0   3   0   7   0   0   0   0   1  15   0   0   0   0   0   0   0   0   0  10   0  16   0   0   0  50   0   0   0   0   0   0   0   0   3   0  15   0   0   0   0   0   0  50   0   0  21   0   0
   0   0   0   0   0   0   0   0   0  37   0   0   0   0   0  30   0   0  34   0   0  14   0   0   0   0   0   0   0   0   0   0   0   0   0  29  31   0   0  27   0   0  29   0   0   0   5   0   0   0   0   0  48   0   0   0   0  44   0   0   0  12   0  34   0   0   0   3   0   0   0   0   0   0   0   0  43   0  25   0  48   0   0
   0   0   4   0  46   0   0   0   0   0  29   0   0   0   0   0   0  34   0   8  37   0   0   0  38   0   0   0  46   0  42   0   6   0   0   0   0   0  38   0   0  40   0   0   4   3  40   0  27   0   0   0   0   0   0   5   0   0   0   0   0  42   0   0   0   0   0   0  23   0  44  26   0   1   0  12   0   0   0   0   0   0
  34   0   0   0   0   0   0   0   0   0   0   0   0  50  38   0   0   0  43   0   0  30   0   0   0   0   0  25   0  37   0   0   0   0   0   0   0   0  37   0   0   0  44   0  15   0   0   0   0   5   3   0  24   0   0   0   0   0  16   0   0   0   0   0   0   0   0  34   0   0  21   0  50   0   0   0   0   0   0   0   0
   0   0   0   0  18   0   0  50   0  14   0   0   0  19   0   0   2  34   0   0   0   0   0   0   0   0   9  41   0  20   0   0   0  26   0  50  13   0   0   0   0  12   0   5   0   0   0  47   0   0   0   0  18   0   0   0   0   0   0  21   0   0   0   0   0   0   0  42   0   0   0   0   0   0   0   0   0   0   0  16
   0  46   0   0   0   0   0   0   0   8  45   0   0   0   0   0   0   0  15   0   0   0   0   0   0   0  35  34   0   0   0   0   0   0   0  44   0   0   0   0   0  32  11  15  29   0  50   5  41   0   0   0   0  37   0  24   0   0  13   0   8   0   0  34   0   0   0   0  29   0   0   0   0   0   0   0   0   0  45
   0  24   0   0   0   0   0   0   0   0   0   0   0   0   0  48   8   0   0   0  35   0  36   0   0  17  13   0   0   5   0   0  12  30  45   0  20  24   0   0   0   0  27  13  28   0  33   2  10   0   0  32  42   0   0  12   0   0   0  17  39  27   0  20   0  50  41   0   0   0   0   0  33   0   0   5   0  11
   0   0   0   5  31   0   0   0   0   0   0   0   4   0  34   0   0  25   0   0  28   0  45  41   0   0  43   0   0  13  45  47   0   0   0  21   0   0   0   0   0   0   0   0  27   5   0   0   0   0   0  26   0   0   0   0   0  12   0   0  12   0   0  25   0   0   0   0  30   0   0  44   0   0   0   3  21
   0   0   0   0  29   0   9   0   0   0  27   0   0   0   8   0   0   0   0  23   0  18  18   0   0   0   9  14   0   0   0  11  26  36   0   0   0   0   9   0   0  25   0  25   0   0   0   0  18   0  43   0   0   0   0   1  17   4   0   0  48   2   0  14   0   0   0   1   0  49   0   0   0  28   0   0
   0   0   0   0   0   0   0   0   0   0   0   0   0   0  43   0   0  45   0   0   0  30   0   0  24   0   0   0   0   0   0   0   0   0  24   0   0   0   0   0   0  29   0   2  22  44  46   0   0   0  10   0   0   0   0   0   0   0   0   0   0   0   0   0  18   0   0   0   0   0   0  16   0  10   0
  40  10  16   0   0   0   0   0   0   0  23   0   0   0   0   0   0  22   8   0   0   0   2   0  29   0   0   0   0   0   0  39   0   0   0   0  22  41   0   0  13  24  32   2   0   0  50   0   2   0   0   0  18   0   0   4   0  16   0  11   0  28  25  50   0   0   0   0   0   0   0   0   0   0
   0   0   0   0  15   0   0   0   0   0  46   0   0   0  40   0   0   0   0   0   0   4   0   0  38   0   0   0   0  15   0   0   0  16   0   0  33  11   0   0   0   3   0  39  27  36  11   0   0   0   0   0   0   0   0   1   0   0   0  49   0   0   0  41   0   0   4   0   0   0   0   0   0
   4   0  25   0   0   0   0   0   0   0   0   0   0   3   0   0   0   9   0   0   0   0   0  29   0  13   0   0   0   8   0   0   0   0  13   0   0   0   0   0   0  48   0   0   0   0   0   0   0   0  12   0   0   0   0   0   0   0   0   0   0   0  25   0  44   7   0   0   0   0   0   0
   0   7  50   0  43   0  23   0   0  19  17   0   0   0   9   0   0   0  13   0   0   0   0   0   0  18   7   0   0   0   0   0   5   0   0   0   0  21  37  19   0  22   0  22   0   0   0  39  50   0   0   0   0  39   0   0   0   0   0   0   0   0   0  21   0   7   0   0   0  21   0
   0   0   0   0   0   8   0   0   0   0   0   0   0   0   7   0   0   0   0   0   0   0   0  27   1   0   0   9  43   0   0   0  17   0   0   0  40   4   0  36   0   0   0  32   0   0   0  30  26   0   0   0  35   0   0   0   0  50   0   0  22   0   0   0  25  23   0   0   0   0
  13   0   0   0   0   0   0  18   0   0   0   0   0   0   0   0   0   0   0  20   0  41   0   0   0   0   0   0  13   0   0   0   0   8   0   0  37   0   0   0   0   0   0   0  14   0   0   0   0   0   0   0   0   0   0   0  19   0   0  11  42   0   0   0   0  17   0   0   0
   0   0   0   0   0   0   0   0  30  30   0  26   0   0  37   0   0   0   0   0   0   0   1   0   0   0   0   0   0   9   0   0   0   0  11  39   0   0   0   0   0   0   0   0   0   0   0   0   5   8   0   0  28   4   0   0   0  49  16   0   0   0   0   0   0  12   0   5
   0   0   0   0   0   0   0  21  38   0   0   0   0   0   0   0  13   0   0   0   0   0   0   0   0  18   0   0   0   0  28   0   0   4   0   0   0   0   0   0   0   0   0   0   0   0  42   0   0   0   0   0  18   0   0   0   0  17   0  36   0   0  37  38  24   0   0
   0   0   0   0   0   7   0   0  22   0   0  45  41  37   0   0   0   0   0   0   0   0   4   0   0   0  30   0   0   2  12  16   0   0   0   0   0   0   0   0   0  20   0   0   0   0   0   0  13   0   0   0   0   1   0   0  27   0  27   0  12   0   0   0  20   0
   0   0   0  26   0  35   9   0   0   0   0   0  36   0   0  49   0   0   0  28   0   0  45   0   0   0   0  47  34   0   0   0  12   0   0   0  23   0   0   0   0   0   0  17   0  48   0   0   0  29   2   0   0   0  47   0   0   0   0   0  17  22   7   0   0
   0   0   0   0   0  19   0   0  23  36   0   0   0   0   0   0   0   0  14  41   0   0  14   0   0  39   0  19   0   0   0   0   0  23   0   0   0   0   0   0   0   0   0   0   0   0   0   0   0   0   0   0   0   0   0   0   0   0   0   0   0   0  40   0
   0  34   0   0   0   0   0   0   0   0   0  43   0  32  25  27  28  48   0   0   0  21   0   0   0   0   0   0   2   0   0   0  19   0   0   0   6  24   0  20   0   0   0   0   9   0   0   0   0   0   0   0   0   0  37  18   0  43   0  36  41   0   0
  44   0   0   0   0   0   0   0   0  15   0   2  29   0   0   0   0  28   0   0   0   0   0  40   0   0  25  47  50   0   0  16   0   0  40   0   0   0   0   0   0   0   0   0   0   0   0  28   0   0   0   0   0   0   0   0   0   0  35   0   0   0
   0   0   0   0   0  22   0   0   0   0   0   0   0   0   0   0   0  14   9  16   0   0   0   0   0  21   0  10   0   0   0   0   0   0   0   0   0  36   0   0   0  45  47   0   0   0   0   0  11   0   0   0   0   0   0  45   0   0   0   0   0
   0   0   0   0   0   0  31   0   5   0  13   0   0   0   0   0   0   0   0   0   0   0   0   0   6   0   0   0   0  50  32   0  30   7   0   0   0   0   0   0   0   9  26   0   0  46   0  13   0   0   0   0   0  45  24   0  20  41   0   0
   0   0  12   0  10   0   0   0   0  36   0   5  50   0  17   0  17   0   0   0  38  40  27   0   0   0   0  39   0  29   0   0   0   0   0   0   0   0  29   0   0   0   8   0   0   0   0   0  28  40   0   0   0   0   0   0  21   0   0
   0  48   0   4  15   0  42   0   0   0   0   0  43   0   0   0   0   0   0   0   0  41  33   0  11  20   0   0   0  29  13   0   0   0   0   0   0   0  40   0  39   0   0   0   0   0   0   0   0   0   0   0   0   0   0  12   0  31
   0   0   0   0   0   0  41   0   0   0   0   0   0   0   0   0   0   0   5   0  21   0   0   0  32   0   0   0   0   0   0   0   0   0   0   0   0   0  49  24   0   0   0  30   0   0   0   0  26   0  29   0   1   0   0   0   0
   0   0   0   0  41   0   0   0  43   0   0   0  50  24   0   0   0  20   0   0  14  38   0   0   0   0   0   0   0   0   0   0   0   0   0  32   0   0  41  21   0   0   0  50   0  19   0   0  30   0  48   0   0   0  34  25
   0   0  13  49   0   5   0   0   0   0  32   0   0  33   0   0   9   0   0   0   0   0   0   0   0   0   0   0   0   0  45   0   0   0   0   0  34   0   0   0   0   0   0   9  35   0   0   0   0  11   0   0   0  30  30
   0   0   0  10   0   0   0   0   0   0   0   0   6   0   0   0   0   0   1   0   0   0  30   0   0   0   0  27   0   0  48  22   0   0   4   0   0   0   0   3   0   0   0   0   0   0   0   0   0   0   0   0  20   0
  23   0   0   0   0   0  37   0   0   0   0  15  47   0  27   0  18  38   0   0   0   0   0   0  10   0   0   0  34   0   0  15   0   0   0   0   0   2   0   0  43   0   0   0   0   0   0   0   0   0   0   0   0
   0   0   0   0   0  45  35   0   0   0   0   0   0  19   0   0   5   0   0   9   0   0   0  50   0   0   0   0   0   0   0   4  20   0   0   0  25   0   0   0   0   0   0   0   0   0   0   0   0   0   0   2
   0   0   0  18   0   0   0   0   0   0  14  21   0   0   0   0   0  41   0   0   0   0   0   0   0   0   0   0  32   0   0   0   0   0   0   0   0   0   0   0  14   0   0   0   0   0   0   0   0   0   0
   0   0  33  16   0   0   0  23   0   0   0  12   3   0   0   0   0   0   0   0   0   0   0   0   0   0  41   0   0   0   0   0   0   0   0   0   0  11   0   0   0  15   0   0   0  10   0   0   0   0
   0   0   0   0   0  32  45   0   7   0  25   0  50   0   0   0   0   0   0   0   0   5   0  29  37   6   0   0   0   0   0   0   0   0   0   0   0   0   6   0   0   0   0  47  45   0   0   0   0
  47   0  36  10  30   0   0   0  11   0   0   0   0   0   0   4   0   0   0   0   0   0   0   0   0   0   0   0  31   0  23  28   0   0  15   0  23   0   4  26   0   0   0   0   0   0   0   0
   0  17  44   0   0   0   0   0   0   5   0   0   0   0   0   0   0   0  28   0   0   0   0   0  10   0   0   0   0   0  22  12  35   0   0   0   8   0   0   0   0  29   0   0   0   0  17
   0   0   0  32   0   0   0   0   0   0   0  45  10   0   0   0   0   0  33   3   0   0   0   0   0   0   0   0   0   0  47   0  36  19   0   0   0   0   0   0  29   0   0   0   0   0
   0   0   0   4   0   0   0  22   0   0   7   7   0   0   0   0  49   0   0   0   7   0  26   9   0   0  42  45   0   0   0   0   0  32   0   0   0  48  20   0   0   0   0   0  48
   0  10  40   0   0  22  23   0   0   0  42   0   0   4   0   0  12   0   5  24   0   0   0   0   0   0  43   0  32   0   0   0   0   0   0   0  23   0   0   0   0   0  39   0
   0   0   0  27   0  27   0  30   9   0   0   0   0   0   0   0   0  37  37   0   0   0   0   0   0   0   0   0   0  18   6   0  43  40   0  24   0  20   0  36   0   0  25
   0   0   0   0   0   0   0   0  22   0   0   0  47   0   0   0   0   0   0   0   0  46   0   0   0   0   0   0   0   0   0   0   0   0   0   0   0   0   1   0   0   0
  33   0   0   0  42  33   0   1   0   0   0   0  24   0   0   7   0   0   0   0   0   2   0   0   3   0   0   0   0   0   0  29  48   0  14   0   0  15   0   3   0
  44   0  45  41   0  42  46   0   0  47   0  30   0   0   0   0   0   0   0   0   0   0  35   0   0   0   0   0   0   0   0  34   0  28  47  16   0   0  12   0
   0   0   0   0   0   0   0   0   0   0  45   0   0  13  37   0   0   0   0   0   0   0   0   0   0   0   0   0   0   0   2   0   0   0   0   0   0   0  26
   7   0   0   0   0   0   0   0   0   0  21   0  40  16  13   0   0   0   0   0   0   2   0  10   0   0   0   0   0  44   0   0  19   0  32   0   0  28
   0  11   0   0   0   0   0   0   0   0   0  48  19   0  15   0   0   0   0   8   0   0   0   0   0   0   0  29   0   0   0   0   0  46   0   6   0
   0   6  33  49   0   0   0   0   0  17  10  25   0  34   0   0   0   0   0   0  25   0   0   0   0   0   0   0   0   0   0   7  50   0  24   0
   0   0   0  31  47  29   0   0   0   0   0   0  27  11   0  31   0   9  48   0   0  24   0   0  45   0   0   0  27  32   0  48   0   0   0
   6   0   0  20   0   0   0   0   0   0   0  48   0  36   0   0  10  22   0  15   0  41  19   0   0   6   0  29   0   1   0   0   0   0
  45  15   0  15  48   0   0   0   0   0   0   0   0   0   0   0   0  27  42   0   0   0   0   0   0   0   0   0   0   0   0  48   6
  12   0   0   5   0   0   0  30   0   0   0  10   0   0   0  16   0   0   0   0   0   0   0   0   0  17  26   0   0   0   0   0
  33   0  26   0   0   0   0   0   0   0   0  28   0   0   0  36  34   0   0   0  32  15   0   0   0   0  30  36   0   0  39
   0   0   0   5  16   0   0  39   0   0   0   0   0  19  50   0   0   0   0   0  15   0   8  31   0   6   1   0   0   0
   0  49  13  14   5   0   0   0   0   0  25   0  24   0   0   0   0   0   0   0  18   0   0   0   0   0   0  21  22
   0  33   0  14   0  49   0   0   0   0   0   0   0   0   0   0   0   0  27   0   0   0   0   0   0   0   0   0
   3   0   0  37   0   3   0   0   0   0  22  36   0   0   0   0   0   0  42   0   0   0   0   6   0   0   0
   0   0   0  16   0   0   0   0  27   0   0   0  41   0   0   0   0   0   0  23   0   0   0   0   0   0
   0   0   0  38   0   0   0   0   0   0   0   0   0  43  13   0   0   0   0   0  42   0   0  41   0
   0   0   0   0   0   0   0  20  16   0  31   0   0   0   0  24   0   0  10   0   0   0   0  36
   0   0  27   0   0   0   0   0   0   0   0   0   0   0   0   0   0   0   0  23   0   0   0
   0   0   0  31   0   0  47   0   0   0   0   0   0   0  43   0   0   0   0  24   0   0
   0   0   0   0   0   0   0   0   0   0  50   0   0   0   0   0   0   0   0   0   0
   0   0  22   0   0   0   0   0   0   0   0   0   0  21  16   0   0   0   0   0
   0   0  19   0  15   5   0   0  41  35   0   0   0   0   0   0   0   0   0
  46   0   3  23   0   0   0  18   0  41   0   0   0   0   0   0   2  16
   0   0   0   0   0  16  41   0   0   0   0   0   0  42   0  10   0
   0   0   0   0   0   0   0   0   7  50  38   0   0   0  10  24
   0   0   0   0  29   0   0  44   0   0  49   0   0   0   0
   0   0   0   0   0   0   0   0   0   0   8   0  44   0
   0   0   0   0   0  27   0   0   0   0  45   0   0
  30   0   0   0  17   0  39   0   0   0   0   0
   5   0   0   0   0  45   0   0  49  29  15
   0   0   0   0   0   0   0   0   0   0
   0  15   0   0   0   0   0   0  12
   0  22   0  16   0   0   5   0
   0   0   0   0  49   0   0
   0   0   0   0   0   0
  16   0   6   0   0
   3  43  17   0
   0   0  47
   0   0
   0

 253
   2  23  14  25   9   1  18  23  11  14  24  15   6   4   6   5   2   3  15  13  19   1   3  24  11  10   8  25  10   1  13   5  10  20   2   4  10  13   6  14   2  18   9  18  22  24  22   6   3  25  22   9  11  19   9   3   3  12  23  24  16  11  23  25  21   9  21  19  22  19  24   5   2  18  10   9   2  13  17  10  20   3   6   8  24  20   8   1   3  11   8  13  11  21  18  24  23  17  13   1   5  21  11  13   9   4  12   4   2  14  10   8   9  24  25   3  14  22  10  18  16  19  19   8  23  23  20  21   6  14  10   8   7   9   5  22  16   7   9  18  24  22  11  11  10  11  23   6   1  18  20  17  18  15  12  16  18   5  14  12

