 160 
  44   0   0   0  37   0   0   0   0   0   0   0  49   0   0  40  10   0   0   6   0   0   0   0   0   0   0   0   0   0   0   0  28   0   0   0   0   0   0  32  29   0  39   0   0   0   0   0   0   3   0   0   9   2  20   0   0   0   0   0   0  42   0   0   0   0   2   0   0   0   0   0  14   0   0   0   9   0   0   0   0  11   0   0  28   0   0   1   0   0   0  30   0   0   0   0   0   0   0   0  22  35  26   0   0   0   0   0  28   0   0   0   0   0   0   0   0   0  34  41  38   0   0  12   0   0  29  43   0   0   0   0  35   0   0  28   0   0  30   0   0   0   0   0   0   0   0   0   0   7   0   0  23  12   0   0   0   0   0   0
   0   0   0  44  21   0   0   0  13   0   0   0   2   0   0  18   0   0   0   0   0  25   0   0   0   0  26  22   0   0   0   0   0   0   0  18   0   0   0   0   0   0   0   0  19   0   0   0   0   0  46   0   0   0   0   0   0  17   0   0   0   0  31   0  30   5  43   0   0  17   0  13   0   0   0   0  12   0   0   0   0   0   0  35  43   0  22   0   0  29  25   0   0   0   0   0  31   0   0   0   0   0  48   0  18   0   0   0   0  28   0  26   0   0   0   0   0   0   0  38   0   5   0   0   0   0  41   0   8   0  25   0   0   0  20   0   0   0   0   0   0  13  17   0   0   0  27   0  40   0   0   0   0   0   0   0  27  33   0
   0  37   0  32   0  42   0   4   0   0   0   4  50   3  29   0   0   0   0   0   0   0  27   0   0   0   0  23   0   0  17  31   0   0   0   0   0   0   0   0   0  26   0  14   0   0   0   0   0   7   0   0  29   0   0   0  47   0   0   0   1  48   0   0  27   0  15   0   0   5   0   0  49   0   0  49   0  39   0   0  48   0   0   0   0   0   0   0  36   0  37   0   0   0   0   0  45   0  49  41   5   0   0   0   0   0   0   0   0   0   0   0   0   0   0   0  15   0   0  50   0   0   0   0   0   0   0   0  47   0  45   0   0   0   0   0   0   0   0   0   0   0   0  15   0   0   0   0   0   0   8   0  36   0   0  17   3  45
   0   0   9   0   0  31   0   0   0   0  26  24  17   0   0   0   0   0   0  16   0  41   0   0   0  31   1  41   0   0  21   0  10   0   0   0   0   0   0   2   0  26   0   0   0   0   0   0   0   2   0   0   0   0   0   0  11   0   0   0   0   0   0  26  38   0   0   0   0  14   0   0  10   0   0  21   0   0  31   9   0   0   0  19   0   0   0   0   0   0   0  33   0   0   0   0  21   0   0   0   0   0   0   0   0   0   0   0  44   0   0   0   0  48   0   0  21   0   0   0   1   0   0  47  46   0   0   0   0   0   0   0  38   0   0   0   0   0   0   0   0   0  27   0   0   0   0   8   0   0   0  47   0   0   0  29   0
   0   2   0   2   0   0   0   0   0   0   0   0   0   0   0   0   0  46   0   0   0  31  12   0   0  19   0  42  28   0   8   0   0   0   0   0   0   0  31   0   0   0   0   0   0   0   0   0   0   0   0  36   0   0  49   0   0   8  33   3  14  34   0   0   0   0   9   0   0   0   0   0   0   0   0   0  34   0   0   0   0   0   0   0   0   0  22   0   0   0   0   0   0   0   0   0   0   0   0   0   0   0   0   0   0  33   0   0  18  19  11   0   0   0   0   0   0  28   0   0  10  43   0   0   0   0   0   0   0   0   0   0   0  40   0   9   0   0   0   0   0   0   0   0   0   0  38   0   0   0  48   0   0  27   0   0
   0  37  14   2   0   0   0   0   0   0   7   0  43   0  32   0   0   0   0   0   0   0   0  19   0   0  39   0   0   0   0   0   0   0   0   0   0   0  38   0   7   0   0   0   0   0  38   0   0  18   0   0   0   0   1   0   0   0  50   1  26   0  29   0   0  12   0   0   0   0   0   0   0   0   8   0   0   0   0   0   0   0   0   0   5   0   0   0   0   0  37   0   0   0   0   0   0   8   0   0  39   0   0   0   0   0  19   0   0   0   0   0   0  43   0   0   0  37  30   0   0  49  40   8   0   0   0   0   0   0   0   0   0   0   0   0   0   0   0   0   0   0   0   0   0   0   0   0   0  11  31   0   0  26  43
   5   0   0   0  40  40   0   0   0   0   2   0   0   0   0   0   0   0   0   0   0   0   0   0  36   0  50  48  32   0   0   0  32   0   0   3   0  32   0   0  46   0   0  20   0   0   0   0  32  33   0   0   0   0  34   0   1   0  43  33   0   0   0  18  15   0   0  10   0   0   0   0   0   0   0  22   0   0   0   0   0   0   0   0   0   0  37   0  16   0   0   0  17   0   0   0   0   0   0  43   0   0   0   0  28  47   0   0   0   0   0   0   0   0   0  40   0   0   0   0   0   0   0   0   0   0   0   0   0   2   0   0   0  26   0   0   0  31   8   0   0   0   0   0  31   0   0   0  35   0   3   0   0   0
   0   0   0   0  21   0   0  38  11   0   0   6   0   0  31   6   0  40   0   0   0   0   0  43   0   0   0   0   0   0   0   0   0   0  46   0   0   0   0   0   0   0   0   0   0  33  12   0   0   0  43   0  29   0   0   0   7   0  13   0   0   0   0  11   0   0   0   0   7  41   0   0   0   3   0  25  32  47   0   0   0   0   0   0  31   0   0   0   0   0   0  35   0   0  49  50   0   0   0  44   0   0   0   0   0   0   0   0   0   0  15   0  11  34   0   0   0   0   1   0   0   0   0   0  25   6   0   0   0   0  45   7   0   3   0  16   0   0  34   0   0  37   0   0   0   4   0   0   0   0   0   0   0
   0  43   0   6   0   0  17   0   0   0   0   0   0   0   0   0   0   0   0   0   0   0   0   0   4   9   0  31  18   0   0   0   0   0   0   1   0   0   0   0   0  44   0   0  19  25  14   0   0   0   0   0   0  46   0   0  23   0  46   0   0   0   1   0   0   0   0  24   0   0   1   0   0   0   0   0   0   0   0   0   0   0   0   0   0   0   0  37   0   0   0   0   0   0  25   0  17   0   7   0   0   0   0  36   0   0   0   0   0  31  26   0  32   0   0  47   0   0   0   0   0   0   0   0   0   0   0   0   0   0  18   0   0   0   0   0   0   0   0  31   0   0  29   0   0   0  10   0   0   0  24   4
   0   0   0  20   0   0   0   0   0   5   0   7   0  35   0   0   0   0  30  38   0   0   0  50   0   0   0   9   0   0  15   0   6   0   0   0  43  50   0   0   0   0  48   0   0  19   0   0   0   0   0   0   5   0   0   0   0   0   0   0   0   0  45  35   0  24   0   0   0   0   0   0  30   0   0   0   0   0   0   0   4   0   0   0   0   0  35   0  31   0   0   0   0  16  34   0   0  33   0   0   0   0   0   0   0   0   0   0  40   0   6   0   0   0   0  28   0   0   0   0  39   0   0   0   0   0   0  36   0  12   0   0   0   0  17   6   0   0   0   0   0   0  27   0   0  30   0   0   0   0   0
   0   0  16   0   0   0  33   0   0  36   0   0   8  43   0   0   0  35  34   3   0  16  32   6  28   0   0   0  34  35  28   0   0   0  45  18   0   0   0   0   7   0  41   0   0   0   0   0   0  48   0   0   0   0   0   0   0   0  22   0   0   0   0  28   0   0   0   0   0  18   0   0   0  34  34   0   0   0   0   0  13   0   0   0   0   0   0   0   0   0   0   0   0   0   0  34   0  23   0   0   0   9   0   0   0   0   0   0  17   0   0  43   0   0  47   0   0   6  40   0   0   0   0   0   0   0   0   0   0   0   6  22  42   0   0   6   0   0   6   0   0  28   0  45   0   0   0   0   0   0
   0   0  43   0   0   0   0   0   0  42  39   0  31   0   0   0   0  22   0  21   0  13   4   0   0   4   0  26   0   0  28   0   0   0   0   0   0   0  35   0   0   0  31   0  30   0   0   0  27   0   0   0   0   0   0  22   0   9   0   8   0   0   0   0  22  31   0   0   0   8   0  31   7   0   0   0   4   0   2  43  31   0   0  40   0  15  22  41   0   9  39   0   0  42   0   0   0   0   0   0   0   0   0   0  42   0   0  39   0   0  21   0   0   0   0   0   0   0   0   3  41   0   0   0   0   0   0  23  13  23   0  16  19   0   0   0   3   0   0   0   0   0  33   0  34   0   0   0   0
   0   0   0   0   0   0   0   0   7   0   0  32   0   0   0   0   0  21   0  41   7  26   5  15  22   0  17  42   0   0   0   0   0   0   0  22   0   5  48   0   0   0   0  13  44   0   0   0   0   0  27   0   0   0   0   0   0   0   0  16   0   0  12   0   0   0  11   0   0   0   0   0   0   0   0   0   0   0  43   0   0   0   0   0  36  22   0   0  18   0   0   0   0   0   0  33   5   3  31   0   0   0   0   0   0   0   6  26   0  14   0   2   0   0   0  37   0   0   0   0   0   0   0   0   0  20   0  31   0   0   0   0   0   0  14  29   0   0   0   0   0   0   0   2  16   0   0  48
   0   0   0   0   0   0   0   0   0   0   0  37   0  26  26  23   0   0   0  22   0  16   8   0  36   0   0   0   0   0   0   0   0   0   0  48   0   0   0   0   0   0   0   0   0   0   0  10  45   0   0   0   0   0   0   0   0   7   0   0  14   0   0   3  23  13   0  41   0   0   0   0   0  15   0   0   0   0   0   0   0   0   0   0   0  20   0   0  13   0   0   0   0   0   0   0   0   0   9   0   0   0   0   0  32  47   0   0   0  31   0   0  25   0   0  22   0   0   0   0   0   0   0   0   0   0   0  21  41   0  19  32   0   0   0   0   0   0   0   0  25   0   0   0   0   0   0
   0   0  15  39   0   1   0   0   0   0   0   0   0   0   0   0   0  38  36   0  18   0   6  10   0   0   0   0   0  45  50   0   0   0  12   0   0   0   0   0  26   0   0   0  45   0   0   0   0  47   0   0   0  25   0   0   0   0   0   0   0  22   0  45   0   0   0   0   0   0   0   0  36   0   0   0   0  31  41  41  38   0   0   0   0   0   0   0   0   0   0   5  37  30  23   0  40   0   0   0   0   0   0   0   0  10   0  12   0  40  30   0   0  26  39   3   0  43  32   0   0  39  15   0  34   0   0   0   4  18   0   0   0  16   0   0   2   2   0  19  42   0  49  32   0   0
   0  36   0  48  38   0  23   0   0   0   0   0  19   0   0   0   0   0   0   0   0   0   0   0   0   0   0   0   0   0  23   0   0   0  32  49   0   0  12   0   0   0  24  47   0  45   0   0  14   0   0   0  11   0   0  21  30   4   0   0  18   0   0   0  27   0   0   0   0   0   0  26   0   0   0   0  23   0   0  13   0  10   0  14  41  50   0   0   0   0  37   0   0   0   0   0   0   0  32   0   0  49  36   0  48   5   0   0  50  42   0   8   0   0   0   0   0   0  30   0   0   0   0   0   0   0   0   0   0  50   0  36   0   0   0   0   0   0   0   0   0   0   0   0   0
  45  33   0   0   0   0  35  18   0  30  23   0   0   0   0   0   0   0   0   0   0   0   0   0   0  28   0   0   0   0   0   0  10   0   0   0   0   0   0   0   0   0   0   0   0   0   0  45   0  27  13  16   0   0  11  30   0  39   0   0   0   0   0   0  22  40  12   0   0   0   0   1  39  44  26   0   0   0   0  36   9  48   0   0   0   0   0   0   0   0   0   0   0  31   0  15   0   0   0   0  21   0  38   0  35   0   0  15   0   0   0   0  19   0   0   0   0   0   0   0   0   0   0  50   0   0   0   0  29   0   0   0   0   0   0   0   0   0   0  49   0   0   0   1
   0  47  43  22  47  45   0   8   0   0   0   0   0  40   3   0  47   0   0   0   0   0   0   0   0   0   0   0   0   0   0   0  36   0   0   0   0   0   0   0  50   0   0   0   0  45   0   0   0   0  25   0   0   0   0  30   0   0  10   0   8   0   0   0   0   0   0   0   0   0   0   0   0  21  36  35   0   0   0   0   0   0   0   0  22   0   7   0   0   0   0   0   0  11   0   0   0   0   0  29   3   0  19   0   0  41  38   0  16  14   0   0  34   0  17  44   0   0   0   0   0   0  36   0   0   0   0  25  34   0  32  13   0   0   0   0   0   0   0   0   0   0   0
  33  29   0   0   0   0   0   0  29   0   8  29   0   0  31   0   0   0   0   0   0   0   0   0   0   0   0   0   0   0  35   0   0  47   0   0   0   0   0   0   0   0  45   0   0   0   0   0   0  30   0   0   0  26   0  41   0   0   0   0   5   0   0   0   0  20   0   0   0   0   0  32   0   0  15   0   0   0   0   0   0   0   0   0   0   0   0   0   0   0   0   0   0   0   0   0   0   0   0   0  32  15  15   0   0   0   0   0   0  19  34   0   0   0   0   0   0   0   0   0   0   0   0   0   0   0   0   0   0   0   0  41   0   0   0   0   0   0  10   0   0   0
   0   0   0  47   0   0   0   5  32  32  41  16  12   0   2   0   0   0   0  14   0   0   0   0  16   0   0   0   0   0   0   0   0   0   0   0  32  41   0   0  31   0  41   0   0   0   0   4   0  28   0   0   3   0  46   0   0   0   0   0   0   0  37   0   0   0   0   0   0  20   0   0   0   0   0  49   0   0   0   0   3  38   0   0  22   0   0   0   0   4  26   0   0   0   5  10  31   0  30   0   0   0   0   0   0   0   0   0   0   0  31   0   0   0   0   0   0   0   0   0   0  48   0   0   0   0   0  13   0   0   0  24   0   0   0   0   0  50  42   0   0
   9  34   0   0   0  26   0   0   0   0  34  37   0   0   0   0   0   3   2   0   0   0   0   0   0   0   0   0   0   0   0   0   1   0  49  37   0   0  36   0   0   0   0   0  46   0  33   0   9   0   0  13   0   0   0   0  18  44   0  15   0  45   0   0  22   0   0   0  35   0  26   0   0   0   0   0   0   0   0   0   0   0   0   0   0   0   0   0   0  33   0   0   0   0   0   0   0   0   0   0   0   0   0   0   0   0   0   0   0   0  42   0   0   0   0   0  50  35   0   0   0   0   0   0   0  31  23   0  38   0   0  13   0   0   0   0   0   0   0   0
  32   9   0   0  36   0   0   0  35   0   0  37   0   0   0   0   0   0   0   0   0   0   0   0   0   0  50   0  34   0   0   0   0   0  23   0   0   0  36   0   0   0   0   0   0  20   0   0  30   0  37   0   0   0   2  48  36   0  16  33  47  11   0   0   0  13   0   0   0   0  41   0  37  43   0   0   0   0   0   0   0   0  46   0   0   0   0   7   0   0  22   6   0   0   0   0   0   0   0   0   0  35  29   0  11   0   0   0  12   0   0  25   0   0   0   0   0   0   0   0   0   0   0  40   0   0   0   0   0   0   0  41  43  34   0   0   0   0   0
  35   0   0   0   0   0   0   0   0   0   0   0   0   0   0  13   0   0  45   0   0   0   0   0   0   0   0   0   0   0  47   8   8  50   0  38   0  35   0  48   0   0   0  29   0   0   0   0   0   0   0   0   0   0   0   0   0  29   9   6   0   0  11  33   0   0   0   0  11   0   0   0   0   0   0   0   0   0   6   0   0  30   0   0   0   0   0   0   0  24  37   0   0   0  43   0   5   0  39   0   0   0   0  37   0   0   0   0   0   0   0  18   0   0   0   0   0  31   0   0   0   0   0  50   0   0   0   0   0   8   0   4   0   0   0   0   0   0
   0   0   0   0   0   0   0   0  25  46   3   0   0   0   0   0   0   0   0   0   6   0   0   0  46   0   0   0   0   0   0   0   0  32  19   0  14   0   0   0   0   0   0   0   0  17   0   0   0   0   0   0   0   7   6   0   0   0   0  28   0   0   0   0  35   0  40   0  31  33  28   0   0   0  47   0   0   0   0   0  44   0   0   0  29  20   0   0  17  24   0   0   0   1   0   0   0   0   0   0   0   0   0  20   0   0   0   0   0   0   0   0   0   0   0   0   0  48  18  11   0  10   0  20  50   0   0   0   0  32   0   0   0   0   0   0   0
   0   0   0   0   0   0   0   0   0   0   0  30   0   0   0   0  37  41   3   0   0   0   0  39   0   0   0   0   0   0   0  17   0   0   0   0   2   0   0   0  35   0   0   0  28   0  18   6  25   0   0   0   0   0  20   0   0   0   0   0   0   0   0  44   0   0   0   0   0   0   0   0   0  22   0   0   0   0  32  42   0  16   0   0   0   0   0   0  11   0   0   0   0   4   0  15   0  43  25   0   0   0   0  37  49  21   0   0  37  12   0   0   0   9   0   0   0   0   0   0   0   8   0   0   0   0  31   0   0  44   0   9   0   0   0   0
   8  38  15   0   0   9   0   0  21   0   0   0   0   0  48   7   0   0   0   0  27  28  22  16   0   0  34  41   3  25   0   0  23  28   0   0   0  43   0   0   0  17   0   0  23   0   0  31   0  25  31   0   0   0   0   0   2   0   0   0  39   0  25   0  12   6   0   0   0  50   7   0   0   0   0   0   0   0   0   0  39   0   0   0   0   0   0  46   0   0  41  24   0   0   0   0  34   0   0   0   3   0   0   0   0   0   0   0   0   0  30   0   0   0   0  10   0   0   0  23   0   2  32   0   0   0   0  17   0   0   0   7   0  32   0
   0   0   0  16   0   0   0  48   0   0   0   0   0   0   0   0   0   0   0   0   0   0  18   0   0   0   0   4   0   0   0   0   0   0   0   0   0  18   0   0   0   0   0  22  20   0  40   0  32  27   0   0   0   0   0   0   0   0   9  12   0   0   0  42   0   0   0   0  34   0   0   7   0  11   0   0   0   0   0   0   0   0   0   0   0   0  50   0   1   0   2  39   0  10   1  15   0   0  28  30   0   0   0   0   0  30   0  32  40   0   0   0   0   0   0   0   0   0   0  43   0  13   0   5   0   0   5   0   0   0   0   0   0   0
   0   0   0   0   0   0   0   0   0   0   0   0  49   0   0   0   0   0   0   0   0   0   0   0   0   0   0   0  16   0  40   0   0  13   0  34   0  14  20   0   0   0  14   0   0   0   0  10   0   0   0   0   0   0   0   0   0   0  12  25   0   0   0   0   7   0  34   0   0   0  48   0   0   0  47   0  46   0   0  17  17   0   0   0  41   0   0   0   0   0   0   0   0   0  46   0  27   0  13  48   0  31   0   0  11   0   0   0   0   0   0   0   0   0   0   0   0   0   0   0   0   5   0  25   0   0   0   0   0   0   0   0   0
   0  23   0  26   0  37   0  36   0  34   0   0   0   0  45  20   0   0  41   0   0   0   0   0   9   0   1   0   0  11  35   0  39   2   0  26   0  19   9   0  25   0   0   0   0  22   4   1   0   0   0   0   0   0  38   0  39   0   0   0   0  34   0   0   0   0   0   0   8  44   0   0   0   0   0   0   0   0   0   0   0   9   0   0   0   7   0  29  10   0   0   0   8   0   6   0  11   0  16   0   0   0  46  29   0   0   0   0   0   0   0   0   0   0   0   0   2   0   0   0   0   0   0   1   0   0  45   0   0   0   0  48
  40   0  42   0   0   0  25   0   0   0   0   0   0   0   0   0  37   0  14   0   0   0   0  27   0   0   0  37   0  50  21   0   0   0   0   0   0  39   0   0   0  47   0   0   9   0   0   0   0   0  27   0  27   0   0   5  11  32   0   0   0   0   0   0   0  18   0   0   0   0   0  50   0  12   0   7   0   0   0   0  47   0   0   0   7  15  28   0   0   0   0   0  41   4   0   0   0   0   0   9   0   2   0   0   2   0   0   0   0   0   0  34   0   0   0   0   0   0  15  16   0   0   1   0   0   0   0   0   0   0   0
   0  14   0   0   0   1   0  47  39  23   0   0   0   1   0   0  38   0   0   0   1   0   8   0  27   0   0   0   0  40   0   7   0   0   0   7  38   0   0   0   0   0   0   0   0  22   1   0   0   0   0   0  33   0   0   0   0  13   0   0  22   0  47   0   0   0   0   0   0   0   0   0   0  17   0   0   0   0   0   1   0   0   0  42   0   0   0  17   0   0   0   0  37  28  42  40   0  45   0   0  20  23   0   0  45   0  39   0   0   0   0   0   0   0   0   3   0   0  13   0  23   0   0  21   0   0   8   0   0   0
  30   0   0   0   0   0  32   0   0   0   0   0   0   0  14   0  36   0   0   2   0  47   0   0   0   0   0   0   0   8   0   0   0   0   0   0  46   0   0  21   0   0   0   0   0   0   0  35   0   0   0   0   0   0   0   0   0   0   5   0   0   0   0   0   0   0   0   0   0  18   0   1   0   8   0   0   6  42   0   0   0   0   0   0   0  33   0   0   0   0  20   0   0   0   0  16   0   0   0   0   0   0  26   0   0   0   0   0   0   0   0   0  22   0   0   0   0   0   0  16   0   0   0   0   0   0   0   0   0
   0   0   0   0   0   0   0   0   0   0   0   0   0   0   0   0   0   1   0   0   0   7   0  11   0  34   0   0   6   0   0   0  39   0  35  14   0   0   0  34   0   0   0   0  20  39  41   0   0  41   0   0   0   0  38   0   0   0   0   8  16   0   0   0  20  48  27   0   0   0  19   0   0   0  40   0   4   0   0   0   4   0  43   0   0   0   3   0   0   0   0   0   0   0   0  20   0   0   0   0  43   0   7   0  12   0   0  39  10   0   0  26   0   0  26   4   0   0   0  11   0   0  43   0   0   0   0   0
   0   0  43  21   0   0   0   0   0   0   0  20   0  34  30   0   0   0   0   0   0  32  47  15   0   0   0   0   0   0   0   1   0   0   0   0   0   0   0   0   0   0  37   0  50   0  13   0   0   0   0   0   0   0  44   0   0   0  29   0   0   0   0   0   0   0   0   0   0  31   0   0   0   0   0   0   0   0   0   0  12   0   0  11  11   0  43   0   0   0  11   0   0   0  22   0   0   0   0   0   3   0  47   0   0   0  19   0   0   0  11   0   0   0  12   0   0   0   1  18   0   0   0   0   0   0   0
   0   0   8   0   0   0   0  33  47   1   0   0  11   0   0  24   0   0   0   0   0  45   0  41   0   0   8   0   0   0  31   0   0  39  34   0   0   0   0   0   0   0  28   0  25   0   0   0   0   0   0  17  25   0   0   0  15   0   0   0   0   7   0   0   2   0   0   0   0   0   0   0   0  32  32   0   0   0   0   0   0   5   0   0  21  29   0   0  39   0   0   0   0   0   0   4  17   5  35   0   0   0   0   0   0   0   0   0   0  26   0   0   0  40   0   0   0  40   0   0   0  32   0   0   0  16
   0  49  30   0   0  48   0   3   0   0   0  37   0   0   0   0   0   0   0  30   0   0   0   0  16   1   0  13   0   0   0   0   0   0   0   0   9  23  31  47   0   0   0   0  23   0   0  16   0  26   0  19   0   0   7   0   0  35   0   0   0   0  29   0   0   0   0   0   0   0  34   0   0   0  34   0   0   0   0   0   0   0  41   0  19  25   0   0   0   3   0   0   0   0   0  15   0   0  47   0   0   0   0   0   0   0   0   4   0  36   0   0  40   0   0  33   3  29   0  33   0   0   0   0   0
   0   0   0   0  38   0   0  32   0   0   0   0   0   0   0   0   0   0  29   0   7   0  29  43   0   0   0  26   0  49   0   0   0   0   0   0  20   0  48  49  38   0   0   0   0   0   0   0   0   3   0  30   0   0   0   0   0   0   0   0   0   0   0   0   4   0   0  37   0   0   1  32   0   7   0  25  21   0   0   0  12   0   0   0  40   0   0   0   0  43   0   0   0   0   0   0   0   0   0   0   0   0   0   0   4   0   0  28   0   0   6   0   0   0  14  27   0   0  48   0  25   0   6   0
   0   0   0   0   0  37   0   0   0   0   0  41   1   0   0   0   0   0   0   0  17   0   0   0   0   0   0   6  11   0   0   0   4   0   0   0   1   0   0   1   0   0   0   0   0  47   0   0   0   0   2   0   0  47   0   0   0  39   1   0   0   0   0   0   0  24   0   0   0   0   0   0   0   0   1   0  42   0   0   0  14   0   0   2   0   0   0   0   9  26   0  14  40   0   0   0   0   0  25   0   0  44  27  22   0   1   0   0   0  47   0   0   0  30   0   0  32   0  31  31   0   4   0
   0   0   0   0   0   0   0   0   0   0   0   0   0  39   0   0   0   0   0   0   0  12  23  32   0   8  10   1   0  22   0  49   0   0   0   0   0   0   0   0   0   0   0   0   0   0   0  32   3   0   0   0   0   0  45   0   0   0  14   0  30   0   0   0   0   0   0   0   0   0   0   0  20   0   0   0   0   0  31  23   0  13  34   0   0   0  18  12   0   8  42   0   0   0  50   0   0   0   0   0   0   0   0   0   0   0   9   0  26   0  31   0   0   5  45  24   0   0   0   0  19   0
   0  17   0   0   0   0   0   0   0   0   0   0   0   0   0   0   0   0  38   0   0   0   0   0   0  48   0   0  20   0   0   0   0   0   4   0   0   0  36   0   0   0   0   0  11   0  48  40   0   0   0   0   0   1   0   4   0   0   0  39  37  32   0  50  31   8   0   0  21   0  23   0   0   0   0   0   0   0   0   0   0   0  19   0   0   0   0  41   0   0   0   0   0   0   1   0   0   0   0  38   0   0  33   0  36   0  42   0   0  11   0   0   0  37   0   0   0  49   0   0   0
   0   0   0   0   0  15   0   0   0   0   9   0   0   0   0   0   0   0   0   8  36  17   0   0   0   0   0  35  40   0   0   0   0   0   0  31   0  12   0   0   0   0   0   0  30   0   0   0   0   0   5  11   0  30   0   0  34   0   0   0   0   0   0  19   0  37   0   9   0   0   0   0   0  28   0   0   0  17   0   0   0   0   5   0   0   0   0   0   0   0   0   0  26   0  45   0  24   0   0   0   0   3  42   0   0   0   0   0  49   0  37   0   0   0   0   0   0   0  15   0
   0  16   0   0  15   0   0  35  49   0   0   0  16   0  17   0   0   0   0   0   0   0   0  19  37  47   0   5  16   0   7   0  22   0   0  44   0   0  16  22   0   0   0  28   0   0   0   0   0   0   0   0  41   0   0   0   0   0   0   0   0   0   0   0   0   0  50   0   0   0   0   0   0   0   0   0   0   0  32   0   0   0   0   0  36   0   0  16   0   0   0   0   0   4   0   6   0   0   0  49   0   0   0   0   0   0   0   0   0  22   0  10  47   0   1   0   0   0  31
   0   0  50   0   0   5   0   0   0   0   0   0   0   0   0   0  23  38   0   0   0  38   0   0   0   0   0   0   0   0   0   0   0  28   0   0  33  11   0   0   8   0  16   0   0   0   0   0   0   0   3   0   0   0  24   0   0   0  47  37   0  45  36   0   0   3   0   0   0   0   0   0   0   0  34   0   0   1   0   0  28  29  24   0   0   0   0   0   0   0   0   0   0   0   0   0   0   0   0  33   0  13  34   0   3   0   0  14   0   0   0  24   0   0  35   0  29   0
   0   5   0   0  43  39   0   0  34  32   0   0  28  10   0   0  20   0  23   0   0  35   0   0   0   5   0   0   0   0   0  29   0   0   0   0   0   0   0   0  37   0   0   0   0   0   0   0  21   0   0   0   0   0   0   0  22   0   0  43   0   0   0   0  13   0   0   0   0  10  10   0   0   0   0   0   0   0   0   0   0   0   0   0   0   0   0  50   0   8   0   0   0   0   0   0  36   0  35   0  36   0  16  21   0   0   0   0   0   0   0   0   0   0   0   0  10
   0  49   0   0   0   0   0   0   0   0   0   0   0   0  13   0   0   0   0  21   0   0  38  27   0   0   0   0   0   0   0   0   0  20   0   0   0   0   0   0   0   0   0   0  49   0   0   0   0   0   0   0   0  33  25   0   0   0   0   0   0   0   0   0   0   0   0   0   0   0   0   0   0   0   0   0   2   0  50   0   0  10   6   1   8   2   0   0   0   0  15   0   0   0   0   0   0  34   0   0   0   0   0   0   0  32   0   0  23   0   0   0   1   0  45   0
   0   0   0   0   0   0   0   0   0   0   0   0  30  36   0   0   0   0   0   0   0   0   0   0  49   0   0  16  22   0  39   0   2   0   6   0  23   0   0   0   0   0   0   0  19   0   0   0   0   0   0   0   0  32  15   0   1   0   0   2   9  27   0   0   0   0   0   4   0   0   0  12   0   0   0   0   0   0   0   0   0   0   0   0  10  48   4   0  32   0   0  46   0  50   0   0   0   0   0   0   0   0   0   0  36   0   0   0   0  46   0  43   0   0   0
   0   0   0   0  28   0  38   0   0   0  27   0   0   0  47  32  31   0   0  16   0   0   0   0  45   0   0   0   0   0   0  22   0  47   0   0  14   0  11   0   0   0   0   0  22   0   0   0   0   0   0   0   0  47  12   0   0  48   0  39   0   0   0  30  34   0   0  33   0  39   0   0   0   0   0   0   4   0  29   0   0  41   0   0  38   0   0  26   0   0   0   0  32   0   0   0   0   5   0   0  49   0   0   0   0   0   0   0   0   0   0   1   0   0
   0   0   0   0  12   0  25   0  13   0   0   0   0   0   0   0   0   0  32   0   0   0   0   0   0   0  48   0  24  19   0   0   0   0   0   0   9   0   0   0   0   0  15  37   0   0   0  47   8  32   0   0   0   0   0   0   0   0   0   0   0   0   0  29   0  28  30   5  40   0   0   0   0   0   0  42   0   0   0   0   0   0   0   0  19   0   0  11   0   8   0   0   0   0   0   0  22   0  42   0   4   0   0   0   0   0   0  50   0   0   0   0   0
  23   0   0   0   0   0  18   0  25   0   0   0   0   0   0   0  43   9  30  49   0   0   0   0   7   0   0   0   0   0  18   0   0   0   0  39  18   0   0   0   0  30   0   0   0   0  34   0   0   0   0   0   0   0   0   0  33   0  27   0   0   0   0   0   0  39  15   0   0   0  23   0   0  42   0   0   0   0  37   0   0   0   0   0   0   0   0   0  18   0  18   0   0   0   0   1   0   0   0   0   0   0   0   0  14   0   0  37  34   0  28  26
  19   0   0   0   0   0  39  40  32   0   0  45   0  34   0   0   0   0   0   0   0   0   0   0   0   0   0  22   0   0   0   0  25   0   0  45  33   0   0   0  19   0   0  46   0   0   0  46   0   0  34   0   0   0   0   0   0  30   0  24  29   0  17   0   0   4   0   0   0   0   0   0   0   6   0   0  37  35  38   0   0   0   0  48   0  46   0   0   0  13   0  19   0   0  14  40   0   0  14   0  17   0   0  27   0   0   0   0  40   0   0
   0  32   9   2  20   0  26   0  35  48   0   0  18  39   0   0   0   0   0  17   0   0   0   0   9   0   0   0   0   5   0   0   0  37  33   0   0   0   0   0   3  14   0   0   0   0   0   4   0   0   0   0   0  20  16   0   0   0   0   0  41  39  39   0  42   0   0   0   0  50   0  33  36   0   0   0  38  11  10   0  19   0   0   0  44  11   0   0   0   0   0  21   0   0   0   0   0  48  30   0   0   0   0   0   0   0   0  38  10  27
   0   0  10  41  37   0   0   0   0   0   0   0   0  29   0  46   0  19  47   0  40   0   1  10   0   0   0   9   0   0  14  26   0  41  50  48   0   0  11   0  28   0   0   0  50  33   0  38   0   0   0   0   0   0  24   8  49   0   0  30   0   0   0   0   0  26   0   0   0   9  43   0   0   0   0  12   0   0   0   0   0   0  47   0   0   0   0  11   0   0  32   0   0   0   0   0   0  36   0   0   0   0   0   0   0   0   0  25  38
   0  48   0  38   0   0   0   0   0   0  20  35   0   0   0   0  48   0   0  16   0  34   0   0   0   0  32  23   0  26   0  38   0   0   0   0   0  11   0   0  40   0   0   0  22   0   0   0   0   0   0   0  23   0   0   0   0   0  25   0   0   0   0   5   0   0  14   0   0   0   0   0   0   0  43   0   0   0   0   0  27  45   0   0  39   0   0   4  35   0   0  47   0   0  14  43   0   0   0   0   0   0   0   0   0   8   0   0
   0   0   0   0  36   0   0   0   0   0   0   0   0   0   0   0  40  40  21   0   3   0   0  14  14   0   0   2  34   0   0  13   0  22   0   0   0   0  44   0  36   0   0   7   0  15   0  40   0  45   4   0   0   0   0   0  43   0   0   0  26   0  27   0   0  18  24   0   0   0   0   0   0   0  41   0   8   0   0   0   0  24   0   0   0   0   0   0   0   0   0   0   0   3   0  12   0   0   0   0  15   0   0  10   0  41   0
   0   0   0   1   0   0   0   0   0   0   7   0  33   0   0   0   0   0  37   0   0   0  37   0   0   0   0   0   0   8   0   0  47   5   0   0  29  42   0   0  24   0   0  26   0   4   0   0   0   0   0   0   0   0  33   0   0  29   0   0   0  46  46   0  44   0   0   0   0   0   5   0  45   0   0   0   0  33   0   0   0   0   0   0   0   0   0  10   0  26   0   0   1   0   0   0   1   0  12   0   0  25   0   0   0   0
   0   0   0   0   0   0   0   0   0   0   0   0  14   0   9   0   0  46  27   0   0   0   0   0   0  10   0   0   0  48   2   0   0   0  36   0   0   0   0   0   0   0   0   0   0   0   0  10   0   0   0   0   0   0  45   0   0  21   0   0   0   0   0   0   0   0   0   0   0   0  25   0   0   0   0  37   0   0  39   0   0   0   0   0   0   0   0   0   7   0   0   0  39   0   0   0  24   7   0   0   0   0   0   0  44
   0   0   0  19   0   0   0   0   0   0   0   0  13  26   0  16   0   0   3  45   0  13   0  15   0   0   0   0   0   0   0   0   0   0   0   0  41   0   0   0  48   0   0   0   0  13  39   0   2   0   0  30   0   0   0   0   0   0  39   0  34   0   0  31   0   0   0   0   0   0   0  25   0   0  43   0   0   0   6  27   7   0  17   0   0  16  30   0   0  29  10   0   0   3  44   0   0   0   0  25   0   0  19   0
   0   0  42   9   0   0   0   9   0   9   0  30   0   0   0  19   0  22   0   0  21   0   0   0  10  39   0   0   0   0   0   0   4   0   0   0   0   0   0   0  48   0   2   0   0   0   0   0   0   0   0   0   0   0   0  24   0  38   0   0  48   0   0   0   0   0   0   0   0   0   0   0  10   0   0   3  48   0   0   0   0  25   0   0   0   0  17   0   0   0   0   0   0   0   0  11   0   0  12   0   0   0   0
   0   1  17   0   0  28  36   0   0   0   0   0  36   6  35   0   0   1   0   0   0   0   0   0   0   0  32   0   0  21   0   0   0   0  22  48   0   0   0   0   0   0   0   0   0   0   0   0  13   0   0   0   0   0   0  23   0   0   0  24   0   0   0   0   0  37  50   0  32   0   0  16   0   0   0   0  35   0   0   0   0  36   0  36   0   0   0   0   0  31   0   0   0  35   0  36   0   0   0   0   0   0
   0  48   0   0   0   0   0   0   0   7  35   0   0  48   0   0   4   0   0  26   1   0   0   5   0   0   0   0   0   0   0  31   0   0   0   0   0   6   0  24   0   0   0   0   0   6  30   0   0   0   0   0   0   0   0   0   0   0   0   0   0   0   0  46   0   0   0   0   0   6   0   0   4   9   0   0   0   0   0   0   0   0   0   0   0   0  33   0   0   0   0   0   0   0  43   0   0  47   0   0   0
   0   0   0   0   0   0   0   0   0  42  36   1   0   0   0   0   0   0   0   0   0   0  25   0   0   0  31  27   0   0   0   1   0   0   0   0   0   0   0   0   0   0   0   0   0   0   0  48  47  19   0  35   0  18   0   0  41   0   0   0   0   0   0   0   0   0   0   0   0   0   0  39   0   0   0   0   0  41   0   0   0  25  46   0   0   0   0   0  35   0  37   0   0   0  25  21   0   0   0   0
   0   0   0   0   0  34  12   0   0   0   0   0  25   0  12   0  45  49   5   0   0   0   0   0   0   0   3  19   0   0   0   0   0   0  22   0   0   0   9   0  17   0   0   0   0   0   5   0   0   0   0  45   0   0  26   0  12   0   4   0   0  28   0   0   0   0  17   0   6   9   0   0   0   0   0   0   0   0   0   0   0   0  45   0  38  47   0   0   0   0   0  12   0   0   7   0   0   0   0
   0  25   0   0   9   0   0   0  36   0   0   0   0   0   0   0   0   0   0  24  30   0   0   0   0   0  14   0   0   0   0   0  10   8   0  14   0   9   0   0   0   0   0  21   6   0   0   0   0   0  15   0   0   0   0   0   0   0   0   0   0   0   0   0   0   0   5  41  18   0   0   0   0   0   0   0   6   0   0   0   0  18   0   0   0   0   0  23   0   0   0   0   0   0   0   0   0  12
   0   0   0   5   0   0   0   0   0   0   0   0   0   0   0   0   0   0   0  31   3   0  43   0   0   0   0   0   0   0   0   0  50   0   0   0   0   0  32   0   0   0   0   0  22   0   0  29   0   0   0   0   0  38  20   8   0   0   0   0   0   0   0   0  32   0   4   0   0   0   0   0   0   0   0   0   0   0   0   0  10   0  48   0  44  10   0  17   0  41  11   0   0  13   0   0   0
   0   0   0   0   0   0  50   0   0   6   0  19   0  20   0   0   0   9  33  40   0   0   0   0  17   0   0   0  20   2  20  35   5   9   0   0   0   0   0   0  14   0   5  18   0   0  38  11   0  20   0   0  50   0   0  37   0   0   0   0   0   0  35  18   6   0   0  31   0   0   0   0   0   0   0   0   0   0   0   0   0  19   0  45   0   0   0  13  25   0  26  24   0   0   0   5
   0   0  14   0   0   0   0  36   0  45  18   0   0   0   0  45   0  18   0   6   0   0   0   0   0   0   0   0   0  24   0   0  26   1   0   0  45   0   1   0   0   0   0   0   0   0   0   0   0   0   1   0   0  29   0   0  15   0   0   0   0   0   5   1   0   0   0  39  45   0   0   0   0  43   0  20  49   0   0   0   0   0   0   0   0   0   0   0   0   0   0   0   0   0   0
   0   0   0   0  47   0   0   9   0  28  38   0   0   0   0   0   0   0  46   0  24   0   0   0  31   0   0   0   0   0   3   0   0   0   0   0   0  39   0   8   0  20   0   0   0   0   0   0   0  25   0  12  35  44   0   0  12   0   0  34  38   0   0   0   0   0  26  23   0   0   0  20   0  23   0   0   0   0   0   0   0   0  44   0   0   0   0   0   0   0   0   0   0   0
   0   0   0   0  30   0  24   0   0   0  11   0   0   0   0   0  29   0   0   0  34  48   0   0   0   0   0   0   0   0   0  11   0   0   0   0  22  45   0   0   0   0   0   0   0  18   0   0   0  41   0  28   0  35  38   0   0   0  13  30   0   2   0   0  13   0   0   0   0   7   0   0   6   0   0   0   0   0   6   0   0  30   0  44   4   0  33   0   0  21  41   0   0
  49   0  12   0   0   5   0  47   0   0   0   0   0   0   0   0   0   0   0   1   0   0   0   0  32   0   0   0   0   0   0   4   0   0   0   0   0   0   0   0  33   0   8   0   0   0   0   0   0   0   0  39   0   0   0  32   0   0   0   0   0   1  39   3  50  13  18   0  42  10   0  14   0   0  18  22   0   0  10   0   0   0   0   0   0   0   0   0   0   0   0   0
   0   3   0   0   0   0   0   0   0   0   0   7   0   0  29   0   0   0   0   0   0  48   0   0   0   0   0  24   0   0  28   0   1   0  16   0   0  37   0   0  11  38   7  47   0   0   0   0  12   0   0  15   0  47   0   0   0   0   0   0   0   0   0   0   0   0  35   5   0   0   0  19   0  49   0   0   0  43   5   0   0   0   0   0   0   0   0   0   0   0   0
   0   0   0   0   0   0   0   0   0   0   0   0  28   0   0  19   0  10  33  23  28   0   0   0   0   0   0   0   0  36   0   6   0   0   0  14   0   0   0   0   0   0   0   0   0  44   0   0   0   0   0   0   0   0   0   0  50   0   0   0   0   0   0   0   0   0   0   0   0   0  27   0   0   0  46   0  22   0   0   0   0   0   0   0   0   0  22   0   0   0
   0   0  16   0   0   0   0   0  26   0   0   0   0  34  41   0   0   0  31   0  43   0  40  47   0   0   0  14   0   0  30  34  30   0  32  26   0  47  11  33  43   0   0  17   0   0   0  46   0   0   0  33   0   0   0   0   0   0   0   0   0  41   0  13   0  20   0  18  29   0  43   0   0   0   0   0  15   0   0   0   3  48   0   0   0   0   0   0   0
   0   0   0   0  47   0  16   0   0   0  42   0   0   0   0  18  42   0  17  39   0   0   0   0   0   0   0   0   0   0   0   0   0   0  47   0   0   0   8  49   0   0  39   0   0  26   0  10  19   0  23   0   0   8   0   0   0   0  20   0   0   0   0   0  46   0   0   0  35   0   0   0   0   0  22   0  37  28  14   0   0  32   3   0   0   0  27   0
  38   0   0  13   0   1  25   0   0   0   0   0   0  48   0   0   0   0   0  28   5   0   0  20   0   6   0   0   0   0  24   0   0   0   0  44   0   0   0   0   0   0   0   0   0   0   0   0   0   0  39   0   0   0   0  17   0  20   0   0   0   0   0   6   0   0   0   0   0   0  36   0   0  14   0   0  30   0   0   0   0   0   0   0   0   0   0
   0   0   0  10  45   0  29   0   0   0   5   0   0   0   0   0   0  17   0   0   0  35   0   0   0   0   0   0   0   0   0   0   0   0  30   0  48   0  38   0   0   0   0   0   0   0   0   0   0   0   0  11   0   0  18   0  45   0   0   0   0   0   0   0   0   0   0  21  15   0   0   0   0   0   0   0   0   0   3   9   0   0   0   0   0   0
   0   9   0   0   0   0   0   1   0   0  36  41  19   0   0   0   0  20   6   0  37   0  24  23   0   0   0   0  34   0  10   0   0  31  16   0   0   0   0   0   0  15   3   0   0   6  24   0  39   0   0  11   0   0  41  38   0   0   0   0   0  41   0   0   0   0   0   0   0   0   0   0  29   0   0   0   0   0   0   0   0   0  27  27  36
   0   0   9   0   0   0   0   0   0   0  16   0   0   0  15   0   0   0  47   0   0  15   0   0   0  21  26   0   3   0  45   0   0   0   0   0   0   0   0   0   0   0   0   0   0   0   0   0   0   0   9  25   0   0  49  12   0  15   0  33   0  37   0   0   0   0   0   0   0  44   0   0   0   0   0   0  48   0   0   0   0   0   0   7
  23  24   0  11   0   9   0  26   0   0  23   1  49  23  24   7   0   0   0   0   6   0   0  42   0   0   0   3  42   6   0   0   0   0  29  23   0  13   0   0  24   0   0   0   0   5   0   0   8   0  42   0   0  35  38   0  32  12   0   0   0  10   0   0   0   0   0   0   0   0  38   4   0  20   0   0   0  37  44  26   0   0   0
  38   0   0   0   0   0   0   0  38  12   0   0   0   0   0   0  12   0   0   0   0  19   0  25   0   0   0   0   0   0   0   0  11   0   0  47   0   0  30   0   0  41   0   0   0   0   0   0   0   0   0   0   0   0  29   0   0  32   0   0   0   0   0   0   0  11   0   0   0   0   0   0   0   0  14   0   0   0   0   0   0   5
   0   0   0  38  20   0   0   0   0   0   2   0   2   0   0   0   0  47   0   0   0   0   0   0   0   0  45   0   0   0   0  15   0   8  39   0   0   0   0   0   0   0  38  10   0   0   0  42   0  39   0  10  48   0  17   0  45  19   0   0   0  21   0   1  36   0  10   0   0   0  33   0   0   0   0  12   0   0   0   0  27
   7   0   0  18   0  33   0  47   0   0   0  18   0   0   3   0  49  45   0   0   0   0   0  49   0   0   0   0  32   0   0   0   0   0   0   0   0   0   0  41   0   0   0  39   0   0   0  22  19  23   0   0   0  47   0   0   0   0   0   0   0   0   3   0   0   0   0   0   5  13  41   0   0   0   0  35   0   0   0  16
   0   0   0  47   2  12   0  40  43   0   0   0   0   0  35   0   0  37   0  31   0   0   0   0   0  38  26   0  27   0   0  24   0   0   0   2   0   0  10   0   0   0   0   0   0   0   0   0   0  11  12   0   0  46   0   0   0   6   0   0   0   0   0   0   0  39   4   0   0  13   0  26   0   0   0   0   0   9  43
   0   0   0   0   0   0   0   0   0   0   5   0   0  40  47  32   0   0   0   0   0   0   0   0   0   0   0   7   0   0   0  45  23   0  32   0   0   0   0   0  11  25   0   0   0   0   0   0   0   0   6   0   0  12  26   0   0  48   0   1   0  27   0   8   0   0  21   0   0   0   0   0   0   0  29   0  18   0
   0   0  20   0  11   0   0  15   0  42   1  27   0   0   0   0   0  23   0   0   0  21   0   8  44   0   0   0  38  31   0   0   0   0  47   0   0  30   0   0   0  42   0   0   0   0   0   0   0   0   0   0   0   0  29   0   0   0   0   0   0   0   0   0   0  47   0   0   0   7   0   0   0   0   3   0   0
   0   0   0  12   0  12   0   0   0  10   0   0   0   0  15   0   0   0   0   0  20   0   0   0   0   0   0   0   0   0   0   0   0  18   0  16   0  41  43  21  16   0   0   0  11   0   0  42   0   0   0   0  10   0   0   0   0   0   0   0   0  37   0   0   6   0   0  49   0  30   0   0   0   0   0   0
   0   0   0  33  38   0   0   0  50   0   0   0   7   3   0   0  14   0   0   0   0   0   0   0   0  30   0   0   0   0  36   0   0   0   0  36   0   0  39   0   0   0   0   0   0   0  25   0   0   0   0   6   2   0   0   0  14   0   0   0   1   0   0   0   0  15   0   7   0  41   0   0   0   0   0
   0   0   0  13   0   0   0  15   0  45   0   0   0   0   0   0   0   0   0   0  38   0   0   0  15   0   0   0   0   5   0   0   4   0   0   0   0   0  18   0   0   0   0   0  36   0   0   0   0  22   0   0   0  19   0  37   0   0   0   0  18   0  21   0   0   0   0   0   0  23   0   0   0   0
  19   0   5  35   0  35  40   0   0   0   0   0   0   0   0   0   0   0   0   0   0  50   0  21   0   0   0   0   0  45  20  50   0   0   0   0   0   0   0   0   0   0   0   0   0   0   0   0   0   0   0   0   7   0  12  42   0   0   0   0   0   0   0   0   0  19   0   0   0  37   0   0   0
   0  35  20   0   0   0   0   0   0   0   0  27  30   0   0   0   0   0   0   0   0   0   0   0   0   0   0   0   4   0   0   0   0   0   0   2  49   0   0   0  44  38   0   0  43   0   0  18   0   0   0   0   0   3   0   0   0  30   0   0   8  50   0  25   0   0   0   0   0  46  39   0
  39   0   0  30   0   0   0   0   0   0   0  47   0   0   0   0   0  35  45   0   0   0   0   0   0   0   0   0   6  46   0  29  27   0   0   0   3  22   0  43   0   0   0   0   0   0   0   0   0   0   0   0   0   0   3  30   0   0   0   0   0  46   0   0  18   0  21   0   8  34  35
   0   0   0  22   0   0   0   0   0  21   0   0   0  47   0  36   0   0   0   0   0   0  37   0   0  10   0  15   1  32   0   0   0   0   0   0   0   2   0   0  15   0   0   0   0   0   0   0  27  29   0   0  14   0   0   0   0   3   5   0   0   0  27   0   0   0   0   7   5   0
   0   0   0   0   0   0  32   0  35  31   0   0  20  27   0   0   0   2   0  43  48   0   0   0  31  48   0   2   0   0   5  36   0   0   0  30  47   0   0   0   0   0   0  11   0   1  30   3   0   0   0   0   0   0   0   0   0   0   0   0   0   0   0   0  43   0   0   0   0
   5   0   0   0   0   0   0  49   0   0  17   0   0   0   0   0   0   0  34  34   0  30   0   0   0   0  15   0  20   0   0   0   0   0   0   0   0   0   0  30   8   0   1   0   0   0   0   0   0   0   0  48   0   0   0  36   0   0   0   0   0   0   0   4   3   0   0   0
   0  34  43  16   0  21  43  43   0   0   0  15   0   0   0   0   0  47   0   0   0   0   0   0   0   0   0   0   0   0   0   0  13  39   0   0   0   0   0   0   0   0   0   3  33   0   0   0   0   0   0   0   0   0   6   6   0  18   0  39   0   0   0   0   0   9  23
  28  15   0   0   0   0  45   0   0   0   0   0   0   0   0   0   0   0   0   0   0   0   0   0   8   0   0   0   0  18   0   0  26   0  31   0   0  40   0   0   0   0  14   0   0  30   0   0   0  45   0   0   0   0  39   0  37   0  48   0  21   0   0   0   0  11
  10   0   0   0   0   0  18   0  47   0  22   0  17   0   0   0   0   0   0   0   0   0   0   0   0   0   0   0  10   0   0   0  16   0   0   0   8   0  28   0   0   0   0   0   0   0   0   0  39   0   0   0   0   0  23   0   0   0   0   0  42   0  38   0   0
  49   0  14   0   0   0  28   0   0   0   0  23   0   0   0  14   0  14   0   0  16   0   0  18   0   0  19   0   0   0   0   0  14   0   0   0   0   0  50   1  40   0  11   0   0   5   0   9   0  13   0   0   4   0   0   0   0   0   0   0   4   0   0   0
  49  10   0   0   0   0  16   0   0  50   0  47   0   0  35  27   0  47   0   0  19   0   0   0  25   0   0   0   0   0   2   0   0   0  41   0  45   0   0   0   0   3   0   0   0   0   0   0   0   0  38   9   0   0   0   0   0   0   0   0   0   0   0
   0  42   0   0   0   0  23  24   9   0  28   0   0  44   0   0   0   0   0   0   0  39   0   0   0   0   0   0   0   0   0   0   0   0  12   0   0   0  38   0   0  22   0   0   0   0   0   0   0  31   9   0  33   0  34  12   0   0   0  25   0   0
   0  42   0   0  21   0   0   0   0   0  45   0   0   0   0   0   0   0  21   0   0   0   0  25  10  37   0  42   0   0  43   0   0   0   0   0   0  20  41   0   0   0  10   0  36   0   0   0   0  34  19   0   0   0   0   7   0   0  26   0  30
   0  27  13   0   0   0  42   0   0  23   0  27   0   0   0   0   0   0   0   0  39   0   0   0   0   0   0  43   0   0   0   0   0  29  10   0   0   0   0   0   0   0   5  32  45   0   0   0   0   0   0   0   0   0   0   0   0   0   0   0
   0   0  23   0   0   0   0   0   0   0   0   0  24   0   0   5   0   0   0  44   0   0   0   0  16   0   0   0   0   0   3   0   0   0   0  40   0   0   0   0   0   0  44   0   0   0   0   0   0   9   0   0   0   0  47   0   0  43   0
   0   0   0   0   0   0   0   0   0   0   0   0  22   1   0   0   0   5   0   0   0   0   0   0  33  40   0  45  16   0   0   0   0   0   0   0   0   0   0   0  32   0   0   0   0   0   0   0   0   6   0   0  26   0   0   9   0   0
   0   0   0   0   0   0   0   0   0  46   0  42   0   5   0   0   0   0  35  32   0   0   0   0   0   0   0  21  44   0   0  18   0  19   0   0   0  30   0   0   0   0   0   0   0   0   0   0   0   0   0   0   0   0   0   0  25
   0   0   0   0  23   0   0   0   1   0   0   0  25  19   0   0   0  31   0   0  10   0   0  45  23   0   0   0  46   0   0   0   0  47   0  11  23   0   0   0   0   0   0   0   0   0   0   0   0   0   0   0  19  36   0   5
   0   0   0   0   0   0   0  49   0   0   0   8   0   0   0   0   0   0   0  21   0   0   0   0   0  35  31   0   0   0  30   0   0  36   0   0   0   5  50   0  46   0  46   0   0  20   0  21   0   0   0  30  17  28  49
   0   0   0  49   0   0  33   0   0   0  32   0   6   0   0   0   7   0   0   0   0   0   0   0   0   0  34   0   0  25   0   0  20   0   0   0   0  45   0   0   0  36   0   0   0   0   0   0   0  17  27  46   0   0
   4   0   0   0   0   0   0   0   0   0   0   0   0   0  47   0   0   0   2   0  38   0   0  26   0   0   0   0   0   0  25   0   5   0  48   0  48  29   0  33  25   0   0   0   0   3  41   0   0   0   0   0   0
  20  40  48   0   0  34   0   0   0   0   0   0   0  18   0   0   0   0   0   0   0   0   0   1   0   8   0  37  50   0   0   0   0   0  31   0   0   0   0   0  50   0   0   0   0   0   0   0   0   0   0   0
   0  48   0   0   0   0   0  24   0   0  32   0   0   0   0   0   0   0   0   0   0  23   0   0   0   0   0   0   0  28   0  38  30   0   0   0   0   0  50   0   0  33   3  30   0  29   0  49   0   0   0
   0  40   0   0  33   0   0   0  12   0   0   0   0   0   0   0  24   0   0   0   0  10   0   0   0   0   6   0   0   0   0   0  49   0   0   0  11   0   0   0   0   0   0   0   0   9   0   0   0  10
   0   0   0   0  49   0   0   0   0   0   9  39   0   0   0   0  40   0   0   0   0  46  26  40   0   2   0  46   0   0   0   0  14   0   0  29   0   0   0   0   0   0   0  42   0  41   0  24   0
   0   0  45   0  37   0   0   0   0   0   0   0   0   0   0  34   0  32   0  16   0   0   0   0   0   0  38   0   0   4   0  11   0   2  21   0   0   0   0   0  37   0   0   0   0  39  28   2
   0  35  31   0   0  28   0   0   0   0   0   0   0   0   9   0   0   0   0   0  25   0   5   0   0   0   1  28   0  31   0  30  11  34   0   0   0  47  12   0   0   7   0   0   0   0   0
   0   0   0  28   0  38   0   0   5   0   0   0  17  28   0  24  34  49   0   0   0   0   0   0   0   0   0   0   0   5   6  39   4   0   0   0  13   0   8   0   0   0   0   0   0  15
   0  20   0   0   0   0   0  14   0   0   0   0   0   0   0   0   0   0  46   0  47   0   0   0   0  46  38   0   0   0   0   0   0   0   0   0  18   0   0   0  49   0   0   0   0
  18  43   0   0   0  20  32   0   0   0   0   0   0   0  22   0   0  38  16   0   0   0   6   0   0   0   0   0   0  39  47   0   0   0   0   0   0   0   0   0   0  36   0   0
   0   0   0   0   0   0  27   0   7  16   0   0   0   6  43   0   0   8   0   0   0   0   0   0  27   0   0   0   0   0   0   0   0   3   0   0   0   0  49   0   0   0   0
   0   0   0   0  36   0   0   0  20   0   0  28   0   0   0   0   0   0   0  25   0   0   0  33   0   0   0   0   0   0  27   0   0   0  44   0  14   0   0   0   0   0
   0  47   0   0   3   0   0  35   2   0   0   0   0   0   0   0   0   0   0  22   0   0   1   0   0  38   0   0  14  42   0   0   0   0   0   0   0   2  30   0   2
   0   0   0  18   0   0   0   0   8   0   0   0   0   0   0  25  25   0   0   5  43   0   0   0  41   7   0   0  34   0   0   0   0   2   9  19   0   0   0   0
   0   0   0   0   0  33  16   1  21  12   0  43  35   0   0   0   0  42  43   0  24   5  33   0   0   0  30   0   0   0   0   0  10   0   0   0   0   0  33
  50   0   7  15   0  50  28   0   0  32   2  36   0   0   0   0   0   0  43   0  40   0  48   0  38   0  50   0   0  50   0   0   7   0   0   0   0  29
   5   0   0  32   0   0   0  16  12  17   0   0   0   0   0   0  14   0  21  28   0   0   0   0   0   0   0   0   0   0   0   0   0   0   0   0   0
   0   0   0   0   0   0   0   0   3   0   0   0  36   0   0   0   0   0  17   0  16   0   0   0  37   0   0  50  10  36   0   0   0  19   0   0
   0   0   0  47   3   0   0   0   0   0   0  11   0   0   0   0   0   0   7   0   0   0   0   0   0   0  45   0   0   0   0   0   0  24   0
   0  25  33   0   0   0   9   0   0   0   0   0   0  40   0  10   0   0   0   0   0   0   0   0   0   0   0   0   3  35  50   0  40   0
   0  44   0   0   0   0  35   0   6   0   0   0   0   0  50   8   8  36   0   0   0   0  46   0   0   0   0  13   0   0   0   0   5
   0   0   0   6   0   0  38  41   0   0   0  18  33   0   0   0   0   0   0  25   0   0   0   0   1   0   0   0  20   0  28  38
   0   0   0   0   0   0   0   4  50  17   7  23   0  28   0  22   0   0   0   0  12  43   0  32   0  28   0   0   0   0   0
   0   0   0  31  34   0   0   0   0  30   0   4  40   0  45   0   0  34   0   0   0   1   0   0   0   5   0   6   0   0
   0  40   7   0   0   0   0   0   0   0   0   0   0   0  22   1   0   3   0   0   0   0  32   0   0  39   0   0   0
   0   0   0   0  26   0   0   0   0   0   0  17   0   0   4   0  17   0  26   0  16   0   0  15   0   0   0   0
   0   1   0   0   0   0   0  42   0   0   0   0   0  25   0   0   0   0   0   0   0   0   0   0   0  14   0
  48   0   0   0   0   0   0   0   1  11  38  46   0  15   0   0   0   0   0   0   0   0   0   0   0  46
   0   0   0   0  19  29   1   0   0  21   0   0   0   0   0   0   0   0  20   0   0   0   0  25   0
  23  23   0   0   0   0  44   0   0  20   0  23   0  47   0   0  16  20   0  13   0  30  11   0
   0   0   6   0   0   0  24   9   0   0   0   0   0   0   0   0   0  36   0   0  15   5   0
   0   7   0   0   0   0   0   0   0   0  29   0   0   0   0  13   0   0   0   0   0  12
   0   0   0   0   0   0   0   0   0  49  47   0  20   0   0  15   0   0  11  44   0
   0   0   0   0   0   8   0   0  19   0   0   0  23   0   0   0   0   0  41   0
   3   0   0   5   0   0  33   0   0   0   0   8  44   0   0   0  11   0   0
   0  31  35   0   0  28   0   0  49  49  28   0   0   0   0  12   0  26
  22  46   0   0   0   8  12   0   0  15   0   0  46   0   0   0   0
   0   0   0   0   0   0   0   0   0   0  17  23   0  43   0   0
  32  46   0   0   0   0   0   0  40   0   0   0   0  14   0
   9   7  18   0   0   7   0   0   0   0   3   2   0  16
   0   0   8  31   0   0   0   0   0   0   0   0  48
   0   0   0   0   0   0   0   0   0   0   0   0
   0   0   0   0  31   0   8   0   0   0  12
   0   0  49   0  34   0  23   0   0  31
   0   0   0  18   0   0  20   0   0
   0   0   0   0   0  19  31   0
   0   0   2  31   0   0   0
   0   8  27   0   0  20
   0  40   0   0   0
   0   0   0   0
  40   0   0
   0   0
   0

 1232
  14   3  25  20   9  16   6  10  25   9  24  24   1  19   7  24  11  20  20   5  20  11  17   1   2   2  15  24   7  19  17  23  19  12  21  17  18  12   3   6  14   3  16   1   2  23  25  11   1   4  22  12  20  20  11  14   5   9  22  20  17  12  13   2  24  22   1  14  19  19  24  13  22  14  17  24   9  20   5   8  16  18  23  13  14  11  11   7   1  10   8   4   5  19   7   7   7  13  17  20  12  14   1  25  19  10  10   2  21   4  19  15  24   9  20  12  17   7   9  25  12  10   6   8  24  25  13  14  18   4   5  12  16   3   1   8   1  12   9   6  20  14  23  22  18   1  11  23  12  11   7   3  13  18  11  12   1   8   3   5

