 160 
   0   0   0   0   0   0  25   0   0   0   0   0   0   0   0   0   0  17   0  40   0  21   0   0   0   0   7   0   0  48   0   0  40   2   0   4   0   0   0   0   0  38   0   0   0   0   2   0   0   0   0  26  35  10   0   0   0   0   0   0   0   0   0   0   0   0   0  20   0   0   0  16  27  12   0  44   1   0   0  10   0  16   0   0  15   0   0  29   0   0  49  36  19   0  50   0   0   0   0   5   0   0  26   0   0  40   0   0  46   1  50   0   0  27  17  10   0  15   0   0   0   0  27   9   0   0   0   0   0   0   0   0   0   0   0   0   0   0   0   0   0   0   0   0   0   1   0   0  35   0   0   0   0  36   0   0   0   0   0   0
   0   0   0   0  21  33   0   0   0  46   0   0   0   0   0   0   0  47  11   0  31  30  50   0   0   0   0   0   0   0  27   0   0   0   0   0   0   0   0   0   0   0   0   0   0   0   0   0   0  15   0   0   0  18   0   0   0   0   0   0   0   0   0  38   0   0   0   0   0   0   0  45  46   0   0   0   0   0   0  31   0   0  16   0   0  14   0   0   0   0   0   0  20   0   0   4   0  21   0   0  34   0   0   0  13   8  24   0   0   0   0   0   0   0   0   0   0   0   0   0   0  45   9   0   0   0  25  12   0   0   0   0  27   0   0   0   0   0   0   0  36   1   0  35   0   0   0   0   0   0   0   0  24   0   0   0   0   0   0
   0   0   0   0  30   0   0   0   0   0   0  44   0   0   0   0  45   0  13   0   0   0  16   0   0   0   0   0   0  27   0   0  46  22   0   0   7   0   0   0   0   0   0   0   5  25   0   0   0   0   0   0   0  25   0   0   0   0   0  41  23  36   0   0  15   0   0  36  49  29   0   0   0   0   0   0   9   7  50   0   0   0   0  27   0   0  41   0   1  41  35   0   0   0   0   0   0  38   0   0   0   0   0   0   0   0   7   0   0   0   0   0   0   0   0  27   0  36  13  10  16   0   0   0   0   0   0   7   2   0  42   0   0  24  44   4   0   0  11   0   0   0  19   0   0   2   0   0   0   0   0   0   0   0   0   0   0   3
  45   0   0   0   0   0   0   0   0   0   0   0   0  31   0   0  24  25   0   0   0  36  34   0   0   0   0  36  12   0   0   0   0   0   0   0   0   0  49   0   0   0   0   0   0   0  33   0   0  28   0   0   8  50   0   0   3   0   0   0  15   7   0   1   0   0   5   0   0   0  28   0   0  20   0  33   0   0   0   6   0   0   0  30   0   0   0   0   0   0   0   0   0   0   0   0   0   0   0   0   0   0   0   0   0  23   0   2   1   0   0   0   0  45   0   0   0   0   0  30   0   0   0   0  35  32   0   0   0  10   0   0   0   0   0  29  21   0   0   0   0   0   0   4   0   0   0  47  50   0   0   0   0  33   0   0   0
   0  38   0  29   0   0  27   0   0   0   0   0   0  22  31   0  48   0   0   0   0   0   0  49   0   0   0   0   0   0   2   0   0   0   0   0  41   0   0   0   0  19   0   0   0   0   0   0   0   0  38   0  47   0   0   0   0   0  21   0   0   0   0   0   0   0  42   0   0   0  47   0  48   0   0   0  32   0   0   0   0   2   0   0   0   0   0   0  18   0   5   0   0  48   0   0   0  36   0  32   0  24   0   0   0  39   0  20   0  15   0  33  17   0   0   0  35   0  10   0   0  18  36  41   0   0   0   0  11   0   0  42   0  35   0   0   0   0  10   0   0   0   3   0   7  50   0   0   0   0   0   0   0   5   0   0
  27   0  13   0   0  44   0   0  25   6   0   0  23  32   0   1   0   0  26   0  39   0   0   0   7   6  47   0   0   0   0   0   0   0   0   0  35   0   0   0   0   0   0   0   0   0  22   0   8   0   0   0   0   0   0   0   0   0   2   0   0   0   0   0   0   0   0   0   0  28  27   0   0   0   0   0   0   0  33   0   8   7   0   0   0   0   0   0   0   0   0   0   0  17   0  15   0   0   0   0   0  35   0   0   0  42  43  43  27   5   0   0  47   0  30   0   0   0   0   0   0   0   0  24  42  28   0  14   0  22   0   0   0   0   0   0  36   0   0   4   0   0   0   0   9   0   9  28  16   0   0   0   8  14   0
   0   0   0   0  12   0   0   0   0  34   0   0   0  48   0  47   8   0  35   0   0   0   0   0   0   0   0   0   0   0   0   4   0   0  20   0  11   0  38   0   0   0   0   0   0   0   0  45   0   0  16   0   0   0   0   0  34   0   0  10   0   0   0  26   0   0   0   0  29   0   0   0   0  15   0  26   0   0  50  29   0   0   0   0   0   0   0   0  15   0   0   0   0  15   0   3   0   0   0   0   0   0   0   2   0   0  48   3   0   0   0   0   0  16   0   0   0   0   0  48   0   0   0   0   0   0   0   0   0  12   0   0   0   0   0   0   0   0  36   0   0   0   0   0   0   0  21  15   0   0   0   0   0   0
   0   0   0  20   0   0   0  36   0  27  33   0   0   0  24  21  42  41   0   0   0  50  37   0   0  29   0   0   0  37   0   0   0   0   0   0   0  31   0  43   0   4   0   0   0   0   0   0  30   0   0   0   0   0   0   0   0   0   3   0   0   0   0   0   0   0   0   0   0   0   0   0   0   0   0   0   0   0   0   0   0   8   0   0  10   0   0  21   0  20   0  48   0   0   0   0  19   0   0  46  45  29   0  42   0   0  29   0   0   0   0   0  40   0   0   0   0  27  31   0  24   0   0   0  30   0  47   0   0  19   0   0   0   0   0  49   0   8   0   0   9   0  25   0  24   0   0   0   0   0   0  16   0
   0  29  23   0   0   0   0   0   0  46   0  15   0   0   0   0   0   0   0  25   0   0   0   0   0   0   0   0  20   0   0   0   0  44   0   0   0   0   0   0   0   0   9   0   0   2   0   0  25   0   7   0   0   0   0   0   0   0   0   0   0   0   0   8   0   0   0   0   0  20   0   0  10   0   0   0   0   0   0   0   0   0   0   0   0   0   0   0  42   0   0   0   0   0   0   0   0   0   0   0   0  11   0   0   0  43  45   0   0   0   0   0   0  12   0   0   0  39   0  24   0   0  39   0  34   0   0   0   2   0   0   0   0   0  47   0   4   0  12   0  15  36   0   0   0   0  26  49  36   0   0  20
   0  43   0  48   8   0  40  30   0   0   0   0   0   0   0   1  17   0   0   0  22   0   0   0   0   0   0  15   0  18   0   0   0  24  28   0   0   0   0   0   0   0   0   0   0  15   0   0   0   0   0   0   0   0   0  23  26  42   0   0   0  15   0  47   0   0   0   0   0   0   0   0   0   0  33  30  15  21   0   0   0   0   0   0   0   0   0  48  48   0   0   0   0   0   0   0   0   0  27  22   0   0   0   0   0   0   0   0   0   0   0   0   0   0   0   4  40   0   0   0  26   0   0   0   9  15   0   0  28   0   0   0   0   0   5   0   0   0   9  21   0  42   0   0   0   0   0   0   0   0   0
   0  43  43   0   0   0  21   0   5  18   0   0   0  29   0   0   0   0   0   0   9   0   0   0   0   0   0   0   0   0  17   0   0   0   0   0   0   0  30   0   0   0   0   0   0   0   0   0   0   0  17   0   0   0   0   0   0   0   0   0   0   0   0   0  22   0   0   0   0   0   0  25  36   0   0   0   0   0  47   0   0   0   0   0   0   0   0   0   3   0   0   0   0  20   0   0   0   0   0   0   0   0   0  31   0  10   0   0   0  35   0   0   0   0   0   0   0   0  39   0   0   0  50   0   0   0   0   0   0   4   0   0   0  45   0   0   0   0   0   0  28   0   0   0   0  28   0   0  20   0
   0   0   0   5  47   0  16   5   0   0   0  22   0   0   0   0  21  24   0   0   6   6   0  33  15   0   0   0   0   0   0   0   0   0   0  31   0   0   0   0   0  14  20   0   0   0   0   0   0   0   0   0  10   0   0   0   0  42   0   0   0   0  33   0   0   0  26   0   0   0  50   6   0  30   0  33   0   0   0   0  28   0   0  19   0  22   0  49   0   0   0   0   0   0   0   0   0   0   0  39  28   0  16  44  31  37   0  35  36   0   0   0   0   3   0   0   0   0   0   5  12  38   6   0  38   0   0   0   0   8  21   7   0   0   0  29  17   0   0   0   0  48   2   0  42  35   8   0  39
  15   0   0   0   0   0  23  36   0   0   0   0   3   0   0   0  41   0   0   0  14   0   0   0   0   0  43   0   0   0   0  45   8   9   0   0  26   0   0   0   0   0   0  35   0   0  27   7   0   0   0   0   0   0   0   0   0  48   0  31   0   0   0   0   0   0   4   0   0  31   0   0   0   0   0   0   0   0   0   0   0   0  15   0   0  26  44   0   0   0   0  32   0   0   0   0   9   0   0   0   0   0   0   0   0   0   0   0   0   8   0   0  30   0   0   0   4   0   7   0   0   0   0   0   0   0   0  28   0   7   0  35  22   0   9   0   0   0   0  23   0  45  35   0   0  44   0   0
   0   0   0   0   0   0   0   0   0   1   0   0   0  32   0   0   0   0  16   9   0   0   0   0   0   0   0   0   0   0  35   0   0   0   0  39   0  27   0   0   0   7   0   0   0  17  10  46   0  24  33   0   0   0   0   0   0  10   0   0   0   0   0  37   0   0   0   0   0  37   0   0   0   0  24   0   0   0   7   0   0  26  26   0   0  34  44  40   0   0  16   0   0   0   0  12   7   0   2   0  10  10   0   6   0   0   0   0   0   0   2   0   0   0  17  27  48   0  19   0   0   0   0   0   0   0   0   0   0  24   0   0  45   0   0   0   0   0   0  36   3  10  50   0   0   0   0
   0   5   0   0  27   0   0   0   9  24  25  32   0   0   0   0   3   0   0   0  43   4   0   0   3  45   0   0  43  33   0   0   0   0   0   0  22   0   0   0   0   0   0  38   0   0   0   0   0  39   0   0   0   0   0  25  50   0  41   0   0   0   0   0  42   0  27   0  19  49   0   0   6   0   0   0   0   0  17   0   0   0   0  14   0  33   0   0  49   0   0   0   0   0   0  37   0   0   0   0   0   0   0  50   0   0   0   0  23   0   0   0   0   0   0   0  20   0  46   0   0   0   6   0  18   0   0   0   0  38  18   0  21   0   0   0   0   0   7   0   0  43   0  48   0  13
  38   0  23   0  37  28   0   0   0   3   0   0  31   0  14   0   0   0   0   0   0   2   0   0   0   0   0   0   0   0   0  48   0   0  26   0   0   0   0   0   0   0   0   0   0   0   0  24   0   0   0   0   0   0   0   0   0   0   0   0   0   0   0   0   0   0   0   8   0  27   0   0   0   0   0   0   0   5   0   0   0   0   0   0   0  38   0   0  42   0   0   7   9   0  12   0  38   0   0   0   0   0   2   0   0   1  12   0   0   0   0   0   0   0   0   0   0   0   0   0   0   0   0  37   0   4   0   0   0   0   0   0  40   0  44   0   0   0  47   0   0   0   0   0   0
   0   0  21   0   8   0  50   0  20   0  16   0   0   5   0   0   0  40   0   0  10  30   0   0   0   0   0   6  22   0   0   0   0   0   0   0   0   0   0   0   0   0   0   0   0   0  10   0   0   0   0   0   0   0   0   0   0   0  43  45  22   0   0   0   0  44   0   0   0  13  19   0   0   0   0  23   0   0   0   8  24   0   0   0   0   0  26   0   0   0  32  46   0   0   0  12   7   0   0  47   0   0  37  18  23  10   0   0   0   0  24   0   0   0   0   2   0  38   0  27  15  32   0  18   0  22  45  17   0  26   0   0   3   0   0  20   0   0  26  43   0   0   0  26
   0   0   0  11   3  29   0   0   0   0   0   0   0   3  44  13   0   0   0   0   0   0   0  16   0   0   0   0   0   0   0   0   0   0  39   0   0   0  30   0   0   0   0   0   0   0  47   0   0  27   0  39   0  25   0   6   0   0   0   0  25   0   0   0   0   0  45   0   0   0   0  27   0  46  16   0  27   0   0   0   0   0   0   0   0   0   0  41   0   0   0   0   0  16   0   0   0   0   0   0   0   0  15   0   0   0   0   0   0   0   0  38   0  42  43   0   0   0   0   0   0   0   0   0   0   0  46  12   0   2  25  16   0  29   1   0   0   0   0   0   0   0   6
  23   0   0  44   0   0   0   0   0   0  31   0   0   2   0   0   0  38   0  33  14   0   0  24   0   0   0   0  36   0   0  12   0   0   0   0   0   0   0   0   0   0   0   2   0  40   0   0   0  31   0  23   0   0  33   0   0   0   0   0   0   0   0   0  11   0   0  20   0  47  46   0   0  44   0  17  47   0   0   0   0   0   0  11  32   0   0   0   0   0   0  28  10  23  36   0   0   0  20   0   0  28   0   0   0   0  21  13   0   0   0   0   0   0  35  31   0   0   0   0   4   0   6   0  12   0  11   0  50   0   0   0   0   0   0   0   0   0   0   0  41   0
  27   0   0   0   0   0   0   0   0   0   0   0   0  19   7  28   0  14   0   0   0   0   0   0   0  44  28  31   0   0   0   0   0  41   0   0   0   0   0   0   0   0   0   0  42   0   0   0   0  42  27  22  49   0  46   0   0   0   0   0   0   0   0   0   0   0  23   0   0   0   0   0   0   0   0  23   0  30   0   0   0   0  23   0   0   0   0   0   0  29   2   0   0   0   0   0  23   0   0   0   0   0   0   0   0   0   0   0  10   0   0   0   0   0  13   0   0  15  35   0   0   0   0  44  21   0   0  38   0   0  43   0   0   0   0   3   0  14   9   0   0
   0   0   0   0   0   0  38   0  23  25   0   0   0  25   0   0   0   0   0   0   0   0  32  24   0   0   0   0   0   0   0   0   0   0   0   0   0   0   0   0   0  34   0   0  25   0   0   0   0   2   0  14   1  32   0   0   0   0   0   0   0   1   0  46   0   0   0   0   0  29   0  19   0   0   0   0   0  39   0   0   0  14  28   0   0   0   0   0  49   0   0   0   0   0   0   0   0   0   0  31   0   0   0  24   0   0   0   0  35   0  14   0   0   0   0   0  17   0   0  43   0   0   0   0   0  27   0   0   0   9   0   0  14   0   0   0   0   0   0   0
   0  23   0   0   0   0   0   0   0  31   0   0   0   0   0   0   0   0  17   0  20   0   0   0   0  40   0  32   0   0   0   0   0   0   0   0   0  43   0  31   0   0   0   0   0   0   0  36   0   0   0   0   0   7   0  22   0   0   0   0   0   0   0   0   0   0   0   0   0   0   0   0   0   0   0  44  32   0  46   0   0   5   0  29   0  49   0  33   0   0  41   0   0   0   0   0  27   0   0  45   0   0   0   0   0  22   0  26   0   0   0  41  11   0  21   0   0   0  17   0   0   0  20   0   0  28   0  48  21   3   0  26   0  49   0   0   0   0   0
   0   0   0  19   0   0   0   0   0   0   0  31   0  15   0   0   0   0   0  22   0   0   0  45   0   0   0   0   0   0   0   0  50   0   0   0   0   0   0   0  50   0   0   0   0   0  14   0   0   0   0   0  25   0   0   0   0  48  46   0   0   0  48   0   0   0   0  37   0   0   0   0   1   0  22   0   0   0   0   0   0   0   0   0   0   0   0   0   0   0   0   0   1   0   0  44   0   0  30  31   0   0   0   0  37   0   0   0   0   0   0   0   0   0   0   0   0   0   0   0   0   0   0   0   0  26   0   7  41   0  46   0   0   0   0   0   0   0
   0   0   0   0   0   0   0   0  24   0   0   0   0   0   0   0   0   0   0   0   0   0   0   0   0   0  25  33   0   0   0  17   0   0   0  11  12  45  50   0   0   0  38  49   0   0   0   0   0   0   4   0   0   0   0   9   7   0  32   0   0   0  22   0   0   0   0  34   0   0  41  43   0  46  49   0   0   0   0   0   0   5   0   0   0   0   0   0  47  47  19   7   0   0   0   0   0   0   0  45   0  16   0   0  17   0   0  44   0   0   0   0   0   0  24   0   0  28  27   0  39   0  32  45  20   0  28   0   0   0   7   5   0   0   0   0   0
   0   0   0   0   0   0   0  42  47   0   0   0  12   0  11   0   0   0   0   0   0   0   0   0   0   0   0   0   0  41  41   0   0   0  43   0   0   0   0   0   0  47  16   0  29   0   0   0   0  14  34   0   0   4   0   0   0   0   0   0   0   0   0   0   0   0   0   0   0   0   0   0  43  26   0   0   0   0  23   0   0   0   0   0   0   0   0   0   0   0   0  29   0   0   0   0  10   0  11   0  32  29  21   0   0  30   0   0   0   0  10   0   0   0   0  38   0  23   0   0   0   0  10  48  35  48   0   0   0  18   0   0   0   0   0  13
  21   0   0   1  41   0  33   0   0   0   0   0   0   0   0   0   0   0   0   0  49   9   0   0   0   0   0   0   0   0   0   0   0   0   0   0   0  17   0  32   0   0   0  19   0   0   0   0   0   0   0  50   0   0  16  44   0   0  41   0   0   3   0   0   0   0  47   0  43   0  50   0  14   0   0  37   0   0   0   0   0  39   0   0   0   0   0  30  40   0   0   0   0   0   0   0  11   0   9   0   0  17  21  12   0   0   0   0  11   0   0   0  23   0   0   0  20   0   0   0   0   0   0  28  35  35  44   0   0   0   0   0   0   0   0
   0   0   0   0   0  39   0   0   6   0   0   0   0  39   0  35  28   2   0   0   8  19   0  33   0   0   0   0   0   0   0   0   0   0   0   0  50   0   0   0   0   0   2   0   0   0   0   0   0   0   0  41   0  34   0  28   0   0   5   0   0   0   0   0   0   0   0   5   0   0  25   0   0   0   0   0  27   0   0   0   0   0   0   5  30   0   0   0   0   0  40  18   0   0   0   0   0  23   0   0   4   0  33  12   4   0   0   0   0   0   0   0   0   0   0   0   0   0   0   0   0   0  10   3   0   0   0   0   0   0   0   0   0  20
   0  12   0  49   0   0   0   0   0   4   0   0   0   0   0   0  22  19   0   0   0   0  20   0  45  45   0   0   0   0  43  30   0  42   0   0  12   0   4   0   0   0  33   0  35   0  22   0   0   0   0   0   0   0   0   0   0   0   0   0   0   0   0   0   0   0   0  12   0  29   0   0   0   0   8  13   0  45   0   0   0  34   0   0   0   0   0   0   0   0   0   0   0   0   0   0   0  11   0   0   0   0   0   0   0   0   0   0   0   0   0   0   0   4   0   0  18   0   0  28   0   0   0  29   0   0   0  48   0   0   0   0   0
   0   0   0   0   0   0   0  47  39   0   0   0   0  43   0   0   0   0   0  22  22  11  13   0  34   0   0   0   0   0   0   0   0  29   0   0   9   0   0   0   0   0   0  31   0   0   0   0   0   0  44   0   0   0   0   0   0  33   0   0  45   0   0   0   0  30  35   0   0   0   0   0   0   0   0   0  34   0  44   0   0  27  27   0   0   0   0   0   0   1   0   0   0   0   0   0   0  14   0   0   0  32  47  16   0  25   0   0   0   0   0   0   0   0   0  37   6   0   0  41   0   0   0   0   0   0   0   0   0  50   0   0
   0   0   0   0   0   0  17  39   0   0   0   0   0   0   0   0   0  23   0   0   0   0   0  40  27   0   0   0  27   0   0   0   0   3  29   0  37   0  40   0   0   0   0  15   0   0   0   0   0   0   0   0  40   0   0   0   0   0  14   0   0   0   0   0   0   0  24   0   0  21  22   0   0  39   0   0  26   0   0   0   0   0  12   0  36   0   0   0   0   0   0   0   0   0   0  31   0   0  24   0   0  16   0  34   0   0   0  44   0   0   0   0   0  12   0   0   0   0   0  39   0   0  25  46   0   0   3   0   0   0   0
   0   0   0   7  47  36   4   0   0  20  47  38   0   0   0   0   0   0  49  32  15   0   0   0   0   0   0   0   0  42   0  22  39   0  12   0  40   0  38   0   0   0   0   6   0  26  26   0   0  41   0   0   0   0   0   4   0   1  48   0   0   0  22   0   0   0  21   0   0   0   0  33   0   0   0   0  26   0   0   0   1   0   0  23   0   0   0   0   0   0   3  45   1   0   0   0   0   0   0   0   0   0   0   0  10  28  43  27   0   0   0   0   0   0   0   0   0   0  27  25   0   0   0   0   0   0   0   0   0   0
   0   0   0   0   0  36  14   0   0   0   0   0   0   0   0   0  12   0   0   0   0  13   0  31   0   0   0   0   8   0   0   0   0   0   0   0   0  28   0  38   0   0  35   0   0   0   0  19   1   0   0   0   1   0   8  11  44  10   0   0   0  16   0  20  33   0   0   0   0   0   0  26   0   0   0   0   5   0  30   0   0  28  22   0  13   0   0   0   0  11  45   2  32  11   3   0   0   0   0   0   0   0  16   0   0  29   0   0   0   0  39   0   0  33   0   0   0   0  26  44   0   7   5   0   0   0   0   0   1
   0   0   0   0   0   0   0   0  36   0   0   0  17   0   0   0   0   0  15   0   0  10  45   0   0  28  49   0   4   0   0   0  27   0   0   0   0   0   0   0  19   0   0   0  38   0   0   0   0   0   0  35  21   0   0   0   0   0   5   0  13   0  24  25   0   3   0  35   0   0   0   0   0   0  41   0   0  13   0   0   7   0  10  29   0   0   0   0  40   0   0  43   2   0  15   0   0   0   0   0  43  33   0   0   0   0   0  46   0   0   0   0   0  28   0   0  16   0   0   0   0  29   0   0   0   0   0  16
  18   6   0   0   0   0   0   0   0  36   0   0   0   0   0   6  31   0  40   0  24   0   0  48   0  13  33  45   0   0   0   0   0   0   0   0   0   0   0   0   0   0   0   0  40   0  21   0   0   0   0   0   0   0  20  11   0   0   0   0   0   0   0  47   0   0   0   0  14   0  32   0   0   0   0   0   0  50   0   0   0   0   0   0   0   0  14   9   0   0   0   0   0   0  41   0  10  39   0   0   0   0  36   0   0  15   0   0   0  38   0   0   0   0   0   0   0  41   0  35   0   0   0   0   0  17   0
  15   0   0   0   0  29   0   0   0   0   0   0   0   0   0   0   0  24  22   0   0   0  23   0   0  14   0  50   0   0   0   0   0   0   0   0   0   0   0   0   0   0   0   0   0   0  31   0   0   0   0   0   0  35   0  45   0  47   0   0   0   0   0   0   7   0  35   0   3   0   0   0   0   0   0   0   0   0   0   0  12  23   0   0  46   0  50   0   0   0   0  34   0   0   0   0   0   0   0   0   0   0   0   0   0   0   9   4  25   0   0   0   0   0   0   0   0   0   0  14  32   0   0   0   0   0
   0   0   0   0   0   0   0  18   0   0  34   0   0   0   0   0  39  10   0   0   0   0   0   5   0   0   0   0   0  34   0   0   0  34   0   0   0   0   0   0   0   0   0  26   0   0   0   0   0   0   0   0   0  42   8   0  23   0   0   0  44   0   0   0   0   0   4   0   0   0   0  34   0   0   0   0   0  48   0  49  23   0   0   0   0   0  47   1   0   0   0   0   0   5   0   0   0   0   0   0   0   0   0   0  43   0  50   0   0   0   0   0   0   0  50   0   0   0  21  34   0   0   0  17   9
   0   5   0   0  11  39   0   0  42   7   0  41   0   0  10  26   0   9   6   0  30   0   6  17   0   0  34   0   0   0   0   0   0   0   0   0   0   0   0   0   0   0  23  29  31  16   5   0   0  12   0   0   0   0   0  10   0   0   0   0   0   0   0   0   0   2   0   0   0   0   0   0   0   0   0   0   0   1   0   0   0   0   0   0   0   7   0   0   0   0   0   0   0   0  36   0   0   0   0   0   8   6   0   0   0  13   0   0  44   0   0   0   0  16   0   0   6   9   0   0   0   0   0  37
   0   0   4   0   0   0   0   0  40   0   0   0   0   0   0   0   0   0   0   0   0   0   0   0   0  45   6  25  21   0   0  37   0  40   0  42   0   0   0   0   5  46   0   0  11  12   0   0   0   0   1   0   0   0   0   5  32   1   0   0   0   0   4   0  49  25   0  31  16  47  44   0   0   0  27   0   0  37   0   0   0   0   0   0   0   0   0  38  44   0   0   0   0  37   2   0   0  26   0  45   0   0  24   0   0   0   0  46   0  40   0   0   0   0   0  20   0  42   0   0   0   0  44
   0   0   0  11  36   0  34  16   0   0   0  16   0  26   0   0   0   0   0   0   0   0   0   0   0  41   0   0   0   0   0   0   0   0  48   0   0   0   0   0   0   0   0   0   0   0   0   0   0   0   0   0  28  25   0   0   0   0   0   0   0   0   0  44  23   0   0   0   0   0   0   0   0   0  15   0   0   0   0   0   0   0   0   0   0   0   0  31  43  50   0   0  26   0   0  40   0   0   0   0   0   0   0   0   0   0   0   3   0  25   0   0   0  47  24   0  24   0  42   0   0   0
   0  19   0   0   0   0  41   0   0   0   0   0   8   4  14   0   0  17   0   0   0   0  24   0  42   0  25  31  16   0   0  18   0   0   0   0   0   0  20   0   0   0   0   0   0  22   0   0   0   0   0  44   0  10   9   0   0   0   0   0   0   0   0   0   0   0   0   0   0   0   0   7   0   0   0   0   0   0   0  28  27   0   0   0   0  13   0  40  28   0   0   0   0   0   0   0   0  37   0   0  40   0  37   0   0   0   0   0   0   0  46   0  20   0   0   0   2   0   0   0  10
  34   0   0   0  40  11   0  19  19   0  27   0   0   0  34   0   0   0   0   0   0   0   0   0   0   0   0   0   0  30   0  26   0   0   0  10   0  35  48  14   0   0  18  29   0   6   0   0   0   0   0   0   0   0   0  16   0   0   0   0   0  10   0   0   0  50   0   0   0   0   0   0   0   0   0   0   0   0   0  36  33   0   0   0   0   0   0  20   0   0   0   0   0   0   0   0   0   0   0   0   0   0  35   0   0   0   0   0   0   0   0   0   0   0  23   0   0  47   1   0
   0   0   0   0   0   0   0   0   0   2   0   0   0  24   6  31   0  19  41   0   0  41   0   0   0   0   0   0   4   0   0   0   0   0   9  18   0  19   0   0  18  50   0   0   0   0   0   0   0   0   0  48   0   0   0   9   0   0   0   0   0  21   0   0   4  12   0   0  30   0   0   0   8   0   0   0  50   5   0  28   0   0   0   0   0   0   0  50   0   0  24  50  18   0   0   0   0   0   0   0   0   0   0   1   0   0  11   0   0  38   0   0   7   0   0  30   0  22   0
  35   0   1   0   0   0   0  12   0  25   0   0   0   0   0   0  22  41   0   0  46  27   0   0  25   0   0   0   0   0   0   0   0   0   0   0   0   0   0   0   0   7   0   0   0   0   0  19   0   0  22   0   0   6   0   0   0   0   0   0  38   0   0   0   0   0   0   0   0   0   0  39   0   0   0  38   0   0   0   0   0   0  38   0   0   0  49   0  11  11   0   0   0   3   0   0  11   9  17   0   0   0   0  47  15  14   0   0   0   0   0   0   0   0   0   0   0   0
   0  23  47   3   0  30   0   0   0   0   0  17   0  50   0   0   0   0  40  41  18   0   0   0   0   0   0  10   0   0   0  31   0   0   0   0   0   0   0  25   0   6   0   0   0   0   0   0   0   0   0   0   0   0   0   0   0   0  42   0   0  35   0   0   0  28   0  47   0   0  12  44   0   3   0   0   0  29   0  28   0   0   0   0   0  46  11   0   0   0   0   0  28   0   0  12   0   0   0   0   0  12   0   0  18   2   0   0  29   0   0   0   0   0   0   0   0
   0   0   0   0   0   0   0   0   0  26  45   7   3   6   0  19   0   0   0   0   0   0   0   0   0   0   0   0  14   0   0   0   0   0  29  31   8   0  46  49   0  39   0   0   0  49  28  16   0   4   0   0   0   0  44   0   0   0   0  32   0   0   0  48   0   0   0   0  49  22   0   0   0  33   0   0   0   0   0   2   0   0   0   0   0   6   0   0   0   0   5   0   0   4   0  44   0   0   0   0   0   0  35   0   0   0   0   0   0   0   0   0   0   0   0   0
   0  41   0   7   0   0   0   0   0   0  34   9   0   0   0   0   0   0   0   0   0  18   0  23   9   0  45   0   0   8   0   0   0   0   0   0   0   0   3   0   0   0   0   0   0  25   0   0   0  10   0   0   0   0  11   0   0   0   0   0  34  29   0  35   0   0  12   0   0   0  33   0  24   0   0  31   0   0   0   0  32   0   4   0   0   0   0   0  22  27   0   0   0   0   0   0   0   0   0   0   0   0   0   7   0  38   0   0   0   0   0   0   0   0  11
   0   0   0   0   0   0   0   0   0   0   0   0   0   0   0   0   0   0  34   0   0   0  34   0   0  24   0   0   0   0  39   0  34   0   0   0  22   0   0   0   0   0   0   0   0   0   0   0  35  32   0   0   0   0   0   0   0   0   0   0   0   0  20   0   0   0   0   0   0   0   0  18  48  12   0  18   0   0   0   0  19   0   0  31   0   0   0   0   0   0  23   0   0   0   0   0   0  41   0   0   0   0   0   0   0   0  10   0   0   0  32   0  50   0
  23   2   0   0   0   0   0   0   0   0  19   0   0   0   0  46  45  45   0   0   0   0   0  38   0   0   0   0   0  35   0   0   0  32  44   9   0   0   0   0   0   0   0   0   0   0  40   0  23   0   0   0  50  31   0   0   0  38   0   0   0   0   0   0   0  25   0   0  11   3  27   0   0   0  27   9   0   0   0   0   0   0   0   0   0  13   0   0   0   0   0   0  14  49   0   0  24  11   0   0   0   4   0   0   0   0  46   5  45   4  21   0   0
   0  48   0   0   0   0   0   0   0  36  25   0   0   0   0  47   0   0   0   0   9  10  22   5   0   0   8   0   0   0   0  13   0  39   0   0  17   0  29   0   0   0   0   0   0   0   0   0  35   0   0   0   0   0   0  13   0  32   0   0   0  50   0  46   0   0  35   0   0   0  11   0   8   0   0   0  13   0   0   0   0   7   0   0   0   0  16  45   0  20  26   0   6   0   0   0   0  17   8   0   0  28   0   0   2   0   0   0   0   0  16   0
   0   0  44   0   0   0   4   0   0   0   0   0   0   0  48   6   0   6   0   0  11   1  42  23   0  25   0  11   0   0  18   0   9   0   0   0  38   0   0  28  38   0  37   0   0   0   0   5   0   0   0   0   0   0   0   0   0  11   0   0  26   0  47   0   7   0  45  35  39   0   0   0   0   0   0   0   0  33   0   0   0   0   0   0   0   0   0   0  17   0   0   0   0   0   0   0   0   0   0   0   0   0  32   0   0   0   0   0   0   0   0
   2   0   0   0  18   0   0   3   0  26   0   0  48   0   0   0   0   0   0   0   0   0   0   6   0   0   0   0   0  17   0  49   0  42   1   0   0   0   0   0   0   0   0   0   0   0  47   0   0   0   0   0   0   0   0   0  12   0   0   0   4  37   0   0   0   0   0   0   0   0   0   0   0   2   0   0  36   0   0   0   0   0   0   0   0   0   0   0  50   0   0   0   0   0  43   0  33  40  22   2   0   0   0   0   0   0   0   0   0   0
   0  37  37  30   0   0   0   0   0   0  50   0  22   0  18   0   0   0   0   0   0   0   0  36   0   0   0   0   0  44   0   0  28   0   0   0   0   0  12   0   0  26   0   0  16   0   0   0   0   0   0   9   0   0   0   0   2   0   0  27  50   0  32   0   0   0  28   0   0   0   0   0   0   0   0   0   0   2   0  26   0   0  29   0   0   0  26   0   0  17   0   0  16   0   0   0   0   0   0   0   0   6   0   0   0   0   0   0   0
   0  17   0   0   0  36   5   0   0   0   0   0   0   0   0   0  33   0   0   0  39   0   0   0   0  39   0   0  39   0   0   0   0  38   0   0  31  26   0   0   0   0   0   0  24   0   0  36  14   0   0  49   0  22   0   0   3  43   0   0   0   0   0   0   0   0   0   0   0   6   0   7  35   0   0   0   0   0   0   0   0   0   0   0   0   0   0   0  40   0   0   0   5  28   0   0   0   0   0   0  34   0   0  20   0   0   4   0
   0  38   0   0   0   0   0  30   0   0  49   0   0   0   0  42   0   0   0   0  42   0   0  27   0   0   0   0   0   0   0   0  46   0   5   0   0   0   0   0  14  13   0   0   0  22  20  41   0   0   0   0   0   0   0   0   0   0   0   0   0  21  29   0   0   0   3   0   0  16   0   0   0   0  46   0  26   0   0   0   0   0  21   0   0   0   0   0   0   0  48   0   0   0   0   0   0  26   0   0   0   0  12   0   0   0   0
   0  45   0   0  39   0  27   0   0   7   0   0   0   0   0   0   0   0  20   0   0   0   0   0   0   0   0   0   6   0   0   0   0  26   0   0   0   0  11   0  14  44   0   0  20   0   0   0   0   0   0  30   0   0  21   0  14   0  40   0   0   0   0   0  13   0   6   0   0   0   0  24  15   0  30  41   0   0  42  47   0  34   0   0   0   4   0   0  39   0   0   0  44  32   0   0   0   0   0   0   0  11   0  48   0  27
   0   0   0   0   0  44   0   0   0  17   0  22  23   0   0   0  27   0  10  14   0   0   0   0   0   0   0   0   0   0   0  31   0  49   0   0  36  26   0   7   0   0   0   0   0  24  29   0   0  40   0   0  43  15   0  17   0   0   0   0  36   0   0   0  42   0   0   0   0   0   0  17   0   0   0   0   0   3   0   0   0   0   0   0   0   0   0   0   0   0   0  11   0  14  46   6   0   0   0   0   0   0  50  49   0
  33  22   0   0   9   0   0   0   0   0   0   0   0   0  16   0   0  16   0   0  42   5   0  46   0   0  18  35   0   0   0   0  28   0   0  45   0   0   0  24   7  47   0   0   0   0   0   0   0   0  31   0  19   0   0   0  15   0   0   0  43   0   2   0  31   0   0  43   0   0   8   0   0   0  27   0   0  49  10  43   8   0   0   0   0  20   0   0  27   0  46  18   0   0   0   0   0   0   0   0  24   0   0  10
   0   0   0   0   0  44   0   0  15   0  50  37   0   0   0  32   0   0   0   0   0  33   0   0   0   0   0   0   0  40  46   0   0  36   0  49  27  28   5   0   0   0   1   0   0   0   0   0   0   0   0   0   0  36   0   0   0   0   0   0  20  11   0   8   0   0  31   0   0  29  39   0   0  18   0  50  27  40   0   0   0  10  26   0   0   0   0   0   0   0  10  22   0   0   0  29   0  25   0   3   0   0   0
   0   0   0   0   0  18   0   0   9  25  23   0   0  30   0   9   0   0   0   0   0   0  25   0   0   0   0   0   0   0   0   0  30   0   0   0   0   0  33  23   0   0   0   0   0  14   0   0  16   0   0   0   0   0  46  46   0   0   0   0  19   0  14   2  43   0   0   0   0   0   0   0   0   0   0   0   0   0   0   0  36  10  22   0  45   0   0   0   0   0  48   0   0  48  28   0   0   0   4   0   0   0
   0   0   0   0   0  49   0   0  11   0   0   0   0   0   0   0   0   0   0  50  42   0   0  50   0   0  34   0   0  36   0  29   0   0   0   0   0   0   0   0   0   0   0   0   0   0  50   0   0   0  44   0   0   0   0   0  49   0  20   0   0  20   0   0  42  41  12   0  10   0   0   0   0  26   0  21  13   0   0   0   0  26   0  24   0   0   0  26   0   0   0  31   0   0   7   0   0  30   0   0  17
   0   0   0   0   0  24   0   0   0   0   0  19  49   0   0  41   0   0   0   0   4   0   0  48   0   0   9   0   0  43  47  18   0   0   0   0   0   0   0   0   0   0  26  48   0   0   0   0   0  23   0   0  40   0   0   0   0   0  50  14   0  13   0   0  12  23   0   3  50   0   0   0   0   0  13   0   0   0   0   0   5   6  48   0   0   0  20   0  29  44   0   0   0  17   0   0  48   0   0  16
   0   0  17   0   0   0  12  31   0   0  20  21  43   0   0   0   0   0   0  20   0  30  24   0  28  40   0   0   0   0   0   0   0   0   0  33  21   0   0   0   0   0   0  42   0   5   0   0  29   0   0   0   0   0   0   0  20   0   0   0   0   0   0   0   0   0   0   0   0   0   0   0   0  16   0   0   0  16   0  35   0   5   0  43   0  40   0  47  23   0   0   6   9   0  13  26   8  49  19
   0   0   0  22   0   0   0   0   0  33   0  37   0   0   0   0   0  46   0   8   0   0   0   0   0   0   0  12  33  13   0   0   0   0   0   0   0  50  30   0  14  34   0   0   0   0   0   0   0   0   0   0   0   0   0   0   0   0   0  30   0   0   0   0   0   0   0  49   0   0   0   0   0   0  47   0   0   0  43  19   0   0   0   0   0  42  11   0   0   0   0   0   0  47   0   0   0   0
   0   0   0   0   0   0   0   3   0   0   0   7   0   0   0   0   0   0   0  44  45   0   0   0  47   0   0   0   0   0   0   0   0   0   9   0  25  14   0   0   0   0   0   0   0   0  38   1  47   0   0   0   0   0  10   0   0  37   0   0   0   0   0   0   0   0  32   0   0  50  50  27   0  34  10   0  12   0   0   0   7   0  18  41  38   0   0   0   0  28   0   0   0   0  32   0  32
   0   0  50   0   0   0   7  10  48   0  28   0  20  18   0   0   0   0   0  26   0   6   0   9   0   0   0   0   0   0   0   0   0  44   0   0   0   0  45   0   0  22   0   0   0   0   0   0   0  22   0   0  23   0   0   0   0   0   0   0  41   0   0   0   0   0  19   0   0  34   0   0  40   0   0   9  15   0   0   0   0   3   0   0   0   0   0   0   0   0  40  42   0   2   0  11
   0   0  36   0   0   3   0   0   0   0   0   0   0  15  27   0   0   0  34   0  39   0   0   0   0  25   0  25   0   0   0   0  15  34  37   0   0   0   0   0   0   0   0  40  25   0   0  12   0   0   0   0  11   6   0   0   0   2   0   0   0  18   0  17   0   0   0  49   0   0   0   0   0   0  38   0   0   0   0  50   0  11   0   0   8   0  39  27   0   4   0   0   0   0  31
   5   0   0   0   0   0  39   0   0   0  29   0   0   6   0   0  33  26   0   0   0   0   0   0   0  19   0   0   0   0  33   0   0   0   0   0  15   0   0   0   0   0   0   0   0   0   0   0   0   0   0   0   0  24   0   0   0   0   0   0   0   0   0   0   0   0   0   0   0   0   0   0   0  46   0   0   0   0   0   0   0  36  28   0  28   0   0   0   0  25  32   0   0   0
   0   0   0  10   0   0   7   0  32   0   0   0  40  35   0   0   0   0   0   3   0   0   0   0   0   0   0   0   0   0   0   0  41  25  50  13   0   0   0  33   0   0   0   0   0   0   0   0   0  26   0   0   6   0   0   0   2   0   0   0  40   0  20  47  43   0   0   0   0   0   0   0  38   1   0   0   8   0   0   0   0   0  17   0  14   0   0   0   0   0  47   0   0
  26   0   0  45  15   0   0  16   0   0   0  25   0   0  38  34  37   0  49   0   0   0   0   0   0   0  10   5  46   0   0   1   0   0   0   0   0  24   0   0   0   0  47   0   0   1   6   0  28   0   0   0   0   0   0   0   0   0   0  22   0   0   0   0   0   0   0   0  35   0  36   0  37   0   0   0   0   0   0   0   0   0  20   9   0   0   0   0   0  48  32   0
   0   0  20  10   0  28   0   0   0   0   0  38   0   0   0   0  32  39  38   0   0   0   0  22   0   5   0   0   0  34   0  31   0   0   0  23   8   0   0   0   0   0   0   0   0  42   7   0  35   0   0   0   0  35   0   0   0   0   0   0   0   0   0   0   0  41  33   0  40  20   0   0   0   0  36   5   0   0   0   2  28   0   0   0   0  19   0  26   0   0   6
  16   0   0   0  17   0   0   0   0  27   0   0  39   0   0   0   0   0  19  24   0   0   0  21   0   0   0   0  37   0   0   0  23   0   0   0   0   0   0  35  11   0   0   0   0   0   0   0   0   0   0   0   0   0   0   0  48  34   0   0  25   0   0   0   0   0   0   0   0   0   0   0   0   0   0   0   0  26  16   0   0   0   0  11   6   0   0   0   0  28
   0   0   0   0  14   0   0   0   0  14  11  26   0   0   0   0   0   0   0   0   0   0   0   5  35   0   0   0   0   0   0   1   0   0   0   0   0   5  21   0   0   0  48  50   0   0   0   0   0   0   0   0   0   0  35   0   0   0  13  30   0  45   0   0   0   0   0   0   0   0   0   0  30   0  13   0   0   0  43   0   0  43  41   0   0   0   0   0   0
   0   0  13   0  35   9  33  23   0   0   0   0   4  36   0   0   0   0   0  19  19   0   0   0   0   0   0   0   4   0   0   0   0   0   0   0  47   0   0   0   0   0   0   0   0   0  11   0  15   0   0  41   0  20   0   0  31   0   0  47   0   0  46   0   0   0  23   0   0  22   0   0   0   0   0  22  37  18  34  21   0   0   0   0   0   0   0   0
   0   0   0   0   0   0   0   0   1  13   0   0   0   0   0   0   0  50   0   0   0   0  31   0  32   5  16  48   0   0   0   0   0   0   0   0   0   0   0   8   0   8   0   0   0  12   0   0   0  36  40   0   0   0  50   0   0   0   0   0   0   0   0   0  50   0  26   0   0   0  40  28   0   0   0   0   0   0   0   0   0   0  49   0   0  11  24
  10   0   0   0   0   0   0   0   2   0   5   0   0   0   0   0   0   0   0   0  34   0   0   0   0   0   0   0   0   0   0  40   0   0   0  12   0  31  10   0   0   0   0   0   0  16   0   0   0   0   0  24  13   0   0   0  36   0   0   0   0   0   0   0   0   0   0   0   9   0   0   0   0   0   1   0   0   0   0   0   0   0   0   0   0  24
   2  19   0   0   1  17   0   0   0   0   0  45   0   6   0   0   0   0   0   0  21   0   0  24   9   0   0   0  24   0   0   0  21   0  13  25   0   0   0   0   0   0  22   0   8   0   0   0  10   0   0  43   0   0   0   0   0   0   0   0   0   0  29  37   0   0   0   0  28   0  47   0   0   0  27   0   0   0   8  29   0   0   0  33   0
   0   1  26   0   0   0   0   0   0  25   0   0   0  10   0   0   0   0   0  40   0   0   0   0   0   0   4   0   0   0   0   0   9   0   0   0   0   0  50   0   0   0   0   0   0   0   0  32   0  45  48   0  24   0   0   0  25   0  32   0   7   0   0   0   0   2  14   0   0   0   0   0  11  50   0   0  28   0   0   0   0  40  27   0
   0   0   0   0   0   0   0   0  11   0   0   0   0   0   0  42  34   0   0   0   0   0  25   0   0  13   0   0   0  36   0   0   0   5   0   0   0   0   0   0   0   0   0   0   7  10  11   0   2   0   0  43   0   0   0   0   0   0   0  44   0   0   0   0   0   0   0   0   0   0  19   0  49   0   0   0  24   0  17  43   0   0   0
   0   0   0   0   0   0   0   0   0   1   0   0   0   0   0   0   0   0   0   0   0   0   0   0   0   0   9  48   0   0   0   0   0   0   0   0   0  19   0  36  39   3   0   0   0   0   0  13   0  20   0   0  36   0   0   0   0  35   0   0  20   0   0   0   0   0   0   0   0  30   0   0   0   0   0  33  17   0   0   0   2   0
   0   0  15   0   0   0   0   0   0   0  44   0   0   0   0   0   0  37   0   0  20   0  13   0   0   0   0   0   0  47   0   0   0  29  22   0   0   0   0  33   0   0   5   0   0   0   0   0  38   6   0   0   0   0   0   0  41   0   0   0   0   3   0   0   4   0   0  45   0  42   0   0   0   0   0   0   5  38   0   0  47
   0   0   0   0   0   0   0   0   0   0   0   0  43   0   0   0   0   0   0   0  19   0   0   0   0   0   0   0   0   0   0   0   0   0   0   0   0   0   0  50   0   0   0   0   0   9   0   0   0   0   0  25   0   0   0   0   0   0   0   5   0   0   0  42   0  14  40  29   0   0   0   0  30   0  15   0   0   0   0   0
   0   0   0   0   0   5   0   0   0   0   0  28   0  36   0   0   1   0   3   0  26   0   9   0  21   0   0   0  20   0  39   0   0   0   0   2  22   0  41   0   0  44   0   0   0   0   0   0   0  48   0  22   0  16  17   0  33   0   0  39   0  49   0   0   0   0   0   0   0   0   0  44   0   0   0   9   0   0   0
   0   0   0   0   0   0   0   0  25   0   0   0  26   0   0   0  23  11   0   0   0  30   0   0   0   0  20   0   0  24   0   0  26   0  14  35   0   0  19  14   0   0   0   0   0   0   0   0  41   0   0   0  44   0   0   0   0  49   0   0   0   0   0   0   0   0   0   0   0  21   0  18   0   0   0  48   0   0
   0  27   0   0   0   0  45   0  33   0   0   0   0  16   0  33   0   0   0   0   0   0   0   5   0   4   7   0   0   0  45   0   0  14   0   0   0   0   0   0   0   0  14   0  37   0   0   0   0   0   0   0   0   0   0   0   0  18  17   0   0   0   8   0   0   0   0   0   0   0  26   0  33   0   0  42   0
   0   0   0   0   0  20   0   0   0  33   0  33   0   0   0   0  43  50   0   0   0   0   0   7   0   0   0   0   0  38   0  38  40   0   0   0   0   0   0   0   0  32   0   0   0   0   0   0   0  10   0   0  46   0   8   0  33   0   0   2   0   0   0   8   0   0  20   0   0   0   0  50   0   0   0   0
   0   0  10   0   0   0   0   6   0   0   0   7   0   6   0   0  37   0   0   0   0   0   0   0   0   0   0   0  42   0   0   0  41   0   0   0   0   0   0  28   0   0   0   0  36   0   0   0   0   0   0  45   0   4   0  22   5   0   0   0   2   0  21   0   0   0  46   0   0   0   0   0   0   0  32
   0   0   0   0   0  23  42   0   0   0   0   0  46   0   1   0   0   0   0  45   0  16  41   0   0   0   0   0   0   5   0   0   0   0   0  31   0   0   0   0  38  45   0   0  37   0   0   0  50  25   0   0   0   0   0  50   0   0  48  26  40   0   0   0   7   0  23  46   0   0   0   0   0   0
  23   0  39   0   0   0   0   0  39   0   0   0   0  37  15   0   0   0   0  47   0   0   0   0   0   0   0   0   0  33   0   0  18   0   0   0  48   0   0   0   0   0   0   0   0   0   0   0   0  20   0  13   0   0   0   1   0  18   0   3   0   2   3   0   0   0   8   0   0   0   0   0   0
   0   0   8   0   0   0   0   0   0   0   0   0  50   0  15   0   0  43   0   0   0   0   0   0   0   0  46   0   0   0   0   0   0   0   0   0  31  28   0  33   0  24   0   0   0  18   4  39   0   0   0   0  19   0   0  39   0   0  44   0   0  24   5   0   0   0   0   0   1   0   0   0
  33  34   0   0  39   0   0   0   0   0   0  47   0  33  38   0   0   0  15   0  33   0   0  42   0   0  12   0  39   0  22  26  42   0   0   0   0   0   0   0   3   0  32   0  14  21   5   0  29   0   0   0  15   0   0  44  24   0   0   0   0   0   0   0   0   9   0   0   0  11   0
   0   0   0  37   0   0   0   0   0   0   0   0   0  49  35   0   2   0   0  32   6   0   0   0   0   0  43   0   0  15   0   0   0   0   0   0   0   0   7   0   0   0   0   0   0   0   0  41   0   0   0   0  29   0   0  10  34   0   0   0  36  32   0   0   0   0   0  28   0   0
   0   0   0   0   4   0  17   0   0   0  44   0  26   0  35  13   0   0   3  12   0   0   0   0   0   0   0  30   0   0   0  40   0   0  38   0   0   0  14   0   0   0   0   0  48   6   0  42   0   0   0   0   0   0   0   0  29  12   4  18   0   0   0  20  35   0   0   0   0
  48   0   0   0  48   0   6  24   0  26   0   0   0   0   0  10  46   0   0   0   0   0   0   1   0   0   0   0   0  49   0   3  27   0   0  47   0   0   0   0   0   0  32   0   0   0   0   0   0  22  42  38   0   0   0   0  43   0   0   0   0   0   2  35   6   0   0   0
   0   0   0   0   0   0   0   0   0   0  30   0   0  19  13   0   0  33   0   0   0   0  20   0   0   0   0   0   0   0   0   0   0   0  19   0   5   0   0   0   0   0   7   0   0   0   0   0   0   0  33   0   0   0   0   0   0   0  46  27   0   0  27   0   0   0  16
   0  41   0   0   0  10   0   0   0   0   0   0   0   0  31   0   0   0   0   0   0   0   0   0   0   0   0   0  10   0   0   0   0   0   0  13   0   0   0  30   0   0   0   0   0  36   0   0   0   0   2   0  26   0   0   0   0   0   0   0   0   0   0   1   0   0
  41   0   0   0   0   0  40   0   0   0   0   0   0  32   0   0   0   0   0   0   0   0   0   0   0   0   0  24   0   0   5   4   0   0  40   0   0   0  43   0   0   0   0   0   0   0   0   0   0   0  25   0   0   0   0   0   5   0   0  44   0  23   0   4  46
   0  27   0   0   0   0   0   0   0   0   0   0   0   0   0   0   0   0   0   0   0  14   0   7   0   0   0  35   0  23   0   0   0  37   0   0   0   0   0  20   0  22   0   0  46   0  49   0   0   0   0   0  38   0  39   0   0   0  12   0   0   0   0  41
   0   0  45   0  20  33   0   0   0   0   0   0   0   4   0   0   0   0  25   0   0   0   0  19   0  22  34   0   0  37   0   0  26   0   0   0   0   0   0   0   0   0   0   5   0   4   0   0  23  35   0   0   0   0   0   0   0   0   0   0  42   0   0
   0   0   0   0   5   0   0  23   0  31   0   0  50   7   0   0   0   0  46   0   0   0   0   0   0   0  32  47  15   0   0   7  30   0   0   0   0   0   0   0  35   0   0   0   5   0   0   0   0   0   0   0   0   0   0   0   0   0   0   0   0   0
   0   0  29   0   0  22   0   0   0   8   0  29   0   0   0   0   0   0  43   0  40  32   0  21   0  13   0   5   9   0   0   0  50   4   0   0   0  30   0   0   0   0   0  12   0   0  31   1   0   9   0   0   0   0   0  49   0  28   0   0   0
  35   0   0   0   0   0   0   0   0   0   0  14   0   0  13   0   0   0   0   0   0   0  42   0   0   0   0   0  24   0  11   0   0   0  14   0  17   0   0   0   0   0  28   0   0  11   0   0   0   0   0   0   0   0   0  48   0   0  44   2
   0   0   0   0   0  32  21   0   0   0  47  10  34   0   0   0   0  24   0   0   0   0   0   0   0   0  15   0   0   0   0   0   0   0   0   0   0   0   0   0   0   0   0   0  43  42   0   0   0  14   0   0   0   8   0   0   0   0   0
   0   0   0   0   0   0   0  25   0   0  25  39   0   0   0   0   0  16   0   0   0   0   0   0   0  29   0   0   0   0   0   0   0   0   0   0   0   0   8   0   0   0   0  48  15  22   0   0   0   0   0   6  38   0   0   0   0   0
   0   0   0  35  32   0   0  42   0  30  49   0   0   0  20   0  13   0  32   0   0   0   0   0   0   4  30   0   0   3   7   0   0  14  33   0   0   0   0   0   0  19   0  25  10   0   0   0   0   0   0   0   0  39   0   0   0
   0  34  19   0   0   0   0   0   0   0   0   0   0   0   0   0   0   0   0  23   0   0   0   0   0   0   0   0   0   0  38   0   0   4   0   0   0   0   0   0   0   0   0   0  28   0   0   0   0   0   0   0   0  12   0   0
   0   0   0  47   0   0   0   0   0  42   0   0   0   0  16   0   0   8  15   0   0   7   0   0   0   0   0   0   0   0   0  39   0  21   0   0   0   0   0   0  29  33  42   0   0  17   0   0   0   5   0   0   0   0   0
   0   0   0   0   0   0   0   0   0   0   0   0   0  40   0   0  16   0   0   0   0   0   0  23   0   0   0   0   0  27   0   0   0  44   0   0   0   0   0   0  14   0   0   0   0   0   0   0   0   0   0  40   0   0
   0   0   0   0   0   0   0   0   0  42   0   0  35   0   0   3   0  41   0   0   0   0   0   0   0  14   0   0   0   0   0   0   0   0  11  10   0   0   0   0  12   0   0   0  10   0   0  28  46   0   0  15   0
   0   0   0   0   0   0   2   7   0   7   0   0   0   0  10   0   0   0   0  25  22  29   0  31   0   0   0   0   0   0   0   0   0   0   0   0   0   0   0   0   0   0   0   0   0   0   0   0   0   0   0  46
  42   0   0  13  32   0   0   0   0   0   0   0  14   0   0   0   0  45   0   0   0   0  11   0  38   0   0  37   0  14   0   0  12  37   0   0  45   0  48  20   0  16   0   0   0   0   0  21   0   0   0
   0   0   0   0   0   0  29   0   0   0  35   0  43   0   0   0   0   0  26   0   0   0   0   0   0   0   0   0  49   0   0   1   0   0  26   0   0  43   0  47   0   0   0   0   0   0  19   0  42   0
   0   0   0   0  47   2  49   0   8  30  41   0   0   0   0   0  14   0  31   0   0  29   0  22   0   0   0   0  41   0   0   0   0  22   0   0  32   0   0   0   0   0   0   0   0   3   0   0   0
   0   0   0   0   0   0   0   5   0  37   0   0   0   0   0  27   0   0   0   0   0   0  22   0   0   8  39  33   0  17  15   0  10   0   0   0   0   0   0   0   0   0   0  28   0  47   0   0
   0  26   0   0   0   0   0   0  28   0   0   0   0   0   0   0   0  29   0  34  34  27   0   0   0   0  23  13   0   0   0   0   0   0   0   0   0   0   0   0   0   0  41  42   0   0   0
   0   0   0  23   0   0  35   0   0   0   0   0   0   0   0   0   0   0   0   0   0   0   0   0  10   0   0   0  10   0   9   0   0  18   0   0  23  38   0   4   0   0   0   0   0   0
  16   0   0   0  12   0  49   0   0   0   0   0  32  34   0   0   0   0   0   0   0   0   8   0   0  27   0   0   0   0   0   0  39   0   0   0   0   0  40   0   4   0   0   0  45
   0   0   0   0  46   0   0   0   0  12   0   0  19  26   6   0   2   0   0   0   0   0   0   0   0   6   7   9  45   0   0   0   0   0   0   0  41   0   0   0  38   0   0   0
   0   0   0   0   0   0   1   0   0   0   0   0   0  21  50   0   0   0   0  15   2  48   0   0   1   0   0   0   0   0   0   0   0   0   0   0   0   0  15  43   0   0   0
   0   0  41   0  23   0   0   0   0  21   0  47   0  15   0   0   0   0   0   0   0   0   0   3   0  14   0   0   0   0   0   0   0   0   0   0   0   0   0   0   0  40
   0   0   0   0   0   0   0   0  16   0   0   0   0   0   0  27   0   0   0   0   0   0   0  28   0   0   0   0   0   0   0   0   0  47   0   0   0   0  43   0  48
  32   0   0   0   0   0  46   0   0  18   0  14  44   0  49  36  50   0   3  44  42   0  20   0   0  15  31  27   0   0   0   0   0   0   0   0   0   0   0   0
   0   0   0   0   0   0   0   0   0   0   0   0   0   3   0   0   0   0  23   0   0   0  22   0   0   0   0  48   0   0  30   0  16   0   0   0   0   8   0
   0   0  47  45   0   0   0  42   0   0   0  50   0   0   0   0   0   0   0   0   0   0   0   0   0   0   0  29   0   0   0   0   0   0   0   0   0   0
   0   0   0   0   0   0   6   0   0   0   0   0   0   4   0   0   0   0   0   9   0   0   0   0   0   0   0   0  35  28  42   7   0   4  34   0   0
   0  13  17   0   6   0   0   0   7   0   0   0   0   0   6   9   0  40   0   0   0   0   0  27   1   0  38   0  25   0   0   0   0  19   0  19
   0   0   0   0  34   0   0   0   0  15   0   0   0  27   0   0   0   0  37  34   0   0  40   0   0  14   0   2   0   0   0   0   0  15   0
   0   8   0  33   0  24   0  10  10   6   0   0  12   0   0   0   0   0  31   3   0   0   0   0   0  35  18   0   0   0  47   0   0   0
   7  44  45   0   0   0   0   6   0   0   0   0   0   0   0   7   0   0   0   0   0   0   0  43   0   0   0  33   0   0   0  33   0
   0   0   0   6  21  40   0   0   0   0   0   0   0   0  28   0  40   0   0   0   0   0   0   0  14   0   0   0   0   0   0  35
   7   0   0   0   0   0  22  20   0   0   0   0   9   0   0   0   0   0  12   0   0   2  17   0   0  25   0   0   0  30  12
  43   0  16   0  32   0  45   0  27   0   0  12   0   0   0  31   0   0   0   0   0  26   0   0   0  42   0   0   9   0
   0   0   0   0   0   0  34   0   0   2   0   0   0   0   0   0   0   0   0   0   0  44   0  48   0   0   0  24   9
   0   0   0  19   0   0   2   0   0   0  15   0   0   0  42   0  19   0  28   0  22  37   0   0   0   0   0   4
   0   0   0  42   0   0  32   0  50   0   0   0  14   7  30   0   0   0   0   0   0  36   0   0   0  21   0
  22   0   0   0   0   0   0   0  42  12   0   0   0   5   0   0   0   0   0   0   0  33   0  29   0   0
  29   0   0  18   0   0  48  28  15  44  21   0   0   0  27   0   0   0   0   0  46   0   0  42  42
   0   0   0   0   0  40   0   0  42   0   0  28   0   0  46  14   0  33   6   0   0   0   0  22
   0   0   0   0   0   0  25   0   0   0  32  47   0   0  24   0   0  38   0   0   0   0   0
   0   0  13   0  29   5   0  10   5   0   0   0   0  17   0   0   0  32   0   0   0   0
  31   0  50   7   0   0  36   0   0   0   0   0   0   3  32  50  12   0   0   0   0
   0  12   0   0   0   0   0   0  28   0  48   0   0   0  33  34   0  34   0   0
   0   0   0   0   0   0   0   0   0   0   0   0  33   0   0   0  29   0  20
   0   0   0  23   0   0   0  16   0  44   0   0   1  10   0  49   0   0
   0   0  21   0   0   0  43   0   0   0   0   0   0   0   6  25  38
  40   0  12   0   0   0   0   0   0  12   0   0   0  11   0   0
   0   0   0  50  44   0   0   0  24   0   0  26   0   0   0
   0   9   0   0   0   0   0   0  24   0  25   0   0  28
  46  48   0   0   0   0  12  35   0   0   0  46  45
   0   0   0   0   0  47  16   0   0  50   0   0
   0   0   0   0  43   0  46   0   0   0  10
   0  19   0   0   0  41   0   0   0   0
  21   0  41   0   0  19  50  10   0
  30   0  12   0  13  35   0   0
  24   0   0   0   0   0   0
   0   0  14   0   0   0
   0   0   0   0   0
   0   0   0   0
   0   0   0
   0   0
   0

 103
  21   7   4  23   9  22   6   1  15  25  10  23   7  22  20  18  15  13   1  19   9  17  20   2   7   7   3  12  21  19   5  11  21  24   4  22   8  24   6   6  25   9  13  15   5  23  14  12  13  19  17  11  12  25   4  24  24   2   1  17   1   5   7  18  15   1  15  16  10  24   4  16  23   5  11   4  25  12   9   3  22  10   1  20  16   3  18   9   3  16  24  15  21   6   1  25  20  25   1  15  16   7  17  18  23  20  18  10  17  19  14   1  23  20   5  16  17   9   9  11  12  19   4   8   6   7  13  17  10  21  10  24  11   3   7   6  21  16   3  25   8   5   2  14   6  11   8  21   5  11   7   6  18   6   5  22   6  15  10  15

