 160 
  39  25   0  26   0  20  35  31   0  43   0   0  46  43  30   0  31  44   1  40  24  17   0  34  38  31   0   0  12  20   0   0   9   8  24  46   0  34  14  13   0   7  41  28  49   5  23   8  16  38   0  35   4   0  33  28  41   8  42   0  38  44  37   5  40  43  34   0   0  37  23   2   0  44  20  32   0  35  49   0  32   1  28   0   8  36  36  43  46   0  34  30   0  32  14  27   3  45  23   0  47   7  18  40   6   5  33  23   5  22  42  25   0   0  11  36  13   0  29   0  13  11  25   1  23   0   0  42  48   1  25  48   0   0  37   0   3  24  12   0  14  14  44  42   0  28   9   0  15  25  16  48   5  23   4   0  16  26  39  42
   0  11  18   2  12  47  14   0   0   0   0  16  11  33  48  26   0  50  23   0  34  31  15   3  49  23  39  44  21   0  23   0   9   0   0  20   2   0   0  26   0   0  44  47   2  30  25   0  43   9  40   4   6   9  33   0  14   0  28  26   8  50   0  12   3  45   1  42  39   0  50  18   0  40   0  32  14   0   0  48  13   2   0  23  12   0   0   0  10  47   0   6  40  46  12   1   0   0  47   0   0  43   2  30  26  31  34   0  38   0   0   0  43  42  32   0  46  25   0   0   0  38   0   0  36   0  47  33   3  27   0  46  29  30  42  12  20   6   0   0  30   6   0  25   0  19  41   0   0   0  15  36  48  48  11   9   7  13  44
  12   4  34  45  21  36  37   0   0  30   0  43  28   0  17   0   0  44   0   7  49   3  20  23   0  39  41  27  48  29  24  46   0  40  43   6  31  32  46   1  21  24   0  32  26   5  37   0  22   4  41  40   0  33  28  20  40  36   0  36   0  47  44  49   0  22   4  14   0   0   8   0  50   0   0   0  17   0   0  49  43   0  43  38   0  17  33  24  18  25   3   0  48   9   0   0   8   0   9  26  14  28   0   0  27   4  11  26  42   0  13   0  22  13   0  22   0  50  47  15  43   0  43   7  10   1  33   0  31  38   0  39  28   0  33  47   0   0  17   0   6  18  48  41  21   0   0   0  22   9  10   0   1  35   0   5  20   0
  45   0  42  12  36  41  35   3  45   0  26   5  49  12   6   0   0  36  39   0   0   8   8  24  39  30  20  31  21   0  13  36   0  43  42   5  31  47   5   0   0   0  40  34  45  50   0  50  13   0  21  49   0  25  27   3   0  24  19  35  32   4  33  42  29  20   5  31   0  29   6  15  28   6   9   0   5   0  36  50  50   2   4   0  23   0  35   0  45  44  22  23   0  39  28  16   0  22   6  19  17   0  32   1  21  47  43   8  10  37   0   0  36  12  36   3   0  15  30  10   0  28  49  19  29  40   0  31  27   0  32   0   0   9  20  24  35  25  31  45  37  44  41  39   0  26  50  40   0  24  23   0   0  47  27  25   0
  39  41   7  14  26  17  21   3  31   1  41  26  14  29  15   0  32   0  40   0  37  30  35  10   0  46   7  39   0   0  32  42   5  27  10  42  12  47   0   0   0   0   0  26  17   2   8   7   0  19   1  19  45   0  48  18   0  27   0  24  49  42  49   3  19  31   0  19  38  18   0  11   0   0  20  13  42   0   7   4  11   0   0  47  13  10  43   0  25   0  29  42   0   0   8  14  33  33   0   0  36  44  28   0  20  35  32   0  31  29   0  45  43  40   0  28   0  10   0  28   0  44  16   4  23   0  20  43   0  40  43  25   0  40  20   0   0   5   0   0   0   0   0  32  43  46   0  10   0   6  41  27   0  11  10   8
   2  29   0  26   0  43   7   2  31  37   0   4   0  21  29   0  10  25  14  47   0   0  14   0  30  24  45   0  45  26  19   0  32  19  17   3  34   8  16   0  30  34  46  36  16  39  45  45  32   6   0  41   0  50  34  43   8  45  20  40  26  32  48   0  47   8  26  10  15   0   0  18  38   1  26   0  11  18   2  21  21  21  48   0   2   0  17   0  31  26  23   0   7  30  41  36   7   0   4   0   0   4  50   7  48  12   8  50   0  40  27  49  33   0  34  27   0  50  32   1  40   7  29  12  50  46  27   0   0  16  50   0  22  16   0   8  42   7   9  25  19  37  47   6   0   0   0   2  43  35  10  18  22  20  41
  42  16  35  15  33  23  21  49   4   0  13  11  30  25   0  41  27  36  12   2   5  34   0  31   6  42  35  21   7  29  27  34  21   0  16   7   4  16  46  31  46  24   1  26   0  11   0  30  45  49  46   0  46   0  28  32  33  48  18   0   9  39  18   0  18  49  18   7  41  42   0  48  12   4  35   0   0  49  12  22  44   8  32  32  37  42   0  15  34  26  43  49   0  22   0   0  19   0  36   0  13  17   1   1   0  27  19  27   8  14  24  29  38  16  39   5   0  47  46   0   0   3  47  18  48   0  16  13   3  47  10  35  33  30   0   8   4  50  21  23  35  21   6  32  22   0   8   0   0  45  12   0   0   0
   0  44  41  30   0   0  22  43  22   0   0   0   2  22  14   0  47  39  12  13  20  46   0   3  11  13  40   1   0  23  41  42  13  39  35  50   0  20  50  30  47  30  14   6  33  49   0  38   0  43   0  36  37   5  40  10   8   0  36  18  35   0   2   6   3   1   0  23  21  19   0  29  36  36  28   6  44  31   0   0  45  25   0  48   0   3   0  46   1  10   6   0  13   0   2  34   8  34   0  41   0   0  11  50  49  23   0   5  49   4  33   0  24   0  49   0   0  42  16  44   0   0  27   0  12   0  29  31  13   6  33   0   8  41   0  42  37  43   0   0   1  17   8  46   3  39   0   5   0   0   0   0   9
   0  31   0   0  34   0  50  29   5  14  23  16  27   0   0  25   0  29  50  31  13  12   0  18  42   3   0   0   0   2   0  48  42   0  26  13  16  34  17  30  35  11  40  26   0   0  34  30   0  45  44  34  10   0  27  47  11  26  18  24   0  31   9   0   2  47   0   0  49   0  45   0  50   0  43   0  33  43  34  42  23   0  35   0  24  38  41   6  10   0  43  36   0  41   6  17   0   0  36   7   0   8   0   0  22   7  11   6  21   5  45  16  10   2  45  30  15  47  10   0  17   9  10  30  12  47  38   7  37   0  25  48  33  29   4  35  48   0  41  24  18  14  18  18  45  38   7   0  30   0   0  24
  34  15  30  26   6   5  38  42  33   0  20  24   0   0  41   0  20  42   0  17   1   0  45  27  17   0  12  10  45   8   0   0   0   0  20   0  43  46  38  22   0   3   0  42  46  30   0  15  13   0   7  17  27   0  24  32   0  37  29   5   0   0  20  44  16  46   8  41  34   3  33  19   0   0  29  32   0  26  32  20  24   0  35  41   0   0   7  42  34  16  19  38   0  36   0   0  46  15  21  34  48   6   0   4   4  12  21  21   9   0  39  42  27  35   0   7  48   6  38  28  19  22  38  26   0   5   0  34  24  18   0  37  44  46  46   0  13  38   0   0  47  27  50   5   0  28  29   9  36   0  11
   0  12   0   1   0   0   0   1   0   0   3  26  31   0  44  14   0  32  18   0  49   0   8  41  45  24   0   0  26  37   0  35  13   0  10  17  36  38   0  48   0   0  19   0  36  19  16  33  49  12   0   0   0  43   0   7   0   6  18   9   0  25  32  21  24   0  19  36   0   1   0  38  17   0   0  41  40   0   8  27  21  34   0   0   0  28   0  31  30   5  42   0  17  32  46   0   0  23  12   0   2   0  24  39  41  15  23  45  28  37   0  28  33   0   9   1   7  34  34  17  12   2  36  25  33  41   9   5  48   0   0  27  40   0   7   4  30  39  23  38  16   0   9   0  24  45   0  12  10  38
  33   3   0  25  35   8  29   4  25   0  46  10  10   2  18   0   0   9  12   0   7   8  29  34   0  36   0  27  34   0  16   0   0   0   0  44   3  29  44  28   0   0  28   8  35  26  13  21   9  49   0  19  31   0   4   0  33   0  31  26  22  19  11  12   0  22  41  22  10   0  16  37  45  43   0   6  32   0   0  37  32   7  17  35  21  15   0   8  20  16   8   0   0   0   0  42  29  46   0   0  37   5   2   0  29  27   0  12   1  20   6  28   7   0  22  46  15  40   0  43  35   0  42   1  42   0   2  40  10  41   0   6  10   0  50   4  18   0  39  36   1   0  38  45  30   3  24  38  25
  48  13  47  39   7   3  45  42   6  32  48   1   8  37  36   5   0   0   2  39  36   0  41  49  25  26   0  32   7  14  30   0   0   7  21  45  29  29  22  20  40   0  46   1  23   0   0  48  44  40  20  47   0   0  27  33   0   5  22   8  16  50   3  10   0   5  29  20  16   8  32  32   0  19  24  46   0   0  32  19   0  19  29  26  26  23  50   0  48  10  19  34  42  26   5   0  34   9  36   7  49  23  13  33   0   1  44  17   0  30  41   0  39  34  50  23   0   1  43  37  12   0  29  22   5   0  46   0   0  19   0  14   0   2  27  35   0  50  45   0   0   3  35   7  15   0   0  43
  38   0  36   0  16   0   0   3  25   6  29   7  23  16  23  23  19   0   0  38  30  35  43   0  50  33  19   0   7  25  14  21   0   6  28  40  18  27   0  48   0  20  40  27   5  48  22   0  40  16  28   0  17  15  16  31  13   0  24  28   0   0   0  30   7   0  18   8  12   0  27  49   0  43   5   0  27  17   0   0  11  21  49  22  21  21   9  16  39   0  19  16  14   4   3   7   0  28   6  29  25   7  19  44  31  35   0  48   5   2   0  24  19   7  21  22   0  20  23  44   7  27  11  11  21  15   0   0   5  46  47   3  17  26   0   0  21   1  27  25   0   2  15  41  17   0   0
  10  12   0  32  24  10  49  16   0  20   0  47   0   0   7  26  13  22   1   6  17  44   0  39   0  48   0  48   0  11   0   0  40  15   0  11   0  36   0  28  28  11   0   2  36  13   0   0   7   0  39  44  31  12   5  10  12   0   0   0  48   0  42   0  10   0   0   0  36   0   0  50  26   5  13   4  50  50  10   9  49   0   0  50  40  49   4  45  34  27   0  28  24  50  31  22  17  21  10  24  48   0  13  23  15  19   0  36  25  31  16  22   2  19   0  26  18   0   0  30  45  40   3  17  43   2   0   8  44   0   0  28   3   1  42  20  45  33  34  40   0   0   0  21   3  26
   0  13  17   3  33  33   9  19  48  28   0   0   0   0  25  14  10  49   8  41  30   0  18  28  27   0  43  15   9  32  35  36   2  32  21  15   8   0  42  34  46  17   0  42   0   0  22   0  44  35  11  44  17   0  10   0  14  48  46   9  42   0   0   7   0  13   0   0  20   2   6  13  29  14  26   0  47  43  29   0   2  42  35  23   5  39   0  41  32   6  33  24   0  38  27   0   7  15  18  13  23  29  12   0   7  21  30   0  46  37   0  13  28   9  35   7  39  30   3  24  33   4  10  20  25   0  13  21   0  45  14   0  29  16  40  25  45  24   0   9   5   0  27  36  37
  38  41  48   2   0  25  40  29  37  30   5  14   1  26   0  22  48  19  32  15  50  39  41  40  16   0  44  50  12  14   0  37   0  26  33  33  32  45   0   0   0  29   0  30  19   2  27  44  36  22  13  48  43   0   0   0   0  44  20  27   0  10   0   4  32  20  17  15  38   0   7   0   4   4  22  15  48  34  23  39   0  41  35   0   0  36   8   0  30  13  15  43  30   0  26  40  22  42  46  27   8   0   0   3  34  41  38   4   0  26  19   0  43  31  10  16   0   0   0   0  29  15  37   7   0  22   0  25  28  12   0   0   7   0   0  35  36   0  43  30  24   0  28   0
  32  37  28   3  26  45   0  43  11   0  26  10  22  13  28  33  28  24  42   6  46  49   0  45   0  15   0  33  22   0   5  36  32  35  12  36   0  23   4   0   0   0   0  42  41  20  15  48  46  44  38  37   3   4  31  13   7  44  32   0  43   8   0  33   1  42  33   0   5  46   7  40   9  31  32   0  35  11  47  29  32   6  47  13  19  21  49  17  50  48   0   0   0   0   0  23   0  38   8  14  18   0  33   0   0  38  41  22   0   2  37  11  35  10  12  37  19  44   9   0  34  35   7  31  22   0   0   4  26   0  24  43  50  31  38  33  28  35   0  19  18  21   0
  42   0  48  31  25  21   0  49  24   0  31  50  31   0   0  17   0  38   0  13  41  19   8  27   0  27  12  12   4  30  10  48   0  10  26   0  21  11   0  32   4  40   0   0   2   0  15  13  13  48   0   0   6  39   0   0  32  28  26   0  30  40   7   8  36  39   0  27  44  20  34  40   0  27  38   9  21   0  35  26  20   4   0   0   2   0   0   0  31   0   6  32   0   0  32  16   9   0  49  25  36  37   0   0  47  40   0  49   0  31  50   0   0  31  22   0   0  23  15  50  40  50  40  41   3  47   1  49  42  44  11   0  27  10  31   6   0   0  18   0  43  23
   0  18  38  46   0  17   0  42  50  38  19  29  24  30  19  16  10   6   0  44   9   0   4   1  10   0  47  46   9   0   9  15  34  49  22  20  12   0  30   0   4  25   0  33  28   4  24  13   0   0  47   8  19   0  18   0  21   1   3  25  21   0   4  41  17  38   0  49   0  13   0  49   5  17  14   0  15   0   0  27  12  12  49   2  13  20  10  18  38   0  36  30  38  33  14  19   0   0   0  10  35   0  18   7  40   8   9   7   6  20  37  25   0  14  29  28   0  10   0  24  49   7  24   2  30  34  44  36  33   0  35   0   8  34  47  14   8   6   0   0   0
   0  13  12   0   0  12  27  47  20  32  24  27  17   8  34  26  36  50  46  43   0   0  35   0  16  27  45  15   5  26  27   0  42  48  36  25   0  41  40   2   0   0  40   0  32  30   0  24  14  22  43  47  43  14  24  30  21   0   0  44  40   0  10  32  26  17   0   0  34   2  31  17  22  43  36  36  49  44  49   0   0   0  29   4  50  28  44  30  44   6  47   0  37  29  35  17   0  17   1  44   1   0  21  24   0   0   9   0  21  41  32   9  34   0   1  31   0  26   0  11   0   7  28  27   0  27  37   2   0  35  25   0   0  18  18  16   0  26  36  37
  31  36  24  44  11   5  34   0   0   2  47  42  38  33  25   0  31  30  20  45  19  35  26   4  45   0  16  25  32  42   7   0   0  29  31  35  24  37   0   0  35  13   0   8   4  48  32  19   0   0   0   6   0  19   0  27  36   0  22  27   0  43   8  30  14  33  17  22   0   0  12   0   8  41  33   0  45  36  22   0   1   0  43  50   0   0   0  29   0  25   0  47  33   0  12   0   9   0   0  13  19  27   0  15   8  46   0  24  43   0  37   4   0   0  27   0  47  44  22   5  42  10  12   0  45  33  19   0  45   2  25  28   1  14  32   0   0  35   0
   5  48  35   0  23  37  41   3  20  50   0  30  22   0  43  18   0   5   1  16  22   4  12   8  42  21  32  32  31   0  16  17  45  15  43  48   0  24   1   0  37   8  45  18   5  33  14  22   2  12  38   2  50   6   0  32  24  23   6  48  28   0  20  44   0  13  50  44   0   0   0  15  28  44  17  29  39  10   0  19   0   0  28  48  19   9  18   0  13  29   0  42   0   0  41  40   0  37  43  29  31  34  12  43   0  14   0  16   0  11  12  38  24   8  27  25  43  27  21   2  34   0  36  31  43  13   6  25  39   5   7   7   5  40  47  44   9  47
   0  38  25   0  12  37  43   0  24   0  17   0   0  10  25   3   0  42   0  41   4  47  41  41  29  34   0   6  30   0   0  40  12  12  23  13  45   0   0  21  10  42   2  22  43  23  20   0   0  27   0   0  21   0   0   0  44   4  32  27   0  35   0   5   0   0  24  22  30  30  23  31  39   0  50  17  50  40  26   0  14  39  26  27  41  42  14   0   0  43  45   4  32  25  50   7  12   6  22  33   9  27  16  39  10   1  41  50  29  33   6  28   0  47  15  26   0   2  20  47  35   0  12   5  48  14   0   0   0  19  14  31   0  48   0   0  24
   0  22   0  17  47   0  37  37  44  25   5  12  43  49  47   6  30   8  47   0   0  31  17   0  13  43  13  15   3  17   0  22  42  18  48   6   0  47   4  13  40  45   0  30  46   0  32  15   0  27  29  19   2   0  38   0   1   0  20  47   9  32  20  10  45  26  25   0  27  19  19   0   0   0  37  21  37  36  50   0   3   0   0   0   0  28  35  15  42  30  16   5   0  27  33   0  50  45  38   9   0  35   0  26   0   0  36   0   0   0  32  12  31   0  43   0  40  48  34   4   0   0  25   0  25  47   0   0  32  19  36  48   0  14   0   0
  11   4   0   0   0   0   8  46   7   0  34   9  25   0  45  40  15  11  35  50  32  17   0  43   0  29   0  10  16   0  22   1  35  43  15   0  42  26   0   0   0  45   0  37   3   7   0   0   1  40  25  49  31   0  11  20   0   1  46  17  12   7   0  22  34  48   0  34  38   1   0   0  30   6  15   0  44  18   0  34   0  43  22   3  10  28  50  43  11  49  31  12  41   0   6  22  27  39  27  48  43   1  37  50   0   0   2   0  17   9  39  44   6  17  27  20   0  43  32   0   7  39   6  11  34  29  18  45   3  16   0  14   0   0   4
   9   0  45  45  27   0  33   0   0  42   0   0   0  30   0  41  34  49   0   0  43  12  40  24  10  11  20  42   5  33  21  44  18  23  49  30   0   2   0   4  34  22  22  23  42   5  36  33  18   5  23  18  38   2   0  44  32  35   0  38   0   0   5   0   0  31  41  31   0  36   0   0  10   7   0  49   0  20  16   0  42  12   9  48  19  38  13  34  21   0  24   0  32   0   2   0   0   9   6   0   0  28   3  11  16  19   0  46  13  35   0  41  24   7  15  22   0  50  24  16   0  45  10  19  36  16  21   0  10  38  14  49  48  25
  13  33   3  12  29  23  14   0  37   0  40  43  10  46   7   0  49  18  18  32  40  38  18  46   0  48   9  36  23  46   8  35  22  39  30  41   0  18  46   6  10  43   1  20  31  21   8   0   0   7   0  23  13  39  39  31   5  40  12  41  21   0   0  38  26  34   0  18   0  45  36  40  47   0   0  43   4  50   5  30   0  28  12  26   9   0   0  16  31  44  12  25   0  50  18  32   0  44   0   0   7  11   0   3  41  17  12  38   4  18   5  27  46  14  16  30   0  32   8   0   6  40  39  45  13   8  38  40  10  25   0   0  16
   0  47  20   0  26  17  15   0   0  14  24  14  37  29  32  43  48  17  50  12  42   0  30  37  22  16  17  37  37  33  24   0   0   0  37   0  47  47  10  22   0  34   0  28  36  43   0  44   0  30   0   0  26   0  44  50  33  31   0   0  26  20  16   0   8  16  34   3  16   0  21   0   9  16  11   0   0   0  50  14  38   1  33  45  11  28   0   0   0  23  38  22  43  32   0   3  34   0  28  21  31  35  41   0   0   0   0   0  29   0  17   0  45   9   8  29  37  24  42   0  50  19   0   4   0   0  10  32  24   7  12  36
   0   0   0  45  37  27   0  43  16  49  10   0   0  27  16  29   0  33  12  16  19  31   0   0  50   0  30  36  20   0  33   0  23  37   0  17  30  10  25   9  47   0  18   0   6   0   0  18  30   1  41  38  45  24  39  36  24   0   0  15  37   2   0  10  47   0   0   4  26   0  25  33   0  16  30  48  48   0   0   8  30  31  50   8  42   9  39   0  38  45  38   0   8  18   0  16   0  37  40  49  46   0  24  19  13  49   1  27   0  46  24  46  24  46  16   0  12  21  44  39  15  43  11   9   0  32   0  49   0  40   0
   0   3  27  31  15   0  17  38  22   0  37  12   7   7  11  32   0  14   0   0  41  40  43  35  26   0  21  10   0  25  12  19   0   0  24   0   0  35  35   0   0  47  47   0   2  16  20  22  27  16  34   2  21   0  35  45   4   0  16  24  21   9  21  23  33  17  42  40  36  15   6  37  21   0  37  13   0   0  43  17  20  24  10  26  21   0   0   0  19   0  37   0  12   2   0  34  34  38   4  43   0  35  31   5  29  34  15   3  14   0  40   7   8  22  32  43   0  27   0  20  47  42   0   9  22  26  44   0   8  31
  20  37  41  43  44  43   6   0  26  39  47  48  21   0   3   0   0  18   0   6  15  43  16  50  30  34  30   0   4  26   0   0  27   0   0  35  22  37   4  27  21  28  23   0   3  10  23  35  12  15  29  28  27  24  14  45   0  50  45   0   0  45   5   1  40   6   0  50   6   0  13  34  41  30  35   0   0  19  15  45   9   0  37   0   0  18   4   7  16  39   0  45  29  17   4  18   6   2   0  27  17   0   0  42  34   0  41   6   4   0   3   3  40   0   0   7  32   7  29  22  28  11   6  39  47  47   0  39  12
   0  27  36  31  48   4  29  24  24  19  40  34  13  19   0   0  25  22  44   0  22  30  40  26   7   4  27   0  16   0   0   0  22   0  38   0  34  49  25   0  16   8   0   0   5   8  49   5  22  17  33   8   9  18  13  47  11   0  21   0   0  12  16  16   0  18  27   8  12   7  38   0  34   0  35  23   0  16  24  17   0  43   0  47  21  47  14  15   0   0   0  29  36  28  33   0   0   0   8   0  27  15  20   0  26  18   0  10  16  38   9  25   0  29   3  38  18  43   0   0   0   0  31   0  13  19   2  29
   0   6  10  27   0   0  41  31  46  42   9   0  35  37  21  27  32  37   8   2   0   0  25  47  29  43   0   0  13  25   7  14   3  50  15   0  21   0  50  18  39  10  45  50  12  25   5  29   0  12   0   0   0   0   6   9  44   2   9   2  49  44  40   0   0  14   0  29  45  34  11   0  19  14  21  50  34  23  36  48   0  38   0   0   0  50  11  37  34  15  32   0  36  24  11  44  24   0  42   0  38   3  14  19  34  30  22  21   0  42   0  39  18  18   0   7  36  42  29   0   0  15   0  33  19  21   0
   0  31  50   0  27  41   0   0   2  49   5  20   2  24  17  24  50   0  43   0  35   0  45  10  18  39   0  50  40  40   8   0  39   4   7  48  16  44   0  45  22   0  39  48  14  13  19  38   0  47   0  49   0   0  19  11  50  32   0   0  11   0  42  23   0   0  20   6  33   5  47  21   6  26  41   0  26  26   0   0  24  41  27  43   0   0  23  38   0  23   0   0   2  27  43   2   0  13  43  49  16  37  29  23  17  10  33   0   0   0   0  45   6  42  28   0  29   9  48  11   0  46   3  11  21  35
  38   0   9  11  40  47   0  49   9  21  46  35  11  48   0  25  30  29   0  49   9  11  23  46  29  42   0  20  21  31  34   6  50  25  47  14  29  44   1  32  27  26  20  46   3  40  45   0  22   0  19  25  11   2  50  22  14   0  50  19   0   0  11  48   0   0  41   0   5   0   2  45  11   0  35  20  22  23  17  42  37  13  31  47   0  21   0  13  26   6  40   0  43  34  18  11  49  39  39  11  37   0   0  27   4  26  42  21  49  15  40   0  37   8   6  30   5  45  33  35   0  50  10   0  31
  35   0   0  11  32   0   0   0  35  21  48  33  22  16  16  41   4  21  41   8   1  20   0  25  33   6   0  36  43  18   2  18  15  12  27   2  16  13  16  50  28  41  40  31  15   2  15  46   5  35  14  43  25  10  20   0   0   1   2  25  18  24   0  24  35  31  22  16  41  42   0   0  48   0  23   0  29  22  42  13  21   6   5  39  14  23  47  41  14  29   0  22  50  35  23  23   7   0  42  36  48   0  20   0  18   3  29   0  31  12   0   8   0  38  37  14   1  11  48   1  35  46   0   0
  13   1  45   0   6   0   0  38  31   0  43   0  11  21   2  15  38   0   0  16   0  26  14  48  11   0  22  46  32   0  10  43  10  26   0   0   0  38   5  13   0  24  12   0  30   0  14  18  14  10  12  32   8  25   0   0  36  43  15   0  24   0   0   0  39   0  20  38   1   5   0  27   8   0  10  45  32   2   5  47   5  46  41   8   0  27  26  21   0  20   0  17  44  37  38   0  39   0   5  29  40  48  28   0  30  22  35   0   0   0  24  20   0  19  36   1  49  21  13  24   4   5  44
  38  42  29   5   0  23  28  37  15  11   3   6  47   4  45  12  48  16  40   0   0   0   7   0   0   8   6  46  30  37  23   4  28  22  31  44   1  16  21  29  47  18  10   0  31  25   0  10   6  33   7   0  29   0  41  22   2  34   0  49  34  19  41  19  45  15   0  35  32  29   4  23  19  28  15   0  26  38   0  19   0   6  38  10   5  15  19   3  23   1  22  49  27   0   1  19  34  21   8   0  25  38  24   6   0  30  32  23   8   0   0  31   6  40  16  34  17  46  14  33  28  37
  20  19  48   0   7  38  39  13  37  49  40  36  18  43  48   0  25  11  25  41  14   0  31  12   0   0   0  15   8   0   0  18  22  39  43   3   6  36  42  44  31   0   0  41   0  18  20  43  49   0  45   5  29   0   0  22   0   0   0   0  28   0   0   0  36  24   0  35  35  15  10   8  14  14  27   6  46   4  30  14  39   0  36   9  23   1   5  40  21  40  11   9   0  23  12   0  26  20   0  39  49  13  26  15   0  13  34  28  23  12  44  16   8  21  42  27  21  39  29  30  39
  28  45   0  14   0  50  49   0  23  25  23  36  34  18  37  44   0  39   0  23  46  13  10  18   0   2   0  16   7  27   0  30  13  16  26   1  28  15  20  43   0   0  42  16  48   0  37  49  37   0  32   0  33  37   0   8  36  22   0   3  41  38   0  18   6  35  47  25  49   0  44   0   0  46  20  30   0  11   0   6   7  29  37  33  21  37  39  27  34   0  33   4  20  44  29   0   0  37  36   0  21  38  10  27   0  35  32  20  39   1  39  42  22  48  33   7  38  23   9  27
   1  17  43   0  49  37  39   8   0   0  43   0   0  28   0   5   0  47  10  23   0   0   0  19  22  17  27  45   2  13   0  18  25  31  22  44  21  20  11  42   0  22  35   9   7  34  16   0  38  43  40   0  49   4  27   0   0   4   0  32   3  25   0  24   0   5  26   0  36  11  26  44  26   5   3   4   0   0  37  15   8   4   0  27   0   9   0   0  10  48  29   0  24   0   0   5   4  49   8   0  28   0  38   0  43   6  16  29  19   0  42   0  47   0  46  12   6  21   0
  22  36   0   0  33  37   5   0  10  42  14   0  40  50   6  30   0   2  29  14  41  23  48  34  16   7   0   0   0   4   3   0  15   0  32  29   0   0   0  46  50   0  24   0  49  19  42   8  18  10  31  36  19  13  30  31  12  22   0  36   1   7   0  35   0  26   0   0  32  18  45   2  30   8  32  50   1  39   0   8  23  49   1  27   0   0  20  49  46  10   0  23   7  45  25   0  42  10   8  41  40  14  24  12   0  48  49  12  28   0  16   0  17   1   0   0  47   4
   0  24  10   3   0  14  44   0   0   9  45  44   8  38   0   0  26  31   0  30  15  18  42  39  28   0   2  34  10   0  44  46  41  30  38  50  21   0  29  18  10   0   0  35   0   0   0   0   0  15   0   0   3   5  33   0  43  36  21  40  42  40  27   1  11  50  14  49  50   0   0  39   8   0   0   0  10   0  28  44  39  33  31  49  17   7  47   9   0  48   0  28  46  10   0  27  24   9   0   0  41  26  12  10   0  50  26   0  33  10   0  40  22   5   0   0  25
   0   9   0  20   0  28  44  21  31   1  46  24   1  48   0  11  18  30  23   0  27  12   0  10   8   0   7   8  31   0  42   0   4  27   0  45   0   0  30   9   0  24   0  31  26  24  48   0   0   0   4  40   0  46  23  10  42  20  15  49   0   6  31  16   4  34  45   7   0  48  49  14   0  32  35  12   0   0  21  49  30   0  42   0  26   0   0   9  42  36  19  41   8   0  38  47  20  42  21   0   0  28  45  31   0  14   0   0  44   9  21  29  36   0   7   3
  21  40   0  47  11  36   0   0  31  23  12  43  34  18  21   4  19  32  24   3   3  50  18  41  16   1  13  48  26   5   0  33  16  17  16   0   0  17  18  18  37  37   0  50  49  11   0  14  24  37  30  47  45  25  44  12   0  30  14   0   0  29  30   0  15  26  15  38  28   2   0  48   0   0   0  47  22  48   0  27   4  48   0   2   0  41   0   0   0   8   7   0  29   8  29  24  16   2   0   5  26  19   0  33  27   1  47  17   4   0   0   5  15  25  25
   0  25  32   7   0  15   0  43  21  30  14   0   0   8   0  26  16  43  18   0   0  14  20  31   5   0   0  48   6   0  23  33   0   0  43  41  16  36  18  34   0   0   0   0  42   0   0  12  38   0   0  20  10   1  33  45  25  31  26  48  40  47  34  19  40  10   0   0  30   3  50  36  21   0   0  14   6  33  42  25   7  26  13  36   0   7   0  44  40  32   0  14  47  19  45  21  23  28  26   0  47  30   0   0   8  39  14  22   0  45  17  36  16   0
   0  40  37   5   1  23   5   0  36  23  45  30  27  26   0  18   6  20   0  26   8   0   0   0  41  45  39   0  23   1   0   3  34  15  25  24  33  43  35  39   0  33   4  48  24  46   0   0   0   4   0  29   0  36  21   0  47  37  44  40  11   0   0  38  23  34   4  30  12   0  33  48   0  12   0  26  11  14  45   7   0   0  30   0   0  21  15  31  46  44   0   0  17   9   9  26   0  15  23   7  11  38  45  33  23  24  49   0   5  20  16   0  10
  43  10  42  12  42  19  18  46  32  20   0  36  41   6   0  19  50  24   0  36  46  41  41   0   3  42  41  29  40  43   0  10  39   0  37  19  39   0   0   9   0   0   0   7  41  12  26  27  50  25  20   0  24  29  41  36   7  31  22   0   0  12  15   5   0  34  27  28   8  20   0  23   0  35  23   3  24   6  49   0  26   0   6  32  27  17  22  42   7  47  18   0   0  11   4  15   0  33   0  18  28  50  37  20  43  39  26   0  26   0  28  21
   0  24   6  11   0  35  22  32  41  21  31   7   9  35  44  26  39  25   0  44   1   8  37  13   0  20  28   0  28   0   9  15  21   7   7   0  34  14   0  27   0  28  31  23   0  34  23   0  40   7  24   0  35  24  13  14  31  43   6   0  22   0   0  48   0  21  34  16  43  16   0  17   3  26  35   0  29   0   0   0  11   7   0  26  48   3   0  50  29   0  30   0  14  45  45  32   4   0  41  11   0   0  40  40  35  29   0  23   0  44   2
   6  49   2   0  12  39  22   0   0   6  23  28   2   0   0  35  10   0   0  16  36  28   6   0   9   7  36  10  48  28  29   0   0  27  19  15   0   9  39   0  17   0  19  15  34  43   0   0  32  34   0   6  33  19  41  22   9  20  16   5   0   0   0  26  30  29  20   0  48   0  20   0  35   0  24   5  50   0   2  22   9  14  22  12   0   0  20  18   9   0   9  36  22  33  42  30   0  36   0   0  17  17   0   6  32  20   0   0  40   0
   5  26  38  25  39   0  19  12   0   0  25  35  26   0  32  39   0  15   0  40  31  50  20  32  26   0   0  35  44  50  12  46   9  13  23  36   0  31  23   9   0   0  47   2   0   0  12  25  44  20  48  19  50  49   0  19  10   0  32  43  47  22   0   4  46  27  46  33   3   0  22  47  45  15  46  49   0  49  24   5   6   3  13  48  16  43  27   0  24  16  42   3  44   0   0  50  30  16   0  49  39   0  45  30  20  36   0  30   0
   0   0   0  23  46  30  19  42  28  18   0   6   7  47  20  22  45  13  25   0  26   5   0  17  23   1  27   0  24   0   0   3  33   0  47  12   0  21  16   0   0  26  20   4   0   5  29  38  27   0   5  10   7  49   9   0  26  34   0  41  17  14  16   0   0  43   0  45   0   8  19  11   0  40  15   5  47  13  36  41   5  29  20  49   0  18  17   4  26  50  49  16   0  13  41  40   0   0  23  15   0   1   0  28  42   3  25   0
  11  19   0   0  11  33   4   0  14  48   0  48  40  46   0  13   0  24   0  10   0  42   0  11  25   0   0  21  40  45  25   0  12  20  46   0  44   0  17   0  41  36  22  30  33  26  19   0  33   9  21   0  37  43   0   8  30  14  30   0   1  37  31  43  49  13  22  36   0  23  29  49  12  39   0  14  31   0  50   0  20   0   0  23  32  17  19  50  12   9  41  45  37  32  23   0  39  14   0  48  45  10   0  50   0   3  21
   0  44  43   7   6  38   0  27  24  40   0  28  17  17  15  38   0  41  37   0  18  46  41   0  27  29   0  25  30   0  31   0  31  31   2  19   0  23   0  18  17  18  24  41  13  34  47   3  15  11  45   0   0   7  29   9  25   9  36  50  25  28  45   0  38  24  42  17  42   0  34  16   0  27  49  50   9  14  18  48  34   0   4  48   0  39   7  11   0   0   3  44  24   0  28  21  15   9  31  23  44  33  37   0  27  13
  19  45   0  22  46   0  16   4  49  13   0  38   0   0   1  32  18  16   4  20  39  32  37   0  23  18  24  21  19   0  50  48   0  33  21  11  33   0   0  32   3  28   7  43  39  11  23  14  26  28  45   3   0   0  20   0   0  40  38   0   9  38  38   0  42  21   0  41   3   2   0  44  30  14   9  19   0   0  11   0   1   5  22  30  19   0   0  40   0   0  19   1   0   3   0  17  47  15   9  32  49  10   0  27   0
  32  15   0  23   0  49  41  13  48  15  33   0   0  25   0  21  35   7   3  41  20  12  39  44  42  20  25  33  20   5  19   0   4  15   5  34  13   7  49   0   0   9   0   1   0  13   0   0  22  49   0   7   0  44  22  11  49  36  15   0   6   2  19  25  22   6  13  15  50   0   4   5   2  11  44  15  29  20   0   5  21   0  20  42  28   0  16   1  21  44   0   8  18  16  30   0  16  15  25  24  23   0   0   6
  38   0   4   0  18  42  33  46  35  31  38  25   0   8  34   0  34   0   0  46  35  38  43  36  21  36   0   0  49  43   4   6   0   0  48   0  42  32  42  47   7  22   0  29  26   3   0   0  50  26   3   0  34  46  24   0  46   0   4   7   0  18   0   0   0  22   0  41  18   0  20   5  12  11   0   0  19  33   0  32  11  35  38  25   1  48   0  44   9  47  26   0   5   7   0   6   0   6  44  46   0   0  45
  43  38  33   0  42  43   7  21   7   7   2  33  27   0   0  18   0  40   3  47  28   2  36   0   6  36  10  15  13  10  12  35  36  19  43   7   8   6   0   6  12  13   0  11  46   0   0  43  39   0   0   0  13  36  29  41  11   6  42  35   7   0  42  40  39  39   0  12  34   7  17   0  43   0   0   0  20   6  36  29   0  40  45   0  48  40   0  20  31   6   0  31  45   0  30  29  16  31  23  12  37  36
  28  13  14  44  25   2   2  10   0  46   0  50   0  18  23  49  25  45  45   0   9  43  39  27  42   8   9  14  27   0  35   0  27  46  17   3  13  15  40  34  23  14  35   0  39  17  37  49  12  38  29   7  24  42  21   3  23   9   0  25   0  10  37   0  17  47   0  46   0   5  15   1  21  20   0  37  13  49  29  46  33  33   6  46  16   1  23  26  13   8  36  47   0   0  18   2  14  29  40  46  24
   0  50  47  37  49   1  14   0  13  49  43  17  34   2  40   9   0  40   8  20  34   0   0   7   0   0  44  18   0  13  22   1   0  11  14   9   0   0  15  32  43  12   0  49  15  41   0  44   0  49  40   0   0  39  15  27   0  25   2  43   0  33   0   0   0  50  31   1  30   2   0  17   8  34   0  37  43  19  15   0  43  22   0  24  36  48  33  27  25  44  38   7   0  26   8  16  50   0  31   0
   0  50  25  13  14   5  37  33   0   5   5  10  50  16   0   0  18  40   0  37  13  42   0   0  37  29  13   0   0  42  13  30  26   0   0   0  14   2  13   0  49   1  46   0  35  49   0   0  33  10  48   6   0   2   0  18   9  15   3   3   0  48   1   0  25  11   0  26  18   0   1  15  36   9   0   0  50   0   7  28   0   0   0   4  39  47  47  28   0   2  25  13   7   0  39   0  45   0  46
   0  49  18  22  41   0   7   0   0   6  46  25  36  32  32   0   0  17  42   0  22  50   0   0  24   0  32  45   0  20  15   0  45   0  31  10   7  18  33   0  45  14   3   0   0   0  40   0  12  14  28  46  14   0   7   0   0  22   0   0  47  46   0   0  44  28   0  26   0   0   0   2   8   0  24  18   0   0  39   5  29  24   0  41   2  19   0   7   0   5  43  37  23   1  45  43  45   0
   5  47   1  19  25   5  25  45  28   0  37   0  46  38  12   7  35   0  47  17  11  23   0  33   1  43  16  40   0  39   0  38   0  17   0  21   0   1  20   6   0  29  46   0  47  44   7  18  48  34   5   0  24   0   0  24   0   0   0  21   0  10   2  17   0   9   4  29   0  19  10  21  48   0  19   0   0  35   3  47   0  32  37  26   2  28   0   0  14   0   0  27  39   0  13  19   2
   3   0  26   0   1   1   0   0   0   0   0   0  47  34  11  32  35  13   4   0   4  20   0   0   0  21   4  32  17  35  29  34  25   0  20   0  47  11  12   0   4  19  15  15   0  38  33  13   0  22  39  29  33  40   0  10   0   0  21  45  15   7   0   0  11  29   0  40   4  21  50  47  49  45  16   9   6  28  37  13  28  28   0  30  15  22  27  50   6  44   0   2  17  27  14  21
  31  48   5  24  40   0  30  13   0  18  42  27  23  44  29  12  33  23  30  42   0  33  30  45  42   1  31  12  18   4  39  17  15  31  37  35   1  31   0  39  10  10   0   0   6   0  27   0  30  27  13  35  30  21  20  21  36  19  45  35   0  13  44   0   6  30   0   0  23  25   0  23   3  23  11  45  38  10  12  13  21   2  17  33  44   0   0  46  14   0   6  40   0  36  41
   0  42   0  22  18  21  26  39  45  37  50  45  17  37  29  45   7   0  40  48  30  50  38  50  16   0   0   0  41   7   0  38   0   0   0  40   1  30   1   0   0  49   0  34  50  16  50  39   0  43   6   8   3   3   0   0  39  28  49   0  25   0   4  30  19  35  30  49   0   0   1  23  12   0  43  20   0   0   1  24   2  18  21  34   0   1  18   0  27  25  24  31  20   9
  32  27  26  19  26   0   7  17   4   5   0  32  39  46  33  44  43  20   0  34  29   0  28  25   4  34   0  32  45   8  47  38   3  23   0  49  11  50  41  14  43   4   0  17   0  27   0  24   0   7   0  13  13  15  21  37   9  30  13  43   3   0  39   0  23   7   0   5  23  29  45  16   0   6  15   0  47  46   0  40  11   0  23   7  29   0  21   0  15   9   0   0  40
  39  26  34  29  18  14  30   5  48  25  12  43  42  28   0  19  21  27  49  37   3   6  44   1   2   5  42   0   7  18  25   0   1  46  10  15   0   6   5  23  49  31  41  14  39  31   4   0   0  46  34  40  29  12  33  10   0  24   0   0   0  27  50  29  33  40   0  50  19  14  10  29  31  14  33  20   0  44  23   0  18  45   0   1   0  29  48  10  40   0  36  29
  30  31  16   1   7  22  40  26   0  18   7   0   0  25   0  45   2   0   7   0  33   7  42  18  32  11  10   0  37  20   5   0   0  11   7   0   0  35   7  41   7  24  34  29  15  30   3  29  41   0  28   0  31   2  23  22  38  15  16   0   0  25  39  20  27   0  37   1  42   0  39  21  41  26   2  50   0   0  27   0  29   5   0   2  18  23  15  50   0  13   0
  33  17  47   0  21  13  33  50   7  29  29   0  37  45   7  46   0   0  38   2   5  34   7   8   0   0   1   9  33  38  45  38  26   0  47  20  44   2  16   0  24  42   0  47  44  35  19  31   0  45  26   0  49  47  37  31  33  35   8   4  50  39  24  16  35  14   0  42  43  44  11   0   0  44   0  35   1  17  35  22  48   0   8   0   0   5  17  20  23   6
  15  22  27   8  32  15  43   0   0   0  36  19   4   0  38  46  15  12  35   5   0   0  29  12  10   7   0   9  42   0  14   6  20   0   0  13  47  23  18   0  46  22  34   0  24   0  39  19   8  40  33  39  43   7  19  28  43  36   0  26  32  10   0   0  16  33   6   0   3  42   7  47   3  15   0  16   7   0  49  19  25   0   6   4  26  21  47  42  11
   0  30  49  26  26  12  35   5  50   0   0   8  46   0   8  14  41  34  15   8  46   0   6  18   0  39  23  22  14  37  36  48   7  23   0  29  50  46  13   0  48  37  25  40  37  27  46  15  45  49   0  20   5  32  18   0  48  15   4   6   0  14  39   0  32   0  43  13  19  31  46   0   8  43  33   0  15  17  26  29  42  34   0  24  34  32   0   0
  20  26   5  19   9  25  38   6   7  33  14   3  48  10  39  10   0   0   0  36  17  26   6  36  12  24  11  16   4  16   4   0   0   0  31   9  15  46  28  28   0   0   0  38  27   0  14   0  37  36  30  21   0  49  47  18  10   0  30   9   0  15   0  28  17   0  41  30  35  44   0  10   0   0  37   0   0   6  45  19  18  34   0  38  20   4   0
  28  29  22  48   0  25   0  25   7  34  15  33   0  27  37   0   0   0  40   0   0   0  45  44  11  21   0   0  40  49   0  12   0  33  17   0  49  50  35  41   4   0  39  27   0  10  27   1  50   5  22  49  42   2   0  21  22   1   0  39  50  40   0   0  40  10   0  16  12   0  31  26  44   0   0  48  36  37  43  44  18  21  27  40  19   6
   0  44   6  29  36  47  35   6   0  22  36   1  13   0  17   0  13  24   0  31  32  29  16   0   0  15   0  17  42  44  16   8  40  31  30  43  33  30  11  14  24   0   0   0  16  47  28  50  19  13   5   0   0   7   0  13  12   0  24   0  32   8  22   2  29  21   6  45  31  49  27  40  13   0   0  47  22  24   0  20  30  45  10  22  35
  28  47   0  12   0   0   0  25   0  49  34   2   0   0  41   1   9  33   0  35  47  12  37   0  21  41   0  40  48   8   0   2   0  39  47   0  15  49  43  38  41  24  18  49  20  17  49   0   0   0  29  23  30   5   0   6  42  29  44   9  14  12  48  33  47   0  34  28   9   0  32  37  25   0   6  19  38   0  14  43   0   0  26  27
   2  34  35   0  35   0   1   0  48  21   0  48  31   0   0   1  49  46  21   0  24  35   0   0  36  37   0  18  37  48  22  36  29  43   0  30  45  33   6   0   7  13   0   1  35   0  40  29  26  36   6  19   0  40  44   0   1  31  48  36   1  40   0  32   0  27  19   0   9  34  48  44  50  22   9  27   0  32  17  26   0   6  29
   0   0   0  24  41  19   1  47  24  16  30   0  26   0  20   5  50   0   0   0  19  14  19  48  49  34   1  33  18   2  16  30   0   7  25   0  37   0  27   0  19  41  16  12  20  45   6   0  12  34  27   0  12  11  36  12   9  37  34  41  10   0  42  15   0  31  13  30  41  32   0   3   0   5  41  46  14   9  26  26   0  40
  42  29  35  50  28   0   2   0  34   6  18  46   0   1   0   1   1  43  16  12  24  13  16  31   7   0  25  10  21  12  49   0  37   0  40   0   0  50  41   7   0   0   0  47  48   0  18  49   0  38   0  28  11  25   3   9  39  15   4  35  10  32   0  33  12  18   0   0  13   0   0  25  19  37  10  19  48  28  30  25   0
   0   0  48  35  20   0   0  28   0   0   0  14   2  23  37  28   0   2  19  29  20  12  47  10   0   2   8   0  33  19  35  36  19  20   0   0  27   7  40   9  45  19  32   6  27  25  40  37   0   0  48  19  45   0  49  32   0  18   0   0  38  11  14  23  15  12   0   0   0  12  26   0  20  37   0  16   0   0  26  23
  36  37  24  26   0   9   6  23   0  28  39   0  49  18   7   0  47  36  10  28  24  31  37  23   9  15   0  18  17  18  16  28   4  14  36  18  41   0  48  48   5   0  21  49   0  28   4  50   0   4   0   0  49  17   0   0   5   4  48  34  27  24  29  17  14  10  11   0  16  48   0  49  29   6   1  50   0   0  29
   0   0  22  41  14   0   5  43   0  23   0  42   0  29  36   0   3   0  21   5   0  47   0  44  30  26  42  32  29   1  21  43  33   0  22   0   8  40  23   0  28  49  34  34  19  18   0  46  18  13   5  18  38   0  44  18  44   0  45  46  27   0   0  11   2  48  34   8  17   0   0  49  43  18  46   2  22  48
   0  33   0  50   0  29   0   0  23  18  37   0   1   3   9   0  19  13   0  20  27  37   0   7  26   0  27   7  20  22  12  44  22  39  41  21   0   0  41   0   0   0   0  12   8   5   0  31  37   0  39  34  46   0  32   0   2  28  32  20  21   0   0  40   9   2  50  17  26   0  46   0  18   0  15   5  10
   7   0   7  10   0  48  44  46   1   0  48   0  50   0   8   0  22  22  31  41   0  20  48  38  49   4   0  35  27   6  41   0  34   9  45   0  34  48  38  12   0  14   9   7  45   2  50   2   0  32  26   0  50   0  24   0  16   0  39   0   9  43   0  47   2  13  27  48  30   0  22  38  24   0  21  32
  49   0  45   7   0  26   0  47   0  32  22   5  30   0   8   0  28  18  44   0   4  36  27  37  46   3  50   0  35  23  21   1  31   0  17  26  40  39  23   0  18  20  16  18  19   5  22   0  30  44  39   0  50   0   0  17   0  19   0  40   0  29   0  16   0  42  33  40  41   3  16  44  41   0   0
  28   0  12   2  45  12  40   0  41   0  30  50   0  23  17  24  43   6  23  36  30   9   4  17  26  29  12   5   0  16   9  24  28  25  28   4  27  20  18  48  16  24   0  23  29  49   3   0   3   0  34  26   0   0   4  12  14  43   1  47  46  10  27  30  19   0  35   0   6  44   0  28  39  20
  39  41  15  24  15   8  18   9  34   0  41   0  49   0  43  32  41  16  35  19  13   7  41  50   0  23   0  28   7  34   0  38   0  43   0   0   0  19   8  21   6  17  33   0  50   0   4  28   2   1  41   2  19   2   0  24  20  10   0   0   0   8  40  16   0   4  31  16  50   6   4   2   0
  23  44  29  13  12   7  29  23  31   0   0   0  46  33  33  21  12  10   3   0   4  40  23  38  21  14  20   0  31  42   1  39   0  41   0  46  49  43   0   9  37  48  20  31   6  47   0  44   4  45   0  15  44  32   0  42  26   5  13  28   2  29   0  25   4   1  27  23  47  11  42  24
  35  38  25  45   0  27  30   3  15   6   0  49  19  15  16   7  23   0  40   0  44  25  24  35   6  23  43   0  27  24   3   3   0  39   9  11  18  29  13  37   5   0   0   1   0   4  28   0   0   0  33  17  19  14  22   6   8  10  27  23  35  13   8   5   0   0  20  15   0   0   0
  22  47  44  27  46   0  43   0  33  39  10  20   0   0  49  14  24   9  48  27  48   8  34  16   0   0  15  29  22  11   0   0  25  29  15  12   0  43  31   3  38  26  26   6  49   0  23  25   4  22  35  11  23  19   0   0   2   9  36   0   0   6   0  48   0  48  15  28  47   1
   0   0   0   0  39  13   8   2   0   0  41  37   0  48  30  17  43  18  14  13   0   9  19   0  14  30   0   1  39  33   0  23  38   9  12  15  37  26  46   0  34  35   0   0  17   0  26   0  34   2  10   0  17  48  31   6   0  21  23   0  11  21   0  43  47   0  12  44  48
  15   0   0  22   0   0   0  11   7  49  46  50  28   1  20  30  36  28   0  18   0  33   0  11   0  27   0  11  24  20   0  34  37   0  31  49   4  32  10   3  37  32   0   0  26   1   0  25   9  41   0  18  23   0   0   0  21  18  22   0  48   7  17   0  36   0  30  42
   0   7   0  47   0   4   0   1  38  40   0   0   1  32  36  16  40  46  17  22  37  15   0   0  13   0   8  15  31   4  23   0   4  48  48   0  29  50  14   6  19   0   5  11  31  41   4  44  18   0  32  18  40   0   4  20  19  29  49  13   0  36  29  47   4   2  33
   4   7  26  34   0   4   1  31   0   0  28   0   2  45  24  21  14  46   0   4  15   0  47  11  41  40   0  18  45   0  45  34  39  47   0  41  48   8   0   0   0   0   4  22  26  25  42   0  31  15  48   0   0   0  46   0  23  49   0  42  39   5  30  44   0  18
  35  25  48  41   0  50   0  38  27  44  34  19  43  20  13  33  10   0   0  29  38   0   5  42  26   0   9  14   3   0  17  42   4  24   0   0  15  45  37  42   0   0  13   7  39  49   0   0  48  43  26  20   0   7   0   0  32  22   0  32   0   9   3  32  15
   0  44  38  15  31  33  42  33  22  14  26  23  31  39   0   6   4   9   0  31   0  30  41   0  42  39  19  34  26   0   0  46  24   0  13  14   0  26   5  21  18   6   0  32   0   9  29  10  21  21   7  10  10  28  11  15  39  41  39   0   0   0  36  29
  18  12  40  45  10   0  22  19  14  21  10  14   9  26  42   4  15   9  36   0  16   3  10  45   1   0  33  27  15  33  23  11  13  45  19  47  11  18  33   0   1  15  30  37  42  15   0  22  16  30  32   0  42  42   0   0  42  10   0  22  47   9   0
   5  47   6   0  33   0  10  45   2  43   0   0   0  47   0  36   9  33   0  24  11   2  24  34   0  40  34   0  41  30   0  14  28  27  15   0  49  33  20  36  46  19  29   0  46  11  42  44  39  14  49   0   8   6   0  19  46  35  46  36  46   1
  30   7  27  47  17  25  19  18  30  12  47   0  25  44  50   0   0  35  50   0  12  32  26  48  15  46  36  11   0   0   5  37  30  14   9  45  10   9  21   1  45  22   0   0  24   5   7   4  26  22  27   0   0  26   0  20   0   0  33  21   0
   0  31   6   0  22   0   0  34  40   0  18   0  45   0  20   5  38   0   0  29   0   0   2   0   0  26   1  39  15  44   5  28   0  25  15  21  33  36  17   0   0   0  45   7  12   0  47   0   0   0  29  11   0  10  16  46  35  18  12  13
   0  49   0  35   0   8  26  27  50   0  30  27   0   0  33  16  24   0  28  12   0   0  11   0  44  50   4   5   0   0  11  49   0  50   0   0   0   1  32   8  29   8   7   6   0  21  19  49  41  37  44  26   0   2   1  34   0   0  50
  28  38  40  23  45  41  39  36  28   0  11  40   0   4  37  39  31   0  12   5   4  29   6   0  27  14  16  22  36  15   0   0  46  44  33  45  16  45  14  24   7  28  46  14   0  43  46  46   2   2   0  46   5   2   0   0   0  33
  27  13  24   0   0   0   0   0   0  19   0  29   0  38  22  39   0  20  40   0  21  38  29  19  41   7  16   1   4   8  27   0  26   0  24   0  19   0   0  25  40   0  43  29  29  11  25   0  50  20  19  39  10  25   0  48  14
  20  46  29  44   0  27   5  15   0  10  47  44  27   0  19  47  48  15  39  22  32  38  33   6  13  36   4  25  32   4  44  46   0  16   3  33  41   0  17  29  26  23  43  30   0  25   0  44  18   7  50  49  37   0  27   8
  41  33  50  18  46  46  43   0   0  35  19  28  28  33   0  47   1  22  45  22  19  40  37  31  45   0  44  40   0  40  31  13  50  48   3  27   0  19  47   0  32   0  20  39   9  33   0  21  36  34   0   0  25   0   3
   0   5  37  21   0   0  36   0  12  39  41  22  20  21   2   6   0  14  34   0   4   0   6  49  14   0  26   0   0  32  34   0  40  31  42  48  15  38   2   0  15   0  32   0  46   0   5  47  49   0  20  40  13   0
  17   1   0   4   0  32  44  46   9  28   0   3   0   6  36  17  30  22  28   8   0   9  33   0   0   0  28  45  33   0  35  27   0  41  16  15   0  16  12  28  45   6  10  30  23   7  14   0  21  43  30  14  45
  39   0   0   0  27   0   0   0   0   0   8   0  45   0  17  31  46  25   2  40  42   0  29  23   8   0   5  50   0   9  36   5   0  46  29  24  15  45  29  13   6   0   0  27  22  10   0   0   0   0  30   0
   8  16  48  10   0   0  11  32   0   0   0  46   0   5   5  36   0   0   0   4   6   0  50  36  40   0   0   0  26  32   8  46  18   0  31   0  18   0  37  13  20  14   0   1   0  41  24  38  38  19   0
  27  22   0   5  33  31  23  50  32  36   0   0   0   2   3  24   7   0  31  32   2   0  31  34   0  34  38  46   0  38  27   3  42  29  11  12  39   0  27  36   0  49   4   0  19  37  14  40   5  48
  22  34   0  45  46  34   0   0  27   0  25  13  28  21  17  18  22  28  31   7  47  49  10  32   0  19  30  42   0  27  29  37   8  45  29   0   2  29  39   3  22   2   0  16   0   0  20  27   0
  12  40   0  39  15   0   2  35   0   0   9   9  17  11  19   0   6  15  25   2   8  39  10  45  14  18   0   0   0   0   2  27  32   6   0  36  49   9  31  46  11   0   0  20  41   0   9  38
   2  32   7  48  36  31  28   3  24  48   0   8   0  37  31  15  48  28  35  13   0  27   0   1  21   7  45   1  46   3   0  35   0  26   0  43   3  20  34   0  43  43   0  11  25  19  20
  29   0  39   0   0  20  38   1   0   9  20  29   0  24   0   0   0   0  37   9  36  41   7  41  14  46  47   0   9  48  43   0  49  27  36  38  43  21   7  20  37   0  10  36  49   0
   1   0  36   0   6   0   0  21  43   9  36  37   9  23  49  44  14  16   3  38   0   0  13  43  19   0  25   0   8  20  27  24  21   0   0  20   0  24  14   0   1  29  41  23   0
   0   5  50  35   0  35  38  36  14  19   3   0  42  48  46  24  25  40  29   3  28   0  30   0  38  39  44  38   2  37   0  46  33   8   2  43   9  31  30  35  11  49  12  27
  29  43   4  48  19   0   0  18   4  33   0  33   0  10  40  49  45  12   8   0  16  46  29   0  37  10  38  38  49  42  44   0   0  20  12   1   0  42  24  41   0   0  10
  39   0   0   0   0  15  21   4  28  42  39   0  23   0   0   0   0   3  11  35   4   0  38   0  32  12   0  31  37  12  34   0   0  38  45   0  13   0  29  45  18  37
  38   0  44  49   0  13  10   0  18   0  25  24  34  48  19  37   0  50  49  19  25  20   2   3  25  36  41  17  45   0  21  41   7  31  34  24   0   3  27  11  27
   0  30  17   9   0   0  49   0  50   0   0   7  12  41   5  33   8  28  45  15  50  31  49  20   0   0   2  22  22   0  24  29   7  11   0  14   4  36  30   0
  46  35   3  45  34  31   0  40  41  45  49  45  49   0   0  21  30   0  15   0  26   0  38  40   7   4  49   7  22   0  44  34   3  24   0  46   9  17   0
  32  28   6   0  32  39  50  13  39  37  24  45  10  29  26  18  31   5  31   0  15   0   7  30   0  26  35   0  36  50  43  48   0  42  29  14   4   0
  19  14  23  35   4   0  32  38   5   0  50  14   0  45  36  45  32  34   4  31  48   0  40  24   0  44   0  23  38   4  30  25  13  35  27   6  15
  19  20  41  18  49  13  23  28   4  27  46   2  42   8  16  50  21   0  28   3  40  21  49   5  29   2  40   0   0  20  42  17   0  27  33  35
   0  46  22  43  20   0   0  34   3  30  44  13  11   0   9  16  34   7   0  29  14  14  30  12  21  35  49  40  42  45   0   0  39  45   7
   9   1   0  19  23  13  19  26  37  35  13  45   0  36  37  19  46   0   3  17  24  48  31  44   0  19  14  33   0  28  21  35   5   0
  14  41  32  28  36  27  20  11  48  45  46  26   0   0  18   4  32   0  33  29  49   0  46  20   0   0  42  18   0   0  48  33   0
   2   0  25  11   0  34  11   3  35   4   0   9  18  31  11   0   1  13   0  21   0  50  45   0  37   0  20   0  24  26  34  14
  21   0   0  48   0   0   0   0   4  12   0   6   2  42  27  38  45  38  18   0   4  34   0  20  44  23   0   9  37   1   2
   0  13   3  36   0   0  33  16   0  38  21   0   0  27  30  15  44  21  27  16  15   0  22  27  11  31   6   0   6  26
  18  43   0  23  45  24   5  15  49  38  16  23  39   0  29  10   0  20  41  21   8   0  42  32   0  33  43  20  24
   6  32  28  16   0  25  48   0  40   0  45  31  24  15   0  28  39   7  49  42  26  13   6   0   0  49   6   6
  22  23  46  35  28   0  36  40  45  29   5   4  27   0   0  11  25   7  32  45  35  13  39  48  45   0   0
  36   2  44  21  27  29  40  35  15   0  45   7  28   0   4   0  38   9   0  28  10   0   0   0  29  44
   9  16   0  30   0   6  38  15  48  46  31   4   0  20  29  47   6   1   0  19  47  25   0  19   0
  24  28  50   0   0  16  46   0  35  21  50  28  15   7  30   0   0   0   0   0   0  28  22  31
  11   7  49   0  29  13  16  36   4  40  49  49   0  11  21   6  33  29  38  13  32  50  45
  31   3  26  34  31  12   6   1  30  17  32  30   4  40  34   6   1  21  12  43   0   0
   8  45  41  45  10   1   0  18   7   0   2   1  37  14  12  14   0  46   0   0   4
  16  39  47   7   0  36  10  25  50   0  48  46  10   0  38  10   0  20  44  47
  29  34   0  27  16  23  32  37   0   0  29  23  48  25   0  11   0   2  13
   1  38   0  20   5  40   0  37  18   3   7  46  28  25  23  49  21  36
   7   0   0  50  15  41   0   2   0   0   1   3  37  35  32  32   1
  34  11   0  33  17  41   6   0   0  22   2   3  49   1  37   9
   8  27   0  32  43  39  50  26  22   1  31   0  41  40  35
   0   0   0   0  22  47  45  33  44  44   0  48   7  21
   0   5   3  24  49  12  45  18   0  34   1  39  17
   0  32   0  28   2  48  29   5  23  43  29  29
   4  26  44  20  15   0  23   5   0   8   0
   0  34  31  37   4   6  17   5   0   7
   7   0  39   6   0  49  48  36  42
  23  30  50  18   6   7  48  40
   0  27   0  30   0   2   0
   0  29  24  18   4  32
  40   7  44   0  39
  10  12   0  43
  43  43   3
  12  44
  49

 1795
  13   8   2  11  23  11  20  10   9  15   2  12  22   3  15  21  16  21   9  14  16  12  15  25  11  15  22  10  14  18   4   4  21   5   3  23   1   5   4  15  12  11  24  16   6   7  11  11   6  11  20   5  21   3  13  17  11   7  16  10  16   7   8  20  24  20  23   3  14  19  20   5   3  23  24   2  13  14  11  13  12  24  25  16  21   9  18  24  15  19  12  10  12  12  21  18  22  13   7   5  13  22  10   2  25  22  17  18  19  16  17   5   3   4   7   8  22  20   5   6  12  20  18  23  10  10  15  11   2   8  15   9  10  17   7   7   1   2  19  24  17   1  19  21  22   3  13  19  15   1   8  18  12  17  23  20  24   6   4  19

