 160 
  40  39   7  27  28  18  15  12  50  34  47  41   7  39   8  25  42  31  40  40  13  38  12  14  49   2  12   1  45  24  16   5   8  13  40  13  42  33  20  12  22   9  41  21  20  44  17  47  35   6  14   3  20   8  35  19   2  39  35  13  33  23  45  29  48  49  20   6   9  21  13  16  32  26  32  26  43  35  15  11  50  21  50  44  23   6   6  23  29  45  32  46  44  47   1  48  18  33  41  11  33  39  42  28  10  11  24  36  46  12  21  44  36  46  30  30  14  42  46  30  43   2   6  40  21  12  40  46  46  15  29  36  45  15   4   6  49  35  22  19  32  48  34  32  13  40  14  36  34  43   7  34  29  46   3   1  10   6  20  36
  18  15  17  13  39  39  43  36  44  46   2  49  48  47  18   6  34  11  34  31   1  50  42   4  42  39  42  37  40  37  10  11  29  32  34  16   7   8   5  33  47   9  37  25  22  23  38  39  21  50  10  48  31   6   3  34  34  18  10   6  16  38  46   3  45  42  15   2  27  12  45  25   6  39  43   3  11  31  25  41  26  46   5  31   4  46  27  32  23  30   5  28  34  22  12  48  38  12  23   3  30  46  32  15  31  32  10  37  48  18  45  23  50  40  50  30  34  13   5  19  48   7  11  44  38  41  17  15  15  15  46  21  40  49   6  38   3  30  25   1  42  10  43   8  35  24  12  12  26  47   4   8  23  13  23  19  15  22  33
  29  32  26  24  46  23  25  24  40  45  42  38  15  47  50  33   1  16  28  23  14  50  35  27  18  22  22  21  42  32  26   5  41   5  46   5   4  40  39  41  48  19  39  29   3  15  45  49  44  48  15  16  48  26  41   9  23  29  24  35   6  21  19  32  45  28   1  10   9  34  29   9  27  36  40  36  30  32  30  21  28   1  15   8   7  14  37  44  41  35  40  39  44  40  17  21   6   1  47  30  30  49  13  21  12  35   2  14   4  30   9  27  37  17  41  23   8  39  13  43   7   5  33  36  34  30  30   5  39  21  35  46   1  38  15  39  30   8  19   9  36  18  18  22  33   7  20  10  45  36  21  19  50  12  47  23  15   9
  45   7  47  46  50  33  11  11   5   6  15   8   1   1  19  15  34  39  20  29  24  44  19  45  24   8  18  17  10  14  44  19  10  14  49  18  26  26  22  42   7  23  38  40  38  28  33  40  11  29  23  36  47  45  11  10  32  33  43   3  45  18  20   2  29   5  14  35  25  44   8  47  48  21  25  47   3  35  48  17  46  23  41  47   8  43  22  25  18  16  31  12  21  33  41  22  35  46  39  17  23  31  38  47  38   3  40  40  42  42  37  43  16  15  12  18  43  16   8  19  42  32  21   3  39  31  45   9   6  43  29  16  30   1   5  41  11   5  14  23  48  17  26  37  46  32  15   5   4  27  24   4   7   6  27  23   9
  16  37  49  29  37   6  25  12  49  26   5  39  25  20  13   6  40   4  42   1  39  22  19  21  23  23  49   2  42  43  29  31  34   7  40  34  27  24  29  28  19  35  29   4  11  41  42  20  24  17  33  32  41  49  27  12  21  44  23  26  12  34   5  45  23  32  47  39  33  39  26  40  13  29  36  10  34  30   6  16   5  38  36  30  33  34  31  47  40  19  36   7   9  29  49   3  45  21  15  38   2  27  29  42  21  21   3  33  18  35  29  20  27  26  34  12  46  13  31  20  37  46  12   3   9   9   1  31  30  17   3  23  34   1   4  21  33  24   6  37  15  47   8  12   8  45  50  41  39   6  23   9  39  38  25  12
  18  20  46  10  42  32   8  50  16   9  26  32  18  17   4  34   9   9  40  37  21  42  47   7   4  19  28  42  31  48  45  31  34  37  34  36  41  38  41   5  39  14  14   9  30  49  31  33  10  47  20  34   5   2  42  34   5  26  24  26  35  35   4  11  20  32  16  25  25   9   7  43  24   8  48  49   6   1   9  50  27   9  41  31  44  10  47   5  20  10  28   7  29  30  15  14  49  23  29  11   5  42  22  25   2  31  24  30  24  22  36   3   7  42  21  18  42  45  35  12  30  25  22  21   4  25  48   9  10  28  19  25  42  34  23   4  13  37  34  15  29  17  34   9  37  36  45  46  35  45  50  44  35  29  39
  10  30  49   9  11   9   4  16   9  32  42  39  43   6  27  41  31  39  36  20   1   1  40  20  34  27   4  27  31  44  18  48  32  19  18  42  12  33  24   5  10  45  47  16   1  18  47   5  31   3  18  18  34  19  27  19   8  21  22   2  39  33   6  30  19  10  11  31  49  22  17  29  47   3   6  35  40  25   4  36  46   2  15  46  13  29  17  42  21  47  49   8  36  20  35  12  18  32  34  38  18  31   4  41  10  42  31  48  23  17  35  45  35   4  43  36  29   4  33   9  34  40   7  25  17  38  29  44  48  50  46  13  21  17  20   1  19  11  17  23  13  43  14  19  32  33  39   5  25   2  43  35  47  24
  26  32  27  45   6  40  41  46  48   8  15  29   4   6  10  39  12  43  12   8  44  40  20  23  24  29  17  22  31  37  10  43  24  31  11  41   5  32   9  47  44  46   7  10  46  11  16  45  20  34  24  49  42   9   2  14  15  41  14  45  46  43   2  31   4  25   9  24  20  46  41  23  34  39  41  17  18   6  17  36  22  21  37  39  22  14  23  15  19  13  15  12  29  11  24  39   8  16  19  46  47  28  31  49  30  47   4  42  24  30  45  50  36  22  40  14  46  25  27  46   2  36  48  30  44  37  12  49   4  24  32  26  16  26  29  19  20  28  26  14  30  32   8  17  10  24  15  50  34  29   6  49  17
  28  24  27  32   1   6  25  16  34  11  22  37   7  14  46  30  33  38  43  27  24  10  36  13  49  10  44  35  23   9  30  25  26  19  14  48   9  29  29  36  32  41  39   8  19  25  12  27  36   1   6  21   9  14  39  12  32  21  30  15  36  13  31  15  10   8  27  26   3  48  23  23  13  11  18  20  30  19  28   4   1  50  27   4  19  44  10  15   2  32  28   7  12  42  39   6  15  41  50  35  44   6  21   8  27  42  44  35   5   9  24  25  50  23  45  36  15  25   1  18  33  12  33   8  34  16  37  43   9  47  38  29  30  35  39  33  24  45   8  39  41  36  41  36   9  30  19  24   8  13  10  13
  22  22   5   5  33   3   7  17  12  41  11  30  30  40  22  50  35  28  26  27  19  49  48  29   8  36  23  45  30  26  31  11  41  46  13   6   5  49   1  28  46   8  16  29  47  46   3  36  19  32  23  24   6  43  42  18  43  12  26   5  37  12  15  34  47   6  41  18   6  46  34  11  32  48  32   1  38  11  50  33  40  45  41  30  34  12  48  48  40  27   5  16  39  27  44  20   1  18  28  29   7  11   3  47  23   3  36   3  18  40  18   9  32  11  46  23  42  49  31  31  15  43  20  26  10  47  23  10  45   4  26  23  32  28  13   5  11   1  35  17  15  50  29  25  17  25  20  47   1  26  22
  25  21  28  50  30  44  23  29  39  19  44  36  40  14  49  41  41  31  28   9  10  22  19  37   8  19  32  44  47  31  27  29  34  43   2  22  12  10  35   2  46  27   5   2  33  24   2  45  35  14  29  27  27   3  39  48  13  35  27  11  44  17  10  13  47  29  31  22  24  31  15  50  10   1   3   9  10  29  32  42   7  38  26  46  24  41  49  31   7   2  21  16  19   2  25  11  31   3  28   5  36  32  43  27  25   8   5  17  16  44  40  48  16  45  46  34  35  12  25  14  14  25   9  19  10   6  11  13  32  26  36  17  18  26  25  11  50  48  48  33   1  31  33   4   1  16   1  46  24   9
  44   6  18  14  31  42  12  48  36   4  32   1  27  23  19  16  15  46  19   7  48  30   5  50   5  34  23  38  26  17  36  13  39  49  26  31  43  26  46   8   8  33  16   4  24  35  42  28  27   3  47  39  49  42   7   5  30   1  32  28  32  17  13   8  41  27  28  43  32  30  39  37   8  48   7  30  19  16  25  22   9  30  14  18  19   5  35  43  32  38  45  45   2  17  27  26   1  50  27  28  48  20  19  43  40  48   1  32  32  48  27  25  39  19  39  42  17  18  50  15  24  47  43  14   1  11  39  21  16  35  11  36  14  23   7   1   6  35  43  22  32  29  32   4  15  18   4  49  10
  30   7  41  12   6  41  47  21   7  21  29  19  40  17  18  41   7   5  34  30   1  11  44  27  37  37  40  39  10  24  29  35  50  20  13   7  50  17  17  47  41  49  22  16  37  46  31  28  25  47  23  34  27  14  17  45  41  18  36  15  50  36  15  13  37  47   7   6  18  15  34  24  27  42  13   7  19  13  13  28  47  42  11  33  19   7  25   4   6  46  28  21  23  18   2  16  28   4  15   1  31   9  20  20  34  18   5  49  46  43  49  37  47  11  31  35  10  39  33  44  31  32  34  21  42  40  40  25  37   1  35  28  23  46  28  23   2  20  17  48  32  19   1  39  39  29  47  46
  50  35  21  17  32  49  10  12  41  50  48  20  46  43  18   2  39  37  30   4  24  39   3  34  22  18  10  45   3   7  43  50  45   9  38  33  45  47  15  15  28  37  26  40  16  15  47   9  40  16  28   6  19  28  50  37  49  25  37   7  39   3  24  33  39  15  26  45  34  30  49  37  23  14  41  30  22  10  24  14  48   6  10  35  43   3  27  25  13  45  13  43   2  33  49  39  35   7  43  11  12   9  46   2  36  20  27  44  46   9  17  29  37  23  23  33  27  19  33  17  38  35  19   1  44  42  46  35  22  33  22   1  36  25  39  13  36  48   4  42   3  31  50  11  14   1  24
  18  32  13  10  26  30  29  46   4  38   4   2  38  44  35  36   6  32   5  17  10  24  18  43  46  10  12  27  40  11  27  43  17  14   9  14   7  27  47  19  10   1  35  42  16  25  12   1   4  28   4  43  11   2  41   6   9  23  43  19  12  50  48  33   5  46  20   9  31  22  23  45  30  13  22  46   4  46  23  22   2  20  24   1  17  17  14  28  33  47  17   4  13  14  43   1  15   7  41  22  40  48  44  22  37  35  21  44  48  24  18  41  29  32  16  45  16  25  36  47  14  37  27   2  10  36  14  19   3  25  49  19   9  20  16  35   3  25  49  45  24  48  31  17  36  27
  33  21  38  14   5  23  20   7  17  47   6  42   9  37  20   1  26   3  23  17   8  22  46  42  11  50   3  44  14  17  14  48  31  28  22  25   5  43  15  41   1  50  17  21  16   4  29  11  45   4  48  22  16  42   5  17  14  26  27   1   4  43  13   4  23  40  49  48   3   7  33   6  38  10  46  28  40  48  32  35  43  35  14  26   5   8  32  14  32  45   7   7  24  18  40   2  12  37  45   5  21  28  13   7  26  33   7  15  25  45   1   2  16  22   5   2  18  35  23  10  35  31  29  23  15  44  22   8  29   7   4  17  26   4  19   7   7   7   1  44   9  40   8   5  37
  35   9  31  33  18  24  42  23  41  38   2   4  40  49  39  39  30  43  19  39  29  13  21  23  10  15  36  25  41  48  33  14   6  25  14  46  13  39  44  33   7  21  18  15   5  10  41  47  17  15  41  29   3  35  33  23  47   3  45  33  25  11  24   7  17  37  48  41  44  21  30  23  12  46  12  47   7  12  12  20  25  48  50  32  26  33  31  33   3  33   8  22  48  22  50  27   3  38   3  15  43   6  41   5  10  28  39   6  50  32  45  25  33  27  38   2   9  21  27  25  26  43  29  16  24  21  19  50  10   2  27  43  19  16  10  15  27  47  25  26  39  48   2  23
  16  44  40  36   3  49   5   9  10   5   8  28  16  36  34   6   5  21  38   2   1   4   8  43  31  21  34  40   1  15  28  26  32  36  40   7  47   6  46  28  35  30   7  32   5  10  31  19  49  39   5  22  11   6   7  29   3  38  13  28  20  48   7   3  11  50  23   4  14  48  27  40  21  23  45  39  27  39  26  47   4  50   2  26  13   3  38  22  30  13  34  50  29  12  24  26  40   3   5  33   4  35   1  18  25  17  48  13  11  21  42  43  48  42  14   5  12  10  36  43  36  39   8  46  29  48   7  34  45  37   4  29  38  44  41  29   4  46  11  36  10  33   2
  24   3  16  32  41  29  45   6  41  50   7  11  50  13  32  13  12  38  16  16  44  15  46  41  12  43  44  19  13  26  25  44   6  16  10  32  17  26  27  38  28   3  18  49  41  21  18   2  32  13  47  45   6  18   9  16  20  19   1   9  48  50   8  26  44  26  25  49   6  26  29  32  40  42  36  32  33  43  28  50  18  32  24  35  29  32  20  17  43  19  10   9  13   7   6  48  23   6  44  30  26  46  39  38  34  25  46  33  24  28  24  28  44  18  26  31  40  45  18   6  30  29   6   1  16  30  38  36  10  25  46  13  17  20  30  47  23  49  29  45  47   6
  15  47  31  43  39  15  35  38  18  34  36  21  26  40  50  30  35  40  41  38  16  18  25  18  35  34  27  25  26  42  28  28  31  50  32   1  34  24  21   9  32  45  37  13  20  19  18   5  46  47  15   8  23  19  11  49  30   9  39  45   2  46   3  39   9  44  34  38  18  29   9  32  12  12   1  16  47  12  27  28  47  31   5  40   8  21  36  27   9  36  28  19  38  40  45  46  32  49  13  48  27  32  29   7   9  18  37  37  47  38  46  20  15  44  29  20   9   3  11  23   3  35  14  16  11  45  39  11  11  27  13   2   5  14  50  12  35   9  44  15  15
  28  17  49   5  33   5   8  39  36  39   8  20  19  34  14  14  25  48  46  29  16  19  45  37   7  15  16  47  13  25   2  10  38   6  24  29   9  24  37  48  24  29  50  31  10  44   6  14   6   1  49   9  21  15  26  43  14   8  31  46  49  32  14  43   7  19  19  26  33  48  20   5  36  38  26  33  29  33  37   9  21  13  17  12  15  22  26  42   2  33  16  10  18  24  44  38  10  21  37  48  34  39  21   7  47  38  28  12   3  28  41  18  38  31  40  32  44  33  24  16  43  34  22  49   9  18  38  12  29  27  31  35  23  41  25  26  43  21  42  22
   8  20  35  30  26   9   8  24  34  42  34   3  12   8  41  44  49  27  50  39  48  24  16  48  33   7  20  27  11  10  46  50  43  15  42  22  15  28  18  28  27  28  25  14  45  42  16  26  31  15   8  34  14  27  28  27   4   1  22  11  33  20   5   2  20   8  22  23   7  26  45  49  26   7  46  43  35  40  18  26   2  17  15  43   4  25  40  23  34  24  10  38  31  13  35  14  32  29  30   5   5  24  19  11   5   5  10  28  46  17   8  27   2  16  20  50  20   3   6  24  37  44  40  36   1  19   6  48  36   6  13  45  28  31  44  41   6   2  27
  32  13  18  32  36  34   5  34  36  14  20  25  37  20  49  34  47  33  13  11   4  11  14  18  39   9  37  48  14  39  41   2   6  33  45  12  38  23  12  17  49  40  31  45  25  15  31  30  23  26  34  32  25  26  20  48  18  31  29  47  11  30  37  25  35  31  37  11  33  41  43   9   6  26  24  19  22   9  47  35  25  20  17   3  45  44  25  21  38   2   9  23  34  13  25  46  50  49   1  15  41   6  44  17   7  50  40  43   8  23  31  33  50   5   4   3  30  31   1  25  34  48  24  33  36  38  41  19  47  31  27  49  39  48  24  45  23   5
   7  20  35   2  47  23   4  36  44  29  12  38  32  20  37  20  10  19  24  21   9  48  17   1  24  25  38  37  30  16  24  45  24   9   1  11  38  18  32  31  30  44   4  34  11  27  25   3  37  45   1  18  25  50  12  42  35  11   1  42  37  30  33  48  22  49   3  47  50  36  24  43  15   4  32  44  17  41  47  16  27  23   2  26  31  14  46  27  42   2  27  35   4  30  39  31  43  42  35  34  14  16   2  13  31  15  30   6  38   3  20   5  37  31  27  29  21  29  11  37  39  33  10  50  14  15  22  11  25  31  29  13   2  37  25  29  13
  29  26  44  42  22  17  44  37  25  30  10  41  15   5   9  15  10  49  19  12  29  34  25   2  42   5  13  35  12   1  13  35  15  37   4  23  16  15  31   5  22  21  21   9  23  40  43  47   1  14  34   6  47  36  38  49  22   8  33  34  40  28  42  14  16  44  42  14  48  29  43  27  19  38  45   3  46  26  15  20   9  14  50  14  35  49  40  32  26  21  46  27  47   8  17  48  21  45  13   2  17  39  18   3  12  44  28  20   6   1  35   2  44  20   9   1  39  49   7  39  10  21  29   4  40  15  37   2  18   2  24  12  20  16  10  31
  24  38  40  47  35  12  15   1   4  38  23  22  43  42  26  19  19  16  39  15  33  48  48  37  40  41  27  14  40   9  21  12   3  13   1  21  18  23  47  38   4  25  31  37  17   9   6   7  46  32   8  16  41  43  27   2  15  43  27  30  39   7  29  47  20  48   3  29  16   4  14  36  23  35   1  30  31  50  22   9  29   1  23  37  44  48  46  46   5  12  44  17  28  36  30  29  15  35  34  19  22  10  12  38  20  19  15  45  34  33   5   9  25   3  38  39  50  10  18  34  18  17   5  11   4  35  17  48  12  10  25  40   9  15  46
   7  44  12   3  15  50   5  41  17  33  22  26  39  43   6   2  28  10  32  25   3  23   3  47   9   6   9  24  29   8   7  42   4  33  10  34  20  47  30  33  33   1  34  27   8  43  28  35   2  27  33  14  47   4  35  26  33  46  32  36  24  18  22  17  36  33  30  39  35  24  31   9  26  32  41  32  10  49  47  12  25   8  23  40  17  37  46   3  33  40  49  35   1  13   7   3   1  47  32   8   3  24   5   3  31  22  32  37  30   9  37  30  14  16  31  50  26   6  44  19   2  11  33  32  13   7  50  13  18  10  18  16  12  27
  18  10  48  12  17  14   8  11  40  47  41   6  11  42   6  38  29  17  43  19  39  21  23  42  10   2   7  21  11  46   6  13   3   1  29  50  15  41  27  42  47  16   1   9  11  24  29  22   9  32  32  45  30  24  15  44  41   3   2  18  50  39  39   6   1  25  21  23  28  28   5  30  21  45  47   4  32  10  41  49  14  50  17  29  27   9  36  19  46  30  29  30   3   4   3  24  17  16  40  10  35   3  48  29  32   4  38  38  25  10  17   8  48  15  10  41  34  21  22  24  42  43  40  19  16  38  25  17  10   1  45  42  36
  49   6   8  41   8  29  33  50  28  31  33   4   4   7  41   8  37   8  50   9  14   2  32  38  22  35  34   9  11   2  33  22  43  35  16  35  14  15   2  35  30   6  11  12  25  42  33  31  25  25   1  22  45  41   6  21  32  44   1  21  23  49  32  42  32  21  35   9  23  34   7  32   6  39  17  50   5  12  41  13  16   3  35  45  18  45  30  30  32   2   9  44  35  21   3  20  10   2  34  40  44   7  24   2  50  11   5  13  23   8  28   7  17  20   4  30  14   2  35  46  49  23  19  33  38  40  42  50  50   7  23  35
  40  19  37  30  27  23   9  24  12  22  40  42  22  13  45   2  46  38  43  46  13  20  27  23  11  21  31  28  10  13  36  11  46  25  21  27  18   3  20  26  41  24  36  31  34   1  45  15  45  22  48  46  19  23   7  35  42  23  22  46  35  49  10  43  24  46  42  32  31   1  16   3  39  29   3  25  23  27  29  15  32   4  35  46  47  28  47   4  45   9  41   7  12  15  35  50  29  12  43   2  31  12  27  29   9   7   3  48   7   4  22  12  15   6  47  14   8  45  42  41  37  46  43  37  29   7  24  29  23  25  18
   5  20  13  33  30  15   5  35  15  32  21  38  22  10  29  32  23  45  35   9  20  44   8  27  24  45  41  14  41  26   3   5  12  45  27  20  21   7   4  50  13  46   9  19  16   8  26  34   2  37  50  46  13   8  35  27   9  36  41  30  35  48  28  25  40  46   5  24  42  32  32  41  39  15  40  38  33  23  14   4   8  25   6  45  14  40  14   1  10  17  50  28  32  37  24  25  27  39  11  49  50  14  21  34  16  47   6  46  21  43  17   9  49  43  46  39  38  24   7  29   5   2   1  26  20  16  35   3  29  49
  20  17  49  32  44  36  15  16  31  32  32  22   1  49  47  45  49   3   1  41  40  25  27  17   1  11  27  10  33  24  20   9  16  44  28  27  21   6  26  30  33  38  30  46  32   6  28  46  12  50  14  37  17  18  45  36   4  10  21  13   9  21  40  15   9  43  40  26   7  15  32  13  45  16  34  28   5  46  28  29  34  18  37  37  42  37   1  50  27  49  33  23   4  25  29   5  29  18  10  18  23  50  32  41  35  38  37  13  18  47   9  38  37  27   7  21  13  46  10  41   4  39  27  48  34  14   7  16  17
  17  49  19  24  28  36  47  32  20  24  20   4  11  32  28  18  36  38  42   8  48   6  27  49  16  10  47  19  47  44  31  32  44  46  32  39  33  33  26  15  41  23  14  47  38  31  14  31  12  34   4   7  30  49  34   2  37  15  15  13  15  32   4  20   4  30  11  15  18  28   1   1  22  36  39  45  14  13  33  43  17  32   2  36   4  17  20  16  21  19  28  47  15  44  34  12  25  27   5  29  44  25  25  18  24   9  27   5  14  34   8  36  39  26  49   3  47  24  49  43  18  26  49  19  48  26  47  23
  16  21   6  42  28  28  43  33  21  34   4  30  45  24   4  26  26  25  34  13  24  19  10  49  16   6  33   5   5  28  12   4  15  48  12  36  30  13  31  41  33   3  14  34  10  36  19  28   4  13   8  30  45  44  47  22   9  33  43  18  43  44  42  36  50  17  17  30  38  42  31  50   2  32  28  42  50  32   3  38  41   2  33  38  23  46  38   9   4  50  31  44  31  25  25  35  26  50  22  47  36  42  47  48  10  41  36  44  21  36  29  31   9  30   8  28  35  35  32  45  32  15  50   3  47  30  15
  20  11  41  29  32  34  28  27  13  49  46  10   6  25  46  22  27  36  39  19  14  25  35  49  41  46   9  48  41  38  14  37  25  21  29  38  39  17  19  17  38  16  23  28  35  24  12  25  50  35  48  34  47  22   7   7  47  13  26   1   8  20  20  37  10  30  34  37  41  47  18   7  24  31  26  37  37  36  36  21  39  12  44  30  38   2  44  15  24  41  31  31   7  20  41  38  37  41  50  49   4  11  22  37  10  49  20  21  16  34  31  25  26  20   3  46  23  46  13  38  15  41  40   9  18  46
  11  32  19  44  50   6   7  48   7  11   8  41  45  43  41   3  10  20  26  13   5  41   6  50  26  33  19  38   5  38  37  24  19  11  11  35  14  31  13  24  17  42  50  25  12  50  17  24   3   4  15  41   6  46  11   8   5  42   7  19   9   1  31  28  48  26  10   3  33  18  45  35  20   2  24  49  14  23  43  18  36  48   8  21   5   8  11  43  47  29  39   2  39   1   3  29  42  33  18  32  27  14  24  32  41  22  33  49  33  41  34  39  12  42  20  16  11  26  43  40   7   5  48  12  49
  16  23  48  11  30  14  36  42  36  40  12  23   2   2   9  49  20  26   9  49  50  22  25  43  22  49  18  20   3   8  20  33  10  20  10  25  40   1  47  11   6   6  48  39   2  22   4  43   3  41  35  50  13   3  34  37  48  41   5   1  42  50  36   4   4  12  48  31  43  49   9  15   7  16  12  28   4  32  27   1  20  17  28   5  40  28  34   7  34  18  27   3   7  42  25  22  32  24   6  35  26  35  26  43  49  17   2  43  29  32  13  27  47   7  39  30  23  27  27  30   8   1  13  12
  26  35  49  41  16  30  11  24  22  43  47  38  18   9  38  13  31   4  46   6  16  49   7  30  36   6  20  14  22  31  22  21   5   1  48   7  40   7   2  38  30  21  29  14  27  18  43  11  33  30  45  42  29  36  14  34  41  27  31  17  39  50  20  10  33   9  17   6  46  49  50  28  22  28  28   9   3  37  10  10  47  21  16   8  20  41  16  11  48  28  11  15  34  26   5  42   8  39  28  31  24   6  39   6  23  14  20  17  22  30  13  12  37  38  34  47  41  32  27  18  43  40  35
  41   7  14  31  19  25  44  42  12  41  24  33  43  33  45  49  41  26   2  13  39  11  34  30   7  32  16   2   1  17  23  15  16   3  42  27  39  31  48  32   9  15  30   7  44  19  43  48  30  48  19  24  20  28  24   1  41  38  10  33  17  32   9  42  29   8  45  23  21  43  38  44   8   6  43   3  29  37  21   7  13  35  49  46  26  27  13  37  19  29  19   9  24  43  47  12  49  11  49  22   3   5  50  46  12  50  16   9  44  27  27  32   5   9  39  47  40   8  42  44   5  25
  15  20  44  46  22  45  18  21  35  16  15  49  29  22  22   4  36  35  25   2  13  23  12  39  38  28  10  25  43  43  24   1  21  28  19  34   5  14  44  29  18  27  29  14   9  17   1  25  22  21  32  22  27  10   3   7  28   6  33   4   7   4  35  40  31   3  29  44  37  19  12  45  39  11  47   4  30  44  37   5  28   7  15  24   3  30  38  17  31  38  11  17   3   4  16  27  10   6  30  25   6  12  34  13  50  25  23  42   8  45  27  49  18  36   4  45  30  32  10  21  46
  11  35   2   8  21  44  43  44  26  35  47  29  28   5  39  30  16  50  20  15  23  41  24  39  37  10  47  29  40  21   2  44   5  20   7   3   6  42  40  10   6  15  46  20   2  36   9  37  15  33   1  31  29  42  33  12  40  45  28  35   4  24  20  10  23  43  15   6  31  17  48  29  27  47   9  17  33  14  21  23  36   4  39  47   2  42  37  41  12  50  30  25  31  40  32  42  48  29  17  41  15  27  46  15  31  42  21  16   6  47  24  12  20  29  41   5  33   5  34  34
  38  21  20  32  13  43  38  34  11  21   2  50  41  18   9  45  35  44  24  22  50  42  28  45   2  12  35   4  29  44  44  17  12   5   7  47  22  18   5  13  15  49  15  24  44  22   6  11  37   2   7  18   7  25   2  45  18   3  31  36  36  18  29  38  36   6  48  34  28  11  38  32  16  11   7   3  31  24   1  32  37  26   5  37  30  50  23  27  23  44   4   6  47  43   2  15  44  21  14   2   8  39  50  31  10  33   7  34  40  39  18  21  32  20  33  17   3  35  26
  25  26  21  45  28   6   7  50  43  35  34   2  17  29  33   4  20   3  37  35  48   5  37  11  47  20   2  27  22  33   9  10  23  31  48  33  28   1  43  13  24  18  38   5   5  28  47  15   6  27   7  13  33  18   5  28  50  30  16  12  44  50  38  12  18  25  32  21  36  22  11  44  18  42  29  29  46  40  37  24  16  45  32  26  40   6  41  30   8  42  42  23  27  31  48   9  40  35  46  40  48   2  13  15  21  10  38   2  39   5  27  26  45  28  27  21  43  41
  17   9  17   6  18  47  39   9  28  47  25  28  14  41  30   9  45  48  29  17  47  17  32  25  28  42  15  22  33  13   5  12   6  19  39  47   4  25  41  19  12  45  30   9  31  49  30  34  42  40  11  13  17  16  43   6  40   6  23  39   2  14  27  28  36  22  32  18  11  15  25  43  22  43  36  18  15  46  17  44  36  27  45  40  29  49  30  42  43  35  23  15  14   8   5   1  26  46  20  44  30  40   8  27   3  40  46  29  40  50  40  35  15  15  16   3  21
  44  35  25  40  35  49  10  11  21  10  25  12  42  48  43  44  20  14  31  15  29  38  40  12  16  17  24  21  40  25  14  19  40  12  42  44  32  20   8  13  26  34  18  41  20   3  44  26  19  35  20  40  29  25   1   1   7  19  42  11  25  48  10  20  14  34  16  44  40   8  29  27  39  37  50  44   8  11  36   8  45  27  28  34  22  13  39  42   2  47  16  33  40  18  48  43  35  14  40  22  14   2  23  49  33  22  46  32  23  22   3  22  36  32  50  23
  47  49  35  13  26   4   5  10  43   5  46  26  37  41  48  35  26  13  31  33  44  29  29  43   3  36   7  21   4  43  42   7  41  15  31  20  14  30  44  43  35  24  48  11  47  39   1  29   7  37   3  23   9  46  18  42   8  17  15  42  41  23  33  29  42  11  16  20  31   5   1  36  34  33  11  30  21  18  43  38   1  38  40   3  33   9  45  13   3  22   3  33   1  31  31  26  30  25  42  16  29  42  38  34  14  34   3   3  29  47  42  25   5  20  29
  21   1  31  28   6  15  18  13   1  39  34   7  38  10  12  27  49  35  35  13  23   1  14  11  14  29  20  48  48  33  21   2  20  48  18  23  39  17  29  43  21  26   3  11  26   9  38  39  18  19  17  22   7  36  12  16  42  14  31  16  19  34   7  13  17  42  41  39  44  24  17   5  18  23  32  38  13  36  50  29  10  27  40  21  35  29  43  41   5  13  23  12  24  25  41  39  49  14  13  39  28  18   5   2  10  17  43  23   4  16  46  38  30  19
   2  15  43  32   5  17  26  15   7   9  38   9  39  32  35   6  33  48   3   7  42  23  27   6  37  44  39   9  11   4   5  44  17  17  43  33  28  42  42  49  32  10   7  26   9  36  41  46  12  23   6   6  20  50  24  23   2   2  49  44  34  25   9   8  49  13  45  34  23  14  43  36  14  16  50  32  39  11  34  49   3  48  46  46   4  10  16   6  44  21   5  19   8  28   9  38  36  25  34  39  18  26   5  25  14  12  31  17  35  49   4  43  32
  31  27  13  49  22  21  35  28  21  27   1   7  27  42  11  44  43  32  27  13   4  25  15   2  35   2  30  29  30   1  46  32  43  48  42  33  17  35  21   1  48   8  28  31  44  35  23  29  11  28  19  35   4  32  10  45  41  44  19  20  34  24  16  42   1  28  23   3  48  35  32  37   4  22  12  19  38  13  49  36   6  38  11  23  39   7  10  38   8  11   5  34  19  11  11  19  41  21   1  28  37  41   8  21   7  39  19  31   3  12  18  44
  23  35  33  47  35   3  47  41  34  35  42  11  24  42  48  36   9  49  13  40   1  15  40  21  14  11  13  19  39  12  16  46  14  25   4  31  44  14  38   5  25  35  32  35  34  11   4  36  27   9  11  35  17  45  40   9  48  43  32   1  20  33  38  13   4  28  32  15   6  48   8   2  36  48  32   7   3  23  44  48  50   1   9  11  13  29   1  27   4  40  20  34  49  28  20  20   3  46  49   4  11  16   8  46  21  10  13  23   7   3  18
  14  47  30  33  25  17  39  26  10  25  19  14  40   1  17  21   1  14  18  34  10  22  16  15  22  32  50  31  49  50   3  37  11  31  35  43  40  21  28  48  50  43  16  18  21  13  27  36  22  34  21   2  41  37  49  35  29  29  45  50  29  10  16  32  26  34  11  28  30  48  18  33  17  13  12  27  27  12  38  27  28  29  32   7  24  41  37  11  39  10   9  41  21  30  27  19  42  17  15   5  10  16  10  16  39  29  32   5  39  20
   5  35  47  27  50  49   1   7  41  32  24  29  42   7   9  46  47   9  24  45  17  23  39  11   2   5  21  30  12  46  47   3  17  23  26  39  47  19  48  42   6   9  41  46  30  23  45  21   2  33  46  23  15  35  23  41  33  48  20  15  16  18  30   9   5  27  47   6  21  17  35  35  47  30  46  45  40  11  25  30  15  25  43  12  22  42  28  34  46  14  21  24  41  17  45  42  15  10  31  23   6   7  22  35  50  27  23   1  38
  28  50  10  41  50  10   1  39  43   7  14  25   7  28  48   8   1   5  40  33  17   6   1  40   5  37  50  43   2  25  14  13  24  32  19  30  37   5  27  26  33  22  37  31  49  17  21   5  47  25  34  14  10  39  33  29  43   3  19   2  12  30  38  25  37  31  29   8  13  39  36  28  14  27  50  38  28  23  42   9   3  27  17  18   1  16   4  42  45  42  31  23  47  13  29  15   5  48  17  41  21  17  44  15   4   1   7  17
  35  29  32  25  37  25  19  25  47  22  23  40   2  44  26  42  20  32  42  50  37  18  22  14  27   9  43   6  47  45  19  18  41  40  46  38   9  32  21   5  37   1  48   2   7  44  38  28  24  24   7  24  45  44  27  50  36  22  47  13  10  36   2  31  35  20  49  21  43  29  12  35  34  48   2  18  19  11  49  43  46  41   9  19  37   1  27  30  39  32  21  35   4  44   3  28  43  20  16  46  25  30  23  48  32   3  31
  38  23  45  11  22  44  19  30  35  44  34  12  23  37   2  46  47  26  19  18  15  10  23  43   6   7  22  23  24  22  47  39  23  11  28   2  40  45   7   4   2  42   1   8  26  26  42  37  13  29  28   8  48   9  32  29  43   3   2  30  12  38  40  48  14  41  24   5  31  26  23  33  15  36  43  15  41  18  47  31  20  19  19  39  17  14  38  10  18   9  15  46  47  45   7  22   1  25   6   7  50  13  39  41  28  29
  35  38  26   5  11  11   4  12  27   6  29   5  38  27  19  26  32   4  32  47  33  10  44  40  37  47  27  15  30  35  22  43   2  26  13  45  20  17  28  29  40  42  30  23  34  41  13  20   9  27  18  13  49  40   2  26  25  34  44  19   6  47   1   3  30  14  38  46  28   6  49  26  26  32  21  14  36  19  12  14  36  17  18  49  18  41  36  41  18  23   2   7   8   9  40  42  41  28  37  28  20  39  49  39  17
  28  27  21  13  19  23  37  32   6  20  14  49  30  11  16  40  22  26  39  37  35  41  17  43  30  31  15  14   4  42  20  32  36  16  20  10  44  36   6  38  18  14  23  49  45  34  12  49  13  36  30  48  48  39   6  28  47  39  33   7  40  20  47  24  21   3  37   9  13  32   1  48   5  16   5   9  23   8   2  11   7   8  14  29   1   6  13  35  39  37  49  11   8  37  12  39  48  32  42  50  42  15  22  24
  19  39  48  35  45  44  48  40  13  28  25  15  10  27  41  28  11  46  26  14  25   1  20  44  14  38  42  12  38  50  23  49  18  42  11  44  40  35   3  37  49  50  37  41   4  31  30  33  19   9  10  22   2  47  23  23  32  28  40  25   1  24  31   6   9  22  34   1  19  25  40  50  41  50  22  13  10  45   4   2  42  20  30  26  23  29   7   1  11  41   5  24   6  39  21  10  27  35  41   4  11  26  44
  41  47  38  36  36  10  10  19  27  43  28  33  30   7  19  40  19  38  23  36  15  44  12  40  43  44  50   7  29  11  49   4  17  14  16  18   7  38  40  36  43  47  22  40   4   6  33  15  37   7  19   9  28  14  38  48  41  30  22   6   6  20  34   3  21  20  32  40  34   1  36   5  20  45  26  25  20  25  26  31  26  28  30  11  31  49   6  39  47   2  46  33  41  24   1   4  33  39  30  28  50  11
  29   3   5  29  15  31  43   1  25  20  16  29  27  21  21  43  14  15  18  10   3  42  18  17  24  13  24  16  46  12  22  45   8   8  46   1  32  47  50  21  19  14  18  47   2  13  22  11  33   3  26  34  10  37  36  33   6  10  46  39  14   9   5  50  12  41  36  20  47  20  16  11   8   6   6  36  15  40   2  18  24  24  32  28   9  35   2  18  16  36   5  13  28  42   6   6  14  23  20  31  36
  26  42  27  31  19  15  10  16  43  31  16  50  15  17  20  13  45  29   9  43  33  47  29  31   3  46   2  34  33   8  25  24   5  19  32  50  48  45   1   7  26  27  30  21  25  37  38  22  45  23   2  12  37  21  29   8  46  27   6  10  27  34  14   6  36  14  31   8   4   9  11   6   6  22   9  42  41  33  20  10  49  38  46  33  42  41  28   3  19  47  23  44   2  35  44   2  15  22  41  14
   9  18  32  13  26  20  35   5  25  38  50  35   1  31  13  47  18  17  28   6  14  33  40  31  19   1  23  29  15  46   9  16  23  30   4  20  30  26  22  40  42  28  24  14  16  11  19  36   4  27  21  48  50  40  42  30  44  38   1  37  25  17   6  11  44  39  20   2  16   8   8  27  13   3  43  30  22  21  44   8  34  15  45  41  48  23  12  26   7  30  37  34  17  13  48  16  49  16  19
  47  19  41   1  32  19   1   2  36   9  47  16  30  19  16  43   6   7   4  48  36  12  43  21   2  40   5  44   9  11  22  42  18  16  46  39  42  41  11  27   8  17  38   1   4  34  40  22  42  11  22   8   1  46  10  19   1  36  26  46  10  22  40  41  26   5  29   1  32  35  36  28   5   6   6  16  35   9  44  21  46  15  25  37  42   9  47  32  31  10  25   8   4  22   8   2  11   2
  16  33   9  31  11  24  49  46   3  42  29  47  10  14   1  22  20  28  30   9  22  26  46   1  33  49  10   2   3  21  19   7   1  30  24  40  30  12  34  14  25   6  22  34  42  46   9  17  37  29   3  16  47  26   3  40  17   3  43  46  33   3  25  31   1  49  41   5  26  28   4  35   6  46  14  29  15  38  10  50  12  16   9  34  46   3  33  23   8  32   5  50  41  12   5  46  37
  25  47   5   9  41  33  50  31  31  47   9  10  35  47  26  32  42  19  10  34  39  10  14  35   4  30  35  34  42  35  50  45  25  30  11   5  40  39  29  50  43  44  10  24   6  41  46  22  22  37  48   2   4  45   8  22  22   4  46  48  20   6  18  41  23  49  42  14  46  28   5  25  47  24   4   9  45  25  42   6   9  22   6   6  27  20  49  12  12   6  16  36  28  11  13   2
   6  35  16   5  43   4  24  38   4  50   8  41  40   8  32  23  48  42   6  38  47  44  41  23  40  23  46   9  17  10  46  49  36  14  15  22  45  32  21  15  13  22  12   3  25  37  24  12   6  19  33  32  25  27  47  43  13  17   8  12  11   5   1  30  31  27  24  25  25  43  30  24  24  32  16  36  49  30  26  31  28  46  12  33  36  35  20  50  45   2  36  23  49  24  46
  41  29  15  37  47  22   5  42  49  20  46  42  18  48  43   8  42  15  27  15  30  22  42  45  48  49  31  37  18   2  41  16  33  31   1  50  27  14  41  33  37  20  19  31  24  15  35  38  11  17  39  34  30   4  45  30   7  45  24  42   4  42  38  36  15  28   3  38  40  48   5   8  44  19  38  43  23  12  18   6  41  34  49   8  26  32  19   7   7  46  48  16  40  17
   5  22  10  29  45  28  17  22  26  12  48  26   9  37  39  24   1  20  18  21  38  27  49  42  43   4   7  32   3  11  47  31  20  21  20  48   7  38  21  42  13   9  13  45  37  46  22  48   4  41  46  25  16  35  11  28  48  47  41  47  18  15   1   6  49  35   7   5  16  20  11  26  32  28  16  41  40  32  12  27  49  34  48  28  39  20  41  24   2  24  16  49  45
  15   9  21  30  49  11   8   6  21  40   7  17  40  10   9  12  14   2  25   1  32  46  15  14  25  12  36  23  47  17  29   6  18  11  25  23  14  23   4  49  28  18  43   4  34  45   3  20  27  41  50   6  11  35   9  35  44  10  25  19   2  24  42  16  38   9  24  50  19  36  11   7  49  32  41  25  34  30  41  45  33  11  20  34  35   6  14  12  15  20  26  23
  16  15  27  31  28   2  22  43  37  23  27  10  20   2  39  25   6  36  29  21  49   5  34  22  21  41  24  41  39  41  45   8  11  47  49  35  35  39  33  38  19  24  13  30   6  20  47  31  20  12  15  25  24  26   7  39  39  46  20  39  33  27  24  19  26  36   6  43  15  42  44  38   9  14  31  28  24  10  22  24  15  47  32  10  21  40  45  15  17  29  27
  48   3   7  45  14   9   8  39  35   6  29  37  47  28  28  28  29  17  16  36  37  15  22  36  30  25  26  40  10   4  10  14   9  24  14  38  36  47  13   4  23  44   6   7  33  15  16  36  36  21  22   4  20  15  16   7  41  50  20  33   4  47  10  23  11  11  47  28  47  45  10  35  14  40  29   1  13  28  14  21  44  30  21   9  10  16  15  20   9  20
   8  18  23  47  38  35  10  45  50  46   9  41  45  31  34  21   8  45  26  14  35  35  46  46   4  34  30  42   4   6  42   5  50  48  41   7   6  48  42  33  35  50  15  21  26  10  33   7  42  40  49  32  14  50  10  29  35   3  47  25  38  25  38  35  44  44  22   4  21  21   3   1  44  32  39   8  28  34  36  45   8   8  17   9  43  43   2  50   1
  46  43  10  18  12  30  34  44  14  49  25  41  36  19  39  47  42  24  24  25   2  46  49  15  31  32  15  18  16  48  47  45  47  42  13  28  28  47  43  19  42  46  12  43  34  10  12  24  36  13  21  22  10  16  50  24   4  23   3  25  19  47  19   3  17  21  29  33  48  16   3  36   7  22  21  27  39  22  18  41   9  11  35  45  31  50  30  43
  36  13  24  19  47   3   2  39  29  36  17   6   8  39   6  47  10  18   1  47  15  46  49  13  39  36  43  13  48  27  32  14   8   2  40  29  11  22  35  28  36  14  49  42  39  34  14   9   7  37  31  13  32  11  39  13  33  15  37  44  49  19  41  40  49  21  48  50  30  36  43  32  35   3  34  37  34  28  24  49  46  46  25   8  48  28  24
  21  47  36  14   4   3   1  44   1  47   4  22   2  16   2  34  29  43  25  36  20  34  25   6  26  15  42  18  11  50  20  12   2   2  47  20   5   8   5  50  42  19  35  40  11  25  42  23  49  47  44  30  10  21  46  41  12  37  32  28  24  16  48  36   4  42  36  22  36  16  49  45  22  37  37  49   4  15  13  43  45   7  24  39  30  36
  16  49  10  19  47  32  34  43   2  12  44  38  26   4  27  25   5  18  19   3  41  32   8  38  40   3  10  27  15  40  13  17   1  39  33  14  18   1  21  42  17  29  43  25   9  26  44  50  48  33  38  26  21  33  20  47   3  22   2  37  32  46  13  22  49  13  37  30   9  21  18   4  47  24  27   6   9  35  24  38  27  11  42  35  40
  26  33  14  33  37  25  39  39   5  38  33  30   6  43  44  38  18  44  49  19   3  47  40  44  37   9  39  46  44  14  25   1   3  35  35  41   7  22  10  38   2  42  31  36  36   6  47  38  43  28  27  41   8  36  12  42  11  41  45  14  49   7  25  47  19  24   7  43  15  45  37   2  12  47  32  47  47  43  38  15  19   8  47   5
  28  47  39  50  35  16  12  22  25  25  17  16  32  43  42   1   3  25  32   3  14  24  20  17   2   3  16  27  35  45  11  44  15  49  50  46  29   1  29  18  14  50  41  13   5  17   6  45  43  31  38  11  27  13  44  11  22  30  37  37  36  16  31   7  40  48   6  35  26  37  21  12  34  27  16  10   6  40  34  40  10  13  10
  40  22  41   4   9  17  13  30   3  49  33  33  36   7  35  40  50   3   8  31  45  32   4  32  41  17  50  45   1  14  18  39  15  21   3  31  43   9  20  25  38   7   7  39   1  41   9   6  17  13  13  41   9  16  26   6  32  29  12  21   8  30  28  10  13  49  25   3  40   3  44   5  34  16  27   9  12  49  46   1  36  36
  48  22  47  42  42  35  21  20  33  46  43   8  18  37  48   9  47  39  27   1  39  46   4  45  49   4   3  13  47  44   2  25   3  18  10  37  21  26   8  20   2  40   8  22  20  18   4  42  20   2  36   4   7  50  26  45  38  28  36  50   8  39  24  17  50  20  21  31  43  25  17  30  21  38  43   7  25  32  11  18   7
  23  50   2  40   7  44  35  17  39   1   4  18  11  21  32  16  17   2   3  37  20  45  48  39  43   3  31  31  24  48  25  21  46  44  46  15  42  21  12  32  15  34  32  17  12  37  45  23   3  35   8  46  14   3  46  33  15   8  19  26   6  39  35  21  26  24  31  36  27  48  43   2  32  39   7  31  22   5  48  17
  47  45  22  35  21  30  23  48  15  13   8   4   4  21  33   6  21   2  12   5  45  31   6  18  32  15  45  48   8  19  40  40  40   9  46  20  29   5   3   6  19  43   7  13  28  17  31  41  49   8  35  48  46  36  32  12  39  32  12   9  24   6  33   9  41  22  23   7  28  14  35  11  20  35  37  49  23  38  23
   1  30  16  50   6  12  49  36  36  44  15   6  30   7   4  35  18  33  10  16  18  21  41  36  11  35  29  31  24  44  35   5  20  33   4   8  40  49  19  15  11  37  18  38  27  44  33  42  14  27  39  32  42  46   9  22  13   2   2  14   5  35  35  26  41  27  31  19  31  31  48  14  19  31  13  10  31  32
  27  25   1  49   9  40  35  13  21  20  46  10  10  29  35  50  36   4  14  35  19  36  32  43   5  44  11   4  22   9   5  23  15  49  31  17  20  23  49  27  44  33  22   9  20   4  24  37  40  16   1   7  37  25   9  43  24  26   8  41  23  10   6   1  47  39  21  45  11  47   2  19  28   8  16  35  40
  16  32  25  36  50  21  13  11  34  30  33  50  44  21  12  41  39  49  33   4  48  14  16  15  30  23  30  44  25  40  34  33  43  22   3  11  36   4  24  24  23  30  19  10   3  24  35  43   8  27  19  21  50  23  49  44  22  22  20  21  39  32   1   5  47  47   2  31  28  45  45  38  48   3  12   9
  21  13  14  31  46  31  29  17  26  24  34  17  49  11   4  26  38   8   1  27  43  27  14  17  39  11  50  13  10   8  47  24  47  16  44  39  37  13   4   1  48  18  17  20  27  36  35   2  50  22  34  49   3  40  50  13  26  15  34  42   7  20   7  16  48   8  49  21   9  21  42  44  10  38  14
  39  42  37  22  30  49   1  11  14  16  24  14  17  37  38   5  25  29  22  25  16   4  39  17  46  31  27  32  41  36  31  39  27  50  16  42  11  17  22  35  14  48  19   2  19  49  11  44  45  24   5  50   6  40  14  12  17  21  28   1  21  42   4  47  36  16   2  49  33  20  48  38  12  27
  36  37   3  11  42  42  15  20  40  43  35  14  46   8  46  16  22  45  23  30  31  32  49  35   8   8  22  18  47  26  42  31  15  18  27  48  31  21  13  32  19  16  47  27  17  13  22  21  34  14   8  33   8   6  30  38  19  33  43  44  36  47   1  45   5  17   9  14  30  46  12  46  18
  36  10  30  31  50  18  41  24  40  30  14  25   1  26   4  20  17   9  49  15  32  42  38  37  23  33  27  19  47  42  24  35  42  37  32   8  10  35  26  13  46   1  23  15  19  20  40  35  10   8  45  40  37  28  11  42  14  40  38   5   6  24  35  12  11  31   3  42  46  33  47   5
  15   6  49  33  21  48   6  17  35  41  35   9  47  34  21  15  12  25  50  15  47  23  10  29  46  25  16  45  37   2  12  33   6  45  34  32  15  16  23  24  43  27  11  35  21  41  17  15  29  26   7  50  37  17  46   1  35  48  26  19  46  26  47  46  12   3  17   4  13  27  33
  48   7  36  42   7   9  40  12  42  39  25  37  17   3  25  16   5   5  30   7  41  15  26   6  24  40  28  31  17  17  34  46  11  17  21  38   4   5  21  32  12   5  44  32  45  29  33  16  23  30   4   9  46  27  18  13  14  34  49  17  18  23  16  26  37   9  26  42  11  35
  45  18  16  26  33   5   7   3  18  31  17  32  10  38  25  36  26  29  18   7  33  49  25  38  44  41  43  46  49  28  38  29  19  10  45  41  28   2  16  15  20   1  48   6  45  32  18  42  13  44  39  49  38  21  40  18  35  11   7  13  40   3  37  44  21  36  41  44  30
  18  12  15  28  48  24   8  38  18  26  49  34  18  47  14  23   5  11  24   1   5  30   3  19   4  18  20  38   5  43  34  25  21  17  48   5  41  36  39  17  11  23   3   8  18   4   1   4  23  15  21  12  33  11  33  24  31  10   3  29  32  14  22  28  17  39  38   8
   3   7  17  50   3  40  23   8  35  14  39  42   7   7  45  20  23   3  11   9  25  47  46  12  15   3  27  49  38  47  19  32  12  22  46  15  47  40  37  37   6  26  47  41  22  44   2  11  23  47  15   4  15  20   3  43  11  10   5  20  12  44  26  46  29  33  45
  31  19  20  49  29  11  23  43  38  15  24  28  35  44  22  30  41   5  35   8   8  28  14  21  48  45  49   3   8  49  12  21  47  38  28   2  32  40   3  21  13  43   1   9  35  19  36  24  14   3  33  13   9  27  36   5  19   4  20  11  14  36  14   2  40  13
  14  31  15  31  38  43  43   8  13  13  28  25  24   4  44  20  34  15   9  28   9  40   8  39  35  26  17  26  30   3  25  23   4  26  42  32  47   3  26  50  19  48  37  14  32  50  48  45  31  16  30   6  10  19  19  34  24   2  49  24   1  50  34   6  44
   2  47  47  17   5   1  21  46  11  26  46   6   1  33  28  27  22  28  50  30  45   1  38  24  21   9  22  26  34   4  50  10  39  40  41   4  24   8   1   5  21  48   3   5   4  46  25  19  30  30  14  30  14  14  12  48  50   2   4  26   2   7  36   7
  19  47  44  25   9  40  10  50  13  22  27  50  30   8  24  47  24  33   1  17  17  12  45  27  44   2  45  30  35   5  28  15  19  44  26  11  32  18  47   9  36  30  31  13  33   4  42   2  25  34  29  25  34  43  37  37  11  25   1  21  42   9  13
  45  13  41   2   7  16  22   4  29  28  14  32  27  14  20  26  41  43   6  14  14   1  45  16   4  24  31  22  27  43   7  43  20  29  20  30  34  28  36  21   8   8  16  44  38  37  41  42  46   2  38   7  35   1  25  17  40  36  47  11  34  40
  22   8  11   7  24  37  34  33  41  10  32  34   7  34  24  12  18  27  19  36   8   9  33  44   2  34  21  50  39   3   5   2  29  21  14  47   2  22  12  38  27   7  40  28   8  10   5  29  13  16  39   9  14  14  37  19  16  31  41  36  40
  17  38  38  13  10  27  16  39  30  40  32  46  33  27  49   6  32  49  39   3  33   5  21  11   5   6  26   4  25   5  22  46  15  27  45  45   4  24  40  26  22  32  43  23  50  41  29  15  24  47  47  26  33   7   8   5  22   8  43   3
  44  20  15  41  24   8   3  13  38   4   5  42  41  45  17  40  19  34  48  15  30  19  45   9  14  25  19  14  16  50  14   4  22   5  46  24  46  33  25  43  38  50   2  37  48  12   2  18  46  31  39  18  12  49  49  37  27  37  36
  16  21  11  25  42  25  47   1  50  31  19  44   7  16   1   9   1  27  16   9  43  27  41  38  35   6  40  12  38  21  20  23  50  28  38  23  42  22  24  29   7  13  22  31  30  11  39   2   2  44  35  26  26  26  27  28   7  42
  38   7  10  41  44  19   2   9   2   3  45   5  49  25  24  50  21  45  46  20  18   8  16   2  23  19  13  46  12  10  48   4  33  25   2  41   2  42  49  17   7  25   1  40  49   7  45  49  37  46  25  12  17   6  35  36  18
  23  30  43  38  48  19  18  24   2  17  25  47  16  39   7  40  20  24  37  19  16   6  32  36  27   3   4   4  49  28   2  39  49  30  46  37  13  13  16  37  50  20  18  29   1  34  13  22   5  38   4  41   3   1  29   8
  22  18  36  40  45  28   3  14  25  20  10  34  20  45  12   8  43   9   3  25  19   6  40  37  38  24   4  45  41   9   1   3   7  28  50  45   7  34   1   7  43  15  23   8   3   5  27  11  20  29  50  40  34  50  30
  41  10  40  24  22  15  45   2  16  45  19  12  35  23  15  24  13  36   8  23  46   6  19  34  10  25  13   5  27  47  33  50  38   1  12  18   1   2  28  36  17  44  50  27  48   5   2  48  45  32  41  13  26  23
   4  13   2  14  19  33  22  36  37  25  11  17  49  29   1  44  45   7  49  45  34  26  43  32  48  17  35   4   3  33   5  17  11   9  48  26  26  26  36  31  25  16   5   9   3  15  45  19  31  43  19   8  18
  21  48  35  38   2  22  23  16   1  26   4  48  43  11  32  25  10  27  16  41   4   5   6  41  20  48  43  19  40  19  43  11  43  14  28  45   4  39  38  35  43  10  40  28  22  25  48  48  40  17  10   8
  18   2  21   1  30  16  36  50  25  40  20   3  13   8  23  26  46  48   4  37  26  29  27  19   3  11  34  44   5  16  24  13  45  36  14  16  18  39  34  27  24  49  24  18   3  30   5  47  18  39  26
  27  35   1  20   8  23  40  35  11  35  24  18  35  39  45  10  38  43   2  45  10   8  48  47  33   3  42  44  19  48  33  20  37   3   2  50  47  16  44  32   1  26  43  31  34   6   8  27  18   8
   8  48  34  47  18   6  18   6   8  49  47  45  24  26  23   7   8  28  20  43  31  47  39   9  39   1  31  21  19  37   9  39   4  26   7  17  10  19  41  30  34  49  20  17  42  32  16  49   1
  47   3  22  41  33  23  42  48  25  25  10  10  37  42  35  49  34  13  44   4  18   4  17  38  22  15  23  38  31  30  50  34   9   3  35  30   3  49  42  43  39   7  45  17  44  34  13   5
   2  11  27  48   3  37  45  40  49   5   9  38  30  31  27   8  25  15   5  20  15  49  26  42  18  31  29  25  45  33  39  45  23  10  31  33  37   6  12   9  45  49  42   9  15  28  40
  34  50  42   1  40   4  14  43  31   1  43  30  20  43  31  30  46  15  40  36  44   7  27  28  30   3  32   7   8  14  12  24  20  41  39  48  29  21   5  38  49  36   7  33  35  11
  14  44  46  17   9  14  49  49  37  17  46  23  14  47  33  39  47  30  45  23  46  43  36  25  33  46  34   7   4  47  27   7  38  48  20  16  39  12  23  44  31  24  49   1  46
  14  16  37  10   4   7  20  22  16  10   8  39  34  11  16  45  22  14  47  29  43  18   9  41  35  41  31  21  22   3  34  31  44   2  14  35  42  25  23  38  43  44  35  18
  34  21  34  48  23  38  29   5  39  15   6  34  36  41  50  28  35  28  28  35  22  20   5   7  45  19  29  35  26  50  33   6  17  21   3  45  19  35  16  14  44  18  29
  24  41  39  21  49  36  36  26  50  11  46  27  19  28  30  36  36  15  18  42  23  22  34  12   7  19  26  25  19  35  18  31  46  28  23  44  33   6  39  12   3  48
  31  48  20   5  36  21  22  21   4  15  28  33  10  20  37  36  32  11  30  22   5  44   4  38  21   1  39   3  11  37   2  32  48  45  19  39  30  30  15  14  30
  32  19  50  16  38  26   7  41   3  46  36  45   6  41   3  29  45  13  38   2  22  29  25   7  13   7  11  49  39  47  11  33  45  29  40  12  37  28  36  23
  34   5  13  28   9  23   7   4  37  32  27  11  18   3  20  12  41  29  39  27   7  16   4  50  15  13  25  48  40  30  29  23   2   6  13  12  38  20  23
  23  47  49  21   8  29  33   1  43  50  34  31  37  22  17  20  13  27  31  19  33   8  47   6  25  30   2   9  43  11   9   9  20  47  21  22  41  25
  25  38  48  43  43  25  40   2  37   9   9  44  10  44  12  24   8  35  30  10  45   6  50   5   5  41  35  17  27  41  13  28  22  25  22  10  44
  44  38   7  23   1  15  25  14  11  34   7  25   2  32  37  21  23  21   9  34   7  21  14  39  15  36  10   2   3   5  36  27  38  12  36  12
  16  48  24  49  47  26  12  13  14  23  24  13   2  17  41  16  13  23  34   8  30  11  34  36  19   1  39  39   8  40  31  35  34   7  47
   4  23  24   2  16   4  32  36  18  21  40  37  43  34  48  26  37   8   9  36  41  23  28  15   5  11  32  49  10  14   6  18  36  44
   7  12  30  37  26  23  21  44  49  20  21  44  47  41   8  29  27   3  14   7  45  24   3  28  23   6  41  12  29   8   9  16   5
  17  35  37  40  20   6   8  23   8  41  48  26   1  12  11  29   9  13   3  24  48  31  45   4  14  32  39  37  30  17  48  47
  38  44   6  36  24  11  36  11  27  27  16  37  49  21   4  16  21  14  31  40  40  33  12   8  13  37   6  31  26   3  19
  35   6  49   7  14   2  44  33  24   9  48   1   8  46  22  50  29  47  20  20  22  26  19  21  14  19  41  28  22   4
   2  24  21  35  14  50  15  15  18  26  30  36  12  36  39  12   5  24  46   3  26  28  11  17  48  14  34  17  50
  35  27  49  31  31   9   6  27  50  42  29  21   1   1  41  28   4  28   3  42  17  15  30  45  43  16  28  43
  37   9  50  40  28  15  27   1   8  35  35   4   9  48  34   4  16  31  38  15  11  37  11   5  20   6  30
  21  17  32  23  28  11   2   1  36  10   3  16  27  19  30  26  13  34   3  40  10  49  29   4  46  36
  19  37   5   5   6  49  18  39  30  46   3  27  28   2  46  47  42  43  43  14  41  18  35  47  13
  46  26   6  14  22  19  13  50  28  12   2   8  29  34  23  29  25  43  22  12  35  15  19  16
  41  32  30  30  20  13  37  37   6  17  39  30  38  14   5   8   1  28  26  30  46  39  27
  29   1   4  50  18  37  26   5  11   1  15  35  21  42  34  25  21  14   6   7   4  34
  10  40  11  38  19  28  49  40  48  19  13  50  27  18  15  40  17  21  20  32   3
  29  17  42  34  44  35  26  13   1  17  25   8  17  46   7  44  45  13  13  19
  10   2  20  13  33  14  17  14   7  37  34  50  12  15  10  17  22  14   7
   3  14  48   7  31  17  22   6  45  44  42  12   3  40  18   6  20  29
  35  28  29  31  50  22  44   9  42  18   6  18  22   9  24  18  19
  17   1  16   2  39  49  34  50  18  32  26  42  45  39  23  49
  49   5  13  26  23  23  31  34  47   6  30  13  16  32   6
  41   8  16   3  15  11  32  42  34  15   9  23  28  24
  44  37  34  43  22  21  22  16  30  24  24  19  20
  43  46  30  48  43  50  23  41  26  26   3  23
  18  25  29  35   6   5  23  38  32  43   7
  31  21  33   3   7  28  50  19  23   3
  40  44  14  48  32  50  17  45  36
  24  16  43  47   9  45  29  21
  26  35  24  46  25  17  31
  12  22  27  43  41  10
  32  48  38  35  47
  20  10  35  30
  22  20   4
  27   9
   9

 135
   9   8  19  11  24  25  18  18  18  12   1  19  13  17   1  25  11   5  13   3  22   4  17   6   1  24  11   6   5  17  14  17  17  13  14   2   6   4   7   8   8  22  21   6   4  14   5   1  21   6  16  21  14   2  13  14   1  13   7  10  22  23  14  21  21   2   7  19  19  11  19  20   3   5  21   9   1  21   8  10  22  20   8   9  14  24  19  14  24   8  13   6  17   1  14   4   1   4  25  25  22   9   8  19  12   8  17  25   3  23   7  23   4   9   1   8  19   4  16  14  22   3  12  10  25   1  14  18  18   4   8  14   1  24  20  10  11   2  25   7  20  12   7  17  18   8   4  17   8  23   9   1   2   6   9   7   6  14   7  14

