 160 
   0   0   0   0   0   0  25   0   0  46   0   0   0   0   0   0   0   0   0   0   0   0   0   0   0   0   0  34  31   0  26  10   0   0   0   0   0   0   6   0   0   0   0   0   0   0   0  44   0   0   0   0   0  27   0  16   0  12   0   0   0   0   0   0   0   0  27   0   0   0   0   0   3   0   0   0   0   0   7   0  43   0  22   0   0   0  41   0   0   0  12   0   0   0   0   0   0   0   6   0   0  45   0   0  26   0  32   6   0   0  37   8   0  10  45   0   0   0   0   4   0   0   0   0  20   0   0   0   0  11   0   0   0   0   0  11   0   0  47  15   2   0  40   6   0   0  40   0   0   0  18   0  45   0  43   0   0   0   0   0
   0   0   0   0   4   0   0  41  11   0   0  32   0   0   0   0   0  17   0   0   0   0   0   0   0   0   0  40   0   0  28   0   0   0  17   5   0   0   0  13   0   0   0   0   0   0   0   0  46  12   0  42   0   0  22   0   0  33   0   0   0   0   0   0   0   0  26  18   0   0   4   0   0   0   0   0  47   0   0   0   0   0   0  20  22  41   0  39   0   0  36   0   0   0   0  47  15   0   0   0   0   0   0   0   0   0   0   0  43   0   0   0   0   0   0   0  31   0  47   0   0   0  40  42   0   0   8   0   0   0   0   0   0   0  25   0   0   0   0   0  42   0   0   0  48   0   0   0  44  38   0   0   0   0   0   0   0   0   0
   0   0   0   0   0   0   0   0  23   0   0  40  44   0   0   5   0   0   0   0   0  39   0   0   0   0   0   0   0   0  47   0   0   0   0   0   0   0   0   0   0   0   0  33   0   0   0   0  35   0   0   0  39   0   0   0   0   0   0  11  24   0  39   0   0   0   0   0  17   0   0   0   0   0   0   0   0   0  45   0   0   0   0   0  12   0   0   0  30   0   0  40   0   0   0   0   0   0  32   0   0   0   0  34   0   0   0   0   0  34   0   0   0  18   0   0   0   0   0   0   0  45   0   0  18   0   0   0  35   0   0   0   0   9   0   0  20   0   0   0   0   0   0   0   0   0   0   0   0   0   0   4  21   0   0   0   0  48
   6   0  16   0   0   0   0   0   0  49   0   0   0   0   8  42   0  14   0   0   0   0   0   0   0   0   0  33   0   0   0   0   0   0   0  23   0  49   0   0   0   0   0   0   0   0  24   0  27   0  40  13   0   0  49   0   0  41   0   0   0   0   9   0  47   0   0   0   0   0   0  33   0  21   9   0   0   0   0   0   0   0   0   7   8   0   0   0   0   0  49   0   0   0  11   0   0   0  26   0   0   0   0   0  17   0  26  25   0   0   0   0   0   0   3  16   0   0   4   0   0   0   0   0   0   0   0   0   0   0   0   0   0   9   0   0   0   0   0   0  26   0   0   0  12   0   0   0   6   0   0   0   0  26   0   0   0
   0   0   0   0   0   0   0   0  32   0   0  13   0   0   0   0   0   0   1   0  14   0  30   0   0  21   0   7   0  17   0  34   0   0  24  36   3   0   0  29   0   0  26   0  22   0   3   0  42   0   0   0   2   0   0   0   0   0   0   0   0   0   0  13   0   0  50   0  41  42   0   0   0   0   0   0   0   0   0   0   0   0  45   0   0  11   0   0   0   0  10   0   9   5   0   0   0  14   0   0   0   0   0   0   0  23   0   0   0   0   0  27   0  42   0  49   0   0   0   0   9   0   0   0   0   0   0   0   0   3   0  13   0   0  36   0   0   0  17   0  44   0   0   0   0   0   9   0   0   0   0   0   0   0   0   0
   0   0   0  30   0   0   0  28   0   0  32   0   0   0  29   0  48  38   0   0   0  19  32   0   0   0   0   0   0   0   0   0   0   0  49   0   0   0   0   0   0   0   0  15   0  40   0   0   0   0   0   8   0  29   0  43   0   0   0   0  26   0   0   0   0   0   0   0   6  33   0   0   0  13   0   0   0   0   0   0   0   0   0   0   0   0   0   0   0   0   0   0   0   0   0   0   0  49   0  48   0   0   0   0  37  12   0  10   0   0   0  18   0  18   0   0   0   0   0   0   0   0   0   0   0   0   0   0   0   0  29   0   0   0   0   0   0   0   0  16   0   0   0   0  20   0   0   0   0   0   0   0   0   0   0
  18   0  23   0  30   2  43   0   0   0   0   8   0   0  38   0   0  14  33   0   0   0   0   0   0   0   0  32  23   0  50   0   0   0   0   0  38  47   0   0   0   0   0   3   0  11  46   0   0  45   0   0   0   0   0   0   0  41   0   0   0   0   0   0   3   0  39   0   0   0   0  48  22   0  27   0   0   0   0   0   0   2   0   0   0   0   0   0   0   0  16   0  23   0   0   0   0  42  20   0   9   6  13   0   0   0   0   0  36   0   0   0  22   0   0   0   0   0  35   0  49   0  22   0   0  40   0   0   0   0   0   0   0   0   0   0   0   0   0   0   0   0   0   0   0   0  37  19   0   0   0   0   0   0
   0   0   0   0   0   0   0   0  14   0  49   0   0   0   0   0   0  14  21   0   0   0   0   0   0   0   0   0   0  32   0   0   0   0   0   0   0   0   0   5  26  24  10   0  50   0   0   0  39   0  22   0   8   0   7   0   0  26  21   0   0   0   0  21  43   0   0   0   0   0   0   0   1   0   0   0   0  26   0   0   0  32   0   0   0   0   0   0   0  20   0   0   0   0  36   0   0   0   0  15   0   0   0   0   0   0   0  34  33   0   8   0   0   0  37   0   0  39   0   0  27   0   0   0   0   0   0   0   0   0   0   0   0  48   0   0   0  44   0   0   0   0   0   0  45   0   0   0   0   0  16   0   5
   0   0   0   0   0   0  29   0  17   0   0  16   0   0   0   0   0   0   0   0  38   0   0   0   0   0   0   0   0   0   0   0   0  19  14   0   0   0   0   0   0   0  12   0  32   0   0   0   0   0  40   0   0   0   0   0  47   0   0  47  31  26  45   0   0   0   0   0  44   0   0   0  21  46   0   0   0   0   0   0   8  12   2   0   0  17   0   0   0   0   3   0   0   0  26   0   0   0   0  25   0   0  48   0   0   0   0   0   0   0  48   0   0   0  20   0   0  28   0  39   0   0  27  16   0   0   0   0  30   0   0   0   0   0   0   7   0   0   0   0   0  47   0   0   0   0  25   0   0   0  12   0
   0   0   0  43   0  17   0   0   0   0   0   0   0   0   0   0   0   0   0   0   0   0  45  35   0   0   0   8  38  42   0   0   0   0  18   0  11   0   0  30  26   0   0   0   0   0   6   0   0   0   0   0   0   0   0   0   0   0  16   0   0  20   9  20   0   0   0   0   0   0   7  21   0   0   0   0   0   0   0   0  45   0   0   0   0  29   8  44   0   0   0   0   0   0   0  16   0   0   0   0   9   0   0   0   0  14   0   0   0   0   0   0   0  21  38   0   0   0  24  23   0   0   0   0   0   0   0   2   0   0   0  46   0   0   0   0  42  44   0   0   0   0   0   0   0  43   0   0  11   0   0
   2   0   0   0   0  11   4   0   8   0   0  22  37  43   0   0   0   0   9   0   0   0   0  28  12   0  46   0  10   0   0   0   0  16   0   0   0   0   0  17   0   0   0   0   0   0   9   0   0   7  41   0   0  15   0  39  46   0   0   5   0   0   0   0   7   0   0   0  45   0   0   0  28   0   0   0   0   0   0   0   0  38   0   0   0   0   0   0   0   0   0  33  20  42   0   0   0   0   0   0   0   0   0   0  25   0   0  20   0   0   0   0   0   0   0   0  44   0  23   0   0  20   0   0   9   0   0   0   0   0  19   0   0   0  47   0   0   0   0   7   0   0   0   0   0   0   0   0   0   0
   0  17   0   0   0  25   0   0   0   0   0  30  12   0   0   0  35  36   0   0  34   6   0   0   0   0   0   0   0  50   0   0   0   0   0   0   0   0   0   0  21   0   0  11  10   0   0  41  30   0   0   0   0   0   0   4   0   0   0   0  10   0   8   0   0   0  30  31   0   0  26   0   0   0  27   0   0   0   0   0   0  11   0   0   0   0   0  42   0   0  46   0   0   0   5   0   0  40   0   0   0   0  20   0   0  32   0   0  18  28   0   0   0  24   0   0   0   0   0   0  15   0   0   0   0   0   7   0   0   0   0   2   0   0  19   0   0  13   0  19  23  47   0   0   0  18   0  50   0
   0   0   0   0   0  35   0   0   0   0   0   0   0  35   0   0  24   0   0   0  36   0   0  35  12  42   0   0   0   0   0   0   0   0  17   0   0   0  29   0  38  29   0   0   0   0   0   0  18  16   0  34   0   0   5   0  45   0   0   0   0   0   0   0   0   0   0   0   0   2   0   0   0   0   0   0   0   0   3   0  42   0   0   0   0   0   0   0   0   0   0   0   0   0  15   0   0   0   0   0   0   0   0   0   0   0   2   0  17   0   0   0   0   0   0   0   0   0   0   0   0   0   0   0   0   0   0   0  22   0  30   0  39  26   0   0   0   0   0   0   0  35   0   0   0   0   0   0
   0   0   0  19  36  19   0   0   0   0   0   0   0   0   0   0   0   0   0   0   0   0   0   0   0   0   0   0   0   0   0   0   0   0   6  50  47   0   0   0   0   9   0   0   0   0  25   0   0   0   0   0   0   0   0   0   0   0  13   0   0   0   0   0  41   0   0  41   0   0   0   0   0   0   0  34   0   0   0   5  41   0   0   0   0   0  42  12   0   0   0  28  49  35   0   0   0   0   0   0   0   0   0  42   0   7   0   0   0   0   0  32  16   0  27  29   0  20   0   0  17   0   0   0   0  17   0   0   0   0   0   0   0   0   0   0   6   0   0   0   0   0   0  33   0   0   0
   0   0   0   0   0   0   0   0   2   0   0   0   0  16   0   0   0   0   0  38   0  40   0   2   0   0   0   0   8   0   0  11   0  17  43   0   9   0   0  33   0   0   0   0   0   0   0   0   0   0   0   0   0   0   0   0   0   0   0   0   0   0   0   4  33   0  18   0   0   0   0  32   0  30   0   0   0  33   0   0   0   0  17   0   0   0   7   0   0   0   0  13   0  34   0   0  39   0  36  26   0  47   0   0   0  13  19  46   0   0   0   0   0   0   0   0   0   0  12   0   0   0   0   0   0   0   0   0   0   0   0  43   0  11   0   0   0   0   0   0   0  33   0   0   0   0
   0   0   0   0   0   0   0  31  14   0  13  41   0   0   0   0  50   0   0   0   0   0   0   0   0   0   0   0   0   0  42   4   0   0   0   0  24   0   0   0  28   0   0   0  44  34   2   0   0  32  24   0   0  37   0   0   0   0   0   0   9   0   0   0   0   0   0   0   0   0  47   0  25  37   0  24  46   9   0   0   0   0   0   0   0   0   0   0   0   0   1   0  14   0   0   0   0   0  25   0  23   0   0   0  25   0   0   0   0   0   0   0   0   0   0   0   0   0   9  29   0   0   0   0  19   5   0   0  42   0   0   0  26   0   0   0   0   0   0   0   0  40   0   0   0
   0  18  24   0   0   0   0   0   0   0   0   0   0   0   0   0   0   0   0   0   0   0   0   0   0   0   0   0   0   0   0   0  31  47   0   0   0   0   0   0   0   0  23   0   0   0   0   0  36  48  12   0   0   0  50  23  43   0   0  42   0   0   0   0   5  50  27   0   0   0  15  40   0   0   0   0  16  26   0   0   0   0  40   0   0   0   0   0  15   0  17   0   0   0   0   0   0   0   0   0   0   0   0   0   0  39   0  30   0   0  29   0   0  22   0   0   0   0  35   4   0   7   0   0   0   0  29   0   0   0   0   0   0   0   0   0   0   0   0  43   0   0  14  11
   0   0   0  31   0  45   0  32  30   0   0   0   0   0  29  12  44   0   0   0   0  19   0   0   0   0   0   0  28  23   0   0   0   0   0   0   0   0   0   0   0   0  40   0   0   0   0   0   0  20   0   0   0   0  11   0   0   3   0   0  34  47  38   0   0   0   0   0  37   0   0   0   0  15   0   0   0  37   0   0   0   0   0  25   0   0   0  27   0   0  50   0   0   0  21   5   0   0   0   0  11   0   0   0   0   0   0  22   0  46   0   0   0   0   3  48   0  30   0  31   0   0   0   0   0   0  45   0   0   0   7   0   0   0   0  46   0   0   0   0   0   0   0
   0   0   0   0  42  20   0   0  18   0   0   0   0   0   0  35   0   0   0   0   0   9  20  20   0   0   0  24   0   0  27  16  23   0   0   0  16  41   0   0  14   3   0   0   0   0   0   0   0   0   0   0   0   0  42   0   0   0   0   7   0   0   0  29  36   0   0   0   0   0   0   0   0   0   0  34   0   0  40  49   0   0   8   0   0  20   0  39   0   0   0   0   0   0   0   0  27  32  47   0  33  43  35   0   0   0   0   0   0   0   0   0   0   0   0  15   0   0  45   0   0   0   0  34   0   0  35   0   0  14   0   0   0   0   0   0   0   0   0   0  14  48
   0   0   0   0  36   0   0   0   0   4   0   0   0   0   0   0   0   0   0  37  23   0   5   0   0   0   0   0  19   0  16  10  38   0   0   0   6   0   6   0   0   0   6  47   0  37   0   0  10   0   0   0   0   0   0   0   0   0   0  37   0   0   0   0   0   0  25   0   0   0   0   0   0   0   0   0  37   0   0  44  30   0   0  40   0   0  32   0   0  18   0   0   0  39  17   0   0   0   0   0  16   0   0   0   4   0   0   0   1   0   0   0   0   0   0  37   0   0   0   0   0   0   0   0   0   0   0   0   0   0   0   0   0   0   0   0   0  50   0   0   0
   0   5   0  41   0   0   0   0  47   0   0  28   0   0   0   0   0  13   0   0   0   0   0   0   0   0   0   0   0  39   0  33  18   0   0   0   0   1   0   0   0   0  17   0   0   0   2   0   0   0   0   0   0   0   0   0   0   0   0   0   0   0  32   0   0  42   0   0   0   0   0   0   9   0   0   0   0   0  44   0   0   0  33   0   0   0   9   0   0   0   0   0   3  24   0   0   0  17   0   0   0   0   0   0  13   0   0  48   0   0   0   0   0  18   0  31   0   0   0   0   0  38  49   0   0   1   0   0   0   0   0   0   0   0  35   0   0   0   0   0
   0   0  31   0   0   0   0   0   0   0   0   0  32   0   0   0  38   0   0   0   0   0   0   0   0  38   0   0   0   6   5  14   0   0   0   0  40   0   0  31   0  50  33   0   0   0  29   0   0  17   0  25   0  45  34   0   0   0   0   0   0   0   0   0   0   0  33   0   0   0   0   0  28   0   0  49   0   0   0  42   0  28  46   0   0   0   0  42   0   1   0   0   0   0   0   0   0   0   0   0   0   0   0   0   0   0  19   0   0   0   0   0   0   0   0   0   0  19   0  26   0   0   0   0   0  33   0   0   0   0  38   0  22  11   0  35   0   0   0
   0   0  29   0   0   0   0   0   0   0   0   3   0   0   0   0  14   0   0   0   8   0  35   0   0  26  32   0   0   8  26   0   0   0  46   0   0   0   0   0   0   0   0   0   0   0  21   0   0   0   0  46   0  37   0   0   0   0   0  12   0   0   0   0   0   0   0   0   0   0   0   2   0   0   0   0   5  27  32   0   0   0   0   0   0  41  32   0  32   0   0   0   0   0   0   0   0   0  34   0   0   0   0   0   0  25  41   0  24  17   0   0   0   0  49   0   0   0   0  32  41   0   0   0  35   0   0   0   0   0   1  41   0   0   0   0   0   0
   0   0   0   0   0  35   0  19   0   0   0  45   0   0   0   0   0   7   0   0  10   0   0  15   0  35   0   0   0  30   0   0   5   0   0   0   0   0   0   0  36  15   0  38  25   0  15  14   0   0   0   0   0   0  24   0   0   0   0  40   0   3   0  33   0   0   0   0   0   0   0   0  45   0  36   0   0  11  23   0   0   0   0   0   0   0   3  41   0  30   0   0   0   4  10   0  49   0   0   0   0  40  36   0   0  27   0   0   0  25   0  12  26   6   0   0   0   0   0   0   0   0   0   0   0   0   0   0   0   0   0   0   0   0   0   0   4
   0   0  46   0   0   0   0  41  13   0  32   0   0  27   0   0   2   0   0  50   0   0   0   0   0   0   0   0   0   0   0   0   0   0   0  27  47   0   0   0   0   0   0   0   0   0  46   0   0   6   0   0  23   0   0  23   0   0   0   0   0   0   0   0  15   0  41   0  19   0   0   0  37   0   0   0  42   0  29   0   0  37   0   0   0  28   0   0   0   0   0   0   0  21   0   0   0   0   0   0   0   0   0   0   0   0   0  29   0   0   0   0   0  38  19   0   0   0  14   0   0   0   0   0   0   0   0   0   0   0   0   0   0  23   0   0
   0   8   0   0  41   0  49   0   0   0   0   0   0   0   0  33  49  12  49   1   8   0   0  47   0   0   0  48   0   0   0  50  40  41   0  50   8   0   0   0  24   0  42   0   0  37   0   0   0  47   0   0   0   0   0   0   0   1   0   0   0  21  33   0  10  12  49   0   0  45  10   0   0   0  33   0   0  37   0   0   0  21   0   0   0  20   0   3   0  47   0   0   0  41   0  35   0   6   0   0   0   0   0   0  46   0   0   0   4   0  46   7   0   0   0  45  45   0   0  35   0   0   0   0   8   4   0   0  11  16  37   0   0  13   0
   0  49   0   0  43   0  42   0   0  28   0   0  41   0   0  46   0  32   0   0   0  39  19   0  28   0  45   0  26   0   0   0   0   0   0   0   0   0  29   0   0   0  39   0   0   0   0  15  50   0   0   0   0   0   0   0   0   0   0   0   0   0  24   0   0   0   0   0   0   0  43   0   0   0   0   0  35   0   0   0  39   0   0   0   1  23   0   0   0   0  18   0   0   0   0   0   0  26   0   0  35   0   0   0   0  39   0   0   0   0   0   0   0   0   0   0   0   0   0   0  44   0   0   0   0   0   0   0   0   0   5   3   0   0
   0   1   0  20   0   0  39  42  11   0   0   0   0   0   0   0   0   0   0   0  18  50   0   0   0   0   0   0   0   0  22   0   0  38   0   0   0  24   0   0   0   0   0   0   0   0   0   0   0   0   0   0  34   0   0  22   0  47  30   0   0  41   5   0   0   0   0   8   0   0   0   0  41   0   0  30   0   0   0  40   0  43   0   0   0   0  10   0   0   0   2  34  30   0   0   0  44   0  22   0  10  30   0  36   6   0   0   7   0   0  17   0   8  21   0   0   0  42  41   0   0   0   0   0   0   0  46   0   0   0  47   0   0
   0   0   0   0   0   0   0   0  24   0   0  32   0   0   0   0   0  19  42   0  33   0   0   0   2   0  14   0  21   0   0   0   0   0   0   0   0  44   0   0  28   0   0  28   0   0   0   0   0   0   0   0   0   0   0   0   0   0  20   0   0   0  25   0   0   0   0   0   6   0   0  39   0  34  31   0   0   0   0   0   0   0   0   0  13   0   0   0   0   0  26   0   0   0   0  23   0  10  13   0  26   0  47   0   0   0  19   0   0   0   0  32   0  19   0   0   0   0   0   0   0   0   0  22   0   0   0  42   0  27   0   0
   0  35   0   0   0   0   0   0   0   6   0   0   0   0   0   0   0  24   0   0   0   0   0   0  26   0   0   0  32   0   0   0   2   0   0   0   0  44   0  20   0   0  21   0   0   0   0   0   0   0   0   0   0   0   0  19   0   0   0   0   0   0  30   7  15   0   0   0   0   0   7   0   0   0   0   0   8  22   0  26   0  47   0   0  43   0  16  23   0   0   0   0  43  30   0   0   0   0   0   0   0  16   0  37   0   0   0   0   9   0   0   0   0  32   0  50   0  11   0   0   0   0  30   0   0   0   0   0  49   0  14
  31  39  48   0   0   2   0  33   0   0   0   0  16   0   0   0  39   0   0   0  15   0   0   0   0   0  18   0   0  19   0   0   0   1   0   0   0   0   0  42   0  43  44   0   0   0  19   7   0   0   0   8   0   0  25   0   0   0   0  50   0   0   0   0   8  50   0  15   0   8  34   0   0   0   0  47  15  11   0  28   0   0  49   0   0   0   0   0   0   0   0   0   0   0  26   0   0  47   1  14   0   7   0   0   0   0   0   0   0  15  37  31   0   0   0   0  12  35   0   0   0   0   0   0  17   0   0   0   5   0
   0   1  22   0   0  23   0   0  29   0   0   0   0   0  10   0   0   0   0   0   0   0   0   0   0   0   0   0   0   0  24   0  26   0   0   0   0   0   0   0   0   0  25  50   0  43   0   0   0   0   0   0   0   0   0   0   0   0   0   0   0  35  29   0   0   0   0   0  17   0  33   0   0   0   0   0   0   0   0   0  49   0   0  15   0   0   0   0   0   0   0   0  41   0  16  43  23   0   0   0   0   0   0   0  20   0   0   0   0   0   0   0   0  45   0   0   0   0   0   0   0   0   0   0   0   0  13   0   0
   0   0   0   0  26   0   0   0   0   0   0   0   0   0   0   0  19   0   0   0   0   0   0   0  19   0   0   0   0   0   0   0   0   0   0  45   0   0   0   0  44   0  26   0   0   0   0   0   8   0   0   0   0   0   0   0  31  42   0   0  29   0   0   0   0  27   0   0   0  29   0  22   0   0  13   0   0   0  10   0   0   0   0   3  29   0   0   0   0   0   0   0   0   0   0   0  24   0   0   0   0   0   0   0  26   0   0   0  45  46  15   0   0   0   6   0   0   0   0   0   0   0   0   0   0   0   0   0
   0   0   4  22  26   0  26   3   0   0   0   0  44  47  13   0   0  24   0   0   0   0   0   0   5   0   0   0   0  34   0   0   0   0   0   0   0  29   0   4   0  37   0   0   0   0   0   0   0   0   0  48   0   0  18   0  39   0   0   0   0  27  50  16   8   0  30   0  46  33   0   0  23   0  10  47  42   0   0  37   0  16   0   0   0  39  38  35   0   0   3   0   0   0  34  48   0   0   0   0   0   0   0   0   0   0   0   0   0  48   0   0  11   0   0   0  32   0  27   0   0   0   0   0   0  44   0
  35   0  17  24  42   6   0  28   0  26   5   0   0   0   0  27   0   0   0   0   0   0   0   0   0  31   0   0   0  31   0   0   0   0   0   0   0   0   1   0   0   0   0   0   4   0   0   0  31  10  18   0   0   0   0   0   0   4   0   0   6   0   0   0  45   0  44   0  48  49   0   0   0   0  48   0   0  49   0   0   0   0   0   0   0   0   0   0   0   0   6   0  21   0   0   0   0  27   0  29  39   0   0  24   0   0   0   9   0   0   0   0   0   8   0   0   0   5   0   0   0   0   0   0   0   0
   0  23   0   0   0  32   0   0   0   0   0   0   0   0   0  20  22   0  33   0   0   0   0  14   0   0   0  24   0  31   0   0   0   0   0  27   0   0   0   0   0   4   0   0  48   0   0  21   0  11   0   0   0   0  48   0   0   0   0   0   0   0   0  25  33   0  26   9   0   0   0   0   0  42   0   0   0   0   0  11  43   0   0   0  39   0   8   0  46  21   0   0   0   0   0   0   0   0   0   0   0   0   0   0   0   0   0  32   0  35   0   0   0   4   0   0  35   0   0   0   0   0   0   0   1
  45   0  39   0   0   0   0  42   0   0  26   0   0   0   0  42   0  37   0   0  41   0   5  10   0   0   0   0  23   0   0   0   0   1   0  31  11   0   0   0   0   0   0   0   0   0   0   0  33  44  36   0  22   0   0  16   0   0   0   0  42   0   0   0   0   0   0   0  21   0   0   0  35   0   0   0  17   0   0  28   0   0   0   0   0  44   0   0  41   0   0   0   0   3   0   0   0   0  22   0   0   0   0   0   0   0  18   0   0   0   0   0   0   0   0  26  31   0   0   0   0   0   0   0
   0   0   0   0   0   0   0   0   0   0   0   0   0   0   7   0   0  41   0   0  44   0   0  39   0   0   0   0   0  41   0   0   0   0   0   0   0   0   0   0   0  24   0  28   0   0   0   0   0  16   0   0   0   6  29  44   0  41   0   0   0   0   0   0   0   0   0   0   0   0   0  16   0   0   0  16  23  15  29  19   0   0  20   0  43   0   0   0   0  19  41  11  43   0   0   0   0   0   0   6  50  31   0   0   0   0  38   0  37   0   0   0   0   0  38   9   0  50  44   0   0   0  40
   0   0   3   0   0   0   0   0   0   0  15  38  35   0   0   0   0   0   0   6   0  17   5   0   0  18   0   8   0   0  25   5  35  13   0  22   0   0  33   0   0   0   0   0   0   0   0   0  26   0   0   9   0   0   0   9   0   0   0   0   0   0   0   0   0   0   0   0   0   0   0   0   0   0   0   0  13   0   0  39   0   0   0   0   0  20   0   0   0   0   0   0   0   0   0  24   0   0   0   0  47   5  43   0  35   0  49   0   0  37   0   0   0   0   0   0   0   0   0   0   0   0
  17   9   1   3   0  42  37   0   0   0   0   0   0   0  45   0   2   0   0   0   0   0   0   1  46   0   0   0   0  17   0   0   0   0   0   0   0  46  20  42   0   0   0   0   0   0   0   0   0   0   0   0   0   0  22   0   0   0   0  33   0  26   0  32  17   0   0   0  22  21   0   0   0   0   0   0   0   0  22   0  10  23   0   0   0   0   0   0  18   0   0   0  21  23  46  44   0   0  46   0   0   0   0   0   0   0   0   0   0   0   0  10   0   0   0   0   0  12   0   0   0
   0   0  33   0  36   0   0   0   0   0   0  15  11   0   0  33   0  24   0  12   0   0   0   0   4   0   0   0   0   0   0   0   0   0   0  30   8   0   0   0   0   0  23   0   3  21   0   0   0  44   0   0   0   0   0   0   0  24  38   0  19  34   0   0   0   0  45  15   0  20   0   1   0   0  16  13   0   0  41  32   0  32   0  40   0   0   0   0  19  28   0   0  49   0   0  41   0   0  23  29   0   0   0  38   0  42   0   0   0   0   0   0   0  40  20   1   0   0  49   0
   0   0  44  34   0   0   4   0   0   0   0   0   0   2  36  45   0  32   3   0   0   0  32   0  32   0   0   0  21   0   0  29   0   0  17   0   0   0   0   0   0   0   0  12   0   0   0  16   0  44   0   0  37   0   0   0  12   0   0   0  13  46   0   0   0   0   0   0   0  24  28   0   0   0   0   0   0   0   0  44  50   0   0   0   0   3   0   0  16  13   0  10   0  10   0   0   0  21  15   0   0   0  46   0  35   0   0   0   0   0   0  25   0   9  44  49  38   0   0
  22  15   0   0   0   0   0   0   0  48  48   0   0   0   0   0   0   0   0   0  44  50  45   0   0   0   9   0   0   0   0   0  42   0   0   8   0  32   0   0  30   0   0  24   0   0   0   0   0   0   0   0   0   0   0  27   0  34   0   0   0   0  23   0   0   0   0   0   0   0   0   0  50  42   0  15   0   2   0   0  42   0   0   0   0  47   0   0   0  42   0  18   0   0   0   9  34   0   0   0  48  34   0   0   0   0   0  41  19   0   0   0   0   0  20   0   0   0
   0   0   0   0   0   0   0   0   0   0   0   0   0   0  28   0   0   0   0  31  47   0   4   0   3  48   0  43   0  26   0   0   0   0   0   0  37   0   0   0  40   0   0   0   0  15   0   0   0   0   0   0   0   0   0   0   0   0   0   0   0   0   0   0  29   0   0   0  47   0   0   0  38   6  25  45   0  46   0   0   0   0   0   0   0   0  14   0  10   0   0   0   0  19   6   3   0  23   0  50   0   0   0   0   0   0   0   0   0   0   0  11   0   0   0   0   0
   2   0   0   0   0  42   0   0   0  14   0   0   0   0  35   0   0   0  38   0   0   0   0   8  41   0   0   0   0   0   0   0   0  28   0   0   0  16   0   0   0   0   0   0  16   0  21  46   0   0   0   0   4   0   0   0   0   0   0  36   0   0   0   0   0   0   0  24   0   0   0   0   0   0   5   0  37   0   0   0   0  17   0   0   0   0   0   0   0  32   0   0  50   0   0   0  23   0  11   0   1   0   2   0   0   0   0   0   0   0   0  11  11   0  40  21
   0   0   0   0   6   0   0   0   0   0   0   0   0   0   0   0   0   0  35   0   0  40   0   0   0   0   0   0   0   0  37   0   0  38   0   0   0   0  25  42   0  24   0   0   0   0   0   2   0  20   0   0   0   6  49   0   0   0   0   0  32  47   0   0   0  34   0   7   0   0   0   0   0   0   0  29   0  43   1   0   0  37   0   0   0   0   0  24   0   0   0   0   0   0   0  46   0   0   0   0   0   0   0   0  10  24   0   0   0   0   0   0  41  48   0
   0   0   0   0  17   0   0   0   0   0  36   0   0   0   0   9  47   0   0  39   0   0   0   0   8   0   0   0   0   0   0   0   8   0   0   0   0   9   6   0   0   0   0  27  41   0   0   0  39  19  18  41   0   0   0   0  45   0  12   0   0   0   0   0   0   0   8   0  33  30   0   0   0   0   0  50  46  42   0   0  28   0   0   0   0   0   0   0   0   0   0   0   0   0   0  46   0  30  33  24   0  47   0   0   0   0   0   0   0   0   0  42   0  23
   0   0  36   0   0  28   0   0   0   0   0   0   0   0   0   6   0   0   0   0   0   0   0  21   0   0   0   0   5   0   0   0   0   0   0   4   0   0   0   0   0  21   0  29   0   0   0   0   0   0  46   0   0   0   0   0  17   0  48  34   0   0   0   0   0  13   0   0   0   0   0   0   0  15   0   0   0   0   0  30   0  15   0   0  18   0  14   0  35   0   0   0   0  20   0   0  19  39   3   0   0   0   0   0   0   0   0  36   0   0   0  16   0
   0   0  28   0  36   0   0   0  22   0   0   0   0   0   0   1   0   0  43   0  37   0   0   0  43   0   0  47   0   0   0   0   0   0  11  27  34   0   0   2   0   0   0   0   0   9   0  24   4   0   0   0   0   0  30   5   0  45   0   0   0   0   0   0   0   0   0  14   0   0   0  40   0   0   0  48   0  16   0   0   0   0  45  12   0   9   0   0  33   0   0  30  13   0   0   0   0   0  37   0  30  14  31   0   0  46   0   0   0   0   0   0
  11  24   0   0   0   8   0   0   0  10   0   0   0   0  49  40   0   0  34   0   0   0  13   0   0   0  25   0   0   0  26   0   0   0   0   0   0   0   0   0   0   0   0   0   0   0  32   0   0   0   0   0   0   0   0   0   0   0   9   0  47   0   0   0   0  16   0   0   5   0   0   0   0   0   0   0   0   0   0   0   0   0  46   2   0   0   0  37   0  11   8   0   0   0   0   0   0   6   0   0   0   0   0  34  26   0   0   0   0   0  44
   0  23  12   0   0   0   0  12   0  18   0  19   0   0  31  14  47   4   0   0   0   0   0   0   0   0   0   0   0  45   0   0  33   0   0   0   0  33   0   0   0  26   0   0   3   0   0   0  40  18  39   0   0   0   0   0  28   0   0   0  24  19  45   0   0  18   0   0   0  13   0  38   0   0   0   0   0  29   7   0  26   0   0   0  49  40   0   0   0   0   0   0   0   0  41  31   0   0   0   0   0   0   0  44  50   0  45   0   0   0
   0  21   4   0   0   0   0  14  48  16   0  13   0   0  40   5   0   0  10   0   0   0   0   0   0   0   0   0   0   0   0   0   4   0   0   0  43  13   0   0   0  17   0  17  45   0   0   0  26   0   6   0   0   0  44   0   0   5   0   0  18   0  33   0   0   0   0   0   0   0   0  13  18   0  34   0   0   0  38  22   0   0   0  16   0   0   0   0   0  49   0   0   0   0   0   0   0  22  13   0   0  18   0  18   0  46   0   0   0
   0   0   0   0   0   0   0   0   0  14   0  46  25   8   0   0   0  11   0   0   0   0   0  17   0  12   0  50   0   0   0   0  35   0  18   0   0   0   0   0   0   0   0   9  31   2   0  14   0   0  29   0   0   0   0  19   0   0  29   0   0   0   0  17   0   0   0   0   0  11   0   0   0  30   0   0   0   0   0   0  45  30  34   0   6   0   0   0   0   0   0   0  14   0   0   9   0   0  25   0   0  21   0   0   0   0   8   0
   0  10   0   0   4   0   0   0   0   0   0   0   0   0   0   0   0   0   0   0   0   0   0   0   6   0   0   0  48   0   0  10   0   0   0   0   0  21   0   0  33   0   0   0   0   0   0   0  17   0   0  27   0   0   5  31  48   0   7   0   0   0   0  10   0   0   5   0   0   0   0  45  14   7   0   0  47   0   0   0  35   0   0   0  43   0   0   0   0   0   0   0   0   0   0   0  14   0   0   0   0   0   0   0  20   0   0
   0   0   0   0   0   0  16   0   0  36   0   0   0  31  33   0   0   0   0   0   0  30   0  38   0  15   0   0   5   0   0  49   0   0   0   0   0  24   0   0   0  25   0   0   0   8   0  25   0   0   0  11   0   0   0   0   0   9   0   0  33   0   0  43   0   0   7   0   0   0   0   0   0   8   0  18   0   0   0   0   0   0   0   0  40   1  46  40  13   0   0   0   0  34   0   0   0   0   0   0   0  48  11   3  34   0
  21  36   0   0   0   0   0   0   0   0   0   0   0   4   0   0  42   0  17   0  35   0   0   0   0   0   0  47   0   0   0   0  39   0   0   0   0  39   0   0   0   0   0   0   0   0   0   0   0  28   0   0   0   0   0   0   0   0   0   0   0  31   0   0   0  48   0  47  13   0   0   0   0   0   0   0   0   0   0   0  17   0  13   0   0   0   0   0   0   0  15   0   0   7   0   0   0   0  11   0  23   0   0   0   0
   0   0   0  42   0  27   0   0   0  15   0   0  18   0  48   0   0   0   0   4   0   0  50   0   0   0   0  44   0   0   0  50  27   0   0  25   5   0   0  44   0   0   0  38   0   0   0  23   0   0  17  25   0   0   0   0   0   0   0   0   0   0   0   0  39  12   0  36   0  23   0  43   0   0  22   0   0   0   0   0   0   0   5   0   0   0   0   0  27   0   0   0   0   0   0  21   0   0   0   0  18   0  48  45
   0   0   0   0   0  40   0   0  18   0   0   0  42   0   0   1   0   0   2   0  10   0   0   0   0   0   0   0  14   0   0   0  18   0   9   0   0  46   0   0  38   0   0   0   0   0   0   0   0   0   0   0   0   0   0   0   0  29   0   0   9  46   0   0   0   0  34  34  28   0   0   0   0   0   0  28  18   0   0   0   0   0   0   0   0   0   0   0   0   0   0  44   0   0   0  36   0   0   0  28   0   0   0
  30   0  46  20   0   0   9  32   0   0   0   0  47  47   0  43   0   0   0   0   0   0  47   0   0   0   0   0   0   0   0   0   0  13   0  41   0   0   0   0   0   0   0   2   0   0   0  50  25   0   0   0   0   0  44  46  14   0   0   0   0  39   0   0   0  23   0  33   0   0   0   0  46   0   0   0   0   0   0   0   0  44   0   0   0   0  22   0   0   0   0   0   0   0   0   0  33   0  26   0   0   0
   0   0   0  38   0   0   0  22   0   0  25   0   0   0   0   0   0   0   0   0   0  12  21   0   0   0   0   0   0   0  11   0   0   7   0   0   0   0   0   0   0   0   0  40   4  36   0   0   9   8   0   0   0   0   0   0  24   0   0   0   0   0  24   0   0   0   0   0   0   0  16  21   0   0   0   0   0   0   0   0   0   0   0  25   0  25   0   0   0   0  43  24  42   0   0   0  29   0   0  12   0
   0   0   0   0   0   0  21   0   0  11   0  42   0  39   0   0   0   0   0   0   0   0   0  38   0   0  14  19   0   0  40   0   0  45   0   0   0  12   0  36   0   0   0   0  43   0   0   6   0   0   0   6   3   0   0   0   0   0   0  24   0  41   0   0   0   0   0   0   0   9  45   0   0  34   0   0   0  50   0   0   0  30   5   2  14  49   0   0   0  17   0   0   0  27   0  34   0   0   0  18
  34   0   0   0   0   0   0  44  37  46   0  11   0   0   0   0   0   0   0   0  21   0   0   0   0   0   0   0  28   0  42   0  12  24   0   0   0   0  17   0   0   0   0  22  18  22   0   0   7   0   0   0  25  47  13   0   0  16  27   0  30   0   0  12   0  33  40   0   0   0   0   0  41   3   0  35   5  13   0   0   3  10   0  30   0   0   0   0  21  37   0   0   0   0   0   0   0   8   0
   0   0   0   0   0   0   0   0   0   0  23  49   0   0   0   0   0   0   0   0  38   0   0   0   0   0   0  49   1   0   0  27  37   0   0   0   0   0   0  47   0  15   0   0   0   0  49   0   1  27   0   0   0   0   0   0   0   0  15   0   0   0   0   0   0   0  11  44   8   0  30   0   0   0   5  10   0   0  27  15   0  47   0   0   0   0   0  30   0   0   0   0  34   0   0   0   3   0
   0  40   0   0   7   0   0   0   0   0   0   1   0   0   0   0   0   0   0   0   0   0   0   0   0   0   0   0   0   0  47   0   0  40   0   0   1   0   0   0   0   0   0   0   0  25   0  42   0   0   0   0  17   0   0   0  26   9   0   0   0  30   0   0   0   0   0   0   0   0   0   0   0   0  21   0   0   0  50   0   2   0   0   0   0   0   0   0   0   0  12  10   0   0   0  18   0
   0   0   0   0   0   0   0   0   0  41   0   0   0   0   0  24   0   7   0   0   0   0   0   0   0   0  29   0   0   0   0   0  33   0   0   0   0   0   0   0   0   0   0   0   0   0   0   0   0   0   0  38   0  11  18   0  14   0   0   0   0   0   0   0   9   0   0   0  44   0   9  14   0   0   0   0   5   0   0   0   0   0  42   0   0   4  41   0   0  33   0  41   0   0   0   0
   0   0  36   0  16   0   0   0   0   0  38  24   0   0   0   0   0   0   0   0  39   0   0   9  41   0   0   0   0   0   0   0   0  13   0   0   0  27  20   0   0   0   0   0   0  17   0   7  39  20   0   0   0   0   0   0   0   0  40   0  48  22   0   0   0   0  15   0   0   0   0   6   0   0   0   0   0   0   0   0   0   2   4   0   0   0   9   0   0   0  19   6   0   3   0
   0   0   0   0   0  24   0  25   0   0   0   0   0   0   0   0   0   0   0   0   0   0   0  46   0   0   0   0   0   0  29   0  32   0  34   0   0   0   0   0   0  48  16   0  45   0   0   0   0   0  34   0   0  43   0   0   0   0  39   0   0   0   0   0   0  48   0   0   0   0   0  30  15   0   0  28   0   0  42   0   0  11   0  24  23   0  11  21   0  40   0   0   0   0
   0   0   0   0   0   0   0   0  45   0   0  15   0  38   0  19   0   0   0  34   0   0   0  49   0  16   0   0  35   0   0  27   0   0   0   0   0   0   0   0   0  43   0   0   0   0   0   0  46   0   0   0  33   0   0  26   0   0   0  10   0   0   0   0   0   0   0   0   0   0   0   0   0   0   0   0   0  50   0   0   0   4   0   0   0   0   0   0   0   0   0   0   0
   0   0   0   0  26   0   0   0   0  24   0  26   0   0   0   0   0   0   0   0  48   0   0   0   0   0   0  23   0   7   0   0  22   0  11   0   0   8   0   0   0   0   0   0  43   0  49  36  23   0  27  17   0  29   0   0   0   0   0   0   0   0   0   8   0   0   0   0  30   0   0   0   0   0   2   0   0   0   0   0   0   0   0   0   0   0  24   0   0   5   0   0
  31   0   0   0   0   0   0   0   0   0   0   0   0   3   0   0   0  12   0   0   0   5   0   0   0   0   0   0   0   0   0   0   0  19   0  48   0  29   0   0   0   0   4   0   9   0   0  30   0   0   0  33   0   0   0  24   0   0   0   0   0  29  33   0  21  24  39  42   0   0   0   0  28   0   0   0  12  48   0  49  18   0   0   0   0   0   0   0   0   0   0
   0   0   0   0  38  40  39   0   0   0   0   0  45  35   0  11   0   0   0   0   0   0   0   0   0  44   0   0   0   0   0  35   0   0   0   0   0   0   0   0   0   0   0   0   0   8   0   0   0  36   0   0  15  20   9   0   0   0  28  44   0  13   0   0   0   0   0  16   0   0   0   0  35  28   0   0   0   0   0   0   0   0   0   0   0   0   0   0   0  37
   0   0   0  49   0   0   0  42   0  26   0   0   0   0   0   0  44  38   0   0  34   0   0   0  39  32  12   0   0   0   0   0   0   8  40   0   0  25   0   0   0   0  36  18   0  16  27  50  28  38   0  15   3   0   0   0   0   0   0   0   0  31  14   0   0   0   0   0   0   0   0   0  11   0  28   0   0   0   0  42   0   0  33   0   0   0   0   0   0
   0   7   0  18   0   0  38   0   0  43   0   0  50   0   0   0  33  14  29   0  24   0   0   0  41   0   0   0   0  15   7   0  20   0   0   0   0  27   0   0   0  17   1   0   0   0  33   0   0   0   0   0   0   0  11   0   0   0   0   0   0   0   0  47   0   0   0   0   0   0  18   0   0   0   0   0  22   0   0   0   0   0  45   0   0  23   0   0
   0  30   0  19   0   0   0   0  11   0   0   0   0   0   0   6   0   0   0   0   0  27  39   0  24   0   0   6   0   0   0   0   0   0   0  29   0  45  23   0   2   0   4   0  50  38  29   0   0   0  41  32  40   5   0  14   0  47   0   0  15   0   0   0   0   0   0   0  47   0   0   0  46  13   0   8  22   0   0   0   0   0   0   9   0   0   0
   0  47   0   0   0   0   7   0   0   0   0   0   0  27   0   0   0   0   0   0  45  40   0   0   0   0   0   0   0   0   0   0   0   0  30  46   0   0   0   0   0   0  36   0   0   0   0   0  21  42  40   0   0   0   0  22   0  16   0   0   0   0   0   0   0  38  29   0   0  13   0  46   0   0   0  31  39  36   0   0   0  47   0   7   0  35
   0  33   5   0  10   0   0   0   0  17   0   0  20  27   0   0  38   0   0   0   0   0  25   0   0   0   0   0   0   0   0   0  25   0   0   0   8   0   0  34   0   0   0  49   7   0   0   0  32   0   0  42   0   0  34   0   0   0   0   0   0   8   0   0   0  19  49   0  14   0  31   0   0   0   0   0   0   0  49   0  14   0   0   0   0
   0   0   0  33   0   0   0   0   0   0   0   0   0   8  20   0   0   0   0   0   0   0  31   0  43   0   0   0  46   0   0   0   0   0   0   0   0   0  11   0   0   0   0   0   0   0  18   0  11   0  30   0  28   0  13   0  35   0   0  21   0   0  20  19   0  35   0   0   0  39   0   0   0   5  46  36   0   0   0   0   0   0   0   0
   0   0   0   0   3   0  16   0   0  13   0   0  39   0   0   0   0   0   0  41   0  47  42   0  33   0   0   0   0   0  32   0   0   0   0   0   0  27  42   0   0   0   0   0   0   1   0   0  14  43   0   0   0   0   0   0   0   5   0   0   0   0  24  36  42   0  16   0   0   0  18   0   0   0   0   0   0   0   0   0  42  22  30
   0   0   0   0   0  32  48  23  25   0  39  33   0   0   0   0   0   0  27   0   0   0   0   0  35  50  41   0   0   0   3   0   0   0  43   0  42   0  30   0   0   0   0   0  38   0   0  32   0   0   6   0   0  16   0   0   0  46   0   0   0   9  18   0   0   2   0   0  29   0  32  25   6   0   0   0   6   0   0   0   8   0
   7   0   0   0   0  35   0  36   0   8   0   0   0  32   0  25   0  23   0  22   0   0   0  10   4  18   0   0   0   0  34   0   0  43   0   0   3   0   0   0   0   0   0   0   0   0   0   0  44   0   0   0  14   0  37   0   0   0  47   0   0   0   0   0   0   0   0   0   0   0   0  29  33   0   8   0  15   0   0   0   0
   0   0   0  45   0   0  15   0   0   0   0  33   0   0   0   0   0   0  26   0   0  24   0   0   0  34   0   0   0   0  50   0   0   0   0  17   0   0   0   0   0  31   0   0   0   0   0   0  13   0   0   8  32   0   0   0   0   0   0   0   0   3   0   0   0   0   0   0   0   0   0   0   0   0   0   0   0   0   0  10
   0  26   0   0   0   0  13   0   0   0  37   0   0   0   0   0   0   0   0   0   0  29   0   0   0   9   0  31   0   0  28   0   9   0   0   0   0   0  11   0   0   0  33   0   0   0   0  44  22   0   0   0  29   5   0   0   0   0   0   0   0   0   0   0   0   0   0   0   0   0   1  41   0   0  45   0   9   0   0
   0   0   0   7  16   0   0   0  17   0  28   0  17   0   0   0  37  40   0  14   0   0   0   0  34   0   0   0   0   0  11   0   0   0  17   0   0   0   0   0   0  43   0   0   0   0   0   0  44   0   0   0   0   0   6   0   0  41   0   0   0   0  43   0   0   0   0   0   0   0   0   0  28  35   0   0   0   0
   0   0  47  11   0   0  31   0  18   0   0   0   8   0   0  35   0   0   0   0   0   0  20  23  35  37   0   0   0  42   0   0  32   0   0   0   0  44   0   0   0   0   9   0   0   0   0   0  22  23   0   0   0   0   0   0   0  38   0   0   0   0   0  26   0   0  31   0  16  40   0   0   0   0   0   0   0
   0   0   8  18   0   0   0   0   0   0   6  20   0   0   0   0   0   0  24   0   6   0   0  44   0   0   0   0   9  35   0  27   0   0   0   0  11   0   0   0  34   0   0  45   0   0   0  41  30  49   0   7   0   0  41  35   0   0  12   0  41   0   0   0  13   0   0  44   0  28   0   0   0   0   8   0
  22   0   0   0   0   0   0   0   0   0   0  50   0   0   0   0  31   0   3   0   0   0  12   0  37  46  12  23  35   0   0   0   0   0  35   0  25   0   0   6   0   0   0   0   0   0   0   0   0   0   0   0   0   0   0   0   0   0   0  18   0   0   0   5   0   0  23   0  44   0   0   0   0   0   0
   0   0  36   0   0  28   0   0  47  15   0   0  15   0  20   0   0   0  26   0   0   0   0   0   0   0   0  33   0   0   0   0   0   0   0   0  12  33   0  29   0   0   0   0  21   0  48   0  11   0   0   0   0  36  21  30   0   0   0   0   0  43   0   0   0  13   0   0   0   0  18  12   0   0
   0   8   3  43   0   0   0   0   0   0   0   0   0   0   3  13  26   0   9   0   0   0   0   0   0   0  34   0   0  14  45  29  10   0   0   0   0   0   0   0  19   0   0   0   0   0   0   0   0   0   0   0   0   0   0   0   0   0  11  46   0   0   0   0   0   0   0   0   0   0   0  10  25
   0   0   0   0   0   0   0   0   0   0   0   6   0   0  36   0   0   0   0   0   0   0   0   0   0   0  32  48   0   0   0   0  21  14   0   0   0   0   0   2  18   0   0   0  14   2   5   0   0  25   0  48   0   0   0   0   1  31   0   0  20   0   0   0   0   0   0   0   0   0   0   0
   0   0   0   0  10   0   0  16   0   0   0   2   0  46   0   0   0   0   0   0  39   0  12   0   0   9   0   0  50   0   0   0   9   0   0   0   0   0   0   0   0  37  26  32   0  47   0  44  39  26   0   9   0  41   0   0   0   0  48   0   0   0   0   0   0  14   9   0   0   0   0
   0   0   0   1   0   0   0   0   0   0   0  33   0   2   0  40   0  18   0   0   0   0   0  33   0  49  11  19   0  40   0  16   0   0   0  26   0   0   0   0   0   0   0   0   0  25   0  26   1  23  48   0  45   0   0   7   0   0   0   0   8   0   0   0  21   0   0   0   0  18
   0   0   0   0   0   0   2   0   0   0   0   0   0   0   0   0   0   0   0  35   0  40  38  29   0  35   0   0   0   0  30  16  18   0   0   0   0   0   0   0   0   0   0  33   0  22   0  13  42   0   0   0   0   0  11  27   0  46   0   0   0   0   0   0   0   0   0  48   0
   0  25   0   0   0  38   0   0   0   0   0  29   0  22   0   0   0   0   0   0   0  18  18   0   0   3   0   0  10   0   0   0   0  44   0  20   0   0  32  12   0   0   0   0   0   0   0   0   0  16   0  32   0   0   0   0   0   0   0  46  25   0   0   0   0   0  17  42
   0   0   0   0   0   0   0  26   0   3   0   0   0   0   0   0   0   0   0   0   0   0   0  22   0   0   0   0   0   0  24   0  17   0   0   0   0   0   0   0   0   0   0   0   0   0  10   0   0  17   0   0   0   0   0   0   0   0   0   0   0  13   1  34   0   0   1
   0   0   5   0   0   5  43   0   0   0   0   0   0   0   0   0   0  23   0  10   0   9   0  40   0   0  28   0   0   0   0   0   0   0   0   0   0   0  26   0   0   1   0  44   0   0   0   0   0  31   0   0   2   0   0   3   0  42   0   0   0   0   0   0   0  27
  44   0   0   0   0  38   0   0   0   0   0   0  50   0   0   0   0  27   0   0   0   0   0  10   0   0  39   0   0  47   0   0   0   0   0  15   0   0   0  30   0   0  22  41  24   0   0   6  30   0   0   0   0   0   0   0   0  19   0  24   0   0   0   0   0
   0   9   0   8   0   0   0   0   0   0   0  22   0  15  21   0   0  21  50   0  41  27   1   0  31   0   0  12   0   0   0   0  31   2  30   0   0   0   0   0  15   0   0   0   0   0   0   0  10  20   0   0   0  45   0  17   0   0   0   0   0   0   0   0
  14  12  42   1  46   0  27   0  50   0   0   0   0  49   0  23   0   0  26   5   0  17  37   0   0   0   0   0   0   0  12   0  30   0   0   0   0   0   0   0   9   0   0   0   0   0   0   0   0   0   0   0   0   0   0   0  13   0   0  22   0   0   0
   0   0   0   0  13   0   0   0  27   0   0   4  37   0  42   0   0   0   0   0   3   0   0   0   0   0  22   0   0   0  50   0   0   0   0  48   0   0   0   0   0  25   0  26   0   0   0  16   0   0   0  12   0   0  50   0   0   0   0  24   0   0
   0   0   0   0   0   0   0  27   0   0   0   0   0   0   0   0   6   0   0  26   0  40   0  34   0   0   0   0   0   0  43   0  34   0   0   0   0   0   0   0   0  23   0   0   0   0   0   0   0   0   0   0   0   0   0   5   0   0   0   0   0
   0  40  40   0   0   0   0  29   0  24   0   7   0   0   0   0   0   8   0   0   0   0  33   0   0   0   0  36   0   0   0  35   0   0  39   0   0  20   0   0   0   0   0   0   0   0   0   0   0   0   0   0  15   0  45  42  24   0   0   0
   0   0   0   0  46   0   0  49   0   0   0   0   0   0   0   0  13   0   0   0   0   0   0   0   0   0   0   0   0   8   0  35   0   0   8  49   0  14   0   0   0   0   0  18   0  17  34   0   0   0   0   0   0   0   0   0   0  16   0
  27   0   0  40  35   0   0   0   7  45   0   0   0   0   0   0   0   0   0   0   0   0  41  17   0   0   0   0  44   5   0   0   0   0   0   0   0   0   0  10   0   0   0   9   0   0   0  50   0   0   0   0   0   0  42   0   0   0
  41   0   0  15  45   0   0   0   0   0   0   0   0   0   0   0   0   0  33  11   0   0   0   0  24   0   0   0   0   0   4   0   0  48   4   0   0   0   0  25   0   0  41   0  49   0   0   0   0   0   0  43   0   0   0   0   0
  13   0  22  10  40   0   4   0   0   0   0   0  13   0  44   0   0  14   0   0   0  26  36   0  37   0   0   0   0   0   0   0   4   0   0  33  17  35   0  34  33   0  39   0   0   0   0   0   0   0   0  31  18   0   0   0
   0   0   0   5   0   0   0  22   0   0  35   0   0   0   0   0   0   0   0   0  10  12   0  34   8   0   0   0   0   0   0  28   0   0   0  48  49   0   0   0   0  12   0   0  32   0   0  38   0   0   0   0   0   4   0
  11   0   0   0   0   0   0   0  25   0   0   0   0   0   0   0  22   0   0  50   0   0   0  31   0   0   0  44   0   0  15   0   0   0   0   0  14  49   0   0   0  13   0  15   0   0   0   1   0   0   0   0   0  38
   0   0   0   0   0   0  21  23  22   0  30  25   0  25   0   0   0  46   0   0  17   0   0  16  32   0   4   0   0   0   0   0   0  35  32   0   0   0   0   0   0   0   0   0   0   0   0  11   0   0   0   0   0
   0   0  23   0   0   0   0  41  48   0   0   0   0   0   0   0   0   0  41   0   0   0   0   0   0  43   1  27   0  10   0   0   0  27   0   0   0   0   0   0   0   0  34   0   0   0   0  21   0   0   0  30
   0   0   0   0  47  42   0  29   0   0  49  38   4   0  11   0   8   0   0   0   0   0  17   0   0   0   0   9   0   0   0   0   0   0   0   0  10  26   0   0  10  39  26   0   0   0   0   0   0   0  37
   9   0  16   0   0  46  17   0  29   0  30   0   0   0   0   0   0   0   0  48  28   0   0   0   0   0   0   0   0   9   0   0   0   0   0   0   0   0   4   0   0   0   0   0  41   0  31   0   0   0
   0  38   0   0   0   0   0   0   0   7   6   0   0   0   0   0   0   0   0   0  45   0  26  42  12  49   0   0   0  26   0   0   0   0  24   0  48  41   0   0   0   0  50   0  32   2  38   0  26
   0   0  36   0   0   0   8   0   7   0   0   0   0   0   0   0   0   0  46   0   0   0   0   0   0  32   0   0   0  49  23  31  41   0   0  16  24   0   0   0   0   0   0   0   0   0   0   0
   0  30   0   0   0   0   0  44   0   0   0   0   0   0   0   0  24   0   0  32   3   0  15   0   0   0   0   0   0   0   0   0   0   0   0  48   0   0   0   0   0   0   0   0   0   0   0
   0   0   0   0   0   0  44   0   0  34   0   7   0  10   0   0  14   0   0   0   0   0   0   0   0  20  37   0  29   7   0   0   0  46   0   0  24   0   0   0   0   0  22   0   0  45
   0   0   0  36   0   0   0   0  33   3   0   0   0   0   6   0   0   0   0   7   0   0   0   0   0   0   0   0  26   0   0   0   0   0   0   3   0   0   3   0   0   0   8  16  26
   0   0   0   0   0   0   0   0   0  34  45   0   2   0   0   0  49   0   0   0  43   0   0  40   0   0   7   0  47   0   0   0  25   0   0   0   8   0   0   0   0   0   0   0
   0   0  44   0   0   0  12   0  28   0   0  17  26   0   0   0  28   0   0   0   4   0   0  47   0   0   0   0   0   0   1  44   0   0   0  30   0  49   0   0  15   8   0
   0   0   0   0   0  37   0   0   0   0   0  38  19   0   0   0   0   0   0  48  12   0   0   0  44  30   0  24   0   0   0   0   0   0  21   0   0   0  35   0   0  37
   0  41   0   0  33   0   0   0   0  27   0  39   0   0  20   0  35   0   0  23   0   0   0   0  11   0   0   0   0   0  39   0   0   0  42   0  31   0  35   0  31
   0   0   0   0   0   0   0   0   0   0   0  19   0   0   0   0  39  19  47  37   0   0   0  29   0   0   0   0   0   0   0   0   0   0   7   0   9   0   0   0
  31   0   0   0   0   0   0   0   0   0   0   0   0  46   0   0  46   0   1   0   0   0  37   0  33   0   0   0   0   0   0   0   0   0   9   0   0   0   0
   0   0   0   0   0   0   0   0   2   0   0   0   0   0   0   0  19   0   0   0  46  29   0   0   0   0  46   0  15   0   2   0   0   0   0   0   0   0
   2   4   0  17   0   0   0   0   6   0   4   4  24   0   0   0   0   0   7  37   0   0   0   0   0   0   0   0   0   0   0   0   0   0   0   0   0
  43   0   0   0   0   0   0  49  10   0   0   0  39   0   0   0   0   0   0   0   0   0   0   1   0   0   0   0   1   0   0   0   0  20   0   0
   0   0   0   0   0   0   0   0   0   0   0   0   0   0   0   0   0  10   0   0   0   0   0   0   0   0   0   0   0   0  34  47   0  19   0
   0   0  34  27  35   0  35   0   0   0   0   0   0   9   0   0   6   0   0   0   0   0   0   0  11   0   0   0  16   0  16   0   0   0
   0   0   0   0  34   0   9   0  19   3   0  29   0   9   0   0   0  41   0   0   0   0  26   0   0   0   0   0   0   0   0   0   0
   0   0   0   0   7   0   0   0  15   0   0  34   0   0   0   0  32  29   0   0  34   0   0   0   0   0   0   2   0  49  29   0
   0   0  30   0   0   0   0   0  38   0  14  14   0   0   0   0   0   0   0   0   0  25   0  50   0   0   0   0   0   0   0
   0   0   0   0   0  19   1   0  16  28   0   0  10   0  27   0   0   0   0  48   0   0   0   0   0   0  32  18   0   0
   0   0   0  39   0   0   0  11   0   0   0   0   0   0   0   0   0  15   0   0   0  24   0   0   0  42  25   0   0
   0   0   0   0   0   0   0   0   0  13   0  19  21  35   0   0   0   0  19   0   0  27   0   0   0   0  33  22
   0  48  50  27   0   0   0   9   0  48  21  43   0   0  43   0  50  24   0   0   0   0   0   0   0  11   0
  49   0   0   0   0   0   0   0  10   0   0   0   0   0  16   0   0   0   0   0   0  50   0  24   0   0
   0  37   0   0   0   0   0   0  21   0  16   0   0   0   0   0   0   0   0   0   0  18  41  38  28
   1   0  29   0  48   0   0   0   0   0   0   0  18   0   0   0   0   0   0   0   0   0  41   0
  41   0   0   0   0   0   0   0  11  31  21  34   0   0   0   0   0   0   0  49   0   0   0
   0   0   0   0   0   0   0   0   0   0   0   0   0   0   0   0   0   0   0   0  19   0
   0   0   0   0   0   0   0   0   0   0  29  20   0   0   0   0   0  18   0   0   0
  49   0   0   0   0   0   0   0   0  38   0   0   0   0   0   0   0   0   4   0
   0   6  37   0   0   0   0   0   0   0  29   0   0   0   0   0   0   0   0
  47  21   0   0   0   0   7  22  24   0   0   0   0   0  18   0   0   0
  28  41   0  10   0   0   0   0   0  37  11  19  25  28   0   9   0
   0   0   0  30   0   0   0   0   0   0   0   0   0  27   9   0
   0  42   0  50  26   0  15   2  29  27  45   0   0   0   7
   0   0  41  47   0   0   0   1   0   0   9  40   0   0
   0   0  36   4   0   0   0   0   0   0  30   0   0
  38   0   0   0  36   0   0   0   0   0   8   0
   0   0   0   0   0   0   0   0  28  48  35
   0   0   0   0   0  17  19   0   0  20
   0   8   0  28  12  42   0   0   0
   0   0   0   4  25   0   0   0
   0  21   0   0   0   0  14
  10   0   0  23   0   0
   0   0  35   0   0
   0   0   0   0
   0   0   0
   0   0
   0

 2024
  24  14  11  10   7  11   1   5  22   7  21   7  12  21  18  22   1  25  18  19  12   8  23  16  14   5  24  13  17  15  13  22  13  25   7   1  17  10  15  11   7  18  20  20  20   4  21  20  18   5  23  11  20  18  12  14   9  22  15   7  22   7  20  20  15  24   8  18   8  12  20   5  12  15   1  20   7  16  25  11  13   3  17   3   7   5   7   7  21  22  12   4   2   1   9  12   4   9   8   6  21  25   9  21  18   8  23  24   8  13  19   6  20  11  20  19  24  21  12   9   8   7  12  12  24  11  20  25   7  18  24  23   5  10   9  19  22   7  23   2   4  18   1  10   1   2  20   1  16  16  17  14  16   4  17   6   9   3  23   4

