 160 
   0  36  35  16  30   0  38   0   0   0  18   0   0   0  32   0   9  15  32   0   0  50  47  45   0  14   0   3  31   0   8   0  27   0  35   0   0   0  50   0   0   0   0   0  46   0   0  15  10  15  23   0   0   0   0   0  20   0  50   0   0   0  43  43  47  36   0   0   0  21   0  34   0   0   0  26   4   5   0   3   5   0   0   0   0  10   0  37  12   0  27  14   8  31   0  26  42  15  42   0  50   0  36   8   0   0   0   0   0   0  13   0   0   0   7  41  17  33  11   0   8  45   0   0  23   5  40  15   0  11   0  15   0   0  24   0  29   0   0   0  37  45   3   0  47  22   0   4   3  17   9   0   0  29  15   0   0   0   8   0
   6  48   0   7  10   0   0   0  47   0   0   9   0   0   0  10  17   0   0  14   0   0   7  26   0   0  20   0   0  42   0  31   1   0   0   0   0   0   6  32   0   0   0  24   0  49   0  14   0   0  33   0  18   0  42  44   0   0   0   0  39   0   0   7   0   0   0  21  39   0   0  48  43  30  26   0   0  46   0   0   0  50   0   0   0  45  35   0   0   0   0   0   0   0  23   7   0   0   0  48  32   0   0  18   0   0  20   0   0   0   0  43   0  47   2  44  43   0  39   2   0  21  31  19  31   2   0  34  22  40   0   0   7  36  18  15  15  30  47   0  41  37   0  32   0   0   0  41  24  17   0  11  47  43  48   0  42   0  36
  41   0   0  24   0  37   0   0  45   0   0   0  31  33  26  44   0   0  36   0   0  25   0   0   0  33  39   0   0   0  31  17   0   0   0  22  10  40   0   0   0  31   0   0  42   0   1  49   0   0  45   0  44   0  49   0   0   6   0   0   0   1   7  38   0  48   0  19   0   0  11  11   0   0   0   0   4  25  26   0   0  34   0  40   0   0   5   0  46  10  11   8   0   0   0  37   0   0   6  39   0   4  13   5  37   0  20   0   0   0  32   0   0   0   0   0  36  38  29  26   0   9  43  34  13  38   6   4   0  40  46   0   0   0  41   0  24   0  23   0   0  13   0   0  18   0  36  34   8   0  28  43   0  20   0  24  13  22
  36  33   8  39  18   0   0  47   0   4   0   2   0   6   5  29   0  49   7  22   0   0   0   0  39   0   0  47  25  20   0   0   0  28   0   0   0   0  36  48   0  20  19   0   0   0  38  13   0  50   0   0   0   0   6   0   8  32  14   0  27  23   3   0   0   5   0   0   0  31  32   0   0   0   0   0   0  36  12  21   0  18   0  22  15  21   8  25   0   0   0   0   0   8   0   0   0   0  25   2   0   0   0   0  27  22   0   0   0   0  13   0  25  42  32   0  25   0   0  12   0   4   0  31   0   0   2  11  49  31  38   0  45   4   0  47   0   0   0   0  35   0   4  21  34  38  12  26  33   6  22  38  47   0  17  16   0
   0   0   8   0  13  30  26   0   0   0  28   0   0   0   0   0   0  47  36  38   0   0   0  50   0  23   0   0   0  22  20   0  14   0   0  28  20  27   0   0   0  26   0   0  45   2  15  32  37   0  25  27  37  10   0  33   0  45   0   0   0  13   0  36  22   0  24   7  26   0  36   0  25   0   0   0  14   0  12   5  45   0  38   0   0   0  26   0  47  46   0  34   0   2   0  11   0   0  38  43   0   0  15  34   0   0  36  23  25  32  13  45  13  46   0   0   0   0   0   0  23   0   0   0   0   0  12   0   0   0   0   0  29   0   9  36  45   0  18   0   0   0   0  14  33   0   0  26   9   0   0  39  33   0   0  47
   0  10  39   0  23  33  20  29   0   0  22  11  22   0   0   0  47   0  47  30   8  49   0  24   0   0   0  15   8   0   0   0   0   0   0  35   0   0   0  26  14   0   0   0   0  29   0   0  42   2   0  16  13  19  22  47   0   0   0  30  25  23   0   0  19  47   0   3   2   0  35  39   0  44   0   0   0  46  16   0   0   0   3   0   0  19   4   0   0   0   5   0   0   0   0  29  19  10   0   0   0   0   0   0   0   0  32   0   0  13  43  24   0   0   2  45   0   0   0  31   0  18   0   7   0  19   0  24  32  48  44  14   0  48  31  20   1  45   0   1   0  43   0   0  40  20   0   0  38  26  23  11   0  13  36
  43   0  31  19   5   0   9  12   0   0  15   0   6  12   0   0   0   0   0  21   0   0   3   0  42  18  50   0  34   0   0  39  13  36   0   0   3   1   7   0  41   0   0   0   9  44   0  28   0   0   0  34  33   0   0   0   0   0   9   0  17  22  41   0   7  17   0   0  31   0  48  37  34   0  10  47  34  44   0  47   0   3  43   0   1   0  17   0   0  38   0   0   0  17   0   0  21  19   0   0  17  33  26   0   0   0   0   4   0  43  36   0   0  23   0   0  25  47   0   0   1   0   2   0  44  25   0   0  43  15   0   0   0  31   0   0   0   0   0  26  30   6   0  30   0   0   0  18   0   0  35  22   0   0
  48  11  10   0   0   0   0   0   0  39  47  48   0  46   0   0  10  11   0   0  27   1   0   0   0   0   0   0   0   6   0  46   0  39   0  34  14   0   0  25   0   0   0   0  35   0  18   0   6  21  28  18   0   0  30  46  17   0   0   0  35   0   0  23  12   0   0  48  41  41   0   0   0   0   0  48   0  36  16  48  12   0   0   0   0   0   0   0  16  48  46  20   8   0   3  28  29  40  22  31  40  18  29   0   0   0   0  30  43   0   0  31  47   0  50  50  38  26   0  40   0  24  36  37  46  43   6  19   0   6   0   0   1   8  41   0   0   0   0   0  17   0  21  43   0   0   0  12  13   0  14  48  44
   0  49   5   0   2   0   0   0   0   6   0  28   9   0  20   0  43   0   0  47   0   0   0   0   0  33   0   0   0  48   0   9   0  44  46   0   0   0   0  35  23   0   5   0  22   0   0  37   0   0   0   0   0  16  42   0   0  21   0   0  17  38   0  21   0   0  18   3   0   0   0  35  26   0  50  40   0  25  24  10  43  34   0   3  28   0   0   0   0   0  12  20  34   0  39   1  38  41  25  42   0   0  17   0  44  18   0  31  28   0   8  19  45   0   0  29   0   0  31  28   0   0   0   0   0  14   0   0   0  33   3   0   0  19   0   0  13  43   0  39   0  32   0  24   0   0   0   0   0   0  48  30
  23   0  13  27  25   0   0   0   3   0  37   0  25  36  43  36   0   0   0  45  39   0   0   0  45  17   0   1   0  31   0   6  24  48   0  31  35  28   0   8  38   0   0   0   0   2   0  19  14  24   0   5  34   0   0   1  46   0   0   0   0  46   0   7  31  40   9   0  15   7  26   0   0  42   0   0   0   0  30   2   0  25   0  50   0   1  13  20  48  14  22   0   0  42   0  17   0  45  25  12  26   0  34  10  49  33  31   1   0   0  32   0   0   6   0   0  24   0  14  17   0   0   0   2  25  17  13   0   0   2   0   0  16   0  48   0  42  12  14  26   0  20   5   6  49  11  37   0   0   0  43
  26   0   0   0   0   0  18  43   0   0   7  36  21   0  30  33  25   1  17   1   0   6  24   0  34   0   0   0   0  26   0   3  23   6  38  17   0   0  12   0   0   0   0   0  41   0  33   0   0   0   0   6  19   0   0   0   0   0   3   0   0  30   0   0   0   0   0  49   0  30   0   0   3  21  45  46   0   0  27  41   7   0  42   0   0  40  26   0  22   0  43  14  35   0   0  44   5   8   4   0   7  34  24  31   0   0   0  14  26  13   0   0   0  19   6   0   0  15   0  19   0   0  20  14   0   0  41   0   8  15   0   0  20   0  41   0  24  49  30   6   0  38   0  39   0   7   0   0   0   7
   0   0  27  22  40   0   0  23  43  18   0   0   0  35   0  47   0  27   5   0   0   0   0  33   0   0   4   0  25  30   0  24   0  44   0   0   1  29  26   0   0   0  44  29  47   0   0   0   0   0   3  12   0  26  14  21   0   3  23   0   0  29   0  16   8   8   0  49  33   7   4   0   3   0   3   0   0   0  46  33  23   0   0   4  48  29  34   0  22  25  23   0  29   0  18   0   0   0   0   0  11   9   0  13  49   0  44  30   0  46   0   0  13  32  32   0   1  33  37   0  50   0  45   0   0   7   8   0   0   0   0   8   0   0   0  12  40  12  43   0   0  42   0   0  19  25  31  46  30
   0   0   0  50   0   3   0  21  49  13   0  35   0   0   5   0   0  26  48  26  31   0  18  50   0   0   0   0   0  47   0   0   0  28   0   0  24   0   0   0   0   3  27   0  43  41   0   0  34  21   0  38  18   0  21  16  11   0  30   0  48   0   4  22   0  20  15  27  40   0  17  15  30  31   5  36  43   0  16  30  36   0  45  12   0  28   0   0   0   0   0   0   0  10  25   0   9   1  39  47   6  14  27  17   0  28   0   0   0  30   0   2   0   0  38   0   0  23   0  15   0   0  29   0  22  49   2  31   0  10   5   3   0   8  40  35   0   0   0  42   2   0   0   0  30  19   0   0
   0   0   1  33  16   0  46   6   3   0  25  37   0   4   0   0   0   0  35   0   0   0  15   0  14  33  43  27   0   0   0  37   0   0  30   0   0   0  34   1   0   0  46   0  24   0  46  10   0  42   0   0  11  23  38  12  38   0   0   0  34  40  37  20   0  26   0  18   0   0   0   0  16   6  32  45  34  43   0   0   0  15   0   0   0   0   0  50  39  13   0  41   0   0   3  13   0   0   7  44   3   0  23   4   0   0   0   0   0   5   1   0   0   0  17   0   0   0   0  47   0   0  11   0  18  26   0  47  11   0  10  11   6   0   0   0  33  31   4  34   0   0   0   0  20   0   0
   0   0  39  10   0   0   0   0   0  21  41   0  16   0   0  14  39   0  33   0   0   0   3   0   0   0   0  37  24   2  23   0   0  49  44   0  43   0   0   0   0   0  35  48  37   0   0  37   3   0   0  40   0  50   9  18  23   0   0   0   0   0   6   0   0  41   8   0  29   1   0  16   0   0   0  45  42  25  29   0   0   0   8  37  28   0   0   0   0   1   0  36  38   0   0   0  41  39   0  23   2  44   0  20   0  31   0   5   0  48   0  22   6  40  38   0   0  27   0  47   0   0   0   0  42   9   0   0   0  31  44   8   0  28  15  14   0  34  32   0   0  25   8  37  24   0
   3   0   0  23  34   0  15   9  33  14  22  14   0   0  48  46   0  46   0  36  50  39   0   3  43  13   0   0  39  13  34   0   0   3   0  19   0  13   1  32  12  21   0  35   0   0  24  50  26   0  25  50   0  17   0  43   0  43   0   0   0   0  25   8  15   0   0  20  12   0  12  12   0  15   0  50   5  23   0   8   0  42   0  18  15  50   0   0   0  37  47  27   0  32  36   7   0   6  18  50  44  10   0   3  34   0   0   0   0   0   0  12   0   0   0  49   0   0   0   0  45  28  31   0   0   0   0   0  47   0   0  45   0  49  35  30  41   0  20   0   0   0  36  20  45
  27   0  11  45   0   0   0   0  38  23  34   0   0   6   0  39  32   0  25   0   0  25   0  24  50  12  17   0  16   0  34   0   3   0  43   0  16  35  29   0   2  16  10   0   3  14  21  35   1   0   0   0   0   0  50   0  42   0   0   0  16   0  20   0  27   0  17   0   0   0   7  48   0  35   0   1   0  13  35   0   0   0   0   0  22   0  17   0   0  38  36   0   0  19   0  11  41   0   0   0   0   0  47   3  33   0  49  48   0  10   0   7   0   0   0  11  10   0   0   0  27   0   0   4   5   0  15  11  26   0   0  20   8   8   0  28  19   0   6  24   0   0   0  22
   0  10  35   0   0   0   0   0   0   0  32  27  10  42   0   0  44  19   0  28   0   0   0   0   0   3   0   0  30  49   0  41   0   0   0  28   7   1   0  44  35  36   0   0   0   0   0  31   3   0  50   0   2   0   0   0   0  20   0  35  12   0   0  45  14   0   0   0   0   0   0  15   0  37   0   0  15   0   0  21  23   0   6   0   0  12   0   0   0  30   0   0   5  21   0   0  28   1  15  25   4   0  26   0  23   0   0  42   0  14  36  22  21  49   0   0   0   0   0   0   0  41   2  35   1   0   5   0   0   0   0   2  34  17   0   0   0   0  27  31   0  13   0
  22   4   0   0   0  31   4   0   0  15  35   0   0   0  16   0   0  38   8  16  45   0  15  43   0   0  32  38  46   9  38   0  33  11   0  22   0  32   0   0  38  18  15   0  25   0  43   0   0   0   0  12  39  23   0   0   0  32  34   0   0  28   0  45  17   0  25  13  24  14   0   0   0   0  41   0   0   1   0   0  10   0  16   0  11  35   0  36  18   0   8  11   0   0   0   1   0   0   0   0   1  40   3  27  17   4   8   0   0  34   1  14   0   0  30  10   0  12  20   1   1   0   5   0   0  47   0  43   0   0   0   0  50   3   0   0   0   6   4  24   9   0
   0  48   0   0  24   1   0  48  24   0   0   2  17  27   3  19   0  25   0  40  31   1   0   3   0  47  32  12   0  46   0  11   0   0   0  29   0   0   4   0   0   0  10   0   0   0   0   8  38  31   0  22   0   0  16  24   0  44   0   0  38   0  48   4  13   0   0   5  14   0   0   0   0  44  16   0  35   0   0   0   0  27   0   0   0   0   0  34  44  44   0   0  26   0   0   0   0   0  47   0   0   0   0   0   0   0  21  21  41   0  47   0  38   0  23   0   0  22   0   0   0   0  45   0   0   6   0   0   3  49  16  49   7   0  11   0   6   0   0  32   0
   0   1   0   0   0  21  10   0   0   0   3  16   0  24   4   0  40  22   3   0  36   0   0   0   0   0   0   0  27   2   0  50  23  33   0  31   0   0   0  29  15  30   0  39  11  35  35  19  49   0  40  36  48   0   0   0  45   0  37  24   0  19   0   0  31  18   8  45   0  19   0  26   0   0   0  11   5  45   0   0   0   0   0   0   0  22  19   0   0  41   0  42  32   0  30   0  39   0  13   0   0  44   0  41  31   0  17   0   3   4  41  44  39   0  45   5   0   0   0   0   0   0  21   0   0  16  40   0   0   0  45  40   0   0   0   0   0  35  37   0
   0  44  46   0   5  17   0   0  26   9   0   0   0  38  26   0   5  45   0  42   0  34   0   0   1   0   4   0  21   0  46   0   0  49   0  31  45  34   0   0   0   0  49  25   0   0   0   0  36  36   0   3   0  28   0   0   0   0  10  40   0  13  13   6   0  46   0  36   0  36   0   0   4   7   0  42   0   0   7   0   0  32  48  46   0  47  25  33   0   0   5  21   5  19  30   0  22  28   0   0  39   0   7   1   0   0   0   0   0  16  13   0  31   0  27   0  30  11   0   0  30   0  17   0  11   0   0  30  13  30   0   0   0   0   0  21   0   0   0
  47   0  26  47   0   0  34   0   0  30   0   0  50   0  40  26   0   0  47   0   0  15  16   0  30  29   0   7  16   9  31  16  42   0  18   0   8   0  26   0   0   0   3  43  22   0  49   9   0  24  18   0  32   0   0   2  50   0  40  35   5   0  20   0   0   0  23  48  33  13   0   0  33  29   0   0  14   0   0  37   0  38   6  43   3   0   0  35  49   0  49   0  25   0  14   2   9   0   9   8   0   0   0   0  34   0  45  41   0   0  28  40  13   0   0  23   0   0   0   2   0   0  33   0   0   0  41   0   0   0   3  19  18  37   0  49  24   0
  21   4  17   0  43   5  25   0  29   0   0   0  22   0   0   0   4  50  16   0  24   0  17  35  31   0   0   0   0   0   0  39  34   0   0   0  37  22   0  40  38  16   0   0  28   0   0   2   9   0   0   0  49  16   0  47   6  42   9   0  25  34  14  10   0   0  19   0   8   0   0  41   0   0   0  32   0  17   0   0   0  22  37   9   0  27   0   4  15   0  43  15  33   0  46  49  39  22  18  20   0   0   6   0  31   3  40   0  15  34   0   0   5   0  24   0   0  20   0   0  16  30  30   0   0   0   0  13   0   0  15  14   7   0   0  15  15
   0  32   3   3  27   0   0   6   0  34   0   0  24  29   0  29   5   0  25   0  33   0  21   0   0   0   0   0   0  20   0  16   0   0  33  43  31   0  23  19   0   0   0   0  14  47   1  46   9  13  36   0   9   8  10   0   0  15  36  28  48  27  31  50   0   0   0   0  17   0   0   0  31   0   0   0   0  34  27   0   0   2  40  45   0  32  11   0   0   0  40   0  10  28   0  10  25  43  12   6   2   0  28   1   0  21   2   0   0  16   0   0  10   0  38   0   0   0  13  11  43   1  39   0  40   0   0  34  29   0   0  49  33   0   0   0
  11   0   0   0   5  33   0  25   0  39  22   0   0   0  36  46  25  26  39  37  25  27  46  32  12  44  31  38   0   0   0  37   6   0  45   0  25   0   0   0  25   0   0   0   0   7   0   0   0   0  11  18   0   0  37   0   0   0   0   0   2   0   6   0  14   0   0  22  35   0  32  27  18   0  42  46  24   0   0  11   1   0   1  49   0  17   3   0   0  11  30  19   0   0  13   0   0   0  46   0   0   0   0  14   9  10   0   0   0  25  38   0  32  21   0  47  10   1  26   7   0  15  27  38   0  30  46  42   0   0   0   0  37  39   0
  22   0   1  48  29  20   0   0  46   0  14   0  22  50   0  49  13  46   0   7  24   0   0  24   0   0  41  29   0  23   5   5  27   0  33   0  40   0   0   0  21   0   0   0   0  46   1   0   0  43   0   0   0  12   0   0   3  39   9   0  49  24   0   0   0   0   0  30  27   0   8  32   1  46  43  11   0  29   0   3  17   0   0   0  46   0   2  41   8  14   0  11  43  24   9   0   0   0  48  48   0   0   0  50   0  11   0   2   1   5   0   7   0   0   0   2  33  18  17   0   0  26   0   0   0   0   0  19   0  36  39   0  41  32
   0  22   9  22  31  36  14  31   0   0  28   4   0  47   3   0   0  37   0   5   0   0   0  22  16   0   0  18   0  20   0  11  24   0   6   0  50  17  50  38  22  36  47   0   0   0  47   0   0  10   0   0  11   0  40   1   8  15   1  34   0  13  10   0   0   0  13   5  41  15  26   0   0  18   0  18   0   0   0  26  42  17   0   0   0  25   5  32  46  25  27   0  32   0  10   0  13   0   0  40  36  34   8   0   0   0  50  35   2   0   0   0   0   0   0   2   0  28  41  50  32   0   0   0   0  23  42   0   0  36   0   0  39
  10   0   0   0  47  30   0   0   0  41  45   0   4  21   1   0   0   1  18   0   0   6   0  13  17   5  37  48   6   0   0   0   0  42  15  25   0  39   3  38   0  17   0   0  28   0   0  33   0   0   0   0   0   0  40  13   0   8   0   0   0  38   0  28   0  22   0   0   0  22   2   0   0  16   0   0   0   2   7   0  41   0  48  49   0  11   0   0  48   0   0   5  33   0   0   0  45   0   0   0   0  49   0  16  32   7  29  42   0   0   6  40  22   0  12   0  24   0   0   0  24   0   0   4   0   0   0  48   0   0   0  45
   0  35   0  35  34   0  26  25  14   0   3  29   0  46   0   0   0   0   0  31  28   0   0  41   0   0   0   0   0   0  32   7  49  43   0  17   0   0   1  44   0  26   5   0   0   0   0   0   0   0   0  50  21  21   3   0  17   0   0   0  15   0  23  11   0  36   0  43  13   7  30  27   1  32  18  12   0   0   0   0  40   5   0   0  29  35   0  44  45   0   4  36   0   5   0   0   0   0  45   0   0  11   2   4   0  19   0   0  19  48   0  47  49   0  12  49   0  45   0   0   0   0   0   0  45   0   3   0   0  20  22
   0  24   0   0  33  50  11  34   0  22   0  28  34  16   0  44   0   0   0  48  10   0  23   0   0  50   0   0  12   0   0  15   0  42   9  44   0  46   0  18   0   0   0  41   6  14   0  24   0  10   0   0   0  31   0  14  10   0   0   0  49   0  11   0  40  37  11  23  49   0  38   0   0  20   0   0   0  44   0   0   0  36  19   0   0   1   0  30   0  24  37  43   0   0   0  45   0   0   0   0   0   0   0  46  44   0   4   0   5   0   0   0  38   0   0   0   0   0   0  34  39   0   0   0   0   0   0   9  40   0
   0   0  35  29   0   0   0   6   0  21   0  38   0  17   0  50   0   0  35   0  46   0  34   0  42  37   0   0   0   9   0   0  23   0   0   0   0   0   0   0   0   0   0  50   0   0  50  18   0   0  31  39   0  35  30   0   0  37  39  46  41   0  16   0  40   0  24  21  15   0  30  37  17   0  40  44   0  35  40  29   0  13  47   0   0  17   0  48   0   0   0   0  18   0  16   0   0   0  39  28   0   0   0  47   0  44  21   5   0   0  33   0   0  33   0   0   5  15  40  16   0   0  49  21   0   5   0   0   0
   0  32   0  35   0  25   0   0   0   0   0   0   0  47  35   3   0   0  20  47   0   0   0   0  24   0  14   0   0  21   0  45   0   0   0   0  25  47   0  24  26   0  29   0  21   0   0   0  36   0   0   0   0   4   0  10  22   0   0   0  40  18   0  12  40   0   9  17   0   0  48   0   0   0  36   0  21  18   0  16   9  15  45   0   0   0  16   8  48   0  29   0   0  42  36  26  20  48  45   0  45  40  21  21   0  12   0   0  19   0   0  49   2   0   0  46   0   0  40  45  32  44  10  10  33  17  29   0
  47   0  16   0   0  43   1  31  14  49   0   0   3   0   0  31   0  38   9  47   0   0  27  29   0  44  20  31  10  22  39   0   0   0   0  42   0  13  40  47   0  22   0  41   5  46   0   0   0   0   0   0  43  31   0   0   0   3  24   0  13   0  22   5  20   0  50   0   0   0  33   0  14  50  42   0  50   0  36   0   0   0   0   0   5   0   0   0  29   0   3  32   0   0   0   0   0  47  23  23   8  25  19   0  45   0   0   0   0  26  32   0   0   0  46  48   0   0   0   0   9   2   0  41  11  50  29
  42   0  29   0   9   0   9  11   0   0  32  32  11   0   0   0  26  46   0   0   0   0  40  44   0  41  43   0   0   7   0  36   0   6   0   0   0  31   0  45   0   0   0   0   0  15   0  17   0   0   5  32   0   0  49   0   0   0   0  46  43   0  29   0  28   0   0   5   0   0   5   0   0  43   0   0  36   0   7   0   0   0   8   0  10  47  35   0   0   0  34   3   2   0   8   0  21   7  12   0   0   0   0   8  11   0   0   0  37   0  44   0   0   0  28   0  26   0   0  32   5  39  42  32   7  45
   4   0   0   5  46  41   0   9   0   0   3   0   0   0   0  34  23  32   0   0   0   0  17   0   0  49   0  43   0   0   0   1  36   0   7   2  47   0   0   0   0   7   0   5   0   0  41  38   0   0   0  10   7  31  33   0  20   0   6  48   0   0  49   0   5  39  38   0  43  38  35  13   0   0  41   0   0  35   0  42   0   0  15  38   0   0   0   0   0  26   0   0   0   0   0  12   0  32   0   0   0  20   0   0   0  32   0   0   0   0   0  10   0   0   0  26   0   0  13   5   0   0   0   0  40
  46  36   0  35   0  39   0   0   0   0   0  25   0   0  50   0  25   0   0  25   0  13   0   5   0  27   0   0  45  40  18   0   0   0   1   0   0  20   0   0  27  48  30   0  43   0   0   0   0  30   0  30  50   0  34   0   3  44  50   0  27   1   0  42  42  17   1   0   0  40   0  17  50  25  24   2   0   0   7   0  36   0  41   0   0   0  27  25  42   0  11  24   0  21  26  10  22   0   0   3  16   8   0  34  34  39   0   0  44   0   0   0   6   0  16   0   0   0  18   9  29   0  39  50
  31  39   0   0  29  31   5   1  26  32   0  24   0  22  48   0  16  29  34  10   0  26  20  33   0   0   9   0  17   0  36   2  36  44  16  29   0   2  43   0   0   0  15   0   0   3   0   0   0   0  39   0  24   0   0  11  48   0   0   0  32   6   0  19  43  20   0  22   0   0  26   0   0  22   0   0  31   0  26   0   0   4  35   0  25  49   0   4   0   0  36  10  18   0   0  44   1  14   0   0  13   0  15  25  12   0  25   0  22   0  30   0   0   0   0   0   0  26  19   0   0  11   0
   0  24   0  38   0   0  30   0   0   0   3   9  45   7   0   0   0   0  28  20   0  39   0   0  39   0  17   0  22   0   0  49  23   0   0  23   0   0  44  39  21   0  32   0  33  23  35   0  50   0  32  32   6   6  30   0   7  26  17   0  19  18  15  34  43  36  44   0  10   8   2  32  44   0   0  49  42   0   0   0   0   0  19  48  13   3   0   0  33   0   0   0   0   0  34   0  43   4   0   0   0   0   0   0  29   0   0  33  38  43   8   0  34  45   0   0   0  24  15  30  10   0
   0   0  27   0   0   0  38   0  48   0   0  28   0   0   6   0   0   0   0  48  39  41   0   0   0   8   0  37  20   0  23   0   0  36  37  41   0  20   0   0   0  17   0  28   0   0   0   0  16   0  42  49   3  44   0   0   0   0   0  41  22   0  43  25   0   0   8   3   0   0   0   0   8   0   9   0   0   0  42   0   0  44   0  20   0   0  35  16   0   5  28  11   0  21   0   0  24   0  12  34   0   0   0  32   0   0  10   0   0  17  47  11  44   0  24  46  39   0   0   0   0
  14   0   0  31   0  35  47   0  41   0  14  26   0  19   0   3  47   0  33  24   0   0  36   0   0  15   0   0   0  36  48  49   0  27   0   0   6  29   0   0   0  26   0   1  43  18   0   0  24  20   0   0  27   6   0   0  27  37   0   0  34   0   8  42   0   0  40   0  39   0   0   0  35   0  13   0   7  31   0  25  34  19   7   0  21   0  33  14   3   0   2   0  44   0   0  27   0  11   0  41  20   0   0   0   3  24  31  11  29  25   0   6   0  27   4  15  49   0  13   0
  20   0  40  31   6   3  19  12   0   0  27   0   0  43   0   0  22  28  28   0  35   0  18   0   3   0   0   0   0  37  22   0   0  10   0   0  35   0   0   0   0   0  12  49  33   0  31  46   0   0   0  34  36  14   0  39  46  35   0   0   0   6  42   0   5   0   0  28  36   0   0   0   8   0   0   0   0  24   0  31   1   0  42   0   0   0  40  17   0   7   0  37   0   0   0  19  44  33  23  25   2  30  11   0   0  38  47   0   0   0   6   0   0  13   0  43  40   0   9
   4  25   0  30  11   0   0  17   0  32   0  33   0   0   5  28   0   4  46  50  20   0   0  39  25   0   2   0  26   0   0   0  38   0   9   5   0  45  27   0   0   4   0   0   0   0   0   0   0   1  15   2  38   0  38  31  35   0  19  20   0  15   0   5  36   0   0   0  50  45   0  25   0   0   0  32  17   0   0  36  18   5  38   0   0  24  37  15  43   0   0  20  50   5  24   7   0   0   0  15  27  30   0   0  44  30  41   0  18   4   0   0   0   0   0  45   0   0
  35  16  28  36  49  25   0   0  14   0   0   0   0  38   7   0   0   0   0   9  31  13  38  17  36  13  23   0   0  36   0  18   6   0   0   0  25   0   7   1   0   0   0  46  25  37  37  40  11   7  42  15  26   3   0   0  33   0  48   0   0   0  10   0  30   0   0  36  45   0   0  33   0   0   0  45  41   0   0  42   0  18   0  48  25   0   0   0   0   0   0  18   0   0  41   0   0   0   0  23  12  36  27  23   0   0  20  15  19  21  33  34  32   0   0   4   9
  46   0   0  23   0   7  12   0   6  13   0   0   0   0  33   0  11   0   9  40   0   0   1   9  43   0   0  23  42  28   0   0   0   0   0   0  40   0   0   0  13   0   1  12  48  20  28  40   0   1   8   0   1  21  26   0   0  31   0  45   0  32   0  12  35   0   0   0   0  24  40  24  22  14   9   0  45  12  35   4  13  14  36   0  11   0  28  48   0   0   0  27  27   0   0   0   0   0   0   0   0   0   0   0   0   2   0   0   0   0   0   0   0   0  12   0
   0   0  45   0  45  41  29   9   0   0  24   0   0   0   0   0   0   7   7   0   1   0   0   0   0   1   0   0   0   0   0   0   0   0  24   5   0   0  23   0   0   0   0   0  50  50  19   0  31   0   6  14   0   1  49   0  10   0  10   2   0  12  29   0  49  44  28   0  29  27  13   0  43   0  32  41  11  18  37   4  48  47   0  22   0  43  20   0   0   0   0   0  27   0   0  34  47  39   0  29   0  17  22  16   0  44   0   6   0  13  37   7   0   0  31
   0  23   0   0   0  36  34   9   0  17  37   0   0   0   1   0   1   0  47   0   9   0   0   0  50  28  30   0   0   0  16  35  15  31   5   7  49  22  40  10   0  42  50  47   0   0  22  37   0  28   0  34   0   0  47   0   0  40   0   0   0   0   7   0  11   0   0   4   5  45  45   7  44   5  50  11  34   0  50  44  33   0  41  14  39   0   0   0  14  16  13  23   0   0   0  19  12   0   0   0   0  20  50  20   0  42   2  28   0  24   6  19   0   0
  25  34  29  37   0   9  41   0   0  45  49   9   0  30   0  16   5   0  30   0  10   0  10  49  18   0   0   0  33   0   0   0  50   0   8   0  29  31   0   5  11  43  39  42  29   0  38   0   0   8   0   0  32   0  45  21  28   0  17   0   0  10   0  22  10  27   0   0   7   3   4   0   0   0   0   0   2   0  35  46  27  38  41   0   0   0   0   0   0   0   0   0   0  26  42   0  10   0   4  33  38   0   0  40   0  24   0  27   0   9   0   3   0
   0   0  39   0  30  45  42   0   0  17   0   0   0   0   0  22   1  17   0  46   0  38  19   6   0  42   6  23   0   3   0  22   0   0   0   0  41   0   0  49  31   2   0  50   0   0   0   7  50   0   0   0  36  11   0  41   0  25   0  12   0  50   0   0   0   0  17  36   4  28   0   0  27  21   0   0   0   1   0  48   0   0   0   0   0   0   0   0   5  29  33   0   6  38   0  38  45   8  35   0  10   0   0   0   0   0  20   0   0  23  29   0
  50   0  47  22   0   0   0   0   0   0   0  36   3  47   0   3  12   8   0   6   0   0   0   7  15  13   0   0   0  31   0  15   0   0   0   0  25   0  37   0   2   0  21   0   0   0  17   0  50   0   0   0   0   0   0   0  48  25  38  22   0   0  18   0  19   0  30  32   1   0  22   1  37   0  13  34  33  24   0  15  15   3  22  16  42   0   3  40  28   0   0  37   0   3  31   8  50   0  11   1   0  20   0   0  22  42   0   0  48   0  26
  27   0   0  22  14  32   0   0  35   2  19   0   0   0   0  19  36   0   0   0   0  39  50   9   0   0   0   0   0  42   0  43  12  26   0   0  47   5   0  31   0   0  17   0  46   0   0   0   0   0   0  23  31   0   0   0   0  16   0   0   0   0   0  48   0   0  46   0   4   0  37  25   7  29   0  24   0  34  42  28   0   0  15   6   0   0   0   0  39  22   0  43   0   0  24   0  27   0   0  41   6   0   0   0  36  45  30   0  24  45
  21  47   0  23   0  35   0   0   7   0   0   0   0   0   0  45   0   0   0   0  35   0   0   0  28  49   0   1  28  39   0   0   0   0  50  35  26  44   0  11   2   7  34   0   7  45  26  39   8   0   0   0  19  39  34  32   9   0  39  31  32   0   0  42   0  47   0   0   0   0   0   0  49  39  16  30   0   0   0  43  41   0  19   0  32  34  21  23  45  42   0   0  27   0  24   0   0  36  29   0   0   9   0   0   0   0   0  11   0
   0   0   0   0  25   0   0   0   0  32   0  24   0   0   0   0  11   0  50  26  36  35   0  13  36   0   0  44   0   0  25   2   0  23  20   0  44   0   0   0   0   0   0  46   0   1  34   0   0   0   0   0  42  36   0  29   0  14  18   0   0  34  41  31   0  48  24  35   1   0  16   0   0   0   0  22   0  31   8   4   3   0   7  36   0   0   0   0   2  18   0   0  33  25   0   0  27   5  36  17   0  22  18   0   0   0   0  20
   0  29   0  45   0  24   0  14  26  42   5   0  26   0   0   0  24  32   0  32   0  40   8   0   0  10  26  25  23   0  25   0  36  15   0   0   0  43   0   0   8  34   0   0   0  50   0  34   0   9  43  44  19   0  33   0   0   0   0  33   0   9   0   0   0   0  18   0   0   0   0   8  22  13   0  45   0  29   0  40   0  27   0   0  28   0  10   0  26   0  44   0   0   0  27  50   0   0  40  13   0   0   0   9  44   0   0
  22   0  17  32   0  49   0   7  19  10   0  36   0   4  20  42  15   0   4   0   8   2  50  26  10  30   0  26   0   0  45  12   0   0   0   0   0   0   0   0   0   0  39   0   0  12  13  30   0   0  28   0  11   0  27   0  44   0   0   0   0  34   0   0  44   0   0   0  16  12   0  22  25   0   0  23   7  26  29  47   0   0   9   0   0   7  48  45   0  29   0  48  33   0  21   7  17   0   0   0  43   0  45   0  50   0
   0  37   0  28   0   0  10   0   6   0   5   0   0   0   9  13   3   0  47  34   0   0   0   0   0   0   0   0  41  18  43  11   0   0   0   0  18  21  38   0  20   0  47  35  29   0   0   0   0  28  20  14  33  14  46  30  22   0  12   0   0  46   0   0   0   0  50   0  13  19  10   0  50   0  36  42  20   0   0  27   0   6  46   0   0   0   0   0   0  14   0  14   0  36   9   0  48   0  42   0   1   0   9  39   4
   2  35   0  22   0  26   0  15  14   0  47   0  43  30  43   0  21  24  29   0   0   0   0   4  32  24   0   0   0   0  16  38  24   6  45  42   0   0  48   0   0   0   0  14  37   0   0   6   0   0  24   0   0  30  40   7   0  39  10   0   9   0  30   0   8   0  49   0  45   0  42  25   0  24   0   0  15   0   5  11  20   0   0   0  37   0   0   0   0   0   6  31  39   3  24   0   0   2  12   0   0  25   0  45
  50   0   5  48   0  48   0   0  41   0  10   0  41   0  37  26  30   0  14  34   0  26  11   0   0  26   0  34   0   0   0   0   0  17   0  40  26   0   0  47  32   0   0  15  44  48  19  40   0   0  42   6   0  43  27  14   0  10  12   8  50   4   0   0  36   0   8  11   0   0  46   0  34  16   0   0   6  41   5  41   2   0  10   0   0   5  12   2   2  34   0   0   0  21   0  15  15  45   0   0   0   0   9
   0   0  47   0   9  20   0   0  33  35  14   0  33  26   0   3  13   0   0   0  32  22  13  25   0   0   0  37  12   0   0   0   0  38   0   9   0   0   0   2  17   0   0  17  11  19  27  30  26   0  47   0   0  43  17   3   6  36  48   0   0   0  41   0  42   0   0  30  48  13  15  46  24  39   0   0  15   7  48   0   0  46   0   0  50   0   0   0  48   0  24   0   0  25  27   0  50   0  12  12   0   0
  17   0   2   8   0  24  10  40  16  43   3   8   0   0   0   0  44   0   0  14   0  14   0  47  43   0   0   0   0   0  35   0   0  28  42   0   0   0   0   0  17  42   0  48   0   0   0  16  29  43   0   3   5   0   0   0   0  28  29   0   5   0  25  18  38   0   0   0   0  30   0   0  48  38  47   0  50   9  23  22  20   4  50   0  38   0   0  43  10   0   0   0  38   0   0   0   6   0   0   0  12
   5   8  30  34  29   0   0   9  39   0   0   0  33  50   0  30  27  32  27  41   0   0   0  49  36   0  33   0  40   0  26  47   5  41  21  23  11  28  40  46   1  50   0  10   2   0   0   0  32  13   0  21   0   0   0   0   5  41   0   2   0   0   0   0  29   0   0   0  29   2   0   0  40  41   0   0  10   0   0   3  32   0  43   0   0   0   0   0  45   0   4   0  13   0  21  18   0  11  12   0
   0  25   0   0   9  13  21   0   4  10  48   0  29  16  20   6  45   0   0   0   0   0  31  11  17   0   0  33  50  37   0   0  12   0   0   0   0   0  48   0   0   0  10   0   1   0   0   0  47  20  32  29   0  45  49   3  16  50   0   0  15   0  42   0  43  17  38  30   0  44  50  41   0   0   0   0   0   0   0  25  36   0  34   0  15   9   4  22  22  17   0   0   0   0  15   0  42   6   2
   0   0  49   0  31   0   0  10  43  33  36  23   0  35   9   0  32  35   0  47   1   2  35   0   0   1   8   0   5   0   9  43   0   0  46  12  33  20   0   0   0  26   0  33   0   8   0   7   0   0  45  21  49  17   0   0  47   7  48  44   0   0  31   0   0   0   0   3   0   0   0   0   1   0   0   7  48   0   0  48  50   0  33   0   0  34  23  35   7  21   0   5   0   0   2  29   0   0
   0   0   5  38  45   0  27   0   3   0  50   0   0   0  50   0   7  36   0   0   0   0  41  37   0   7   2   0   2   0  48  23   4   0   0  44   4  26   0  47   0   0   0   0   0  46   3   0   0  50   9   0  37  11   0  26   0  36   0   0  33  40   0   0  36  38  49   0   0   0   0  34  10   0   0   0  48   0  13  15   0   0  26  30   0  49   0   0   0   9   1  47   0  24  33   0  27
   0  42  21  36  45  37   0   0  24   0  33  45   4   0   0  28   0  16  38   6   0   0   0  24  44  34  20  20  47   0  30   0   0  27  48   0   0  13  50  32   0  15  20  12   0   0   0  37   0   0   9  28  31  27   0   0   0  32   0  24  19   0  36   0  11  29  10  38  24   0  34   0   0  40   0   0   0   6   0   0  43   0  31   0  39   0   0  48  49   0   0   0   0   0   0   0
   0  34  27   0   0  37   0  27   0   0  36  29  39   0   0   8   0   0   8   5   0   0  34   0  40  44  30   0  34  31  35   8   0  30   0  16   0   8  26   0  33   0   0  23  28   1   0   0   0   0  37  14   0   0  38  50   0   0   0   0  14   7   0  21   0  36   0   2   4   0   0   0  33   0  31   0  10  31   0   0  44  43  29   0   0   0   9  30   0   0   0  42   0   0  38
   0   2  26  47   0  29  18   0   0   0  40  41   0  33  35  36  41   0   0   1   0   0  19   0   0  44   6   1   0   0   0   3  10  38  27  14   0  40   0  49   0   0   0  19  16   0  34   4  24   0  25  39   0   0   0  33   0   0   0  37  16   0   0   0   0  30   0  21   0  10  14   0   0  25  24   8  29   0   0  42  11  35   0  41  15   0   0   0   0  39  21  11   0  35
   0   1  38  18  19   0   0   5   0   0  31   0  45   0  25  30  40   0   0   0   0   0  46   9   0  10   0  19   0  43  13  35   0  41  23   8  17   0  31   0  32   0  15   0  48   0   0   0  24  12   0  22  41   0   0  17  38  16  31  36  26   3   0  19  44   0   0   0  39  24   9   3   0   0   9   0  16  49  29   0   0   3  40  20  34  15   0   0   0   0  29  33   0
   0   0  40  36   0   0   0  13   0  39  45  26  47  15   0   6   0   0   0   0  34  49   0   0  16  44   9  27  31  50   0   0   0   0   0  22   0   0   0   0   0   0   0   3  39   0  38   0   0  47   0   0  45   0  18  13   0   0   9   4  42  34   0  28  39  30  41   0   0  48   0   2   2  21   0  21  29  38  14   0  30   0   0   0   0   0   0   0   0   0  47   0
   0   0  26   0   0  24   0  22  32   0   0   5   0  26  26   0   0   0   0   0   0   0  39  25   0  11   0  37   0  17   0  48  42  22  22  48  41  27  24   0  35  45   0   0   0   0   0  39   0   0  50  12   0   0  13  30  47  43  29  22   0   0   6   0  41   8  25  18  21   0   0  49  16  39   0   0  15  32   0  11   0  43   0  25  28   0  38  36   0   0   0
  30  21   0  16  11  14  10  12   0   0  39  11   0   0   0   0   0  21  12  22   0  35   0   4   0   0   0  28  26   0   0  50  21  42   0  19   0   0  15   3  44  17  27   0   0   0   0   0   0  42   0  50  28  26  43  43   0   0  15  29   0  24   0  10   0  50   0  43  45   0   0  31   0   0  46   0  11   0   0  42   0   0  49   7  33   0  14  32  24   0
  29   0  21   0   0   0   0  47  41  18   0   0  25  35   0  39   8   0  39   0  11  43  31   7   0  21   0  40   0   0   0  27   0   0   0   0   0   0   0   0   0  11   0   0   0   0  10   0   0   0   1  29   0  39   0   0   0   0  23   9  45   0   0  20  14  29   0  31   0  22  32   0   4   0  45  34   0   5   0   0   0  25   0  44   0  38  50  37   0
  38   0   0   0   0   0   8   0  25   0   0  17   0  41   0  40   0   1  15   0   0   0   8  48  23   0  43   0  13  19   0  33  17  42   0   0   0  24  43   0   0  15   0   0   3   6   0  12   0   8   0  16  34   0  45   0   0  48   4  46   4   0   0   0   0   0   7   0   0   8  42   0  41   0  34  23   0   0   0   0  40   0  33  25  15   3  34  40
  44  39   0   0   0  19   0  32   0   0   0   0  50   0   2  24  24  21  25  27  43   0   0  22  36   0   0   0   9   0   0  24   0  34   6   2  47  48  40   4   0   0  12  18  46   0   0  18   0   0   0   0   2  20   0  14  42   0   0   0   6  23   0  13   0  21   0   0   0   0   5   0   0   0   0   0  45  33  20   4   0   0  32   0  36  19  42
  22   0  36   0  26  47  37  21  35  44  30   0  44   0  11   0   5  31  49  30   0  12  16   0  17  36   0  32   0  43   4   0   0   0   8   0  39  30  43   0  35  41   0   7   0  21   0   0   0  33   0  50   7  21  27   0   0   0   0   0  37  30   0  19   0   0   0   0   0   0  48   0   0  20  10   5  49   0   0  23   0  33   9   6   0   0
   5   0   0  25   0   0   0  19  49   0  25   0   3  17  27  25  13  18  42   0   0   4   0  39   0  33  23   0   0  49  12   0   0   0  20   0  39  41  49   0  34   0  13  19   0   0   0   0   3   0   5   0  10   0  16   0   0   0  13   0  14  17   0   0   0   0  23   0   0   0   8  50   0   4  29  28   0   0  13   5   0   0   0  34  26
   9   0   0  17  31   0  39  27  39   0   0   0   0  31  15   0   0   0  24   0   0   0   0  16   0   0   0  31  24   0   0   0  28   0  16   0  43  15  46   0   0   7   0  36  19   0   0   0   0   0   0   9  50   0   0   0   0  35   3   3   0   0  43   0   0   0  49   0  31   0   0   0   0  39  42   0   0   9   0   0   0   9   0   0
   0  22   0   0   0   0   0   0   0  37  34   0   0   0  31   0  47   0  48   0   0  30  41  45   0  44  28   0   0   0   0  31   9   0   0  18  11  50  27   0   0  11   0   0  23  30   0   3   0  45   0   3   0   0  47   0   0   0   9   0  42  17   3   0  18   4   0  46   0   0  50  35   0   7   0  49   7   0   0  10  28   0  33
  38   0  35   0   0   0  46  38  27  16   0   0   0   0   3   0  15  36   0   0   0   0  43   0   0   1  40  14  32  48   0   0   0  10  14   8   0   0   0   7   0   0   0   0  50   0   0  26  48   0  14   0  50   0  31  43  39  31  29   0  38  31   0   8  34  20   0  11   0  36  35   0   0   0   0   0   0   0  49  36  24   0
  13   0  24   0   0   0   0  13  45   0   0   0  24   0   0  12   0  45  40   0  35  37  35   0  24  21   0   0   4  11  24   0   0  38  28   0  20   0   0   7  39   0  24  28   8   0  29   0  30   0   0  48   0   0   0   4  16   0   2   0   0  20   0   0   0  12   1  43   0  48   0  30  33   0   0   0   0   0  14   3  47
  34  33   1   0   0   0   0  30  34   5   0   0   0  36   0  41  20  31   0   3   0  20  50  24   0   9   5  15  22   1   4   0   0  35   0   0  36   0   0  12   0  44  19   0  27   0   0   0  11   0  31  40  34   0   0   0   0   0  23   0   0  21   0   6   0   0   0  26  34  45  24   6  25  27   0  16   0  30   0   0
   2  41   0  45  20  11  46   0   0   0   7  13   0   3  20  41  37   0   0  41   4   0  28  46   0  18   6  46   0  25   0   6  29   0   0  22   0   0   7   0   0   0  49   5   0   8   0  23   6  22   0  18   9   0  36  30   0   0   0  14   0   0  22  40  16   0  23   0   0  26   0  22   0   0   0   0   0  27  28
  50   3   3  41   0   2   0   3  16  18   0   0   0  11   0  15   5  15   0  13   9   0   0  26  34   0  40   0   7   0   0   0  25  28   0  44   0   0  20   0  23  23  29   0   0   0   0   0  11  24   0  32   3  34  10   0  33   0   0  24   0  24  11   0  22  50  13   1  26   1  23   0   0   0   0   0   0  14
   1  38   0  19  29  15   0   0   0   0   0  48   0   0  49  30   0   0   0   7   0  50  48   0  35  44   0   0   0  17   0   0  48   0  34   0  26   0  29   0   0   0  45   0  11  18   0  35   0  48  31   0  13   0  13   0   0  30   9   0  16   0  47  16   0   0   0  12   0  16   0   0   1  14  35   4  32
   0   0   0   0  37  27   0   0   0   0  42   0  45  14  44   0  28  37   0  49   0   0   0  30   0  12   0   0   0   0   0   0   6   0   0   0   0   0   0   0   0   0  35   0  32   0  27  38   0  44   0   0  50  11   0   0   0  27  22   0   0   0   0  45   0   0  40  14  14  44   0   3  19   0  44   0
   0   0   0  18   0   0   0  33   0   3  12   0   6   0   2   2   0  49   0   0   6   0   0   0   0   0   0  15  23  14   0   0   5   0   0  16   0   0  10   0   0  16   0   0   0   0  48  23  10   0   0  16  11  10   0  34   0  24  10   0  17   0   0   0   2  18  37   0   0   0  10  36  46  48   0
   7   8  12   0   3   0   0   0  24   0  10  41   0  28  48   0  31  28   0   0   0   0  44   0   7   0  12  40  29   0   0   5  41  19  12  44   0   0  24  28  26  44  10   5  12  24  40   0   0   0  29  50   9  46   0   0   0   0   2  49   0   6  19   7   0   0   0  27  26   0  46   0   0   0
   0  17   0   0   1   0   9   0   0   0   5   0  32   0  20   0   0   0   0   0   0  14   0   0   0   0   0   0  33  48   0  26   0  47  11  37  41  29  39   4   0   0  42  32  20   0   0  46   0   0   0  10  32   8   0   0  38   0   0   0   1  21   0  31   0  13  10   5   0  43   0   0   0
  39   0  16  29   0  44   0  15   0  40  47   0   0   0   0   0  44   0   0   0   0  20   0  17  16   3   0   0   0   0   9   0   0   7  37   0   0   0   0   0   0  16   0  22   0   0  10   0   0   0  50  20   9  35   3   0  35  31  33   0   0   0   0   0   0  26  23  23  24   0  15   0
   0   0   8  48   0   0  36  17   0   0  15   0  23  32   0  46   0   0   0   7  26  23   0   0   0   0  38   0  50  36  43  12  22   0  29   0  41   0   0  20  13  32  42  10  15  37  13   0   0  40  44  20  41  12  25   0  22   0  47   0   0   0   0   0  42   0   0   0   0   0  14
   0  14   0  31   0   0   0   0   0  15  31  34   0   0   5   0   0  44   0  26  48  26  26  28  30  15   0   0   0  23   4  47   0   0   0  12   0  19   0   0   0   0   0  36   0  29   0  14   0   0   0  30  34   0   0  27   0  24   0  47   0  31   0   0   0   7  31   6  25   0
   0  24  12   5   0   0   0  21  38   0   0   0  19   8  47   0  23   0   0   0  50  18  45   4  19   0  21   0  17   7  39   4  27  10  39   0   0   0  47   0  27   7   0  18   0  33  43   0   0   0   0  23  49   0  48   1   0   0  22   1  21   0   8  50   0   2   0   0  37
   0   0   0   0  18  15  22   0  23   0   0   0   3  33  27   0   0   0   0   0   0  50  26   0   0  35  45   0  29   0   0  26   0  37   0  10   0   0  47   6   0  18  48   0   0   0   0   0   0  30  24  45   0   0  24   0   0  24   6   0   0   0   0   0  49  27   6   0
   0  31   0   0  40  17  12   0   0  43   0  23   0   0   2   0  49   5   6   0   0   2   0   8   8  40   8   0   0   0   4   0  30   3  37   0   0   0   0   0   0   0   5   0   0  18   0   0   0   1  12  24  44   0   0   2   0   0  28   0   0   4   0  49  29   0   0
   0   0   0  49  36  35  28   0   0  34   0  13   0   0   0  36   0   0  18  14   0   0   0   0  27   0  25   0   0   2  20  46   0  46   0   0   0   0  28  46   0   0   0  29  24  16   0   0   0   0   0   0   0  19   8  18  21   0  15  35  29   0  25   0   0  13
   0  32  11  24  33   0   0  46   0   0   0  29  19   0  42  48   6   0   0  36  36  35   0   0   0  22   0   0   0   0  13  25  44   0   9   0   9  11   0  34   0   9   4  35   0  19  30  36  29   0   0  15   0   0   0   0  44  34  41  11   0   0   0   0   0
   0   0  23   0  39   0   0   0  25   0  21  32   5  35  10  12  20   0  10   0   0   4  15  14  10  24  13  29   4   0   0   0  17   0   0   0  25  26   0  17   6  25  13  22   0   0   0   0   0  17  46   0   0   0   0   0  31   3  16   0   0   8   0   0
  24   0   0   0   0   8   0   0   0   0   0   0  29  20   0   0   7  22   0  21   2   0  42   0   0   0  12   5   0  43  42   0   0  38  27   0   9   0   8  34   0   0   0  20   3   0  31  43  21  25   0   0  19   0  13  44   8  39   4   0  18   0  11
   0   0  20  33   0  11   0   2   0  17   0   4  42   0   0  32  44  19   0   0   8   0   0   0   0   0   0  10   0  29   6  10  27  17   0   0   0   4   0  49  31  17   0   0   0   0   0  36  43   0   0  19   0   0   8   0  10  28   0  26   0  44
   0  23  15   7   9   0  35  18  49  20  13   0  38  34  18   0   0  38   0  15   0   0  26   1  16   0   0  46   0  24  43  11  16   0  39  42  38  20  48  16   0  18  44  40  33   0   0   0  14  50  44  42  21   9  14   0   0   0   0   0  21
   0   0  35   0  38   0  32   0   0  25  18   0   0  39   0   0  39   0   8   0   0  31  21   0   0   0   0  10   0   0  13  49   6   0   0   5  24  47  21  29   0   0   0  10   0   0  37   0   2   0   0   0  26  10  49   0  39   0   6   0
  31   0   0  30   5  39   6   0   0   0  15   2  38   0   0   0  46  19  44  24   0  24  20  17  10   0   0  37   0  32  24   0  47   0   0   0  18   0  42   8  44  42  25  16  19   0   0   0   0   0   0   0   0  19   0   0  10  15   0
   0  39   8   0   4   0   0   0  47   0   0  41  19   0  29  39   0   0  17   0  15   0   0  31   0   0   0  12  11   0   0   0  20   0   0   0   0   0   0   7   0  22  46   0   0  25  30  26  42   0   8  10  41  26   0   0  46   0
  25   0   0  15   0   0  34   0   7   4   0   0   0   0   0  17   0   0  14   0   0  48  44   0   0  43  13  19   0   0   0  35   8   0   0   0   0  40   0  33   0  23   0   0  44  14   0   0  29   0   0  18  28   0   0  23  25
   3   4  45   0   0   0   1   0  29   0  26   0  17   3  38   0   0   0  24  40   0   0   0  17   0  40   1  48   0   0  39  49  27   0   5   0   7   0   0   0  49   0  22   0  38  10   0   0  32  46  45   0   0   1   0   0
   0  49   0   0   0  18  13   0   0  28   0   0   0   4  49   0  15  17   0   0   0   0  22  33   0   1  14   8  13   0  37   0   0   0   5   5   0  19   0  45  47  46  49  12  33   0   9   0  27   0   6  48   0   0  32
   7  12   0   0   0  30   0  29   0  34   0  27  33   0   0   0   0  23  33  35  30   0  26  14  14  39   0  36   8  37   0   0   0   0   0   0  28   0  39   0   0   0  23  19   0  20  11  20  11   0   0   0   0   4
   0   0   2   4   0  11  11  19   4  45  29   0   0   0   0   1   0   8   0  37   2   0   0   0  36   6   0   0   0  36   9  26   0   0  20   0   0   0   0  27  38  43  41   0   0   0  39  46   0   0   4  11  45
   0   0   0  40  34   1   0  36  46   0   0  46   0  49   0   0  46  14  47   0  39   0   0  34  27   0   0   0   0  39   7  49  46   0   0   0   0  16  18  17  26  43   0   0  45   0   2  29   0  44  46   0
   0  42  22  16  26  21   0  28  33   0   0  19  47  28   0   0   0  44  43   0  15   9   0   6   0   0   0   0   0   0  31  29   0   0   4   0  19   0   0   0  30   0   0  49  34  25  12  19  39   0  32
   0  30   8  16  12  19   0   0   0   0  33  24  39   0  28  10  50   0   0   0   0  42   0  13  41   0   4  28  47   0   0  34   0  24   4  21   0   0  13   0   0   0  24  11  15  14  37  37   0   6
   0   0   0   0   0  14   0  42  11  36  34  33   0  31   2   0  31  24  22   0   4   0   0   0  31   0  43   0  34   0  18   0   0  46   0  41  39   0  49   0   0   7   0  47   0  11  11   0  48
   0   0   0  12   0   0   0  32   0   0  18  23   0  29  44  17   3   0   0   0   0   0   0   0  39   0   8   3   0  15   0   8  14   0   0   0   0   8   0  42  49   0   0   0  11   0  25  37
  43   0  17  42  43   0  38   0  27   0  40  12   0   0   8   0  35   0   0  12   0   0  34  11   0  30   0  35  29   0  27  37   0  17  48   0  26   0   0   0   0   0  47   0   0   7   0
   0   0  38   2  27   0  30   0  42   0   0  29  19   0   0   0  41  20  28   7  14  45   0  45   0  37  37  39   0   0  41   0   0   0   0   3  30   0   0  42  42   0   0   0   0  44
   7   0   0  14   0   0  21  44   9   3  46   0  28   0   0   0  20   0  34  17  24   0  13   0  23   0   0   8   0   0   6  32   0  27  33  38   4   0   0   0   0  12   0   0   0
  11   0   0   0  14   0  24   0  14  15   0   0   0  32   0  25   0   0   0   0  45   0   0  14   0  24  12   0  31  45   0   8  16  46   0   0   0   0  26  12  21   0  41  49
   0   0  12  28  34  49  32  33  42   0   0  17  47   0  22   0   0  34  15  16   0   0   5  36   0  41   2   0   0  19   0   0  34   0   0  15   0  25  38   0  31  14  39
   0   0   0  12   0   0  20   0   0   7   1  19  14   0  28  24   7  12   0  42  19  43  16  49  45   0   0  36  10   0   0  31   0  27   0   0   0   0  36  42   0   0
   0  48  26  47   0   0   0  14   0  36  42  29  48   0  16   0   0   0   0  41   0   0  49  16   6   0   4  26  50   0  17   0  44   0   0   0   0  40  15  13  29
  27  22  35   0  41   0   0  47   4  12  18   0   0  26  10   0  26   0   0   0  40   0  28  43  30  45  24   0   0   0  26   0  49   0  44  15   0   0  38  18
  50   0   0   0   0   0   0  21  17  32   0   4   0  20  35   0  10  18   5   0   0  47  25  37  31  45   0   0  10   0   3  39  15   3   0   1   0   0   0
  31   2  45   3   0   6  34  24  33   0  47   0   3   0   6  26  32   0  21   0  13   5  14  18  35   0  15  31   0  29   0   0  20   0  30  16  25  11
  16  48  34   0   3   1  42   0   0   0   0   3   0  38  44  32  47   0  32  27  43   0  13   7   4  22   0  36   1  25   6  24  26  11   0  39   0
   0   0  22  11  11   0   0   0  23   0   0  24   0   0  26   7  14  22   0   0   4   0   2  16   0   0   0   0   0   0   0  45   0   1   0  28
   0   0  33   0   0   0   0   0   0  19   0  35  22  33   0  44   0   8   0   0  42  18  33   0   0  27   7  30  32  18  41   0   7  30   0
  44  36   0   0   0   0  29  23  17  40  50   0   0   0  30   0   0  20  14  47   0  34  39   0  48   0   0  16  34  42  11  47  13   0
   0   0  20  24  21  45   7   0   7  39  41   0   0   0   0  14   6  50   0   9   6   0  11  46  46   6   0   0  26   8   0   0   0
   0  23  42  16  30   0   0   0  23   0  39  30   1   0   0  34  42   0   0   5  28  39  44   0   0  46   0  12  45   0   0   0
   3   0   0   0   9  35  18  42   0   5   0   0   9   2  31   7  39   0   0   0  11  22  10   0   3   0   0   0   1  41  45
  42   0   0   0  12  44  39  19  50   9  48   0   0  17  22  47   0   0   0  15   0   0   0  41   0  28  38   0   0  26
   0  40  29  38   0   0   0  41  21   0   7  14   2  42   0  46  20   0   0  47  19   0  35  19   0   0   0  44   0
  43   0  24  11   0   0   0   0  35   9  44  34  12  41  23   0  17  39  50   0   0   0   0   0  28  43   6   0
  19   0   0  44   0   0   0   0  34  13   0   7   0  36   0   0   0  41   0  38  12  30   0   0  25   0  39
   0  28   0   5   0   0  26   0   3   0   0  20   0  45   0  10   0  44   6   0   0   2   0  48  14   6
   0   0  31   0   0   8  48   0  18  39   1  37   0   4  28   0  31  29   0   4  29  30   0   0  22
  32   0   1   0  47   0   0  10  36  14   0   0   0   0   0  41  13   0  29  45   3  14   0   0
  11   0   0   0  39  34  24  46   0   0   0  45  31   0   0  23  22  25   0   0   2  28   0
  40  18  19  42   0   0  16   9   1   0   0   0   0   0  48   0   0   0   0   0   0   0
  21   0  43   0  42   2   0   0  49   0  24  10   0   0   0  21  23   0  41  26  27
   5  23   0  15  36   0  37   0  34  23   0  49  47  37  38   0  40  31   0   0
  40  26   4   0   0  43   0   0   0  42  14   5   0   0   0  32   0  39   0
   0   0   0   0  15   0   0  50  15   0   0   0   0   0   0   1  36   0
   0   0   0   0   2   0   0  27   0   0  33  16   0   0  41  47   0
  36  17  39   0  26  30  42   0   0   0   0  39  36  43  45   0
  19  21   0  30   0  18  38  14  16  22   0   8  17  45  46
   4  22   7  40   2  29   0   0   0  29  10   0   0  23
   0  34   0   0   7   0   0   0  45  36   0   0  47
  30   6   0  44   0  15   0   2   0   0  18   9
  49  17  45   0  50  13   0  22  32   0   0
   0  20   0  36   0   0   0   0   0   0
  30  38   0   0   0   0   6  16   6
  32  27  12  38  27   0  36   5
   0   0  22   8  32   0   0
  37   0   0  26   0   0
   7   0  21   0  36
  19  49  29  19
   3   0  14
  31   0
  19

 1086
   6  25  12  22   1  21   3  13  11  19  15  20   9  12   2  20  16  23   5  24  18  21  10   6   9  20   6  23   5  14  24  21  19   2  10  23   6  15   1  22  21   9  13  21   5   9  24  10   8  23  23  18  14   1   5   6  13   7   4  11   5   8  10   2   6   1   6   7  21   3   9  16   3  10  24  19   9  12   2  24  19   7   8   8  24   9   4   6  11  25  20  25  10  12   4   8   7   6   4  10  18  15  24   5  22  12  14   9  11  11  14   4   5   5  22  10   5   3  14  25  15   7   7   9  15  10  25   4   9  19  18  13   5  10   8  21  24  10  10  14  21  22   1   9   1  17   8   1  18  10  12  17  12   4   8  17  15  11  19  13

