 160 
   0   0   0   0   0   0   0   0   0   0   0   0   0   0   0   0   0   0   0   0  26   6  15   0   0   0   0  46   0   0   0   0   0   0   0   0   0   0   0   0   0   0   5   0   0   0   0   0   0   0  19   0   0   0   0   0   0   0   0   0   0   0   0   0   0   0   0   0   0   0   0   0   0   0   0   0   0   0   0   0   0   0   0   0   0   0   0   0   0   0   0   0   0   0   0   0   0   0   8  22   8   0   0   0   4  17   0  13   0   0   0   0   0   0   0   0   0   0   0   0  36   0   0   0   0   0   0   0   0   0   0   0   0   0  35   0  43   0   0   0   0   0   0   0   0   0   0   0   0   0   0  49   0  26   0   0  35   0   0   0
   0   0   0   0   0   0   0   0   0   0   0   0   0   0   0   0  34   0   0   0   0   0  28   0   0   0   0   0   2   0   0   0  38   0   0   0   0   0   0   0   0   0   0   0  25   0   0  25   0   0   0   0   0  30   0   0   0   0  11   0  39   0   0   0  42   0   0   0   0   0   0   0   0  35   0   0   0   0   0   0   0   0   0   0   0   0   0   0   0   0   0   0  45   0   0   0   0   0   0   0   0   0   0   0  42   0   0  45   0   0   0   0   0   0   0   9   0   0   0   0   0   0   0   0   0   0   0   0   0   0   0   0   0   0   0   0   0   0   0   0   0   0  18   0   0   0   0   0   0   0   0  46   0   0   0   0   0   0   0
   0  13   0   0   0   0   0   0   0   0   6   0   0   0   0   0   0   0   0   0   0   0   0   0  29   0   0   0  20   0   0   0   0   0   0  44   0   0   0   0   0  25  46   0  32   0   0   0   0   0   0   0   0   0   0   0   0   0   0   0   0   0   0   0   0   0   0   0   0   0   0   0   0   9   0   0   0   0   5   0   0   0   0  45   0   0   0   0   0   0   0   0   0   0   0   0   0   0   0   0   0   0   0   0   0   0  12   0   0   0   0  10   0   0   0   0  13   0   0   0   0   0   0   0   0   0   0   0   0   0   0   0  31   0   0   0   0   0   0   0   0   0  45   0   0   0   0   0  16   0   0   0   0   0   0   0   0   0
   0   0   0   0   0   0   0  36   0   0   0   0   0   0   0   0   0   0   0   0   0   0   0   0   0   0   0   0   0   0   0   0   0   0   0   0   0   0   0   0   0  29   0   0   0   0   0   0   0   5   0   6   0   0   0   0   0   0  17  48   0   0   0   0   0   0   0   0   0   0  29   0   1   0   0   0   0   0   0   4   0   0   0   0   0   0   0   0   0   0   0   0   0   0  50   0   0  36  41   0   0   0   0   1   0   0   0   0   0  26   0  44   0   0   0   0   0   0   0   0   0   0   0   0   0   0   0   0   0   0   0   0   1   0   0   0   0  33   0   0   0   0   0   0   0   0   0   0   0   0   0   0   0   0   0   0   0
   0   0   0   0  46  47   0   0   0   0   0   0   0   0  27   0   0   0  37   0   0   0   0   0   0   0   0   0   0   0  37   0   0   0   0   0   0   0   0   0   0   0   0   0   8   0   0   0   0   0   0   0   0   0  30   0   0  17   0  21   0   0  21   0   0   0  31   0   0   0   0   0   0   0   6   0   0  42   0   0   0   0   0   0   0   0   0   0   0   0   0   0   0   0   0   0   0   0   0   0   0   0   0   0   0   0   0   0   0   0   0   0   0   0   0   0   0   0   0   0   0   0   0   0   0   0   0   0   0   0   0   0  40   0   0   0   0   0   0   0   0   0   0   0   0   0   0   0   0   0   0   0   0   0   0   0
   0  22   0   0   0   0   0   0   0  24   0   0   0  42   0   0   0   0   0   0   0   0  24   0   0   0   0   0   0   0   0   0   0   0   0   0   0   0   0   0   0   0  40   0  42   0   0   0   0   0   0   0   0   0   0   0   0   0   0  17  45   0   0   0   0   0   0   0   0   0   0  27   0   0   0   0   0  25   0   0   0   3   0   0   0  26   0   0   0   0   7   0   0  36   0   0   0   0   0   0   0   0   0   0   0   0   0   0   0   0   0   0   0   1   0   0   0   0   0   0   0   0   0   0   0   0   0   0   0   0   0   0  23   0   0   0   0   0   0  17   0   0   0  46   0   0   0  42  47   0   0   0   0   0   0
   0   0  32   0   0   5   0   0   0   0   0   0   0   0   0   0   0   0   0   0   0   0   0   7   0   0   0   0   0   0   0   0   0   0   0   0   0   0   0   0   0   0   0   0   0   0  35   0   0   0   0   0   0   0   6   0   0   0   0  42   0   0  24   0   0   0   0   0   0   0   0   0   0   0   0   0   0   0   0   0   0   0   0   0   0   0   0   0   0   0   0   0   0   0   0   0   0   0   0   9   0   0   0   0   0   0   0   0   0   0   0   0   0   0   0   0  23   0   0   0   0   0   0   0   0   0   0   0   0   0   0   0   0   0   0   0  20   0   0   0   0  10   0   0   0   0   0   0   0   0   0   0   0   0
   0   0   7   0   0   0   0   0   0   0   0   0   0   0   0   0   0   0   0   0   0   0   0   0   0   0   0   0   0   0   0   0  23   0  45   0   0   0   0   0   0   0   0   0   0   0   0   0   0   0   0  30   0   0  33   4   0   0   0   0   0   0   0   0   0   0   0   0   0   0   0   0   0   0   0   0   0   0   0   0   0   0   0   0   0   0   0   0  25   0   0   0   0   0   0   0   0   0   0   1   0   0   0   0   0   0   0   0   0   0   0  22   0   0  27   0   0   0   0   0   0   0  26   0   0   0  30   0   0   0   0   0   0   0   0   4   0   0   0   0   0   0  49   0   0  39   0   0   0  19   0   0   0
   0   0   0  21  10   0   0   0   0   0   0   4   0   0   0   0   0   0   0   0   7   0   0   0   0   0   0   0   0   0   0   0   0   0   0   0   0   0   0   0   0   8   0   0   0   0  50   0   0   0   0   0   0   0  17   0   0   0   0   0   0   0   0   0   0  14   0   0   0   0   0   0   0   0   0   0   0   0   0   0  27   0   0   0   0   0   0   0  32  28   0   0   0   0   0   0   0   0   0   0   0   0  20   0   0  42   0   0  38   0   0   0   0   0   0   0   2   0  26   0   0   0  37   0  23   0   0   0  31   0   0   0   0   0   0   0   0   0   0   0   0   0  29   0   0   0   0   0  50   0   0   0
   0   0   0   0   0  43   0   0   0   0   0   0   0   0   0   0   0   0  27   0   0   0   0   0   0   0   0   0   0  19   0   0   0   0   0   0   0   0   7   0   0   0   0   0   0   0   0   0   0   0  10   0   0   0   0   0   0   0  47   0   0   0   0   0  24   0   0   0   0   0   0   0   0   0   0   0   0   0   0   0   0  39   0   0   0   0   0   0   0   0  16   0   0   0   0   0   0   0   0   0   0   0   0   0   0   0   0   0   0   0   0   0   0   0   0   0   0   0   0   0   0  50   0   0   0   0   0   0   0   0   0   0   0   0   0   0   0   0   0   0   0   0   0   0   0   0   0   0   0   0   0
  25   0   0   0  43  31   0   0   0   0   0   0   0   0   0   0   0   0   0   0   0   0   0   0   0  41  47   0   0   0  21   0   0   0   0   0   0   0  49   0  18   0   0   0   0  19   0   0   0   0   0  10   0   0   0   0   0   0   0   0   2   0   0   0   0   0   0   0   0   0   0   0   0   0   0   0   0   0   0   0   0   0  25   0  36   0   0   0   0   0   0   0   0   0   0   0   0   0   0   0   0   0   0   0   0   0   0   0   0   0   0   0   0   0   0  19   0   0   0   0   0   0   0   0   0   0   0   0   0   0   0   0   0   0   0   0   0   0   9   0   0   0   0   0   0   0   0   0   0   0
   0   0   0   0   0   0   0   0   0   0   0   0   0   0  46   0   0   0   0   0   0   0   0   0   0   0   0  16   0   0   0   0  11   0   0   0   0   0   0  28  21   0   0   0   0   0   0   0   0   0   0   0   0   0   0   0   0  33   0   0   0   0   4   0   0   0   0   0   0   0   0   0   0   0   0   0  13   0   0   0   0   0  14   0   0   0   0  29   0  12   0   0   0   0   0   0   0   0   2  40   0   0  23   0   0   0   0   0   0   0  26   0   0   0   0   0   0   0   0   0   0   0   0   3   0   0   0   0   0   0   0   0   0   0   0   0   1   0   0   0   0   0   0   0   0   0   0   0   0
   0   0   0   0   0   0   0   0   0   0   0   0   8   0   0   0   0   0   0   0   0   0   0   0   0   0  35   0   0  23   0  46   0   6   0   0   0   0   0   0   0   0   0   0   0   0   0   0   0   0   0   0   0   0   0   0   0   0   0   0  44   0   0   0   0   0  50   0   0  18   0   0   0   0   0   0  21   0   0   0   9   0   0   0   0   0   0   0   0   0   0   0   0   0   0   0   0  33   0   0   0   0   4   0   0   0   0   0   0   0  50   0   0   0   0   0   0   0   0   0   0   0   0   0   0   0   0   0   0   0   0   0   0   0   0   0   0   0   0   6   0   0   0   0   0   0   0   0
   0   0   0   0   0   0   0   0   0   0   0   0   0   0   0   0   0   0   0   0   0   0   0   0   0   0   0  42   0   0   0   0   0   0   9   0   0   0   0  17   0   0   0   0   0   0   0   1   2   0   0   0   0   0   0   0   0   0   0  47   0   0   0   0   0   0   0   1   0   0   0   0   0  10   0   0   9   0   0   0   0   0   0  21   0   0   0   0   0   0   0   0   0   0   0   0   0   0   0   0   0   0   0  27   0   0   0   0   0   0   0   0   0   0   0  48  30   0   0   0   0   0   0  22   0   0   0   0  10   0  43   0   0   0   0   0   0   0   0  19   0   0   0   0   0   0   0
   0   0   0   0   0   0   0   0   0   0   0   0  28   0   0  25   0   0   0   0   0   0   0   0   0   0   0   0   0  44   0   0   0   0   0   0   0   0   0   0   0   0   0   0   0   0  17  25   0   0   0   0  19   0   0   0   0   0   0   0   0  47   0   0   0   0   0   0   0   0  16   0  35   0   2   0   0   0   0   0   0   0   0   0   0   0   0   0   0  12   0   0   0   0   0   0   0   0   0   0   0   0   0   0  19   0   0   0   0   0   0   0   0   0   0   0   0   0   0   0   0   0   0   0  28  27   0  20   0   0   0   0   0   0   0   0   0   0  11   0   0   0   0   0   0   0
   0   0   0   0   0   0   0   0   0   0   0   0   0   0   0   0   0   0   0   0   0   0  31  10   0   0   0   0   0   0   0   0   0   0   0   0   0   0   0   0   0   0   0   0   0  41   0   0   0   0   0   0   0   0   0   0   0   0   0   0  27   0  48   0  14   0   0   0   0   0   0   0   0   0   0   0  14   0   0   0   0   0   0   0   0   0   0   0  12   0   0   0   0   0   0   0   0   0   0   0   0   0   0   0   0   0   0   0   0   0   0   0   0   0   0   0   0   0   0   0   0  17   4   0  40   0   0   0   0   0   0   0   0   0   0   0   0  21   0   0   0   0   0   0  26
  32   0   0  14   0   0  41   0   0   0   0   0   0   0   0   0   0   0   0  45   0   0   0   0   0   0   0   0   0   0   0  17   0   0   0   0   0  47   0   0   0   0   0   0   0   0   0   0  47   0   0   0   8   0  49   0   0   0   0  40   0   0   0   0   0   0   1   0   0   0   0   0   0   0   0   0   0   0   0   0   0   0   0   0   0   0   0   0   0   0   0   0   0   0   0   0  45   0   0   0   0   0   0   0   0  44   0   0   0  37   0   0   0   0   0   0   4  23   0   0   0  49   0   0  31   0   0   0   0   0   0   0   0   0   0   0   0   0   0   0   0   0  50   0
   0   0   0   0  11   0   0   0   0   0   0   0   0   0   0   0  23   0   0   0   0   0   0   0   0   0   0   0   0   0   0   0   0   0   0   0   0   0   0   0  48   0   0   0   0   0   0  31   0   0   0  36   0   0  36   0   0   0   0   0   0   0   0   0   0   0  14   0   0   0   0   0   0   0   0   0   0   0  41   0   0   0   0   0   0   0   0   0  18   0   0   0   0   0   0   0   0   0   0   0  37   0   0   0   0   0   0   0   0   0   0   0   0   0  49   0   0   0   0   0   0   0   0   0   0   0   0   0  15   0   0   0   0   0   0   0   0   0   0   0   0   0   0
   0  45   0   0   0   0   0   0   0   0   0   0   0   0   0   0   0   0   0   0  24   0  22   0   0   0   0   0   0   0   0   0   0  26   0   0   0   0   0   0   0  14   0   0  14   0   0   0   0   0   0   8   0  26  35   0   0   0   0   0   2   0   0   0   0   0   0  15   0   0   0   0   0   0   0   0   5   0   0   0  46   0   0   8   0  40   0   0   0  17   0   0   0   0   0   0   0   0   0   0   0   0   0   0   0   0  19   0   0   0   0   0   0  13   0   0   0   0   0  44   0   0   0   0   0   0   0   0  14   0   0   0   0   0   3   0   0   0   0   0   0   0
   0   0   0   0   0   0  26   0   0   0   0   0  23   0   0   0   0   0   0   0   0   0   0   0   0   0   0   0  40   0   0   0  28   0   0   0   0   0   0   0   0   0   0   0   0   0   0   0   0   0   0  40   0   0   0  41   0   0   0   0   0   0   0   0   0   0  40   0   0   0  38   0   0  41   0   0   0   0   0   0   0   0   0  34   0   0  19   4  30  16   0  35  22  14   0   0   0   0  25   5   0   0   0   0   0   0   0   0   0   8   0   0   0   0   0   0   0   0   9   0   0   0   0  49  23   0   0   0   0   0   0  20   0   0   0   0   0   0   0   0   0
   0   0   0   0   0   0  21   0   0   0   0   5  37   0   0   0   0   0   0   0   0   0   0   0   0   0   0   0   0   0   0   0   0   0   0   0  39   6   0   0   0   0   0   0   0   0   0   0   0   0   0   0   0   0   0   0  16   0   0   0   0   0   0   0   0   0   0   0   0   7   0   0   0   0   0   0   0   0   0   0   0   0   0   0   0   0   0   0   0   0   0   0  45   0   0   0   0   0   0   0   0  19   0   0   0   0   0  17   0   0   0   0   0   0   0   0   0   0   0   0   0   0   0   0   0   0   0   0   0   0   0  22   0   0   0   0   0   0   0   0
   0   0   0   0   0   0   0   0   0   0   0   4  45   0   0   0   0  13   0   0   0   0   0   0   0   0   0   0   0   0   0   0   0   0   0  46   0   0   0   0   0   0   0   0   0   0   0   0   0   0   0   0   0   0   0   0   0   0   0   0   0   0   0   0   0   0   0   0   0   0   0   0   0   0   0   0   0   0   0   0  31   0   0   0   0   0   0   0   0   0   0   0   0   0   0   0   0  32   0   0   0   0   0   0   0   0   0   0   0   0   0   0  10   0   0   8   0   0   0   0   0   0   0  38   0   0   0   0   0   0   0   0   0   0   0  29   0   0  17
   0   0   0   0   0   0   0   0   7   0   0   0   0   0   0   0   0   0   0   0   0   0  12   0   0   0   0   0   0   0   0   0   0   0   0   0   0   0   0   0   0   0  26  41   0   0   0   0   0   0   0   0   0   0  49   1   0   0   0   0   0   0   0   0   0   0   0   0   0   0   0   0   0   0   0   0   0   0   0   0   0   0   0   0   0   0   0   0   0   0   0   0   0   0   0   0   0   0   0   0   0   0   0   0   0   0   0   0   0   0   0   0   0   0   0   0   0   0   0   0   0   0   0   0   0   0   0   0   0  24   0   0   0   0   0   0   0   0
   0  15   0   0   0   0   0   0   0   0   0   0   0   0   0   0   0   0   0   0   0   0   0   0   0   0  10   0   0   0   0   0   0   0   0   0   0   0   0   0   0   0   0   0   0   0   0   0   0   0   0   0   0   0   0   0   0   0   0   0   0   0  18   0   0   0  41   0  41   0   0   0  13   0   0   0   0   0   0   0   0   1   0   0   0   0   0   0   0   0   0   0   0  27   0   0   0   0   0   0   0   0   0   0   0   0   0   0   0   0   0   2   0   0   0   0   0  21   0   0  48  26   0   0   0   0   0   0   0   0   0   0   0   0   0  34  20
   0   0   0  41  50  28   0   0   0   0   0   0  29   0   0   0   0   0   0   0   0   0   0   0   0   0   0   0   0   0   0   0   0   0   0   0   0   0  18   0   0   0   0   0   0   0   0   0   0  34   0   0   0   0   0   0   0   0   0   0   0   0   0   0   0   0   0   0   0   0   0   0   0   0   0   0   0   0   0   0   0   0   0   0   0   0   0   0   0   0   0   0   0   0   0   0   0   0   0   0   0   0   0   0   0   0   0   0   0   0  10   0   0   0   0   0   0   0   0   0   0   0   0   0   0   0   0   0  10   0   0  47   0   0   0  10
   0   0   0  20   0   0   0   0   0   0   0   0  19   0  48   0   0   0   0   0   0   0   0   0   0   0  50   0   0   0   0   0   0   0   0  17   0  10   0   0   0   0   0   0   0   0   0  17   0   0   0   0  33   0   0   0   0   0   0   0   0   6   0   0   0   0   0   0   0   0   0   0   0   0   0   0   0   0  48   0   0   0   0   0   0   0   0   0   0   0   0   0   0   0   0   0   0   0   0  26   0   0   0   0   0   0   0   2   0   0  12   0   0   0  16   0   9   0   0  43   0   4  20   0  37   0   0   0   0   0   0   0  43   0   0
   0   0   0   0   0   0   0   0   0   0   0   0   0   0   0   0   0   0   0   0   0   0   0   0   0   0   0   0   0   0   0  14   0   0   0   0   0   0   0   0   0   0   0   0   0   0   0   0   0   0   0   0   0   0   0   0   0   0   0   0   0   8   0   0   0  44   0   0   0   0   0   0   0   0   0   0  25   0   0   0  35   0   0   0   0   0  12   0   0   0   0   0   0   0   0   0   0   0   0   0   0   0   0   0   0   0   0   0   0  17   0   0   0   0   0   0   0   0   0   0   0   0  27   0   0   0   0   0   0   0   0   0   0   0
   0   0   0   0   0   0   0   0   0   0   0   0   0   0   0   0   0   0   0   0   0   0   0  23  38   0   0   0   0   0   0   0   0   0   0   0   0   0   7   0   0  39   0   0   0   0   0   0   9   0   0   0   0   0   0   0   0   0   0   0   0   0   0   0   0   0   0   0   0   0   0   0   0   0   0   0   0   0   0   0   0  41   0   0   0   0   0   0   0   0  15   0   0  31   0   0   0   0   0   0   0   0   0   0   0   0   0   0   0   0   0   0   0   0   0   0   0   0   0   2   0   0   0   0   0   0   0   0   0   0   0   0   0
  47   0   0   0   0   0   0   0   0   0   0   0   0   0   0   0   0   0   0   0   0   0   0   0   0   0   0   0  38   0   0   0   0   0   0   0   0   0  24   0   0  20   0   0   0   0   0   0   0   0   0   0   0  10   0   0   0   0   0   0   0   0   0   0   0   0  44   0   0   0   0   0   0   0   0   0   0   0   0   0   0   0   0   0   0   0   0   0   0   0   0   0   0  33   0   0   0   0   0   0   0   0   0   0   0   0   0   0   0   0   0   0   0   0   0   0   0  41   0   0   0   0   0   0   0   0   0   0   0   0   0   0
   0   0   0   0   0   0  14   0   0   0   0   0   0  44   0   0  24   0   0   0   0   0   0   0  40   0   0   0   0   0   0   0   8   0   0   0   0   0   0   0   0   0   0   0   0   0   0   0   0   0   0   0   0  33   0   0   0   0   0   0   0  41  23   0  46   0   0   0   0   0   0   0   0   0   0   0   0   0   0   0   0   9   0   0   0   0  18   0   0   6   0  34   0   0   0   0   0  41   0   0  43   0   0   0   0   0   0   0  50  41   0   0   0   0   0   0   0   0   0   0   0   0   0   0   0   0   0   0   0  20   0
   0   0   0   0   0   0   0   0   0   0   0   0   0   0   0   0   0   0   0   0   0   0   0   0   0   0   0   0   0   0   0   0   4   0   0   0   0   0   0   0   0   0   0   0   0   0  43   0   0   0   0   0   0   0   0   0   0   0   0   0   0  33   0   0   0   0   0   0   0   0   0   0   0   0   0   0   0   0   0   0   0   0   0  40   0  22   0  43   0   0   0   0   0   0  28   0   0   0   0   0   0   0   0   0   0   7   0   0   0   0   0  12   6   0   0   0   0  39   0   0   0   0  31   0   0   0   0   0   0   0
   0   2   0   0   0   0   0   0   0  36   0   0   0   0  19   0   0   0   0   0   0   0   0  21   0   0   0   0   0   0   0   0  48   0   0   0   0   0   0   0   0   0  20   0   0   0   0   0   0   0   0   0   0   0   6   0  25   0   0   0   0   0   0  21   0   0   0   0   0   0  38   0   0  23   0   0   0   0   0   0   0   0   0   0   0   0   0   0   0   0   0   0   0  47   0   0   0   0   0   0   0  10   0   0   0   0   0   6   0   0   0   0   0   0   0   0   0   0   0   0   0   0   0   0   0  11  39   0   0
   0   0   0   0   0   0   0   0   0   0   0   0  13   0   2   0   0   0   0   0   0   0   0   0   0   0   7   0   0   6   0   0   0   0   0   0   0  23   0   0  32   0   0   0   0  31  33   0   0  33   0   0   0   0   0   0   0   0   0   0   0   0   0   0   0   0   0   0   0   0   0   0   0   0   0   0   0   0   0   0   0   0   0   0   0   0   0   0   0   0  30   0   0   0   0   0   0   0   0   0   0   0  13   0   0   0   0  26   8   0   0   0   0   0   0   0   0   0   0   0  33   0   0   0   0   0  11   0
   0  14   0   0   0   0   0   0   0   0   0   0   0   0   0   0   0   0   0   0   0   0   0   0   0   0   0   0   0   0   0   0   0   0   0  31   0   0   1   0   0   0   0   0   0   0   0   0   0   0   0  49  21   0   0   0   0   0  35   0   2   0   0   0   0   0   0   0   0   0   0  40   0   0   0   0   0   0   0  35   0   0   0   0  46   0   0  49   0   0   0   0  23   0   0   0   0   0   0   0   0   0   0   0   0   0   0   0   0   0  43   0   0  22   0  12   0   0   0   0   0   0   0  27   0   0   0
   0   0   0   0   0   0   0   0   0   0   0   0   0   0   0   0   0   0   0   0   0   0   0   0  14   0   0   0   0   0   0   0   0   0   0   0   0   0   0  21   0   0   0   0   0   0   0   0   9   0   0   0   0   0   0   0   0   0   0  31   0  17   0   0   0   0   0   0   0   0   0  42   0   0   0   0   0   0   0   0   0   0   0   0   0   7   0   0  47   0   0   0   0   0   0   0   0   0   0   0   0   0   0   0   0   0  45   0   0   0   0   0   0   0   0   0  49   0   0   0   0   0   0   0   0   0
   0   0   0   0   0   0   0   0   0   0   0   0   0   0  27   0   0   0   0   0  29   0   0   0   0   0   0   0  47   0   0  34   0   0   0   0   0   0   0   0   0   0   0   0   0  33   0   0   0   0   0   0   0   0   0   0   0   0   0   0   0   0  35   0   0   0   0   0   0   0   0   0  28   0   0   0   0   0   0   0   0   0   0  37  31   0   0   0   0   0   0   0   0   0   5   0   0   0   0   0   0   0   0   0   0   0   0   0   0   0   0   0   0   0   0   0   0   0   0   0  12   0   0  45   0
   0   0   0   0   0  18   0  34   0   0   0   0   0   0   0   0   0   0   0   0   0  44   0   0   0   0   0   0   0   0   0  34   0   0  35   0  17  15   0   0   0   0   0   0   0   0   0   0   0   0   0   0   0  14  42   0   0   0   0   0   0   0   0  22   0   0   0   0   0   0   0   0   0   0   0   0   0   0   0   0   0   0   4   0   0  43   0   0   0   0   0   0   0   0   0  24   0   0   0   0   0   0   0   0  33   0   0   0   0  37   0   0   0   0   0   0   0   0   0   0   0   0   0   0
   0   0   0   0   0   8   0   0   0   0   0   0   0   0   0   0   0   0   0   0   0   0   9   0   0   0   0   0   0   0   0   0   0   0   0   0   0   0   0   0   8   0   0   0   0   0   0   0   7  30   0   0   9   0   0   0   0   0   0   0   0   0   0   0   0   0   0   0   0   0   0   0   0   0   0   0   8   0   0   0   0   0   0   0   0   0   0   0   0   0   0   0   0   0   0   0   0   0   0   0   0   0   0   0   0   0   0  23   0   0   0   0   0   0   0   0   0   0   0   0   0   0   0
  32   0   0   0   0   0   0   0   0   0   0   0   0   0   0   0   0   0   0  10   0   5   0   0   0  45   0   0   0   0   0   0   0   0  50   0  48   0   0   0   0   0   0   0   0   0   0   0   0   0   0   0   0   0   0   0   0  43   0   0   0   0   0   0   0   0   0   0   0   3   0   0   0   0   0   0   0   0   0  25   0   0   0   0   0   0   0   0   0   0   0   0   0   0   0   0   0   0   0   0   0   0   0   0   0   0   0  50   0   0  26   0   0   0   0   0   0   0   0   0   0   0
   0   0   0   0   0   0   0   0   0   0   0   0   0  12   0   0   0   0   0   0   0   0   0   0   0   0   0   0   0   0   0   0   0   0   0   0   0   0   2   0   0  35   0  11   0   0   0   0   0   0  25   0   0   0   0   0   0   0   0   0   0   0   0   0   0   0   0   0   0  49   0   0  43   0  29   0   0   0   0   0   0   0   0   0   0   0   0   0   0   0   0   0   0  13   0   0   0   0  24   0   0   0   0   0   0   0   0   0   0   0   0   0   0   0   0   0   0   0   0   0   0
   0   0   0   0   0   0   0   0   0   0   0   0   0   0   0   0   0   0   0   0   0   0   0   0   0   0   0   0   0   0   0   0   0   0   0   0   0   0   0   0   0   0   0   0   0   0   0   0   0   0   0   0   0   0   0   0   0   0   0   0   0   0  10   0   0   0   0  35   0   0   0   0   0   0   0  39   0   0   0   0   0   3  44   0   0   0  35   0   0   0   0   0   0   0   0   0   0   0  34   0   0   0   0   0   0   0   0   0   0   0   0   0   0   0   0   0   0   0  37   0
   0   0   0   0   0   0  29   0   0   0   0   0   0   0   0   0   0   0   0   0  35   0   0   0   0   0   0   0   0   0   0   0   0  20   0   0   0   0   0   0   0   0   0   0   0   0   0   0   0   0   0   0   0   0  17   0   0   0   0   0   0   0   0   0   0   0   0   0   0   0   0   0  42   0   0   0   0  46   0   0   0   0   0   0   0   8   0   0   0   0   0   0   0   0  30   0   0   0   0   0   0   0   0   0   0   0   0   0   0   0   0   0  13   0  20   0  13   0   0
  50   0   0   0   0   0   0   0   0  26   0   0   0   0   0   0   0   0   0  22   0   0   0   0   0  29  49   0   0   0   0   0   3  12   0   0   0   0   0   0   0   0   0   0   0   0   0   0  36   0   0   0   0   0   0   0   0   0   0   0   0   0   0   9   0   0   0   0   0  22   0   0   0   0   0   0   0   0   0   0   0   0   0   0   0   0   0   0   0   0   0   0   0   0   0   0   0   0   0   0   0   0   0   0   0   0   0   0   0   0   0   0   0   0   0   0   0   0
   0   0   0   0   0   0   0   0   0   0   0   0   0   0  47   0   0   0   0   0   0   0   0   0   0   0   0   0   0   0   0   0   0   0   0   0   0   0   0   0   0   0   0   0   0   0   0   0   0  23   0   0   0   0   0   0   0   0   0   0   0   0   0   0   0   0   0   0   9   0   0   0   0   0   0   0   0   0   0   0   0   0   0   0   0   0   0   0   0   0   0   0   0   0   3   0   0   0   0   0   0   0   0   0   0   0  14   0   0   0  45  38   0  41   0   0   0
   0  37   0   0   0   0   0   0   0   0   0   0   0   0   0   0   0   0   0   0   0   0   0   0   0  15   0   0   0   0   0   0   0   0   0   0   0   0   0  50   0   0   0   0   0  36   0   0   0   0   0   0   0  46   0   0   0   0  22   0   0   0   0   0   0   0   0   0   0   0   0   0   0   0   0   0   0   0  15   0   0   0   0   0   0   0   0  37   0   0   0   9   0   0  29   0  43   0   0   0   0  10  50   0   0   0   0   0   0   0   0   0   0   0   0   0
   0   0   0   0   0   0   0   0   0   0   0  45   0   0   0   0   0   0   0   0   0   0   0   0   0   0   0   0   0   0   0   0   0   0   0   0   0   0   0   0   0   0   0   0   0   0   0   0   0   0   0   0   0   0   0   0   0   0   0   0   0   0   0   0   0   0   0   0   0   0   0   0   0   0   0   0   0   0   0   0   0   0   0   0   5   0   0  31  21   0   0   0  45   0   0   0  46  39   0   0   0   0   0   0   0   0   0   0   0   0   0   0   0   0   0
   0   0   0   0   0   0   0   0   0   0   0   0   0  17   0   0   0   0   0   0   0   0   0   0   0   0   0   0  21  33   0   0   0   0   0   0   0   0   0   0  39   0   0   0   0   0   0  17   0   0   0   0   0   0   0   0   0   0   0   0   0   0   0   0   0   0  47   0   0   0   0  20   0   0   0   0   0   0   0   2   0   0   0   0   0   0   0   0   0  23   0   0   0   0   0   0   0   0   0   6   0   0  48   0   0   0   0   0   0   0   0   0   0   0
   0   0   0   0   0   0   0   0   0   0   0   0   0   0   0   0   0   0   0  39   0   0   0   0   0   0   0   0   0  45   0   0  11   0   8   0   0   0   0   0  36   0   0   0   0   0   0   0   0   0   0   0   0   0   0   0   0   0   6   0   0   0   0  30   0   0   0   0   0   0   0   0   0   0   0   0   0   0   0   0  48   0   0   0   0   0  32   0  24   0  38  38   0   0   0   0   0   0   0   0   0   0   0   0  32   0   0   0   0   0   0   0   0
   0   0   0   0   0   0   0   0   0   0   0   0   0   0   0   0   0   0   0   0  34   0   0   0   0  20   0  15   0   0   0   0   0   0   0   0   0   0   0   0   0   0   0   0   0   0   0   0   0   0   0   0   0   0   0   0   0  17   0   0   0   0   0  49   0   0   0   0   0   0   0   0   0   0   0   0   0   0   0   0   0   0   0   0  16   0   0   0   0  19   0   0   0   0   0   0   0   0   0   0  40   0   0   0   0   0   0   0   0   0   0   0
  26   0   0   0   0   0   0   0   0   0   0  50   0  34   0   0   0   0   0   0   0   0   0   0   0   0   0   0   0   0   0   0  41   0   0   0   0   0   0   0   0   0   0   0   0   0   0  15   0   0   8   0   0   2   0   0   0   0   0   0   0   0   0   0   0  33   0   0   0   0  28   0   0   0   0   0   0   0   0   0   0   0   0  47   0  50   0   0   0   0   0   0   0   0   0  14   0   0   0   0   0   0   0   0   0  29   0   0   0  18   0
   0  38   0   3   0   0   0   0  18   0   0   0   0   0   0   0   0   0   0   0   0   0   0   0   0   0   0   0   0   0   0   0   0   0   0  47   0   0   0   0  31   0   0   0   0   0   0   0   0   0   0   0   0   0   0  33   0   0   0   0   0   0   0   0  16   0   0   0   0   0   0  37   0   0   0   0   0   0  48  36   0   0   0   0  22   7   0   0   0   0   0   0   0   0   0   0   0   0   0   0   0   0   0   0   0  11  36   0   0   0
   0   0   0   0   0   0   0   0   0   0   0   0   0   0   0   0  36   0   0   0   0   0   0   0   0   0   0   0   0   0   0   0   0   0   0   0   0   0   0   0   0   0   0   3   0   0   0   0   0   0   0   0   0   0   0   0   0   0   0   0   0   0   0   0   0   0   0  18   0   0   0   0   0   0   0   0   0   0   0   0   0   0   0   0   0   0   0   0   0   0   0   0   0   0   0   0   0   0   0   0   0   0   0   0   2   0   0   0   0
   0   0   0   0   0   0   0   0   8   0   0   0   0  46   0   0   0   0   0   0   0   0   0   0   0   0   0   0   0   0   0   0   0   0   0   0   0   0   0   0   0   3   0   0   0   0  34   0   0   0   0   3  36   0   0   0   0   0   0   0   0   0   0   0   0   0   0   0   0   0   0   0   0   0   5   0   0   0   0  40   0  23   0  14   0   0   0   0  42   0   0   0   0   0   0   0   0   0   0   0   0   0   0   0   0   0   0   0
   0   0   0   0   0   0   0   0   0   0   0   0   0   0   0   0   0   0   0   0   0  14   0   0   0   0   0   2   0   0   0   0   0   0   0   0   0   3   0   0   0   0   0   0  28   0   0   0   0   0   0  28   0   0   0   0   0   0   0  38   0   0   0   0   0   0   0   0   0   0   0  24   0   0   0   0   0   0   0   0   0   0   0   0   0   0   0   0   0   0   0  35   0   0   0   0   0   0  35   0   0   0   0   0  19   0   0
   0   0   0   0   0   0   0   0   0   0   0  36   0   0   0   0   7   0   0  11   0  44   0   0   0   0  22  29   9   0   0  21   0   0   0   0   0   0   0   0   0  30   0   0  36   0   0   0   0   0  37   0   0   0  20   0   0   0   0   0   0   0   0   0   0   0   0   0  49   0   0   0   0   0   0   0   0  22   0   0   0   0   0   0   0   0   0   0   0   0  43   0   0   0   0   0  24   0   0   0  27   0   0   0   0   0
   0   0   0   0   0   0   0   9   0   3   0   0   0   0   0   0   0   0   0   0   0   0   0   0   0   0   0   0   0  33   0   0   0   0   0  24   0   0   0   0   0   0   0   0   0   0   0   0   0   0   0   0   0   0   0   0   0   0   0   0   0   0   0   0   0   0   0   0   0   0   0   0   0   0   0   0   0   0   0   7   0   0   0   0  27   0   0   0   0   0   0  41   0   0   0   0   0   0   0   0   0   0   0   0   0
   0   0   0   0   0   0   0   0   0   4  11   0   0   0   0   0   0   0   0   0   0   0   0   0   0   0   0   0   0   0   0   0   1   0   0   0   0   0   0   0   0   0   0   0   0   0   0   0   0   0   0   0   0   0   0   0   0   0   0   0   0   0   0   0   0   0   0   0   0   0   0   0   0   0   0   0  50   0   0   0   0   0   0   0   0   0   0   0   0   0   0   0   9   0   0   0   0   0   0   0   0   0   0   0
   0   0   0   0   0   0   0   0   0   0   0   0   0   0   0   0   0   0   0   0   0   0   0   0   0   0   0   0   0   0   0   0   0   0   0   0   0   0   0   0   0   0  31   0   0   0   0   2   0   0   0   0   0   0   0  19   3   0   0   0   0   0  16   0   0   0   0   0   0   0   5   0   0   0   0   0   0   0   0   0   0   0   0   0   0   0   0  17   0   0   0   0   0   0   0   0   0   0   0   0   0   0   0
   0   0   0   6   0   0  10  34   0   0   0   0   0   0  40   0   0   7  34   0   0   0   0   0   0   0   0   0   0   0   0   0  23   0   0   0   0  42   0   0   0  17   0   0   0   0   0   0   0   0   0   0   0   0   0   0  25   0   0   0   0   0   0   0   0   0   0   0   0   0   0   0   0   0   0   0   0   0   0   0   0   0   0   0   0   0   0   0   0  32   0   0   0  41   0   0   0   0  50   0   0   0
   0   0   0   0   0   0   0   0   0   0   0   0   0   0   0   0   0   0   0   0   0  16   0   0  30   0   0   0   0   0   0   0   0   0   0   0   0   0   5  43   0   2   0   0   0   0   0   0   0   0   0   0  37   0   0  43   0   0  28   0   0   0   0   0   0  36   0   0   0   0   0   0   0   0   0   0   0   0   0   0   0   0   0  36  13   0   0   0   0   0   0   0   0   0   0   0   0   0   0   0   0
   0   0   0   0  35   0   0   0   0   0   0   0   0   0   0   0   0   0   0   0   0   0   0   0   0   0   0   0   0   0   0   0   0   0   0   0   0   0   0   0   0   0   0   0   0   0   0   0   0  13   0   0   0   0   0   0   0   0   0   0   0   0   0   1   0   0   0   0   0   0   0   0   0   0  17   0   0   0   0   0   0   0   0   0   0   0   0   0  49  11   0   0   0   0   0   0   0   0   0   0
   0   0   0   0   0   0   0   0   0   0  34   0   0   0   0   0   0   0   0   0   0   0   0   0   0   0   0   0   0   0   0   0   0   0   0   0   0   0  50   0  32   0   0   0   0   0   0   0   7   0   0   0   0   0   0   0   0   0   0   0  29   0   0   0   0   0   0   0   0   0   0  33   0   0   0   0   0   0   0   5   0   0   0   0  36   0   0   0   0   0   0   0   0   0   0   0   0  42   0
  27   0   0   0   0   0  23   0   0   0   0   0   0   0   0   0   0   0   0   0   0   0   0  11   0   0   0   0   0   0   0   0   0   0   0   0   0   0   0   0   0   0   0   0   0   0   0   0   0   0   0   0   8   0   0   0   0   0   0   0  11   0   0   0  29   0   0   0   0   0   0   0   0   0   0   0   0   0   0   0   0   0   0   0   0   0   0   0   0   0   0   0   0   0   0   0   0   0
   0   0   0   0   0   0   0   0   3   0   0   0   0   0   0   0   0   0   0   0   0   0   0   0   0   0   0   0   0   0  45   0   0   0   0   0   0  33   0  29   0   0   0   0   0   0   0   0   0   0   0   0   0   0   0   0   0   0   0   0   0   0   0   0   0   0   0   0   0   0  37   0   0   0   0  37   0   0   0   0   0   0   0   0   0   0   0   0   0   0  18   0   0  31   0   0   0
   0   0   0   0   0   0   0   0   0   0   0   0   0   0   0   0   0   0   0   0   0   0   0   0   0  23   0   0   0   0   0   0   0   0   0   0   0   0  35   0   0   0   0   0   0   0   0   0   0   0   0   0   0   0   0   0   0   0   0   0   0   0   0   0   0   0   0   0   0  33   0   0   0   0   0   0   0   0   0   0   0  45   0   0   0   0   0   0   0   0   0   0   0   0   0   0
   0   0   0   0   0   0   0   0   0   0   0   0   0   0   0   0   0   0   0   0   0  31   0   0   0   0   0  10   0   0   0   0   0   0   8   0   0   0   0   0   0   0   0   0   0  43   0  14   0   0   0   1   0   0   0   0   0   0   0   0   0  25   9   0   0   0   0   0   0   0   0   0   7   0   0   0   0  22   0   0   0   0   0   0   0   0   0   0   0   0   0   0   0   0  31
   0   0   0   0   0   0   0   0   0  18   0   0   0   0   0   0   0   0   0   0   0   0   0   0   0   0   0   0   0   0   0  36  42   0   0   0   0   0   0   0   0   0   0   0   0   0   0   0  34   0   0   0   0   0   0   0   0   0   0   0   0   0   0   0   0   0   0   0   0   0  50   0   0   0   0  26   0   0   0   0   0   0   0   0   0   0   0   0   0   0   0   0  35   0
   0   0   0   0   0   0  41   0   0   0   0   0   0   0   0   0   0   0   0   1   0   0   0   0   0  34   0   0   0   0   0   0   0   0  45   0   0   0   0  27   0   0   0   0  21   0   0   0   0   0  23   0   0   0   0   0   0   0   0   0  18  19   0   0  27   0   0  21   0   0  27   0   0   0   0   0   0   0   0   0   0   0   0   0   0   0   0  46   6   0   0  13   0
   0   0   0   0   0   0   0   0   0   0   0   0   0   0   0   0   0   0   0   0   0   0   0   0   0   0   0   0   0   0   0   0   0   0   9   0   0   0   0   0   0   0   0   0   0   0   0   0   0   0   0   0   0   0  40   0   0   0   0   0   0   0  34   0   0   0   0   0   0   0   0   0   0   0   0   0   0   0   0   0   0   0   0   0   0   0   0   0   0   0   0  13
   6   0   0   0   0   0   0   0   0   0  47   0  12   0   0   0   0   0   0   0   0  45   0   0   0   0   0   0   0   0   0   0   0   0   0   0   0   0   0   0   0   0   0   0   0   0   0   0   0   0  10   0   0   0   0   0   0   0   0   0   0   0   0   0   0   0  28   0  11   0   0   0   0   0   0   0   0   0   0  10   0   0   0   0   0   0   8   0   0   0   0
   0   0   0   0   0   0   0  10   0   0  10  21  25   0   0   0   0   0   0   0   0   0   0   8   0   0  31   0   0   0   0   0   3   0   0   0   0  27   0   0   0   0   0   0   0   0   0   0  27   0   0   0  22   0   0   0   0  10   0   0   0   0   0   0   0   0   0   0   9   0  35   0   0   0   0   0   0   0   0   0   0   0   0   0   0   0   0   0   0   0
   0   0   0  35   0   0   0  12   0   0   0   8   0   0   0   0   0   0  48   0   0   0   0   0   0   0   0   0   0   0   0   0   0   0   0   0   0   0   0   0   0   0   0   0   0   0   0   0  45   0   0   0   0   0   0   0   0   0   0   0   0   0   0   0   0   0   0   0   0   0   0   0   0   0   3   0   0   0   1   0   0   0   0   0   0   0   0   0   0
   0   0   0   0   0   0   0   0  47   0   0   0   0   0   0   0   0   0   0   0   0   0   0   0   0   0   0   0   0   0   0   0   0  42   0   0   0   0   0   0   0   0   0   0   0   0   0  49   0   0   0   0   0   0   0   0   0   0   0   0   0   0   0   0   0   0   0   0   0   0   0  21   0   0   0   0   0   0   0   0   0   0   0   0   0   0   0   0
   0   0   0   0   0   0   0   0   0   0   0   0   0   0  44   0   0   0   0   0  13   0   0   0   0   0   0   0   0   0   0  30   0   0   0   0   0   0   0   0  15   0   0   0   0   0   0   0   0   0   0   0   0   0   0   0   0   0   1   0   0   0   0   0   0   0   0   0  40   0   0   0   0   0   0  48   0   0   0   0   0   0   0   0   0   0   0
   0   0   0   0   0   0   0   1   0  14   0   0   0   0   0   0  33   0   0   0   0   0   0   0   0   0   0   0   0  40   0   0   0   0  46   0   0   0   0   0   0   0   0   0   0   0   0   0   0   0   0  12   0   0   0   0  39   0   0   0   0   0   0   0  47   0   0   0   0   3   0  10   0   0   0   0   0   0   0   0   0   0   0   0   0   0
   0   0   0   0   0   0  29  38   0   0   0   0   0   0   0   0   0   0   0   0   0  36   0   0   7   0   0   0   0   0   0  22   0   0   0   0   0   0   0   0  36   0   0   0   0   0   0  43   0   0   0   0   0   0   0   0   0   0   0   0   0   0   0   0   0   0   0   0   0   0   0   0   0   4   0   0   0   0   0   0   0   0   0   0   0
   0   0   0   0   0   0   0   0   0   0   0   0   0   0   0   0   0   0   0   0  11   0   0   0   0   0   0   0   0   0   0   0   0   0   0   0   0  17   0   0   0   0  24   0   0   0   0  16   0   0   0   0   0   0   0   0   0   0   0   0   0   0   0   7   0   0   0   0   0   0   0   0   0   0   0   0  16   0   0   0   0   0   0   0
   0   0   0   0   0   0   0   0   0  15   0   0   0   0   0   0   0   0   0   0   0   0   0  38   0   0   0   0   0   0   0   0   0   0   0   0   0   0   0  16   0   0   0   0   0   0   0   0   0   0   0   0   0   0   0   0   0   0   0   0   0   0   0   0   0   0   0  32   0  20   0   1  43   0   0   0   5   0   0   0   0   0   0
   0   0   0   0   0   0   0   0   0   0   0   0   0   0   0   0   0   0   0   0   0   0   0   0   0   0   0   0  37  23   0   0   0   0   0   0   0   0   0   0   0   0   0  31  31   0   0   0   0   0   0   0   0   0   0   0   0   0   0   0   0   0   0  32   0   0   0   0   0   0   0   0   0   0   0  27   0   0   0   0   0   0
   0   0   0   0   0   0   0   0   0   0   0   0   0   0   0   0   0   0   0  34   0  32   0   0   0   0   0   0  22   0   0  16   0   0  37   0   0   0   0   0   0   0   0   0   0   0   0   6   0   0   0   0   0   0   0   0  27   0   0   0   0   0   0   0   0  34   0   1   0  27   0   0   0   0   0   0  40   0   0   0  43
   0   0   0   0   0   0  15   0  38   0   0   0   0   0   0   0   0   0   0   0   0   0   0   0   0   0   0   0   0   0  20   0   0   0   0   0   0   0   0   0   0   0   6   0   0   0   0   0   0   0   0   0   0  18   0   0   0   0   0   0   0   0   0   0   0   0   0   0   0   0   0   0   0   0  18   0  26  38   0   0
   0   0   0   0   0   0   7   0   0   0   0   0   0   0   0   0   0   0   0   0   0   0   0   0  46   0   0   0   0   0   0   0   0   0   0   0   0   0   0  39   0   0   0   0   0   0   0   0   0  26   0   0   0   0   0  19   0   0   0   0   0  37   0   0   0  34   0   0   0   0   0   0   0   0   0   0   0   0   0
   0   0   0   0  38   0   0   0  19   5  24   0   0  10   0   0   0   0   0   0   0   0   0   0   0   0   0   7   0   0   0   0   0   0   0   0   0   0   0   0   0   0   0   0   0   0   0   0   0  46   0   0   0   0   0   0   0   0   0   0   0   0   0   0   0   0   0   0   0  11   0   0   0   0   0   0   0  14
   0   0   0   0   0   0   0   0  45  33   0   0   9   0   0   0   0   0   0   0   0  39   0  38  46   0   0   0   9   0   0   0   0   0   0   0   0   0   0   0   0   2   0   0   0   0   0   0   0  42  33   0   0   0  22   0   0   0   0   0   0   0  17   0   0   0   0   0   0   0   0  39   0   0   0   0   0
  12   0  18   0   0   0  20   0  36   0   0   0  20  35   0   0   0   0   0   0   0   0   0   0  12   0  39   0   0   0   0   0   0   0   0   0   0   0   0   0   0   0   0   0   0   0   0   0   0  34   0   0   0   0   0   0   0   0   0   0   0   0   0   0   0   0   0   0   0   0   0   0   0   0   0   0
   0   0   0   0   0   0   0   0   0   0   0   0   0  26   0   0   0   0   0   0   0  25   0   0   0   6   0   0   0   0   0   0   0   0   0   0   0   0   0   0   0   0  24   0   0   0   0   0   0   0   0  31   0   0   0   0   0  50   0   0   0   0   0   0   0   0   0   0   0   0   0   0   0   0  14
   0   0   0  28   0   0   0   0   0   0   0   0   0   0   0   0   0   0   0   0   0   0   0   0   0  25   0   0   0   0   0  39   0   0   0   0   0   0   0   0   0   0  15   0   0   0   0   0   0   0  24  17  27   0   0   0   0   0   0   0   0   0   0  13   0   0   0   0   0   0   0   0  33   0
   0   0   0   0   0   0   0   0   0   0   0   0   0   0   0   0   0   0   0  30  35   0   0   1   0   0   0   0   0   0   0   0   0   0  39   0   0   0   0   0   0   0   0  33   0   0   0   0   0   0   0  36   0   0   0   0   0   0   0   0   0   0   0   0   0   0   0   0   0   0   0   0   0
   0   0   0   0   0   0  17   0   0   0   0   0   0   0  16  10   0   0   0   0  42   0   0   0   0   0   0   0   0   0   0   0   0   0   0   0   0  26   0   0   0   0   0   0   0   0   0  36   0   0   0  43   0   0   0   0   0   0   0   0   0   0   0   1   0   0   0   0   0   0   0   0
   0   0   0   0   0   0   0   0   0   0   0   0  30   0   0   0  13   0   0  35   0   0   0   0   0   0   0   0   0   0   0   0   0   0   0   0   0   0   0   0   0   0   0   0   0   0   0   0   0   0   0   0   2  42   0   0   0   0   0   0   0  43   0   0   0   0   0  34   0   0   0
   0   0   0   0   0   0   0   0   0   0   0   0   0   0   0   0   0   0   0   0   0   0  33   0   0   0   0   0   0   0   0   0   0   0   0   0   0   0   0   0   0   0   0   0   0   0   0   0   0   0   0   0   0   0   0   0   0   0   0   0   0   0   0   0   0   0   0   0   0   0
  47   0   0  16   4  41   0   0   0   0   0   0   0  35   0   0   0  48   0  16   0   0   0   0   0   0   0  29   0  43   0   0   0   0   0   0   0   0   0   0   0   0   0  38   0   0   0  10   0   0  22   0   0  20  32   0   0  48   0   0   0   0   0   5   0   0   0  33   0
  43   0   0   0   0   9   0   0   0   0   0   0   0   0   0  27   0   0   0   0   0   0   0   0   0   0   0   0   0   0   0   0   0   0   0   0   0  16   0   3   0   0   0   0   0  49   0   0   0   0   0   0   0   0   0   0   0   0   0   0   0   0   0   0   0   0  34   0
   0   0   0   0   0   0  32   0   0   0   0  13   0  30   0   0  25   0   0   0  18   0   0   0   0   0   0   0   0   0   0   0   0   0   0  44   0   0   0   0   0   0   0   0   0   0   0   0   0   0  43   0   0   0   0   0   0   1   0   0   0   0   0   0   0   0   0
   0   0   0   0   0   0   0   0   0   0   0   0   0  35   0   0   0   0   0  26   0   0   0   0  33   0   0   0   0   0   0   0   0   0   0   0   0   0   0   0   0   0   0   0   0  21   0   0   0   0  46   0   0   0   0   0   0   0   0   0   0   0   0  23   0   0
   0   0   0   0   0   0   0   0   0   0   0   0   0   0   0   0   0   0   0   0   0   0  11   0  46   0   0   0   0   0   0   0   0   0   0   0   0   0   0   0   0   0   0   0   0   0   0   0   0   0   0   0   0   0   0   0   0   0   0   0   0   0  45   0   0
   0   0   0   0   0   0   0   0   0   0   0  50   0   0   0   0   0   0   0   0   0   0  13   0   0   0   0   0   0   0   0   0   0   0   0   0   0   0   0   0   0   0   0   0   0   0   0   0   0   0   0   0   0   0   0   0   0   0   0   0   0   0   0   0
   0   0   0   0   0   0   0   2   0   0   0   0   0   0  27   0   0   0   0   0   0   0   0   0   0   0  14   0   0   0   0   0   0  29   0   0   0  19   0   0   0   0   0   0   0   0   0  38   0   0  22   0   0   0   0   0   0   0   0   0   0   0   0
   0  29   0   0   0   0   0   0   0   0   0   0   0   0   0   0   0   0   0   0  26   0   0   0   0   0   0   0   0   0   0   0   0   0   0   0   0   0   0   0   0   0   0   0   0   0   0   0   0   0   0   0   0   0   0   0   0   0   0   0   0   0
   0   0  29   0  12   0   0   0  30   0   0   0   0   0   0   0   0   0  38   0   0   0   0   0   0   0   0   0   0   0   0  19   2   0   0   0   0   0   0   0   0  41  35   0   0   0   0   0   0   0   0   0   0   0   0   0   0   0  40   0   0
   0   0   0   1   0   0  37   0   0   0   0   0  30   0   0   8   0   0   0   0   0   0   0   0   0   0   0   0  15   0   0   9   0   0   0   0   0   0   0   0   0   0   0   0   0   5   0   0   0   0   0   0   0   0   0   0   0   0   0   0
   0   0   0   0   0   0   0   0   0   0   0   0   0  46   0   0   0   0   0   0   0   0   0   0   0   0   0   0   0   0   0   0   0   0   0   0   0   0   0   0   0   0   0   0   0   0   0   0  16   0   0   0   0   0   0   0   0   0   0
   0   0   0   0   0   0   0   0   0   0   0   0   0   0   0   0   0   0   0   0   0   0   0   0   0  35  18   0   0   5   0   0   0   0   0   0   0   0   0   0   0   0   0   0   5   0   9   0   0   0   0   0   0  29   0   0   0   0
   0   0   0  45   0   0   0   0   0   0   0   0   0   0   0   0   0   0   0   0   0   0   0   0   0   0   0   0   0   0  29   0  33   0   0   0   0  20   0   0   0   0   0   0   0   0   0   0   0   0   7   0   0   0  35   0   0
   0   0   0   0   0   0   0   0   0   0  17  43   0   0   0   0   0   0   0   0   0   0   0   0  11   0   0   0   0   0  49   0   0   0   0   0   0   0   0   0   0   0   0   0   0   0   0   0   0   0   0   0   0   0   0   0
   0   0   0   0   0   0  28  43   0  46   8   0   0   0   0   0   0   0  17   0   0   0  26   0   5   0   0   0   0   2   0   0   0   0   0  28   0   0   0   0   0   0   0   0   0  17   0   0  45   0   0   0   0  23   0
   0   0   0   0   0   0   0   0   0  10   0   0   6   0   0   0   0   0   0   0   0   0   0   0   8   0   0   0   0  36   0   0   0   0   0   0  45   0   0   0   0   0   0   0  37   0  23   0   0   0   0   0   0   0
   0   0   0   0   0   0   0   0  14   0   0   0   0   0   0   0   0   0   0   0   6   0   0   0   0   0   0   0   0   0   0   0   0   0  43   0   0   0   0   0  44   0   0   0   0   0   0  20   0   1   0   0   0
   0   0   0   0   0   0   0   0   0   0   0   0   0   0   0   0   0   0   0   5  16   0   0   0   0   0   0   0   0   0   0   0   0   0   0   0   0   0   0   0   0   0   0   0  29   0   0   0   0   4   0   0
   0   0   0   0   0   0   0   0   0  41   0   0   0   0   0   0   0   0   0   0   0   0   0   0   0  17   0   0   0   0  43   0   0   0  18   0   0   0  35   0   0   0   0   0   0   0   0   0   0   0   0
   0   0   0  28   0  16   0   0   0  16   0   0   0   0   0   0   0   0   0   0  45   0   0   0   0   0   0   0   0   0   0   0   0  49   0   0   0   0   0   0   0  12   0   0   0   0   0   0   0   0
   0   0   0  36   0   0   0   0   0   0   0   0   0  47  39   0   0   0   0   0   0   0   0   0   0   0   0   0   0   0   0   0   0   0   0   0  36   0   0   0   0   0   0   0   0   0   0   0   0
   8   0   0   0   0   8   0  10   0   0  35   0   0   0   0  12   0   0  30   0   0   0   0   0   0   0   0   0  27   0  47   0   0   0   0   0   0   0   0   0   0   0   0   0   0   0   0  26
   0   0   0   0   0   0   0   0   0   0   0   0   0   0   0   0   0   0  32   0   0   0   0   0   0   0   0   0   0  35   0   0  46   0   0   0   0   0   0   0   0   0   0   0   0   0   0
   0   0   0   0   0   0   0   0   0   0   0   0   0   0   0   0   0   0   0   0   0   3  32   0   0   0   0   0   0   0   0   0   0   0   0   0   0   0   0   0   0   0   0   0  19   0
  29   0  11   0   0   0   0   0   0   0   0  46   0   0   0   0   0   0   1   0   0  40   0   0   0   0   0   0   0   0   0   0   0   0   0   0  50  49   0   0  43  18   0   0   0
   0   0   0   0   0   0   0   5   0   0   0   0  39   0   0   0   0   0   0   0   0   0   0   0   0   0   0   0   0  49   0   0   0   0   0   0   0   0   0  36   0   0   0   0
   0  19   0   0   0   0   0   0   0   0   0   0   0   0   0   0  26   0   0   0   0   0  43   0   0   0   0   0   0   0   6   0   0   0   0   0  46   0   0   0   0   0   0
   0   0   0   0   0   0   0   0   0   0   0   0   0   0   0   0   0   0  31   0   0   0   0   0   0   0   4   0   0   0   0   0   0   0   0   0   0   0   0   0   0   0
   0   0   0   0   0   0   0   0   0   0   0  26   0   0   0   0   0   0  11   0   0   0   0   0   0  33   0   0   0   0  29   0   0   0   0   0   0   0   0   0   0
   0   0   0  31   0   0   0   0   0   0   0   0   0   0   0   0   0  31   0   0  12   0   0   0   0   0   0   0   0  14   0   0   0   0   0   0   0  22   0   0
   0   0   0   0   0   0   0   0   0   0   0   0   0   0   0   0   0   0   0   0   0   0   0   0   0   0   0   0   0   0   0   0   0   0   0   0  36   0   0
   0   0  18   0  36   0   0   0   0   0  42   0   0   0   0   0   0   0   0   0   0   0   0  34   0   5   0   0   0   0   0   0   0   0   0   0   0   0
   0   0   0   0   0   0   0   0   0  37   0   0   0   0   0   0   0   0   0  12   0   0   0   0   0   0   0   0   0   0   0   0   0   0   0   0   0
  26  23   0   0   0   0   0   0   0   0   0   0   0   0   0   0   0   0   0   0   0   0   0   0   0   0  27   0   0   0   5   0   0   0   0   0
   0   0   0   0   0   0   0   0   0   0   0  50   0   0   0   0   0   0   0   0   0  34   0   0   0   0   0   0   0   0   0   0   0   0   0
  43   0   0   0   0   0   0   0   0   0   0   0   0   0   0   0   0   0   0  10   0  43   0   0  15  30   0   0  24   0   0   0   0   0
   0   0   0   0   0   0   4   0   0   0   0   0   0  20   0   0   0   0   0   2   0   0   0   0   0   0   0   0   0   0  30   0   0
   0   0   0   0   0   0   0   0   0   0   0   0   0   0   0   0   0   0   0   0   0   0   0   0   0   0   0   0   0   0   0   0
   0   0   0   0   0   0   5   0   0   0   0   0   0   0   0   0   0   0   0   0   0   0   0   0   0   0   0   0   0   0   0
   0   0  37   0  12   0   0   0   0   0   0   0   0   0   0   0   0   0   0   0   0   0  17   0   0   0   0   0   0  10
   0   0   0   0   0   0   0   0   0   0   0   0   0   0   0   0   0   4   0   0   0   0   0   0   0   0   0   0   0
   0   0   0   5   0   0  19   0   0   0   0   0   0  19   0   0   0   3   0   0   0   0   0   0   0   0   0   0
   0   5   0  38   0   0  12   0   0   0  47   0   0   0   0   0   0   0  26   0   0   0  38   0   0   0   0
   0   0   0   0   0   0   0   0   0   0  38   0   0   0   0   0   0   0   0   0   0   0   0   0   0   0
   0   0   0   0   0   0   0   0   0   0   0   0   0   0   0   0   0   0   0  46   0   0  14   0   0
   0   0   0   0   0   0   0   0   0   0  32   0   0   0   0   0   0   0   0   0   0   0  12  16
   0   0   0   0   0   0   0   0   0   0   0   0   0   0   0   0   0   0   0   0   0  13   0
   0   0   0   0   0   0   0   0   0   0   0   0   0   0   0   0   0   0   0   0   0   0
   0   0   0   0   0   0   0  46   0   0   0  24   0   0   0   0   0   0   0   0   0
   0   0   0   0   0   0   0   0   0   0  20   0   0   0   0   0   0   0   0   0
   0   0   0   0   0   0   0   0   0   0   0   0   0   0  36   0   0   0   0
   0   0   0   0   0   0   0   0  10   0   0   0   0   0   0   0   0   0
   0   0   0   0   0   0  44   0   0   0   0   0   0   0   0   0   0
   0   0   0   0   0   0   0   0   0   0   0   0  20  43   0   0
   0   0   0   0   0   0   0   0   0   0   0   0   0  23   0
   0  39   0   0   0   0   0   0   0   0   0   0   0   0
   0   0   0   0   0   0   0   0   0   0  29   0   0
   0   0   0   0   0   0   0   0   0   0   0   3
   0   0   0   0   0   0   0   0   0   0   0
  50   0   0   0   0   0  22   0  43   0
   0   0   0   0   0  11   0   0   0
   0   0   0   0   0   0   0   0
   0   0   0   0   0   0   0
   0   0   0   0   0   0
   0   0   0   0   0
   0   0  21  29
   0   0   0
   0   0
   0

 1907
   5  24  23  18  18   9  11   9  24   1  11  15  21  15   2  25  17   7  23  12  25  22  12  14   1  21  18  25  19   2  25   7   6   5   4   5  14  20   4  17  22  21   4   5  20   4   3  11   8   7   4  24   4  20   9   6  21   7  21  23   1   1   2   4   8  14  25  24  13  20  16  10   7  12   9   2   7  25  17  21  20  11   6  12   9   2  14   3  16  17  11   1  21   7   8  13   8   8  12  18  24   2  10   5   6  24   1  11  21  18   7   6  19   4  25  19   4  20  10  15  20  13  22  25  21  11  10   4  10  21  18  19   2  14  15   8  19  24  10   2  13   4  11  22   9  16   3  24  22  24  17   6  12  20   6   2  24  19   5  15

