 160 
   0   0  36   0   0   0  34   0  27   0   0   0   0   0   0   0   0  47   0   0  38   9  45   0   0   0  23  21   0   0  42   0   0  34   0   0   0   0   3   0   0  28  36   0   0  10   0  15   0  15   0   0   0   8  40   0   0   0   0  20  29   0   0  30   0   0  50  42   0   0   0   6   0   0   0  11   0   0  22   0   0   0   0   0  26   0  21   0   0   0   0   0   0   0  48   0   0   0   0  18  35   0  25   0   0   0   0   0   0   0  11   6   0   0   0  41   0   0   0   0   0   0   0   0  44   0   0   0   0   0   0   0   0   0  22   0   0  22   0   0  20   0   0   0   0   0   0   0   0  49   0   0  42   0   0   0   0   0   9   0
   0  46   0   0   0  41   0   0   0   0  11   0   0   0   0  15   0   0   0   0  44   0   0  24   8   0   0   0   0   0   0   0   0   0  22   0   0  41   0   0   0   0   0   0   0   0   0  37   0   0   0   0   0   3   0   0   0   0   0  47   0  37   8   0   0   0  12   0   0  32  34   0   0   0   0   0   0   0   0  41   0   0   0  40   0   0   0   0   0  33   0   0   0   0   0   0   0   1   0   0   0   0   0   0  45   0   0   0   0   0   0   0   0   0   0   0   0   0   0  30   0   0   0   6   0   0   0   0   0   0   0   0   0   0  39  50   0   0   0  46   0  35   0   0   0  19  40  49   0   0   0  38   0  46   0   0   0   0  35
  35   0   0   1   0   0   0  30  32  21   0   0   0   0   0  30   0  21  49  46   0   0   0  38   0   0   0  28  20   0   0   0   0   0   0  38   0   0   0   0   0   0   0  10   0   0   0   2   0   0   0   0   0  19   0   0  10   0   0   0   0   0   0  25   0   0   0   0  23   0   0   0   0   0   0   0   0   0   0   0   0   4  19   0   0   0   0   0   0   0   0   0   0   0   0   6  26   0   0  46   0   0   0   0  34  48   0   0   0  26   0   0   0   0   0   0  34   0   0   0   0   0   0   0  21   0   0   0   0   0  35   0   0  34   0   0   0   0   0   0   0   0   0   0  32   6   0  32   5   0   0   0   0  32   2   0   0  34
  16   0   0   0  19   0  16   0   0  13   4  12   0   0   0   0   0   0  29   0   0   0  30   0  50   0   0   0   0   0  42   2   0   0   0   0   6  36   0   0   0  38   0   0   0   0   0   0  21   0   5   0   0  49   0   0   0   0   0   0  41   0   0  26  10   0   0  49  17   0   0   0   0   0  39   0   0   0   0   0   0   0   0   0   0   0   0   0  34   0   1   0  14   0   0  27   0   0   0  26   0   0   0   0  31   0  47  41  26   0   0   0   0  44  47   0   0   0  35   0   0   0   0   0   0   0  14   0   0  34   0   0  14   0   5  46  21   0  32   0   0   0   0  45   0   0   0   0   0  11   0   0  49   0   0   0   0
   0   0   0   0   0  14   0   0  35   0  19   0  35  10   0   0   0   0   1   0  26   0  21   0   0   0   0   0   0   0   0   0   0   0   0   0  44   7   0   0   0   0   0   0  19   0   0   0   0  43   0   0   0   0   0   0  20   0   0   0   0   0   0   1  39   0  42   0  48  35   0   0   0   0   3   0   0   0   0   0   0   0   0   0   0   0   0   0   0   0   0   0  14   0   0   0   0   0  27   0   0   0   0   0   0   0  29  29   0  25   0   0  18  44  19   0   0  14   1   0   0  15   0   0   0  25  23   0   0  24   0   0   0   0   0   0   0   0   0   0   0   0   0   0   0   0   0  50  43   0   0   0  24   0  15   0
   0   0  16   7   0   0   0   1   0   0   0   0  44  26  44   0   0   0   0   0   0   0   0   0   0  32   0   0   0   2   0   0   0   0   0  16   0   0   0  16   0   0   8   0  20   0   0  26   0   0   0   0   0  18   0   0   0   0   0   0  29   0   0   0   0   0   0  15   0   0  43   0   0  17   0   0   0   0   0   0   0  15  42  28   0   0   0   0   0   0   0   0   3   0   0   0   4   0   0   0   0   0   0   0   0   0   3   0   0   0  36  30   0   0   0  29  31   0   0   0   0   0   3  18  40   3   0  38   0   0   0   0   0   0   0   0   0   0   0   0   0  15   0   0  33   5   0   0   0   0   0  18   0   0   0
  22   0   8   0   0  28  40  50  18   0  47   3   0   8   0   0  48   0   0  10   0   0   3   0   0  46   0   0   0   0  31   0  16  34   0   0   0   0   0   0   0  28   0   0   0   0   0  49   0   0   0   0   0   2   9   0   0   0   0   0   0  20   0   0   0  47   0   0   0   0   0   0  18   0   3   0  35   0   0   0   0   0   0   0  18   0   0   0  25  31   0   0   0   0   0  40   0   0  39  41   0   0   0   0   0   0   0   0   0   0   0   0  18   0   0   0   0   0   0   0  37   0   0   0   0   0   0   0   0  45  39   0   0  12   0   0   0   0   0   0  28   8   0   0   0   0   0   0   0   0   0   0   0  29
   0   0  23   0  14   0   0  40   0   0  38   0  33   0   0   0   0   0   0  12   0   0   0  35   0   0  31   0   0   0   0   0   0  17  14   0   0  48  46   0   0   0   0  49   0   4   0   0   0   0  30  17   0   0  36   0   0  17   0   0  17   0   0   0   0   0   0   0  32   0   0   0  21   0   0  32   0   0  42   0   0   0   0   0   0   0  10   0   0   0  30   0   0   0   0   0  50   0   0   0  28  48   0   0  45   0   0   0   0   0   0   0  19  34   0   0   0   0  42  10   0   0   0   0  28   0   0   0   5   0   0  38   0  40  17   0   0   0   0   0   0   0   0  44   0  12  11  10  30   0   0   0   0
   0   0   8   0   0   0   0   0  15   0   0   0   0   0   0   0  20   0   0   0   0   0   0   0  29   0  18   0   0   0   0   0   5   0  19  35   0   0   0   0   0   0  42   0   0   0  43   3   0   0   0  28   0   0   0   0   0   0   6   0  20   0  37  19  30   0  34   0   0   0  43   0  39   0   0  19   0   4   0  12   0  32   6   0   0   0   0   0   0   0  50   0   4   0   0   0   0  36   0   0   0   0   0   0   0   0  27   0   0   0   0   0   0   0  49   0   0   0   0   0   0   0   0  28   0   0   0   0   0   0   0  38   0   0   0   0   0   0   0  10   0   2  45   0  49   0   0   0   0  40   0  43
  14   0   0   0   0   0   0  21   0   0  30   0   7   0   0   0   0   0  19   0   0   0   0   0  40  20  42   0   0   0   0   5  18  25   7   0   0   0   0   0   0   0   0   0   4   0  39   0   0  50   0   0   0   0   0   0  45   0   0   0   0   0   0   0  15   0   0   0   0   0  21   0   0   0   9   0   0   0   0   0   0   0   0   0  44   0   0   0   0   0  25   0  42   0   0   0   0   0   0   0   0   0   0   0   8   0   0   0  38   0   0   0  18   0   0   0  36   0   0   0   0   0   0   0   0   0   0   0   0   0  16  21   0   0   0   0  45   0   0   0   0  25   0  37   0   0   0  50   0   0   0
   0  27   0   0  50   0   0   0   0   0   0   0   0  13   0   0  27   0   0   0   0  43  34   0   0  13   0  27   0   0   0   0  33   0   0   0   0  15   0  13   0   0   5   0   0   0   8   0   0   0   0   0   0   0   0  34   0   0  31   1   0   0   0  47  33   0   0   0   0   4   0   0   0  40   0   0  50  26   0   0   0   0  32   0   0   0   0  12   0   0   0   0   0  41   0   0   0   0   0   0   0   0   5   0   0   0   0   0   0   0   0   0   0  24   5   0  10   0   0   0   0  50  26   0   0   8   0   0   0  26   0   0   0   0  28   0   0   0   0  38   0   0   2  10   0   0  15   0   0   0
   0  35   0   0   0  30   0   1   0   0   0   0  32  15   0   0   0   0   0   0   0   0   0   0   0  40   0  44   0   0   0   0   0  29   0   0  47   0   0   0   0   2   0   0   0   0   0   0   0   0  47   0   0  35   0   0   0   9   0   0   0  18   0   0   0   0   2  50   0   0  18   0   0   0   0   0   0   0  45   0   0   0   0   7   0   0   0  11   0   0  33  22  30   0  21   0  21   0   0   0  18   0   0  30   0   0   0  10   0   0  21   0   0  38  35   0   0   0   0   0   0   0  50   0   0   0  12   0   0   0   0   0   0   0   0  30   0   0   0  15  29   0   0  48   0   0  44   0  50
  17   0   0   0   0   0   0  32   0   0   0  19   0   0   3   0   0   0   0   0   0   0   7   0   0   0  31   0   0  29  10   0  20   0  30  21   0   0   0   0   0   0   0   0   0   0   0   0   0   0  46   0  23   0   0   0   0   0  47   0   0   0   0   0   0   0   0   0   0   0   0   0   0  36   0   0   0   0   0  28   0   0   0   0   0   0  26   0   0   0   0   0  14   0   0   0   0   0  48   0  12   0   0   0   0   0   0   0   0   0   0  28  13  42   0   0   0  38   0  50   0   0   0   0   0  34   6   0   0  13  24   0   0  22   0   0  46   0  20   0   0   0   0  29   0   0   0   0
   0  20   0  26   0  38  35   0   0   0   0   0   0   0   0   0   0  31   4   0   0   0   0  21   0  13   0   2  35   0   0  20  44   0   0   0   0   0   0   0  43   0  50   0   0   0   0  27   0   0   0   0   0   0   0   0  40   0   0   0   0   0   0   0   0  24   0  21   0   0  15  13   0   0   0  26   0   0   3  43   0   0  20  37   0  49  38   0   0   0   0   0   0  49   0   0  48   0   0   0   0   0   0   0   0   0  50   0  19   0   0   0   0   0   0   0  26   0  22  14   0   0   0   0  37   0   0   0   0  30  26   0   0   0   0   0   0   0  14   0   0   0   0   0   0   0   0
   2   0  47   4   0   0   0   5   0   0   0   0   0   0   0   6  33   0   0   0   0   0  30   0   0   0  28   0   0   0   0   0   0   0  44   0   0   0   0   0   0   0   0   0  29   0   0   0   0  23   0   0   0   0  15   0  33   0   0  48   0   0   0   0   0   0   0   0   0   0   0   0   0   0   0  24   0   0   0   0   0  45   0  30   0   0   0   0  27   0   0   0   0  39   0   0   0   0  29   0  12   0   0   0   0  44  44   0  16   3   0   0   0   0   0   0   0   0   0   0   0   0   0   0  13   0   0   0   0   0   0   0   0   0   0   0   0   0   0  14   0   0   0   0   0   0
  30   9   0   0  18   0   0   0   0   0   0   7   0   0   0   0  31   0   0   0   0   0  41  25   0   0   0   0   0   0   0   0   0   4  31   0   0   0  25   0   0   0   0   0   0  15   0   0   0   0  18   0  26   0   0   0   0   0   0   0   0   0   0   0   0   0   0  43   0   0   0  40   0   0   0   0   0   0   0   0   0  31   0   0   0   0   0   0   0   0   0   0   0   0   0   0   0   0   0   0  34   0   0   0   0   0  43   0   0   0   0   0   0   0   0   0  25   0  20   0   0  37   0   0   0   0   0   0  50   0  41   0   0   0  24  27   0   0   0   0   0  23   0  39   0
   0   0   0   0   0  10   0   0   0  13   0   0   0   0   0   0   0  34   0   0   0   0   0   0   0   6   0  19  10   0   0   0  28   0   0   7   0   0  13  38   0   0   0   0  19   0   0   0   0   0  35   0   0   0   0   0   0   0   0   0  11   0  15   0   0   0   0   0   0  42   0   0   0  27   0   0   0   0   0  37   0  24   0   0   0   0   0  34   0   0   0   0   0   9   0   0   0   0   0  31   0   0   0   0   0   0  33   0  48   9  39   0   0   0   0  20   0   0   0   0   0  13   0   0   0   0   0   0   0  32  23   0   0   0   0  12   0   0  36  30   0  27   0   0
  47  31   0   0   0   0   0  35   0  40   0   0   0   0   0   0   0  31  11   0   0   0   0   0   0   0   0  49   0   0   6  46   0   0   0   0   0   0  43   0  30   0   0  41   5   0   0   7   0  36   0   8   0   0   0   0   0  13   0   0   0   0   0   0   2  35   0   0   6  28  32   0   0   0   0  29   0   0  33   0   0   0   0   0   0   0  42  32   8   0   0   0   0   0   0   0   0  22   0  45   1   0   0   0   0  24   0   0   0   0   0   0   0  16   0   0   8  20   0   0   0   0   0   5   0  18  22   0   0   0   0   0   0   0   0   0   0  30  29   0   0   0   0
   0   0   0  34   0  41  16  28   0   0  15   0   9   0  30   0   0   0  14  27  29  33   0   0   0   0   0   0  21  38   0   0  35   0   0   0   8   0  46   0  46   8   0   0  23   0   0   0   0   0   0   0   0   0   0   0   0   6   0   0   0   0  23   0   0   4  44   0   0   0   0   3   0   0  18   7   0   0  39   0   0   9   0   0  13  17   0  35   0   0   0   0   0   0   3   0  30  45   0   0   0   0   0   0   5   0   0   0   0   0  20   0  20   0   0   0   0   0   0   0   0   8   0   0   0  31   0   0   0   0   0   0   0  39  12   0   0   0   0   0   0   0
   9   0   1   0   0   0   0   0   0   0   0  32   0   0   0   0   0  37   0   0   8   0   0  18   1   0   0  22   0   0   0  12   0   0   0  12   0   0   0   0   0   0   0   0   0  28   0   0   0   0   0   0   0   0   0   0   2   0   7   0   0  44   0  38   0   0   0   0   0   0   0   0  34   0   0   0   0   0   0   0  45   0   0  36  42   0   0   0   0   0   0   0   0   9   0   0   0   0   0   0   0  46   0   0  38  32   0   0   0   0   0   0   0  39   0   0   0   0  17   0   0   0   0  41   0   0   0  36   0   0   0   0   0   0   0   0  34   0   0  13  49
   0   0   0   0   0  24   0   0  40   0   0   0   0   0   0  30  21   0   0   0  24   0   0   0   7   0   0   0   0   0   0   0   0  27  38   0   0   0   0   0   0   0   0  47   0   0   0   0   0   0   0   0   2   0   0   0  25   0   0   8   0   0   0   0   0   0   0   0   0  15   0   0   0   0  24  30   0   0   0   0  15   0   0   0   0   0   0   0   0   0  30   0  18   0   0   0   4  15   0   9   0   0   0  28   0   0  48   0   0   0  23   0  19   0   0   0   0   0   0   0   0   0   0  24   0  34   0   0   0   0   0   0   0   0   0  29   0   0  32   0
  10   3  11  48   0   0   2   0   0   0   0   0   5  19   0   0   0   0   0   0   0   0   0   0   0   0   0   0   0  49   0   0   0   0   0   0   0   0   5   0   0   0  12   0  22   0   6   0   0  16   0   0  29   0   0   0   0   0   0  11   0   0  45   0   0   0   0   0   0   0  34   0  23   0   0   0   0  40  17  32   0   0  14   0   0   0  14   0   0   0  28   0   0   0   0   0  22  29   0   0   0   0   0   0   0   0   0   0   0   0  10   0   0  43  24  24   0  10   0   0   0  23   0   0   0   0  12   0   0   0   0  33  12   0  38   0   0   0   0
   0   2   0   0  17   0   0  36   0   0   0   0   0  39  45   0   0   0   0   0   0   0   0   0   0   0   0   0   0   0   0   9   0  26  12   0  17   0   0   0   0   0   0   0  16   0   0   0  10  43   7   0   0  33   0  15   0   0   0   0   0   0   0  14  35   0   0   0   0  13   0   0   0   0   0   0   0   0  34   0   0  10   0   0  48   0   0  50   0   0   0   0   0   5   0   0  46   0   0   0   0   0   0   9   0   0   0  10   0  38   0  21   0   0   0   0  18   0  50   0   0  20  10  40   0   0   0   0   4   0   0  48   0  17   0   0   0   7
   0   0  50  22   0   0   0   0   0  18   0   0   0   0   0  17   0   3  40   0  48  15   0   6   5   0   0   0   0   0   0   0   0   0  49  18   0   0   0   0   0  14  27   0   0   0   0   0   0   0   0   0   0   0   0   9   4  42   0   0   0   0   6   0   0   0   0  37   0  17   0   0   0   0   0  31   0   0   0   0   0   0  47   0  10   0   0   0   0   9  40   3   0   0  15   0   0   0  16  15   0   0  24   0   0  18  41   0   0  26   0   0   0   0   0   0   0   3   0   0   0   0   0   0   0   0   0   0   0   0   0   0  34   0   0   0   0
  28   0  29  19  32   7   0   0   0   0   0   0  45   0   0   0   0   2   0   0   0   0   0  14  39   0   0   0  29  13   0   1   0  20   0  27   0   0   0   0   0   0   0   0   0   0   0   0   0  15  37   0   3   0   0   0   0  18   0  38   0   3   0   0   0   0   0   0  18  32   0   0   0   0  13  11   0   7   0   0   0   0  16  22   0  26   0   0   0   0  24   0   0  26  18   0   0   0   3   0   0   7   0  30   0   0   0  33   0   0   0   0  19   0   0   0   0   0   0  34   0   0  16  30   0   0   0   0   0   5   0   0   0  49   0   0
   0   0  25   0   0   0   0   0   0  23   0   0   8   0   0  30  24  28   0   0   0   1  24   0  31   0   0   0   0   0   9   0   7   0   0   0   0   0   0   0  34   0  17   0   0   0   0  23   0   0   0  37   0   0  31  32  28  16   0   0  38  13   0   0   0   0   0   6   0   0   0   0   0   0   0   0  23   8   0   0   0   0   0  13   0  13   8   0   0   0   0   0  17   0   0   0   3   0   1   0   0   0  26   0   0   0   0  17   0   0  16   0   0   0   0   0   0   0   0   0  36   0   0   0   0   0   2  10   0   0   0   0   9  22  11
  12   0   0   0   0   0   0   0  39   0   0  25   7   0   0   0   0   0   0  27  23   0   0   0   4   0   0   0   0   0   0   0   0   0   2  19   0   0   0   0   1   0   0   0  15   0   0   0   0   0   2  28   0  14   0   0   0   0   0   0   0  35  47  15  32   0  40   0   0   0   0   0   0   0   0  16   0   0   0  27   0   0   0   0   0   0   0   0   0   0   0   0   0   0   0   0   0   0   0   0  21   0  18   0   0   0   0  21   0   0   0  35   0   0   0   0  17   0  27   0   0   0   1  41   0  37   0  44   0   0   0  14  21  17
   0  25  50   0  12   0   0   0   0   0   0   0   0   0   0   0   0   0  48   0   0   0   0   0   0   0  21   0  11   0   0  11   4   0   0   4   0   0   0   0   0   0  23   0   0   0   0   0   0  49   0   0   0   0   0   0   0   0   0   0   0  11   0  49   0   0   0   0  23   0   0   0   0  41   0  48  45   0   0   0   0   0   0   0   0   0   0   0   0   0   0   0   0   0   0  50   0   0   0  50   1   0  44   0   0   0   0   0   0  15   0   0   0  20   0  43  48   0   8   0   0   0   0   0   8   0  36   0  20  38   0   0   0
   0   0  31   0  40   0   9   0   0   0   0  31  27   0   0   0  31   0   0   0  10   0   0   0   3   0   0  44   9  27  36  41  28   0  40   0   0   0  44  49   0   0   0   0   0   0   0   0   0   0   0   0   0   0   0   0  48   0   0   0  46   0  43  10   0  35  36   0   0   0   0   0   0   0   0   0  23   0   0   0   0   0   0   0   0   3   0   0   0   0   0   0   0   0   0  46   0  25  31   0  22   0  48  39   0   0  31   0   0   0   0   0   0  50   9   0   0   0   0   0   0   0   0   0   0   0   0   0   0   0   0   0
   0   0   0   0   0   7  12   0   0   0   0   0  24  46  13   0   0   0   0   3   0   0   0  28   0  33   0   0   5   0   0   0   0   0   0   0   0   0   0   0  49   0   0   0   0   0  22   0   0   0   9   0   0   0   0  34   0   8   0  24   0   0   0   0   0  38   0   0   0   0   0   0   0   0   0   0  16  49  10   0   0   0   0  14   0   0   0   0   0   0   0   0   0  44   0  19   0   0   0   0   0  37   0   0   0   0  39   0   0   0  16   4   0   0  43   0   0  20   0   0  18   0   0   0   0   0   0  12  38   0   0
   0   0   0   0   0   0   0   0   0  32   0   0   0  16  32   0  13   0   0   0   0   0   8   0   0  28   0   0   0   0   0   0   0   0  47   0   0  40  21   0   0   0   0  11   0   0  12  26   0  20   0   0   0   0   0   0   0   0   0  14   0   0   0   0   0   0   0   0   0  44   0   0   0  28   0   0   0   0  30   0   0   0   0   0   0   0   1   0   0   0   0   0   0   0  48   0   0   0   0   0   0   0   0  37   0  26  48   0  29   0   8   0   0   0  22  43   0   0   0   0   0   0   0   0  43  46   0   0   0   0
   0  17   5   0   0   0   0  50  34   0   0   0   0   0   0   0   0   0   0   0   0  34   0   0   0   0   0   0   0  40   0   0   0  31   0   0   2   0  37   0  37  33   0   0   0   0   0   0   0   0   0   0   0  39   0   0   0   0   0   0   0   1   0   0   0   0   0   0   0   0   0   0  17  40   0  19   0   0   0  24  44   0   0   0   0   0   0   0   0  32   0  22  29   0  31  38   0   0   0   0   0  33   0   0   0   0   0  36   0   0  41   0   0  31   0   0   0   3   0   0   0   0   0  29   0   0  32  29   0
   0   0   0  19   0   0   0   0  21  21   0   0  27   0   1   0   0   0   0  16  42  20   0  16  30   0   0   0   0   0   0   0   0   0   0  29  48   0   0   0  42  43   0  41   0   0   0  24   0   4   0   0  35   0   0   0   0  29   0   0   0   0   0  28  16   2   0  47   0   0   0  49   0   0  19   0   0   0   5  14  25   0  43   0   0   0   0   3   0   0  32   0   0  48  24   0   0   0   0   0   0   0  20  42   0   0   0   0   0   0   0   0   0  13  31   0   0   0   0   0   0   0   0   0   0   0   0  41
   0   0   0   0   0   0   0   0  28   0  31  39   0   0   0   0   0   0   0   0   0   0  45   0   0  30   0   0   2   0   0   0   0   0   0   0  13   0   0   0   8   0   0   0  19   0   0  47   0   0   0  27   0   0   9   0   0   0   0   0   0   0   0  12  40   0  43   0   0  22   0   0   0  24   0   0   0   0   0   0   2   0   0  50   0   0   0   0   0   0   0   0  14   0   0   0   0  15   0   0   0   0   0   0  49   0  16   0   0   0   0  30   0   0   0   0   0   0  30   0   2   0  34  41   0   0  25
   0  17   0   0   0   0   0  20   0   0   0  44   0   3   0   0  20   0   0   0   0   0   0   0   0   0   0   2   0   0  10   8   0   0   0   0   0  16   0   9   0   0   0   0   0   0   0   0  39   7   0  42   0  31  32   0   0   0   0  50   0   0   1  30   0   0   0   1   0  10   0   0   0  47   0  22   0   0   0   0   0   0   0   0  49   0  23   0  14   0  43   0   0   0   0   8   0   0  46   0   0  42   0   0   8   0   8  12  17   0   0   0   0  38   0   0   0  20   0   0   0   0   0  48   0   0
   0   0   0   0   0   0  14   0   0   0   0  20   0   0  13   0   0  38   0   0   0   0   0   0   0   0   0   0   3   0   0   0   0   0   0   0   0   0  25  48  10   0   0   0   0   0   3   0   0   0   0  11   0   0   0   0   0   0  41   0   0   0  13   0   0  49   0   0   0   0   0   0   0   0  10   0   0   0   0  12   0   0   0   0  17   0   0   5   0   0   0   0  37   0  12   0   0   0  40   0  34   0   0   0  11   3   6   0   0  35   0   0   0   0   0   0   0   0   0  43  38   0   0   0   0
   0  21  18   0   0  24   0   0  37   0   0   0   0   0  28   0   0  33  25  32   0   0   0   0   7   0   0   0   0   0   0   0   0   0   0   0   8   0   0  11   0   0   0   0   0   0   0   0   3   0   0   0   0  29   0  10   0  29   0   9   0   0   0   0   0   0   0   0   0   0   0   0  17   0   0   0   2   0   0   0   0   0  12   0   7  12  10   0   0   0   0  30  29   0   0   0   0  19   0   0   0   0   0  43   0   0   0   0   0  28   0   0   0   0   0   0   0   0   0  21   0   0  12   3
  38  41  48   0   0   0   0   0   0   0   0   0   0   0   0   0   0   0   0   0   0   0  21   0   0   0   0   0  28   0   0   0   0   0   0   0   3   0   0   0   0  45   0   0   0   0   0   0   0   0   0   0  42   0   0   0   0  27  31   0   0   0  33  11   0   0   0   0   0  21   0   0   0   0   0   0   0   0   0   0   0   0   0   0   0   3   0   0   0   4   0   0   0   0   0   0   0   0  40  47   0   0   0  43   0   4   0  17   0   0   0   0   0   0   0   0  46   0   0  11  12  15   0
   0  26   0   0   0   0  37   0   0  11   0  38   0   8   0   3   0   0  46   0   0   0  50   0  46   0   0   0   0   0   0  33   0   3   0   0   0   0  10   0   0   0   0   0   0  14   0  30   0   0  30   0  28   0   0   0   0   0   0   0   0   0   0   0   0   0   0   0   0   0   0  19   0   0   0   0  17   0   0   0   0   0   0   0  33   0   0  18   7   0  24   0  20   0  15   0   0   0   0  12   0  37   0  42  29  35   0   0   0   0   0   0  28   0   0   0   0   3   0   0   0  26
   0  25  43   0   0   0   0   0  37   0   0   0   0   4   0   0   0   0   0   0   0   0   0  39  25  23   0   0   0   0   0  10   0   0   0   0   0   0  45   0   0   0   0   0  18  37   0   0   0   0  49   0   0   0  20   0   0   0   0   0   0   0   0   0  33  31   0   0   9   0   0   0   0   0   0   0   0   0   0   0   2   0   0   0  38   0  29   0   0  24   0   0   0  37   0   0   0   0   0   0   0  18   0   0   0   0   0   1   0   0  41  38   0   0   0   0   0  30   0   0  35
   0  47   0   0   0   0   0   0   0   0  29   0  31  29   0   7   0   0   0   0   0  43   0   0   0   0   0  26  16  12  49   0  15   0  24   0   0   0  50   0   0   0   0   0   0  22   0   0  37   1   0   0   0   0   6   0  23   0   0   0  16  26  32   0   0  18   0  24   0  46   0   0  31   2   0   0   0   0   4  41   0   0  37   0   0   0   0  30   0   0  11   0   0  27  37   0   0   0  46   0   0  31   0   0   0   0   0   0   0   0   0   0  32   0   0  37  12   0   0   0
   0   0  31   0  14   2   0   0  37   0   0   0  16  27   0   0  21  15   0  22   0  26   0   0   0   0   0   0  27   7   0  43   0   0   0  18   0   0   0   8   0   0   0   0   0   0   0  32   0  35   0  26   0   0   0   0  12   0  37   0   0   0   0   0  41   0   0   0  48   0   0   0   0  37   0   0   0   0   0   0   0  16  22   0   0   0   0   0   0   0   0   0   0   0  27   0   0  21  41   7   0   0   0   0   0   0   0   0  30  50   0  25   0   0   0  31   0   0   0
   0   0   0   0   0   0   0   9  16   0   0   5   0   0   0   0  29   3  25   0   0   0   0   0   0  39   0   0   0   0   0  11   0   0   5   0   0  33  48   0   0  32   0  20   0   0   0   0   0   0   0   0   0   0   0   0  11   0   0  48  33   0   0  42   0  38   0   0  42   0   0   0   0  22  48   0   0  24   0   0   0   0  44   0   0   0   0   0   0   0   0   0   0   0  48  41   0   0   0  37   0   0   0  14  33   3   0   0   0  42   0   0   0   0   0  15   0   0
   0  32   0   0  26   0  22   0   0   0   0  25  48   0   0   0   0  35   0   0   0   0   0  21  45   0   0   0   0  14   0  46  28   0   0   0   0   0   0   0   0  25   0   0  12   0   0   0   0   0   5   0   0   0   0   0   0   0   0  32   0  33   0   0  10   0   0   0   0   0   0   0   0   0   0   0   0   0   0   0   0   0  50   0  40   0   6   0   0   0  21  27  34  43   0   0   0   0   1   0   0   0   0   0   0   0   0   0   0   0   7   0   0   0   0   0  14
   0   0  37   0   0   0   0  26   0   0   0   0   8   0   0   0  44   0   6   0   0   0  15   0   0   0   5   0   0   0   0   0   5   0   0   0   0  33   0  37  36   0   0   0   0   0   3  50   0  39   0   0   0   0   0   0   0   0  13  32   0   0  33  46  25   0  24   0   0   0   0   0   0  14   0   0   0   0  27   0   0   0   0   1   0   0   0   0  13   7   0   0   0  31  17   0   0   0  22   0   0   0   0   0   0  17   0   0   0   0   0   0   0  47   0   0
   0   0   0   0   0   0   0   0   0   0   0   0   0   0  11  25   0   0   0   0   0  18   0   0  20   0   2   0  48   0   0   0   0   0   0  34   0   0   0   0   0   0   0   0   0  29   0   0   0   0   0  26  34   0   0  12   0   0   0   0   0  42   0   0   0   0   0   0   0  18   0   0   0   0  50   0  12  42   0   0   0   0  31   0  16   0   0   0  50   0   0   0   0  18   0   0   0   0   0  44   0   0   0   0   0  37   0   0   0   0   0   0   0   0   0
   4  21   0   0   0   0   0   0  28   0   0   0   0   0   5   0   0  27   0   0   0   0  49   0   0  26   6   0   0   0   0   0  10   0   0   0   0   0   0   0  14   0   0   7   0   0   0   0   0   0  32   5   0   0   0   0   0  43   0   0   0   0   0   0  36   0   0   0   0   0   0   0   0  12   0  39   5   0   0   3  15   0  49   0  31   0   0   0   0   0   0   0   0   0   0   0   0   0   0   0   0   0   0   0   0   0   0   0   0   0   0   0   0   0
   0  43   0   0   0   0   0  10   0   0   0   1   0   0   0   0   0   0   0   0  47  46  37  19   0   0  24   0   0  48   0   0   0   0   0   0   0  17   0  46   0   0   2  18   8   0   0   0   0   0   0   0  27   0   0   0  21   0   0  49   0  41   0  15   0   0   0   0   0   0   0   0   0   0   0   6   0   0   0   0   9   0   0   0   0   0   5   0   0  15   0   0   3  44  43   0   8   0   0  43   0   0   0   0  10   0   0   8  30   0  12   0  19
   0   0   0  49   0   0   0  33  31   0   0   0   1   0   0   0   0   0   0   0  20   0   0   0   0   0   0   0   0   0   0  12   0  49   0   0  25   0   0   0   0   0  19   0   0   0  50   0   0  30   0   0   0   0   0   0   0   0   0   0   0   8   0   0   0   0   0   0   0   0   2   0   0   0   0   0   0  36   0   0  20   0   0   0  37  37   0   0   0   0  46   0   0  24   0  12   0   0   0   0   0   0   0   0   0  27   0   0   0   0   0   0
   0   0   0   2  21   0  20   0   0  29   0   0   0   0  45   0   0  42   0   0  34   0   0   0   3  41  36   0   0   2   0  30   0  25   0   0   0   0   0   0   0   0   0   0   0   0   0   0   0   0  18   0  28   0   0   0   0   0  46   0   0   0   0   0   0   0  39   0   0   0   0  15   0  30   0  41  50   0   8   0   0   0   0  21   0   0  44  41   0   0   0   0   0   0   0   0   0   0   0   0  40   0   0  25   0   0   0   0   0   0   0
   0   0   0   0  41   0   0  37   0  28   0   0   0   0  50   0   0   0  14   0   0   2   0   0   0  36   0   0  47   0   0   0  46   0   0   0   0   0   0   0  22   2  12   0   0   0   0   0   0   0   0   0   0   0   0   0   0   0   0  34   0   0  45   0   0   0  29   0   0   0   0  36   0   0   0   0   0  19   0   0   0   0   0  36   0   0   0   0   0   0   0   0   0   0   0   0  37   0   0   0   0  45   0  10   0   0  42   0  36   0
  40   0   0  25  19   1   0   0   0  17   0   0   0   0   8  42  30   0  20   0  22   0   0   0   0   0   0   0   0   0   0   0   0   0   0   0   0  42   0   0  40   9   0  28   8   0  46   0   0  44   0  33  46  30   0   0   0   0   0   0   7  25   0  44   0   0   9   0   0   0  22   0  24   0   0   0   0  27   0   0   0  36   0   0   0   0   0   0   0   0   0   0   0  41   0   0   0   0  39   3   0   0   0   0   0   0   0  36   0
   0   0   0   0   0   3   0   0   0   0  32   9   0   0   0   0  38   8   0  27   0   0   0   0  36  24   0   0   0   0   0   7   0  28   0   0   0   0   0   0   0  30  45   0   0  43   0   0   0   0   0   0   0   0   2   0   0   0   0   0   0   0   0   0   0   0   0  21   0   0  12   0   0   0   0  11   3   0   0   0  14  29  21   0  27   0   0   0  45   0   0  12   0   0   0   0  12   0   0  48   0   0   0   0  12   0   0  17
   0   0   0   0   0   0   0   0   0   0   0   0   0   3   0   0  16   0   0   0  40   0   0   0  31  24   0   0   0   0   0   0  29   0   0   0  24   0   0   0   0   0   0   0  26   0   0   0  45   0   0   8   0  21   0   0   0  38  32   0  36  22   0  19   5   0   0  40   0   0   0  45   0  20   0   0  14   0   0   0   0   0   6   0   0  46   0   0   0   0   0  43  29  15   0   0   0   0   0  45   0   6  43   0   0   0  27
   0   0   0  41   0   0   0   8   0   0   0   0   0   0   0   0   0   0   0   0   0  24   0  11   0   0   0   0   0   0  39   0   0  13   0   0   0   7   0   0  25   0   0  33   0   0   0  47   0  50   0   0   0   0   0   0   0  15   0   0   0  39   0   0   0   0   0   0   0   0   0   0   0  25   0   0   0  12   1  45  27  27  15   0   0   0  10   0   0   0   0   0   0   0   0   0   0   0   0   0  17  34   0   0  10   0
   0   0   0   0   0   0   0   0   0  47   0   0  10   0  24   0   0   0   0  28   0   0   2   0   0  14   0   8   0  32  20  39   0   0   0   0  31   0  31   9   0   0   0   0   0   2   0   0   0   0   0   0   0   0   0   0   7  42   0   0  20   0   8  11   0   0  23  46   0   3   0   0  16   0   0   0   0   0   0  27   0   0   0   0   0  17   0   0  42  17   0   0   0   0  33   6   0   0   0   0  42  40  13   0   0
   0   0   0   0  50  35  42   0  27   0   0   0  22   0   7   0   0   0   0  28   0   0   0  11  21  49   0  17   0   0   0   0   0   0   0   0   0   0   0  45   6   5   0   0   0  49   0   0   0   0   0   0   3   0   0   0   0  31   0  15   0   0   9   0  47   0  24   0  17  24   0   0   0   0   0   0   0   2   0   0   0   0   0   0  11   0   0   0  13   0   0   0   0   0   0   0   5   0   0   2   0   0   0  27
   0   0   0   0   0   0  50   0   0   0   0  15  33   0   0   0   0   0  11   0   0   0   2   0   0   0   7   0   0  16   0   0   0   0   0  36   0   4  41  36  11   4   0   0  22   0   0   0   0   0   0   0  41   0   0   0   0   0   0   0   0  24   0   0   0   0   0   0   0  47   0  31  15   0   0   0   0   0   0   0  42  10  15  49   0   0   0  41   0   0   0  41   0   2   0  43   0   0   0   0   0   0   0
   0   0   0  21   0   0   0   0   0   0   0   0  17   8   0   0  27  20   1  23   0   0   0   0  43   0  11   0   0   0   0   0   0   0   0   0   0   0   0   0   9   0   0   0   0   0  41   0   0   2   0   0   0   0   0  27   0   0   0   0   0  33   0   0   0   0   0   0   0   0  37   0   0  27   0   0   0   0   0  23   0   0   0  44  47   0   0   0   0  14   0  24   0   0   0   0   0   0   0   0   0   0
   0   0   0   0   4   0   0   0   0   0   0   0   0  46   0   0   0   0   0   0   0   0  45   0  23  10   0   0  20  36   3   0   0   0   0   0  29   0   0   0  32  39   0   0   0   0   0   0   0   0   0   6   0  46   0  33   0  41   4   0   0  19   0   0   0   0   8   0   0   0   0   0  30   0  47   0   0  43  13   0   0   0   0   0  38  33   0   0  30   0   0   0   0   0   0   0   0   0   0   0   0
  36   0   0   0  50  12   0   0   0   0   0   0   0   0   0   0   0   0  26  48  16   0   0   0   0   0   0  32   0   0  32   0   0  19   0   0   0   0  44   0   0   0  40   0  49  20  22   0   0   0  15   0   0  37   0   0   0  20   0   0   0   0   0   0   0  45   0  37  20   0   0   0   0  46   0   0   0   0  39   0   9   0   0   0   0   0   0  24   0   0   0   0   0   0   0   0   0  17   0   0
   0   7   0   0   0   9   0   0   0   0   0   0   0   0   0   0   0   0  13   0   0  11   0  42   0   0   0   0  38   0   0  20   0   0   0   7   0   0  38   0   0   0   0   0  49   0   0   0   0   0   2   0   0   0   0   0   0   0  46   0   0   0   0   0   0   0   0  12   0   0   0   0  36   0   0   7   0  45   0   0   0   0   0  44   0   0   6   0   0   0   0  23   0   0   0   0   0   0  34
   0   0   0   0   0   0   0   0   0   0   0   0   0   0   0   0   0   0  19   0   0   0   0   0  32   0   0   0   0   0   0  34   0   0   0   0   0  13   0   0   0  37   0  22  31   0   0  32   0   2   0  35   0   0   0   0   0   0   0   0   0   0   0   0   0   0   0   0   0   0   0   0  27   0  45   0   0   0   0   0   0   0   0   0   0  11   0  24  19   0   0  22   0   0   0  42   0   0
   0   0   0   0   0  13   0   0   0   0   0   0   0   0   0   0   0  18   6   0   7   0   0   0   0   0   0   0  20   0  40  43   8   0   0   6  32  27   0   0  29   0   6  48   0  16   0   0   0  18   0   0  50   0   2   0   0   0  25   0  19   0   0   0   0   0  49   0   0   0   0  30  43   0   3   0   0  21   0   0  18   0   0  44  35   0   0  12   0   0   0  15   0   0  26   4  31
   9   0   0   0   0  15   0   0   0   0   0  35   0  22   0   0   0   0  10  18   0   0   0   0   0   0   0   0  42   0   0   0   0  40  26   0  19  40  41  46   0  40   0  30   0   0   8  24   0   0   0   0   0   0   0  11   0   0   0   0   0   0  45   0   0   0   0   0   0   0   0   0   0  13   0   0   0   0   0   0   0  47  30  39  10   0  21   0   0  22  22   0   0   0   0  44
   0   0   0   0   0   0  25   3   0   0   0   0   0   0   0   0   0  11   0   0   0   0   0   0   0   0   0   0   0   0   0  34   0   0   0   0   0  30  50   0  10  21   0   0   0   0   0   0   0   0   0   0   0  17   0  34   0   1   0  37   0   0   0   0   0   0   0   0   0   0   0   0  13   0  47   0   0   0   0   0   0   0   0   0   0  43   6   0   0   0   0   0   5   0   0
   0   0   0   0   0   0   0   0  47   0   0   5   0   0   0   0   0   0   0   0   0  41   0   0   0   0   0   0   0   0   0   0   0   0   0   2  29  22   0   0  24  27  27   0   0   0   0   0  45   0   0  41   0   0   0   0   0   5   0   0   0   0  47   0   0  16   0   0   0   0   0   7  35   0   0   0   0   0   0   0   0  17   0  22  14   0   0   0   0   0  45  26  21   0
  43   0   0   0   0   0   0   0   0  41  29  40   0   0   0   0   0   0  11   0   0   0   0   0  14   0   0   0   0  29   0   0   0  36   0   0   0   0  31  21   0   0   0   0   0  14  46   0   0   0   0  32   0   0   0   0   0  11   0   0   0   0   0   0   0   5   0   0  26   0   0   0   0   0  39  50   0   0   0   0   6   0  40  35   0   0   0   0   0   0   0   0   0
  38   0   0   0   0   0  18   0   0  26   0   0  28   0   0   0   0   0   0   0  48   0   0   0   0   0   0   0   0  17  40   3  27   0   0   0   0   0   0   1   0   0   0   0   0   0   0   6   0   0   0   0   0  21   0  11   0   0   0   0   0   0  15   0  33   0   0   0  46   0   0   0   0   0   0  36   0  23   0   0   0   0   0   0   0  32   0   0   0   0   0  37
   0   3  35   0   0   0   0   8   0  11  44  35  48   0   0   0   0   0   0   0   0   0  43   0   0  34  40   0  50   0   0   5   0  43  11   0   0  19  43   0   0   0  14   0   0   0   0   0   0   0  35   0   0   0   0   0   0   0   0   0   0   0   0   0  37   0   7  14   0   0  47   0   0   0   0   0  45   0   0  20   7   0   0   0   0   0  29   0  43  26   0
   0   0   0   0  30   0   0   0   0   0   0  16   0   0   0   0   0  37   0   0   0   0   0   0   0   0   0   0  21   0   0  12  24   1   0   0   0  24  45   0   0   0   0   0  36   0   0   0  47   0  19   0   0   0  30   0   0   0   0   0   0   0  19   0   0   0   0   0   0  49   0   0   0   0   0   0   0   0   0  39   0   0   0   0   0   0   0   0   0   0
   0   0  24   0  11   0   0   0   0   0   0   0   0   0  12  10  36   0   0   0   0   0   0   0   0   0   0  41   0   0   0   0  50   0   0   0   0  12   0   0  48   0   0   0   0  12   0   0   0   0  29   0   0   3   0  48   3   0   0   0   0   0   0   0   0   0   6   0   0   0   0   7   0   0   0   0   0   0   0   0  47   0   0   0   0  31   0   0   0
   3   0   0  19   0   0  32  27   0   0  26   0   0   0   0  40   0   0   0   0  48  45  30  50   0   0  46  31   0   0  28   0   0   0   0   0  47   0   0   0  10   0   0   0   0   0   0   0   0   0   0   0   0   0   0   0   0   0   0   0  38  21  50   0  46   0   0   0   0   0   0   0   0   0   0   0   0   0   0   0   0  10   0   0  25   6   0   0
   0   0   0  50   0   0   0   0   0   0   0   0   0   0  20   1   0   0   0  27   0   0   0   0   0   0  20  36   0   0   0   0   0  49   0   0   0  21   0  43   0   0   0  37  21   0  14  50   0   0   0  11   0  17   0   0  33   0   0   0   0   0   0   0   0   0  36   0   0   0   0   0   0   0   0   0   0   0   0   0   0   0  40  37   0   0   3
  27   0   0   0   0  30   0   0   0   0  33   0   0   0   0   0   0   0   0   0   0   0   0   0   0   0  23   8   1  45   0   4  45   0   0  44   0   0  41   0   0   0  13   0   0   0   0   0   0   0  26   0   0   0   0   0   0   0   0   0  33   0   0   0   0  48   0   0   0   0   0   0   0   0   0   3   0   0  24  28   0   0  43   0   0   0
   0  20   0  38   0   0   0   0  21   0   0   0   0   0   0   0   0   0   0   0   0   0   0   0   0   9   0   0  46  24  26   0  46   0   0   0   0   0   0   0   0   0   8  21   0  45   0   0   0   0  31  43   0  24   0   0   0  33   0  17  49   0   0   0  17   0   0   0  20   0   0   0   0   0   0   0   0  40   0   0   0  20   0   0   0
   0   0   0   0   0   0   0   0   0   0   0   0   0   0   0   0   0   0  11  13   0   0   0  35   0   0   0   0   0  27  46   0   0   0   0   0  42  33   0  33   0   0  23   0   0  18  40   0   0  30   0   0   0   0  40  26   0   8   8   0   0   0   0   0  26   0   0  46   0  29  40  50   0   0   0  42   0   0   0   0   0   0   0   0
   0   0   0   0   0   0   0  33   0  25   2   0  38   0   0   0   0  15  16   0  27   0   0   3   0  38  17  37   0   0   0   0   0   0   0  11  38   0   0   9   0  12   0   0   0  49  32  12   0  37   9  16   0   0   0  35   0   0   0   0   0  50  17   0  39   0   0  17   0   0   0  19   0   0   0   0   0   0   0   0   0   0   0
   0   0  29   0   0   0   0  17   0   0  24   0   0   0  18   0  36   0   0   0   0  47   0   0   0   0   0   0  16   0   0  15   0   0   0   0  11   0   0   0   0   0   0   0  34  34  27  42  11   0   0   0  36   0   0  39   0   0   0  45   0  17   0   0   0   0   0   0   0   0   0   0  48   0   0   0   0   0   0  13  24   0
   0  39   0  11   0   0   0   0   7   0   0   0   0   0  29   0   0   0   0   0   0   7   0   0  32   0   0   0   0   0   0   0   0  45   0  38   0   0   0   0   0   2   0   0   0   0   0   0   0   0   0   0   0   0   0   0   0   0   0   0   0   0   0  43   0  26   0   0   0  30   0  47   0   0   0   0   0   0   0   0   0
   0   0   0   0  38  14   0   0  23   0   0   0   0  17  41   0   6   0  23  48   0   0   0   2   0   0   0   0   6   0  25   0   0  13   0   0   0   0   0   0  43  21   0   0   0   0   0   0   8   0   0   0  18   0   0   0   0   0   0   0  13   0   0  41  20   0  37   0   0   7   0   0  33   0   0   0   0   0  24  47
  42   0   0   0   0  18   0   0   0   0   0   0   0   0   0   0   0   0   0  24  48   0   0   0   0   0   0   0  30   0   0   0   0   0   0   0   0   0   0  43   0  42   0   6   0   0   0   0   0   0   0   0   0   0   4   0   0   0   0   0   2   0  43   0   0   0   0   0   0   0   0   0   0   0   0   0   0   9  21
   0   0   0   0  33  13   0   0  28   0  44   0   0   0  32   0   0   0   0   0   0  19   0   0   0   0   0  45  49   0  23   0   0   0   0   0  22  20   0   0   0  11   0   0   0   0   0   0   0   0  31   8   0   0   0   0   0   0   0   0   0   0   0   0   0   0   0  41   0   0   0   1   1   5  45   0   0  50
  46   0   0   0   0   0   0   0   0   0   0   0   0   8  12   0  42   0   0  19   0   0   0   0   0   0   0   0   0   0  33   0   0   0  29   0  31   0   0  33   0   0   0   0   0   0  34   0   0   0  32   0   0   0   4   0   0  44   0   0  44   0  21   0   0   0   0   0   0   0   0   0   0   0  47   0   0
   0   0   0   0   0  45   0   0   0  18   0   0   0   0   0   0  44   0   0   0   0   0   0   0   0  16   0   0   0   0  10  33   0   0  26   0   0   0   0   0   0   0   0   0   0   0   9   0   0  33   0   0   0   0   0   0  15   0  47   0   0   0   0   0   0   0   0   0   0   0   0   0   0  17   0   0
   0  38   0   0   0   1   0   0   0   0   0   0   0   0   0   0   5   0   0   0   0   0   0  15   0   0  14  15   0  15   0   0   0   0  48  13   0   0   0   0   0   0   0   0   0   0  13   0   0  16   0   0   0   0  14  33   0   0   0  37   0   0   0   0   0   0  49   0   0   0  39   0   0   0  49
   5   0   0  23  40  13  30   0   0   0   3   0  15   0   0   0  15   0   0   2   0  27   0   0  44   0   0   0   0   0   0   0   0   0  44   0  39  33   0   0   0  19   0   0   0  35   0   7  16   0   0  21   5   6  14   0   0  27   0   0  33  20   0  15   0   0   0   2  36   0   0   0   0   7
  13   0   0   0   0   7   0   0   0  27   0   0   0   0   0   0   0   0   0   0   0   0   0   0   0   0   0   0   0   0   2   0   0   0   0   0   0   0   0  11   2  24   0   0   0   0   5   0   0   0   0   0   0   0   0   0  33   3   0   0   0  45  23   0   0   0   0   0   0   0  15   0   0
   0  36   0   0  50   0   0  47   0   0  17  21   0  47   0   0   0  16   0   0  48   0   0   0   0   0   0   0  39  37   0  17   0   0   0   0   0   0   0   0   0   0  13   0  45   0   0   0  35   0   0   0   0   0   0   0   0   0  43  25  24   0  10   4   0   0   0   0   0   0  21   0
   0  32   0   0   0   0   0   0   0   0  43   0   0   0  19   0   0   0  22   0   0   0   0   0  26   0   0   0  34   0   0   0   7  47   0   0   0  43   0  19  36  34   0   0   0   0   0   0   0   0   0   0   0  26   0   0   0   0  41   0   0   0  12   0   0   0  22   0   6   0  47
   0   0   0   0   0   0   0   0   0  31   0   0   0   0   0  28   0  33   0   0   0   0   0   0  41  30   0   0   0   0   0   0   0   0   0   0   0   0   0   0  21  50   0   0   0  25   0   0   0   0   0   0   0   0   0   0   0   0  35   0   0   0   0  17   0   0   0   0   0  33
   0   0  36   0   0   0   0   0   0   0   1   0   0   0   0   0   0   0   0   0   0   0   0   0  24   0   0   0  11  39  36   0   0   0   0   0  39   2   0   0   0  25   0   0   0   0   0   0   0  23  31   0   0   0  15   0   0   0   0   0   0  46   0   0   0  11  40  26   0
   0   0  46   0   0   0   0   0   0   0   0   0   0   0   0  27   0   0   0   0   0   0   0   0   0   0   0   0  23   0   0   0  44  17   0  40  23   0   0  24   0  44   0  38  49   0   0   0  37   0   0   0   0  16   0   0   0   0   0  40   0   0   0   0   0   0   0   0
   0   0  47   0   0   0   0   0  25   0   0  38   0   0  36   0  34   0   0  13   0   0   0   0   3  35   0   0   0   0   5   0   0  19   0  28   0   0   0   0   0   0   0   1   0   0  47   0   0   0  31   0   0   0   0   0  44  31   0   0  46   0   0   0   0  46   0
   0   0   0  33   0   0   4   0   0  11   0   0  19   0   0  11   0   3   0   0   0  38   0   0  40   0   0   0   0   0   0   6  34   0  27  10   0   0   0   0  20   0   0   0   0   0   0   0  48   0  21  45   0  17  32   0   0  48   0   0  23   0   0   0  31   0
   0  19   0   0   0   0   0   0   0   0  21   0  36   0   0   0   0   0   0   0   0   0  18   0   0  50   0   0  33   0   0   0   0   0   0   0   0   0   0   0   8   0   0   0   0   0   0  42   0   2   0   0  19   0   0   0   0   0   0  27   0  31   0   4   0
   0   0   0  41   0  41   0  17  32   0   0   0   0  26   0  41   1   0   0   0   0  47   3   0   0   0  27   0   0   0   0  47   0   0   0   0   9   0   0   0   0   0   0   0   0   0   0   0  47   0  28  23  16   0   0   0   0   0   0   0   0   0   0   0
   0   0   0  22  38   0   0   0   0  18   0   0   0   0  20   0   9   0   0   0   0  31  19   0   0   0   0   0  41   0   0   0  11   0   0   0   0   0  30   0  30   0   0   3   0   0   0   0   0   0   0  44   0   0  35   6   0   0   0   0   0   0   0
  40   0   0   0  42  27   2   0   0   0  37   0   0  16   0   2   0   0  47   0   0   0   0   0   0   0   0   0   0   0   0   0  11   0  25   0   0   0  27  42   0   0   0   0   0   0   0  25   0  14   0   0   0   0   0  16  11   0  18   0   0  42
   7   0  27   0   0   0   0   0   0   0   0   0   5  46   0   0   0   0  12   0   0   5   0   0   0   0   0   0   0   0   0   0  40   0   0  42   0  38   0   6   0  44   0   0   0  49  14   0   0   0   0   0   0   0   0   0   0   0   0  13  13
   0   0   0  20  14   0   0   0  42  49   0   0   0   0   0  19   0   0   0   0   0   0   0   0   0   0  18   8   0  50   0   0   0  11   0   0   0   0   0  37   0   0   0   0  17   0   0  38   2   0  50  50   0   0   0   0   0   0  24  33
  18   0   0  20   0   0  20   0   0   0   0  31   0   0   0   0  38   0   0   0   6   0   0   0   0   0   0   0   0   0   0  41   0   0   0   0   0   0   0   0   0   0  43   0   0   0   0   0   0   0   0   0   0   0   0   4   0   0   0
   0   0   0   0   0   0  41   0   0   0  19   0  43   2   0  25   0   0   0   0  25   0   0   0  47   0   0  13   5   0   0   0   0  28   0   0   0   0   0   0  48   0   0   0   0  24  18  19  31  40   0   0  48   0   0   0   0   2
  40   5   0   0  21   0   0   0   0  13   0   0   0   0   0   0   0  20   0   0   0   0   0   0   0   0   0   0   0  19   0   0  27  18  39   0   0  17   0   9  11   0   0   0  18   0   0  20   0   0   0  43   0   0  16  28   0
   0   0   0  34   0   0   0   6   0   0   0   0   0  25   0   0  41   0   0   0   0   0   0   0   0  20   0   0   0   0  28   0   0   0   0  21   0   0   0   0   0   0   0   0  33   0   0   0   0   0  12   0   0   0   0   0
   0   0  27   0   0   0   0   0  48   9  50  45   0   0   0   0   0   0   0   0  47   0   9  49   0   0   0   0   0   0   0  13   0  11   0   0   0   6   0   0   0   0   0   0  17   2   0  40   0   0   0   0  25  26   0
   0  46   5   0  21   0   0   0   0   0   0   0   0   0   0   0   3   0  28   0  32   0   0   0   0   0   0   0   0   0   0   0   0  47   0   0   0   0  19  38   0   0  44   0   0   0   0  21   0   0   0  10   0   0
   0   0  25   0   8   0   0   0   0   0  50   0   0   0  25   0   0   0   0   0   0   9   0   0  33   0   0   0   0   0   0  18   0   0   0   0   0   0   0  33   0   0   0   0   0   0   0   0   0   0   0   0   0
   0   0   0  19   0   0   0  47   0   0   0  21  46  16   0   0   0   0   0  46   0  22   0   0   0   0   0   0   0   0   0   0  14   0   0  28   0   0   0   0   0   0   0  47  45   0   0  45   0  46  28  24
   0   0   0   0   0   0   0  40   0   0   0   8   0   0   0   0  10   0   0   0   0   0   0   0  23  21   0   0   0   0  11   0   0   0   0   0   0   0   0  48   0   0   0   0   0  49   0  27   0   0   0
   0   0   0  22   0   0   0   0   0   0  46   0   0  21   0   0   0   0  23   0   0  26   0   0   0   0   0  49   0  33   0   0   0  48   0   0   0   0   0  30   0   0  16   8   0   0   0   0   0  33
   5   0  12   0   0   0  36  13   0   0   0   0   0  21   0  40  50   0   0   0   1   0   0   0   0   1   0  31   0   0   0   0   0   0  37  21   0  43   0   0   0   0   0   0   0   0  20   0  22
  22   0  50   0   0   0   0   0  49  13  46   0   0   0   0   0  15   0  47  17  20   0   0   0   0   0   0   0  36   0   0   0   0   0   0   0   0   0   0   0   0   0   0   0   0   0   0   0
   0  46   8   0  35   0  47  48   0   0   0   0  20  33  28   0   0   0   0   0   0   0   0   5   0   0   0   3   2  28  23  49   0  14  50   0   0  44   0   0   0   0  44   0   0   0   0
   0   0   0   0   0   0   0   0   0   2  14   0   0   0   0   0   2   0   0   0   0   0  39   0   0  23  40   0  10   0  45   0  40   0   0   0  12   0   0   0   0  26   0   0  26   0
   0  27   6   0   0  43   0   0  48   0  43  44   0   0   0   0   0   0   0   5   0   0   0   0  38   0   0   0   0   0  11   0   0   0   0   0   0   0  25   0   0   0  43   0   0
   0   1  33   0   0   0   0   0   0   0   0   0   0   0  15  20   0  25   0   0  31  18   0  25  49   0   0   0   0   0   0   0   0  25   0  27  36   0   0  44   0   0   0   0
  39   0   0   2   0  32   6   0  35   0  48  49   0   0   0   0   0   0   0  30   9   0  37  29   0   0   0   0   7   9   0  27  26   0  38   0  32   0   0   0   0   0   0
   0   0   0  30   0  35   0  37   0  38   0  10   9  44   0   0   0   0   0   0   0   0  32   0   0   0  23   0  40  43  11   0   0   1   0   0   0   0   0   0  39   0
   0   0  43   0   0   6   0  24   0   0   0   2   0   0   0  19   0   0   0  38  25   0   0   0   0   0  21   0   0   0   5  17   0  40   0   0  45   0   0   0   0
   0   0   0   0   0   0  25   0   0   0   0  46  27   0   0   0   0   0   0  16   0   0   0   0   0  31   0  27   0   0  33  50  29  11   0   0   0  48   0   0
   0   0   0   0  19   0   0   0   0  10   0   0   0  27   0  18  15  16   0   0   0  14   0  25   0  10   0   0   0   0   0   0   0  17  38   0   0   0   0
   0  39   0   0   0  23   0   0   0   0   0   0   0   0   0  18   0   0   0  33  31   0   0  25   0   0   9  24  27   0  31   0   0   0  12   0   0   0
   0   0   0   8   0   0   0  33   0   0   0   0   0   0   0   0   0   0   6   0   0   0   0  28   0   0   6  42  15   0   0   0   0  34   0   0   0
   0   0   0   0   0   0   0   0  50   0   0   0   0   0   0   0   0   0   0   0  26  35   8   0   0   0   0   0   0  44   0   0   0   0   0  35
   0  47   0   0   0   0   0   0  20  30   0   0   1   0   0  30   0  33   0   0   0  34   0   0   0  49   0   0   0   0   0  10  39   0   0
  13   0   0   0   0   0   9   0  34   0   0   0   0  38   0  18   0   0   0   0   0   0   0   0   0   0  14   0   0  21   0   0   0   0
   0   0   0   0   0   0   0  29   8   0   0   0  50   0   0   0   0   0   0   0   0  20   0   0   0   0  27   0  14   0   0  50   0
  25   0   0  49   0   0   0   0   0   0   0  12   0   0   0   0   0   0  29   6   0   0   0   0   0  38   0   0  29   0   0   0
   0   0  42   0   0   0   0  25   0   0   0   0   0   0  21   0   0   0   0   0   0   0   0   0  30  44   0  20   0  21   0
   5   0   0  40   0   0   9   0  36   0   8   0   0   0   0   0  36  26   0   1   0   0   0   0  20   0   0   0   0  31
  34   0   0  31  26   0   0   0   0   5   0  36  44   0  41   0   0   0   0   0   0   0   0   0  41   0   0   0   0
   0   0  18   0   0   0  13   0   0   6   0   0   0   0   0   0  29  49  33   0   0   0   0   0   0  14   0   0
  35   1   1   0   0   0   0   0  38   0   0   0  22  30   0  43   0   0   0   0   0   0   0   0   0   0   0
   0   0   0  47   0   0   0   0   0   0   8   0  44   0   0   0   0   0   0  25   8   0  18   0  49   0
   0   0  47   0   0   0   0   0   0   0  48   0  32   0   0  44   0   6  39   0   0  48   0   0   0
   0  33   0  14   0   0   0   0   0   0   6  10   0  29   0   0   0   0   0   0   0   0   6  31
  18  14   0   0   0   0   0   0   0   0   0  18   0   1  27   0  40   0   0   0   0   0   7
   0   0  41   0  19  25  32   0   0   0  12   0   0   0   0   0  50   0  19   0  28  24
  35   0   0   0   0   0   0   0   0   0   0   0   0   0  35   0   0   0   0  48   0
   0   0  43   0   0   0   0   0  40   1   6   0  19   0  33  33  38   0  44   0
   0   5   0   0  31   0   0   0  49  38   0   0   0   0  32   0   0   0   0
   0  33   0   0   0   0  43  49   7   0   0   0   0   0   0   0   0   0
   0   0   0   0  44   0  11   0   0   0   0   0   0  12   0  13   0
   6   0   0   0  11   0   0   0   0   0  40   0  29   0   0   0
   0   0   0   0   0   0   0   0   7   0   0   0   0   0   0
   0   0   1   3   0   0   0  26   0   0   0   0   0   0
   0   0   0   0  36  45  13   0   0   0  13   0  48
   0   0   0   0   0   0   0   0  34  34   0   0
  11   0   0   0   0   0   0  13  21   0   0
   0  39   0  16   0   0   0   0   0   0
   0   0   0   0   0   0   0  39  30
   0  16   0   0   0   0   0   0
   0   0   0   0   0   3   0
   0  47   0   0  11   0
   0   0   0  35   0
  24   0   0   0
   0   0   0
   0   0
   0

 1198
   5  15   7  18   5   1  18  10   9  20  18  25  10   7   8   8  20   2  23   1  19  21  21   1  14  11   5  21   4  23  17   2  14   8  25  19  19   3   4  20  25  11  15  17  18   5   3  21  22  19   6  11  11  11   5   5  12  20  15  25  17  10   5   1  13  18  23  16  24   6   6   6   8  16   3  19  14  17  14  14   8  22  25  18   8  24  20  20  21  19  19   2  19   7  24  13  17  12  24   9  15  21  16  16   7  20  22  19   8  22  25   8  16   1  15  14  14  11  24  16   9   8  17  17  16   4   2  16  15   8   1   2  20  17   7   3   3   1  25  20   4  19  24  14  25  14  14   9  16  17  12  12   5  22  13  14  17   6   7   8

