 160 
   0   0  41   0   0   0   0   0   0   0   0   0   0   0   0   0   0   0   0   0   0   0   0   0   0   0   0   0   0   0   0   0   0   0   0   0   0   0  48  33   0  29   0   0   0   0   0   0  13   0   0   0   0   0   0   0   0   0   2   0   0   0   0   0   0   0  20   0   0   0   0   0   0   0   0   0   0   0   0   0   0   0   0   0   0   0   0   0   0   0   0   0   0   0   0   0  26   0   0   0   0   0   0  34   0   0   0   0   0   0   0  23   0  16   0  49   0   0   0   0   0   0   0   0   0   0   0   0   9   0   0   0   0   0   0   0  25   0   0   0   0   0   0   0   0   0   0  45  13   0   0   0   0   0   0   0   0   0   0   0
   0   0   0   0   0   0   0   0   0   0   0   0   0   0   0   0   0   0   0   0  24   0   0   0   0   0   0   0   0   0  20   0  10   0   0   0   0   0   0   0   0   0   0   0   0   0   0   0   0   0   0   0   0   0   0   0   0   0   7   0   0   0   0  50   5   0   0   0   0  37   0   0   0   0   0   0   0   0   0   0   0   0   0   0   0   0   0   0   0   0   0   0   0   0   0  50   1   0   0   0   0   0   0   0   0   0   0   0   0   0   0   0   0  31  36   0   0   0   0   0   0   0   0   0   0   0  27   0   0   0   0   0   0   0   0   0   0   0   0   0   0   0   0   0   0   0   0   0  28   6   0  25   0   0   0   0   0  24   0
   0   0   0   0   0   0   0   0   0   0   0   0   0   0   0   0   0   0   0   0  30   0   0   0   0   0  50   0   0   0   0   0  37   0  27   0   0   0   0   0   0   0   0   0   0   0   0   0   0   0   0   0   0  37   0  19  27   0   0   0   0   0   0   0   0   0   0   0   0  18   0   0   0  30   0   0   0   0  48   0   0   0   0   3   0   0   0   0   0   0   0   0   0  45   0   0   0   0   0   0  18   0   0  17   0   0   0   0   0  34   0   0   0   0   0   0   0   0   0  46   0   0   0   0   0   0   0   0   0   0   0  38   0   0   0   0   0   0   0   0   0   0  11   0   0   0   0   0   0   0   0   0   0   0   0   0   0   0
   9   0   0   0   0   0   0   0   0   0   0   0   0  29   0   0   0   0   0   0   0   0   0   0   0   0   0   0   0   0   0   0   0  44   0   0   0   0   0   0   0   0   0   0   0   0   0   0   0   0   0   0   0   0   0  10   0   0   0   0   0   0   0   0   0   0   0   0   0   0   0   0   0   0   0   0   0   0   0  32   0   0   0   0   0   0  40   0   0  17   0   0   0   0   0   0  42   0   0   0  47   0   0   0   0   0   0   0   0   0   0   7   0   0  47   0   0   0  26   0   0   0   0   0   0   0   0   0  20   0   0   0   0   0   0   0   0   0   0   0   0   0   0   0   0   0  20  15   0   0   0   0   0   0   0   0   0
   0   0   0   0   0   0   0   0   0   0   0   0   0  38  15   0   0   0   0   0   0  24   0   0   0   0   0   0   0   0   0   0   0   0   0   0   0   0   0   0   0   0   0   0   0   0   0  30  46   0   0   0  47   0   0   0   0  38   0   0   0   0   0   0   0   0  38   0   0   0   0   0   0   0   0   0  33   0  37   0   0   0   0   0  21   0   0   0   0   0   0   0   0   0   0   0   0   0   0   0   0   0   0   0   0  24   0   0   0   0   0   0  22   0   0   0   8   0   0   0   0   0  36   0  15   0   0  30  27   0  22   0   0  38   0   0   0  15   0   0   0   0   0   0   0   0  40  12   0   0   0   0   0   0   0   0
   0   0   0   0   0   0   0   0   0   0   0   0   0   0  23  47   0   0   0   0   0   0   0   0   0   0   0   0   0   0   0   3   0   0   0   0   0   0   0   5   0   0   0   0   0   0  36   0  36  43   0   0  36  24  17   0   0   0   0   0   0   0   0   0   0   0  47   0   0   0   0   0   0   0   0   0   0   0   0   0  26   0   0  12   0   0   0   0   0   0   0   0   0   0   0   0   0   9   0   0   0   0   0   0   0   0   0   0   0   0   0   0   0   0   0   0   0   0   0   0   0   0   0   0   0   0   0   0   0   0   0  50  25   0   0   0   0   0   0   0   0   0   0   0   0   0   0   0   0   0   0   0   0   0   0
   0   0   0  27   0   0   0  27   0   0   0   0   0   0   0   0   0   0   0   0  25   0   0  42   0   0  39   0   0   0   0   0   0   0   0   0   0   0   0   0   0   0   0   0   3   0   0   0   0   0   0   0   0   0   0   0   0   0   0   0  30   0   0   0   0   0   0   0   0   0   0   0   0   0   0   0   0   0   0   0   0   0   0   0   0   0   0   0   0   0   0   0   0   0   0   0   0   0   0   0  12   0   0   0   0   0   0   0  11   0   0   0   0   0   0   0  32   0   0   0   0  30   0   0   0   0  36   0   0   0   0   0   0   0   0  31  40   0   0   0   0   0   0   0   0   0   0   0   0   0  50   0   0   0
   0   0   0   0   0   0   0   0   0  43   0   0   0   0   0   0   0   0   0   0   0   0   0  20   0   0   0   0   0   0   0   0   0   0   0   0   0   0   0   0   0   0   0   0   0   0   0   0   0   0   0  42   0   0   0   0   0   0   0   0   0   0   0   6   0   0   0   0   0   0   0   0   0   0   0   0   0   0   0   0   0   0   0   0   0   0   0   0   0   0   0   0   0   0   0   0   0   0   0   0  44   0   0   0  35   0   0   0   0   0   0   0   0   0   0   0   0   0   0  12  26   4   0   0   0   0   8   0   0   0   0   0   0   0   0   0   0   0   0   0   0   0  30   0   0   0   0   0   0   0   0   0   0
   0   0   0   0   0   0   0   0   0   0   0   0  42   0   0   0   0   0   0   0  22   2   0   0   0   0   0   0   0   0   0   0   0   0   0   0   0   0   0   0   0   0   0   0   0  12   0   0   0   0   1  23   0   0   0   0   0  39  29   0   0  36   0   0   0   0   0   0   0  20   0   0   5   0   0   0   0   0   0   0   0   0   0  46   0   0   0   0   0   0   0  26   0   0   0   0   0   0   0   0   0   0   0   0   0   0   0   0   0   0   0   0   0   0   0   0   0  14   0   0   0   0   0   0   0   0   0   0   0  39   0   0   0   0   0   0   0   0   0   0   0  18   0   0   0   0   0   0   0  45   0   0
   0   0   0   6   0   0   0   0   0   0   0   0   0   0   0   0   0   0   0   0   0   0   0   0   0   0  34   0   0   0   0   0   0   0   0  37   0   0   0   0   0   0   0   0   0   0  16   0   0   0   0   0   0   0   0   0   0   0   0   0   0   0   0   0   6   0  47   0   0   0   0   0   0   0  48   0   0   0   0   0   0   0   0   0  17   0   0   0   0   0   0   0   0   0   0   0   0   0   0   0  24   0   0   0   0   0   0   0   0   0   0   2   0   0   0   0   0   0   0  36   0   0   0   0   0   0   0   0   5   0   0   0   0   0   0   0   0   0   0   0   0   0   0   0   0   0   0   0   0   0   0
   0   0   0   0   0   0   0   0   0   0   0   0   0   0   0   0   0   0   0   0   0   0   0   0   0  30   0   0   0   0   0   0   0  32   0   0  32   0   0   0  31   0   0   0   0   0   0  23   0   0   0   0   0   0   0   0   1  13   0   0   0   0   0   0   0   0   0   0   0   0  17   0   0   0   0   0   0   0   0   0   0   0   0   0  35   0   0   0   0   0   0   0   4   0   0   0   0   0   0   0   0   0   0   0  35   0   0   0   0   0   0   0   0   0   0   0   0  32   0   7   0   0   0   0   0   0   0   0   0   0   0   0   0  31   0   0   0   0   0   0   0  10   0   0   0   0   0   0   0   0
  34   0   0   0   0   0   0   0   0   0   0   0   0   0   0   0   0   0   0   0   0   0   0   0   0   0  14   0   0   0   0   0   0   0   0  23   0   0  42   0  33   0  16   0   0   0   0   0   0  24   0   0   4   0   0   0   0   0   0   0   0   0  37   0   0   0   0   0   0   0   0   0   0   0   0   0   0   0   0   0   0   0  34   0   0   0   0   0   0   0   0   0   0   0   0   0  40   0   0   0  31   0   0   0   0   0   0   0   0  49   0   0   0   0   0   0   0   0   0  12   0   0   0   0   0   0   0   0  14   0   0   0   0   0   0   0   0   0   0   0   0   0   0   0   0   0   0   0  33
   0   0   0  48   0   0   0   0   0   0   0   0   0   0  42   0   0   0   0   0  34   0  37  13   0   0   0  45   0   0   0   0   0   0   0   0   0   0   0   0   0   0   0   0   0   0   0   0   0   0   0   0   0   0   0   0   0   0   0   0  26   0   0   0   0   0   0   0   0   0   0   0   0   0   0   0   0   0   0   0   0   0   0   0   0   0   0   0  14   0   0   0   0   0   0   0   0   0   0   0   0   0   0   0   0   0   0   0   0   0   0   0   0   0   0   0   0   0   0   0   0  44   0  38  43   0   0  39   0   0   0   0   0   0   0   0   0   0   0   0   0   0   0   0   0  43   0   0
   0   0   0   0  28   0  16   0   0   0   0   0  25   0   0   0   0   0  13   0   0   0   0   0  25   0   0   0   0   0   0   0   0   0   0   0   0   0  34   0  10  31   0   0  18   0  18   0   0   0   0   0   0   0   0   0   0   0   0   0   0   0   0   0  48   0   0   0   0   0   0   0   0   0   0   0   0   0   0   0   0   0   0  29   0   0   0   0  43   0   0   0   0   0   0   0   0   0   0   0   0   0   0   0   0   0   0   0   0   0   0   0   0   0   0   0   0   0   0   0   0  42   0   0   0   0   6   0   0   0   0   0   0   0   0   0   0   0  30   0   0   0  14   0   0   0   0
  49   0   0   0   0   0   0   0   0   0  35   0   0   0   0   0   0   9   0   0   0   3   0   0   0   0   0   0   0  32   0   0   0   0   9   0   0   0   0   0  12  23   1   0   0   0  12   0   0   0   0   0   0   0   0   0   0   0   0   0   0   0   0   0   0   0   0   0   0   0   0   0   0   0   0   0   0   0   1   0   0   0   0   0  47  13   0   0   0   0   0   0   0   0   0   0   0  48   0   0   0   0   0   0  25   0   0   0   0   0   0   0   0   0   0   0   0  43   0   3   0   0   0   0   0   0   0   0   0   9   0   0   0   0   0  17   0   0   0   0   0  35   0   0   0   0
   0   0  36   0   0   0   0   0   0   0   0   0   0   0   0   0   0   9  49   0   0   0   0   0   0   0   0  45   0   0   0   0   0   0   0   0   0   0   0   0   0   0   0   0   0   0   0   0   0   0   0   0   0   0   0   0   0   0   0   0   0   0   0   0   0   0  27   0   0   0   0   0   0   0   0   0   1   0   0   0   0   0   0   0   9   0   0   0   0   0   0  15   0   4   0   0   0   0   0   0   0  28   0   0   0   0  19   0   0   0   0   0   0   0   0   0   0   0   0   0   0   0   0  13   0   0   0   0   0   0   0   0   0   0   0   0   0   0   0   0   0   0   0   0   0
   0  28   0   0   0   0   0   0   0   0   0   0   0   0   0   0   0   0   0   0   0  46   0  10   0   0   0   0   0   0   0   0   0   0   0   0  32   0   2   0   0   0   0   0   0   7   0   0   0  17   0   0   0   0   0   0   0  17   0   0   0   0   0   0   0   0   0   0   0   0   0   0   0   0   0   0   0   0   0   0   0   0   0   0   0   0   0   0   0   0  41   0   0  30   0   0   0   0   0   0  17   0   0   0   0   0   0  12   0   0   0   0   0   0   0   0   0   0   0   0   7   0  12   0   0   0   0   0   0   0   0   0   0   0  47   0   0   0   0   0   0   0   0   0
   0   0  22   0   0   0   0   0   0   0   0   0   0  27   0   0   0   0   0   0   0   0   0   0   0   0   0   0   0   0   0   0   0   0   0   0   0   0   0   0   0   0   0   0   0   0   0   0   0   0   6   0   0   0   0   0   0   0   0   0   0   0   0   0   0   0   0   0   0   0   0   0   0   0   0   0  22   0   0   0   0   0   0   0   0   0   0   0   0   0   0   0   0   0   0   0   0   0   0   0   0   0   0   0   0   0   0   0   0   0   0   0   0   3   0   0   0   0   0   0   0   0   0   0   0   0   0   0   0   0   0   0   0   0   0   0   0   0  29   0   0   0  31
   0  47   0  17   0   0   0   0   0   0   0   0   0   0  37  38   0  47   0   0   0   4   0  36   0  45   0  23   0   0   0   0   0   0   0   0   0   0   0   0   0  22   0   0   0   0   0   0   0   0   0   0   0  34   0   0   0   0   0   0   0   0   0  17   0   0   0   0   0   0   0  47   0  28   0   0   0   0   0   0   0   0  34   0   0   0   0   0   0   0   0   0   0   0  17   0   0   0   0  17   0   0   0   0   0   0   0   0  27   0   0   0   0   0   0   0   0   0   0   0   0   0   0   0   0   0   0   0   0   0   0   0   0   0   0   0   0   0  30   0   0   0
   0   0   0   0   0   0   0   0   0   0   0   0  26   0   0  47  30   0   0   0   0   0   0   0   0   0   0   0   0   0   0   0  44   2   0   0   0   0   6   0   0  20   0  28   0   0   0   0   0   0   0   0   0   0   0  42   0   0   0   0   0   0   0   0   0   0   0   0   0   0   4  26   0   0   0   0  31   0   0   0   0  36   0   0   3   0  43   0   0  42   0   0   0   0  25   0   0   0   0   0   0   0   0   0   0   0   0   0  47   0  47   0   0   0  12   0   0   0   0   0   0   0   0   0   0   0   0   0   0   0   0   0   0   0   0   0   0   0   0   0   0
   0   0   0   0   0   0   0   0   0   0   0   0   0   0   0   0   0   0   0   0   0   0   0   0   0   0   0   0   0   0   0   0   0   0   0   0   0   0   0   0   0   0   0   0   0   0   0   0   0   0   0  41   0   0   0   0   0   0   0   0   0   0   0   0   0  32   0  38   0   0  28   0   0  38   0   0   0   0   0   0   0   0   0   0   0   0   0   0   0  12   0   0   0   0   0   0   0   0   0  43   0   0   0  27   0   0   0   0   0   0   0   0   0   0   0   0   0   0  18  29  16   0   0   0   0   0   0   0   0  20   0   0   0   0   0   0   0   0   0   0
  14   0   0   0   0   0   0   0   0   0   0   0   0   0   0   0   0   2  15   0   0   0   0   0   0   0   0   0   0   0   0  35   0   0   0   0   0   0   0  28   0   0   0   0   0   0  50   0   0  36   0   0   0   0   0   0   0   0   0   0   0  35   0   0   0   0   0   0   0   0   0   0   0   0   0   0   0   0   0   0   0   0   0   0   0   0   0   0   0   0   0   0   0   0   0   0   0   0   0   0   0   0   0   0   0   0   9   0   0   0   0   0  35   0   0   0  47   0   0  35   0   0   0   0   0   0   0   0   0   0   0   0   0   0   0   0   0   0   0
  28   0   0   0   0   0   0   0   0   0   0   0  33   0   0   0   0   0   0   0   0   0   0   0   0   0   3   0   0  15   0   0   0  41   0   0   0   0   0   0   0   0   0   0   0   0   0   0   0   0   0   0   0   0   0  45   0  28   0   0   0   0   0   0   0   0  22   0   0   0   0   0   0   0   0   0   0   0   0   0   0   0   0   0   0   0   0   0   0   0   0   0   0   0   0   0   0   0   0   0   0   0   0   0   0   0   0  20   0   0   0   0   0   0   0   0   0   0   0   0   0   0  46   0   0   0   0   0   0  44   0   0   0   0   0   0   0   0
   0   0   0   0   0   0   0   0   0   0  44   0   0   3   0   0   0   0   0   0   0   0   0   0   0   0   0   0   0   0   0   0   0   0  41   0   0   0   0   0   0   0   0   0   0   0   0   0   0   0  27   0   0   0   0   0   0   0   0   0   0   0   0   0   0   0   0   0   0   0   0   0   0  31   0   0   0   0   0   0   0   0   0   0  26   0   0   0   0   0   0   0   0   0   0   0   0   0   0   0   0   0   0   0   0   0   0   0   0   0   0   0  39   0   0   0   0   0   0   0   0   0   0   0  37   0   0   0   0   0   0   0   0   0   0   0   1
   0   0   0   0   0   0   0   0   0   0  44   0   0   0   0   0   0   0   0  48   0   0   0   0   0   0   0  27   0  22  39   0   0   0   0   0   8   0   0   0   0   0   0   0   0   0   0   0   6   0   0   0  23   2   0   0   0   0   0   0   0   0   0   0   0   0   0   0   0   0   0   0   0   0   0   0   0   0   0  19   0   0   0  26   0   0   0   0   0   0   0   0   0   0   0   0   0   0   0   0   0   0   0   0   0  44   0   0   0   8   0   0   0   0   0   0   0   0   0  13   0   0   0   0   0   0   0   0   0   0  48   0   0   0   0  22
   0   2   0   0   0   0   0  44   0   0   0   0   0  21   0   0   0  25   0   0   0   0   0   0   0   0   0   0   0  48   0   0   0  17   0   0   0   0   0   0   0  14   0   0  32   0   0   0   0   0   0  42   0   0   0   0   0   0   0   0   0   0   0   0   0   0   0   0   0   0   0   0   0   0   0   0   0   0   0   0   0   0   3   0   0   0   0   0   0   0   0   0  40   0   0   0   0   0   0   0   0   0   0   0   0   0   0   0   0   0   0   0   0   0   0   0   0   0   0   0   0   0   0   0  19  13   0   0   0   0   0   0   0   0   0
   0   0   0   0   0  41   0   0   0   0   0  10   0   0   0   0   0   0   0   0   0   0   0   0   0   0   0   0   0   0   0   0   0   0   0   0   0   0   0   0   0   0   0   0   0   0   0   0   0   0   0   0  32   0   0   0   0   0   0   0   0  47   0   0   0   0   0   0   0   0   0  40   1   0   0   0   0   0   0   0   0   0   0   0   0   0  49   0   0   0   0   0   0   0   0   0   0   0   0   0  22  42   5   0   0   0   0   0   0   0   0  29   0  28   0   0   0   0   0   0   0   0   0   0   0   0   0   0   0   0   0   0   0   0
   0   0   0   0   0   0   0   0   0   0  12   0   0   0   0  46   0   0   0   0   0   0   0   0   0   0   0   0   0   0   0   0  24   0   0  45   0   0   0   0   0   0   0   0   0   0  50   0   0   0   0   0   0  10   0   0   0   0   0   0   0   0   0   0   0   0   0   0   0   0   0   0   0   0   0   0   0   0   2   0  13   0   0   0   0   0   0   0   0   0   0   0   0   0  18   0   0   0   0   0   0   0   0   0   0   0  47   0   0   0   0   0   0   0  30  25   0   0   0   0   0   0   0   0   0   0   0   0   0   0   0   0   0
   0   0   0   0  27   0   0   0   0   0   0   0   0   0   1   0   0   0   0   0  19   0   0   0   0   0   0   0   0   0   1   0   0  48   0   0  37   0   0   0   0   0   0   0   0   0   0   0   0   0   0   0   0   0   0  36   0   0   0   0   0  16   0   0   0   0   0   0   0   0   0   0   0   0   0   0   0   0   0   0   0   0   0  31   0   0   0   0   0   0   0   0  10   0   0   0   0   0   0   0   0   0   0   0   0   0   0   0   0   0   0   0   6   0   0   0   0   0   0   0   0   0   0   0   0   0   0   0   0   0   0   0
  22   0   0   0   0   0   0   0   0   0   0   0   0   0   0   0   0   0  46   0   0   8   0   0   0  36   0   0   0   0   0   0   0   0  23   0   0   0   0   0   0   0   0   0   0   0   0   0   0   0   9   0   0   0   0   0   0   0   0   0   0   0   0   3   0   0   0   0   0   0   0   0   0  19   0   0   0   0   0   0   0   0   0   0   0   0   0   0   0   0   0   0   0   0   0   0   0   0   0   0   0   0   0   0   0   0   0   0  29   0   0   0   0   0   0   0   0  10   0   0  14   0   0   7   0   0   0   0   0   0   0
   0   0   0  11   0   0   0   0   0   0   0   0   0   0   0   0   0   0   0  11   0   0  23   0  44   0   0   0   0   0   0   0   0   0   0   0   0   0   0   0   0  25   0   0   0   0   0   0   0   0   0   0   0   0   0   0   0   0   0   0   0   0   0   0   0   0   0   0   0   0   0   0   0   0   0  12  16   0   0  38   0   0   0   0   0   0   0   0   0   0   0   0   0   0   0   0   0   0   0   0   0   0   0  26   0   0   0  38   0   0   0   0   0   0   0   0   0   0   0   0   0   0   0   0   0   0   0   4   0   0
   0   0   0   0   0   0   0   0   0   0   0   0   0   0   0   0  16   0   0   0   0   0   0   0   0  27   0   0  19   0   0  28   0   0  50   0   0   0   0   0   0  27   0  11   0   0   0   0   0   0   0   0   0   0   0   0   0  33   0   0   0  44   0   0   0   0   0   0   0   1   0   0  43   0   0   0   0   0  50   0   0   0   0   0   0   0   0   0   0   0   0   0   0   0   0  28   0   0   0   0   0   0   0   0   0   0   0   0  40   0   0   0   0   0   0   0   0   0   0   0   0   0   0   0   0   0   0   0   0
   0   0   0   0   0   0   0   0   0  43   0   0   5   1   0   0   0   0   0   0   0   0   0   0   0   0   0   0   0   0   0   0   0   0   0   0   0   0   0   0   0   0   0  36   0   0   0   0   0  44   0   0   0   0   0   0   0   0   0   0   0   0   4   0   0   0   0   0   0   0   0   0   0   0   0   0   0   0   0   0   0   0   0   0   0   0   0   0   0   0   0   0   0   0   0   8   0   0   0   0   0   0   0   0   0   1   0   0   0   0   0   0   0   0   0   0   0   0   0   0  17   0   0  39   0   0   0   0
   0   0   0   0   0   0  33  10   0   0   0   0   0   0  40   0   0   0  16   0   0   0   0   0   0   0   0   0   0   0  20   0  26   0  41   0   0  50  20   0   0   0   0   0   0   0   0   0   0   7   0   0   0   0   0   0   0   0   0   0   0   0   0   0   0   0  25   0   0   0   0   0   0   0   0   0   0   0   7   0   0   0   0   0   0   0   0   0  23   0   0   0   0   0   0   0  15   0   0   1   0   0   0   0   0   0   0  40   0   0   0   0   0   0   0   0   0   0   0   0   0   0  24   0   0   0   0
  41   0   0  32   0   0   0   0   0   0   0   0   0   0   0   0   0   0   0   0   0   0   0  32   0   0   0   0   0   0   0   0   0   0   0   0   0   0   0   0   0   0   0   0   0   0   0  35   0   0   0   0   0   0   0   0   0   0   0   0   0   0   0   0   0   0  29   0   0   0   0   0   0   0   0   0   0   0   0  28   0   0   0   0   0   0   0   0   9  38   0   0   0  31   0   0   0   0   0   0   5   0   0   0   0   0   0   0   0   0   0   0   0   0   0   0   0   0   0   0   0   0  34   0   0   0
   0   0   0   0   0   0   0   0   0   0   0  44   0   0   0   0   0   0   0   0  31   0  42   0   0   0   0   0   0   0   0   0   0   0   0   0   0  14   0   0   0   0   0   0   0   0   0  22   0   0   0   0   0   0   0  20   0   0   0   0   0   0   0   0   0   0   0   0   0   0   0   0   0   6   0   0  26   0   0   0   0   0   0   0   0   0   0   0   0   0   0   0   0   0   0   0   0   0   0   0  23   0  20   0   0   3   0   0   0  36   0   0   0   0   0  11   0   0   0   0   0   0   0   0   0
   0   0   0   0   6   0   0   0   0   0   0   0   0   0   0   0   0   0   0   0   0   4  44  45   0   0   0   0   0   0   0   0   0   0   0   0   0   0   0   0   0   0   0   0  21   0   6   0  30   0   0  25   0   0   0   0   4  11   0   0   0   0   0   0   0   0   0   0   0   0   0   0   0   0   0   0   0   0   0   0   0   0   0   0   0   0   0   0   0   0   0   0   0   0   0   0   0   0   0   0   0   0   0   0   0   0   0   0   0   0   0   0   0   0   0   0   0   0   0  11   0  17   0   0
   0   0   0  37   0   0   0   0   0   0   0   0   0   0   0   0   0   0   0   0   0   0   0   0   0  15   0   0   0   0  40   0   0   0   0   0   0  40   0   0   0  13   0   0   0  16   0   0   0   0   0   0   0   0   0   0   0   0   0   0   0   0   0   0   0   0   0   0   0   0   0  12   0   0   0   0   1   0   0   0   0   0   0   0   0   0   0   1   0   0   0   0   0   0   0   0   0   0   0   6   0   0   0   0   0   0   0  41   0   0   0   0   0   0   0   0   0   0  26   0   0   0   0
   0   0   0   0   0   0   0   0   0   0   0   7   0   0  30   0   0   0   0   0   0   0   0   0   0   0  10   0   0   0   0   0   0   0   0   0   0   0   0   0   0   0   0   0   0   0   0   0   0   0   0  25   0   0   0   0   0   0   0   0   0   0   0   0   0   0   0   0   1   0   0   0   0   0   0  14   0   0  23   0   0   0   0   0   0   0  28   0  17   0   0   0   0   0   0   0   0   0   0   0   0   0   0   0   0   0   0   0   0   0   0   0   0   0  29   0   0   0   0   0   0   0
   0   0  33   0   0   0   0   0   0   0   0   0   0   0   0   0   0   0   0  39   0   0   0  19   0   0   0   0   0   0   0   0   0   0   0   0   0   0   0   0   0   0   0  13   0   0   0   0   0   0   0   0   0   0   0   0   0   0   0   0   0   0   0   0   0   0   0   0   0   0   0   0   0   0   0   0   0   0   0   0   0   0   0   0   0   0   0   0   0   0   0   0   3   0   0   0   1   0   0   0   0   0   0   0   0   0   0   0   0   0   0   0   0   0   0   0   0   0   0   0   0
   0   0   0   0   0   0   0   0   0   0   0  33   0   0   0   0   0   0   3   0   0   0   0   0  47   0   0   0   0   0   0   0   0   0   0   0   0   0   8   0   0   0   0   0   0   0   0   0   0   0   0   0   0   0   0   0   0   7   0   0   0   0   0   9   0   0   0   0  32   0   0   0   0   0   0   0   0   0   0   4   0   0   0   0   0   0   0   0   0   0   0   0   0   0   0   0   0   0   0   0   0   0   0  17  10   0   1   0   0   0   0   0   0   0   0   0   0   0   0   0
  22   0   0  40   0   0   0   0   0   0   0   0   0   0   0   0   8   0   0   0   0   0   0   0   0   0   0   0   0   0  29   0  39   0   0   5   0   0   0  21   0   0   0   0   0   0   0   0   0   0   0   0   0   0   0   0   0   0   0   0   5   0   0   0   0   0   0   0  44   0   0   0   0   0   0   0   0   0   0   0   0   0   0   0   0   0   0   0   0   0   0   0   0   0   0   0   0   0   0   0   0   0   0   0   0   0   0   0   0   0   0   0   0   0   0   0   0   0   0
   0   0   0   0   0   0   0   0   6   0   0   0   0   0   0   0   0  30   0   0   0   0   0  34   0   0   0   0   0   0   0   0   0   0   0   0   0   0   0   0   0   0   0   0   0  26   0  35   0   0   0   0   0   0  47   0   0   0   0   0   0   0   0   0   0   0   0   0   0   0   0   0   0   0   0   0   0   0   0   0   0  21   0   1   0   0   0   0   0  37   0   0   0   0  11   0   0   0   0   0   0  48   0   0   0   0   0  41   0   0   0   0   0   0   0   0  45   0
   0   0   0   0   0   0   0   0   0   0  20   0   0   0   0   0  18   0   0   0   0   0   0   0   0   0   0   0   0   0   0   0   0   0   0   0   0   0   0   0   0   0   0   0   0  12   0   0   0   0   0  46   0   0   0   0   0   0   0   0   0   0   0   0   0  21   0   0   0   0   0   0   0   0   0  20   0   0   0   0   0   0   0   0   0   0   0   0   0   0   0   0   0   0   0   0   0   0   0   0  43   0   0   0   0   0   0   0   0   0   0   0   0   0   0   0   0
   0   0   0   0   0   0   0   0   0   0  19  39   0   7   0   0   0   0   0   0   0   0   0   0   0   0   0  12   0   0   0   0   0   0   0   0   0   0   0   0   0   0  11   0   0   0   0   0   0   0   0   0   0   0   0   0   0   0   0   0  12  19   0   0   0   0   0   0   0  36   0   0   0   0   0   0   0   5   0   0   0   0   0   0   0   0   0   0   0   0   0   0   0   0   0   0   0   0   0   0   0   0   0   0   0   0   0   0   0  41   0   0   0   0   0   0
   0   0   0   0   0   0   0   0   0   0   0   0   0   0   0   0   0   0   0   0   0   0   0  15   0  19   0   0   0   0   0   0   0  43   0   0   0   0   0   0   0   0   0   0   0   0   0   0   0   7   0   0   0   0   0   0   0   0   0   1   0   0   0   0   0   0   0   0   0   0   0   0   0   0  16   0   0   0   0   0   0   0   0   0   0   0   0   0   0   0   0   0   0   0   0   0   0   0   0  33   0   0   0   0   0   0   0   0   0   0   0   0   0   0   0
   0   6   0   0   0   0   0   0   0   0   6   0   0   0   0   0   0   0   0   0   0   0   0   0   0   0   0   0   0   0   0   0   0  19   0   0   0   0   0   0   0   0   0   0   0   0   8   0   0   0   0   0   0   0   0   0   0   0   0   0   0   0   0   0   0   0   0   0   0   0   0   0   0   0   0   0   0   0   0   0   0   0   0   0   0   0   0   0   0   1  37   0   0   0   2  18   0   0   0   0   0  44   0   0   0   0  24   0   0   0   0   0   0   0
   0   0  39   0   0   0   0   0   0   0   0   0   0   0   0   0   0   0   0  32   0   0   0   0   0  11   0   0   0   0   0   0   0   0   0   0   0   0   0   0   0  36   0   0   0   0   0   0  13   0   0   0   0   0   0   0  39   0   0   0   0  17  49   0   0   0   0   0   0   0   0   0  31   0   0   0   0   0   0   0   0   0   0   0   0   0   0   0  35   0   0   0   0   0   0   0   0   0   0   0   0   0   0   0   0   0   0   0   0   0   0   0   0
   0   0   0  22   0   0   0   0   0   0   0   0   0   0   0   0   0   0   0   0   0   0   0   0   0   0   0   0   0  46   0   0  48   0   0   0   0  22   0   0   0   0   0   0   0   0   0   0  33   0   3   0   0   0   0   0  37   0   0   0   0   0   0   0   0   0   0   0   0   0   0   0  16   0   0   0   0   8   0   0   0   0   0   0   0   0   0   0   0   0   0   0   0   0   0   0   0   0   0   0  25  23   0   0   0   0   0  22   0   0   0   0
   0   0   0   0   0   0   0   0   0   0  22   0   2   0   0   0   0   0   0  38   0   0   0   0   0  39   0   0   0   0   0   9   0   0   0  45   0   0   0   0   0   0   0   0   0   0   0   0   0   0  27   0   0   0  24   0   0   0   0   6   0   0   0   0   0   0   0   0   0   0   0   0   0   0   0   0   0   0   0   0   0   0   0   0   0   0   0   0   0   0   0   0   0   0   0   0   0   0   0   0   0  22   0   0   0   0   0   0   0   0   0
   0   0   0   0   0   0   0   0   0   0   0   0   0   0   0   0   0   0   0   0   0   0   0   0   0   0   0  10   0   0   0   0   0   0  27   0   0   0   0   0   0   0   0   0   0   0   0   0   0   0   0   0   0   0   0   0   0   0   0   0   0   0  10   0   0   0   0   0   0  46   0   0   0   0   0   0   0   0   0   0   0   0   0   0   0  31  44   0   0   0   0   0  13   0   0   0   0   0   0  41   0   0  27   0   0   0   0   0   0   0
   0   0  12   0   0   0   0   0   0   0   0   0   0   0   0   0   0   0   6   0   0  50   0   0   0   0   0   0   0   0   0  50   0   0   0  47   0   0   0  42   0   0   0   0   0   0   0  47   0   0   0   0   0   0   0   0   0   0   0   0   0   0  48   0   0  35   0   0   0   9   0   0  38   0   0   0  12   0   0   0   0   0   0   0   0   0   0   0   0   0   0  26   1   0   0   0   0   0   0   0   0   0   0   0   0   0   0   0   0
   0   0   0   0   0   0   4   0   0   0   0   7   0   0   0   0   0   0  14   0   0   0   0   0   0   0   0   0   0   0   0   0   0   0   0   0   0   0   0   0   0   0   0   0   0   0   0   0   0   0   0   0   0   3   0   0   0   0   0   0   0   0  28   0   0   0   0   0   3   0  47   0   0   0   0   0   0   0   0   0   0   1   0   0   0   0   0   0   0   0   0  42   3   0   0   0   0   0   0   0   0   0   0   0   0  24   0  27
  33   0   0   0   0   0   0   0  43   0   0   0   0   0   0   0   0   0   7   0   0   0   0   0   0   0   0   0   0   0   0   0   0  30  21   0   0   0  17   0   0   0   0   0   0   0   0   0   0   0   0   0   0   0  45   0   0   0   0   0   0   0   0  42   0   0   0   0  34   0   0   0   0   0   0   0   0   0  26   0   0   0   0   0   0   0   0   0   0   0   0   0   0   0   0   0   0   0   0   0   0   0   0   0   0   0   0
   0   0   0   0   0   0   0   0  24   0  34   0   0   0   0   0   0  24   0   0   0   0   0   0   0   0   0   0   0   0  40   0   0   0   0   0   0   0   0   0   0   0   0   0   0   0   0  24   0   0   0   0   0   0   0   0   0   0   0   0   0   0   0   0   0   0   0   0   0   0   0   0   0   0   0   0   0   0   0   0   0   0   0   0   0   0   0  18  20   0   0   0   0   0  13   0   0   0   0   0   0   0   0   0  33   2
   0   0   0   0   0   0   0   0   0   0   0   0   0   0   0   0   0   0   0   0   0   0   0   0   0   0   0  16   0   0   0   0   0   0   0   0   0   8   0   0   0   0   0   0   0   0   0   0   0   0   0   0   0   0   0  31   0   0   0  23   0   0   0   0   0   0   0   0  21   0   5   0   0   0   0   0   0   0   0   0   0   0   0   0   0   0   0   0   0   0   0   0   0   0   0   0   0   0   0   0   0   0   8   0   0
   0   0   0   0   0   0  40   0   0   0   0   0   0   0   0   0   0   0   0   0   0   0   0   0   0   0   0   0   0   0   0   0   0   0   0   0   0   0   0  37   0   0   0   0   0  30   0   0   0   0   0   0   0   0   0  29   6   0  24   0   0   0   0   0   0   0  14   0   0   0   0   0  26  27   0   0   0   4   0   0   0   0   0   0   0   0   0   0   0   0   0   0  15   0   0   0   0   0   0   0   0   0   0   0
   0  27   0   0   0   0   0   0   0   0   0   0   0   0   0   0   0   0   0   0  18   0   0   0   0   0   0   0   0   0   0   0   0   0   0   0  34   0   0   0   0   0   0   0   0   0   0   0   0   0   0   0   0   0   0   0   0   0   0  21   0   0  49   0   0   0   0  37   0   0   0   0   9   0   0   0   0   0   0   0  33   0   0   0   0   0   0   0   0   0   0   0   0   0   0   0   0   0   0   0   0   0   0
   0   0   0   0   7   0   0   0   0   0   0   0   0   0   0   0   1   0   0   0   0   0   0   0   0   0   0   0   0   0   0   0   0  15   0   0   0   0   0   0   0   0   0   0   0   0   0  15   0   0  21   0  37   0   0   0  38   0   0   0   0   0  45   0   6  14   0   0   0   0   0   0   0   2  43   0  19   0   0   0   0   0   0   0   0   0  30   0   0   0   0  25   0   0   0   0   0   0   0  22   0   0
   0   0   0   0   0   0   0   0   0   0   0   0   0   0   0   0   0   0   0   0   0   0   0   0   0   0   0   0   0   0   0   0   0   0   0   0   0   0   0   0   0   0   0   0   0   0   0  27   0  19   0   0   0   0  28   0   0   0   0   0   0   0   0   0   0   2   0   0   0   0  30   0  23   0   0   0   0   0   0   0  10   0   0   0  18   0   0   0   0   0   0   0   0   0   0  27   0  34   0   0  25
   0   0   0   0  15   0   0   0   0   0   0   0   0   0   0   0   0   0   0   0   0   0   0  48   0   0   0   0   0   0   0   0   0   0   0   0   0   0   0   0   0   0   0   0  22   0   0   0   0   0   0   0   0   0   0   0   0   0   0   0   0   0   0   0   0   0   0  14   0   0  16   0   0  36   0   0   0   0   0   0   0   0   0   0   0   0   0   0   0   0   0   0   0   0   0   0   0   0   0   0
   0   0   0   0   0  50   0   0   0   0   0   0   0   1   1  35   0   0   0   0   0   0  12   0   0   0   0   0   0   0   0   0   0   0   0   4   0   0   0   0  27   0   0   0   0   0   0   0   0  41   0   0   0   0   0   0   0   0   0   0   0   0   0   0   0   0   0   0  14   0  30   0   0   0   0   0   0   0   0   0   0   0   0   0   0   0   0  24   0  14   0   0   0   0   0   0   0   0   0
   0   0   0   0   0   3   0   0   0  14   9   0   0   0   0   0   0  21   0   0   0   0   0   0   0   0   4  32   0  17   0   0   0   0   0   0   0   0   0   0   0   0   0   0   0   0   0   0   0   0   0   0   0   0   0  20   0   0   0   0   0  22   0   0  28   0   0  26   0   0   0   0   0   0   0   0   0   0  33   0   0   0   0   0   0   0   0   0   0   0   0   0   0   0   0  33   0   0
   0   0   6   0   0   0   0   0   0   0   0   0   0   0   0   0   0   0   0   0   0   0   0   0   0   0   0   0   0   0   0   0   0   0   0   0   0   0   0  50  10   0   0   0   0   0   0   0   0   0   0   0   0   0   0   0   0   0   0   0   0   0   0   0   0   0   0   0  14   0   0   0   0   0   0   0   0   0   0   0   0   0   0  24   0   0   0   0   0   0   0   0   0   0   0   0   0
   0   0  39  37   0   5   0   0   0   0   0   0   0   0   0   0   0   0   0   0   0   0   0   0   0   0   0   0   7   0   0   0  40   0   0  43  40   0  44   0  34   0   0   0  33   0   0   0   0   0   0   0  14   0   0   0   1   0   0   0   0   0   0   0   0   0  35   9   0   0   0   0   0   0   0   0   0   0   0   0   0   0   0   0   0   0   0   0   0   0   0   0   0  16  27   0
   0   0   0   0   0   0   0   0   0   0   0   0   0   0   0   0   0   0   0   0   0   0   0   0   0   0   0   3   0  47   0   0   0  49   0   0   0   0   0   0   0   0   0   0   0  35   0   0   0   0   0   0   0   0   0   0  42   0   0   0   0   0   0   0   0   0   0   0   0   0   6  20   0   0   0   0   0   0   0   0   0   0   0   0   0   0   0   1  35   0   0   0  20   0   0
   0   0   0   0   0   0   0   0   0   0  22   0   0   0   0  44   0   0  46   0   0   0   0   0   0   0   0   0   0   0   0   0   0  35   0   0   0   0   0   0  33   0   0   0   2   0   0   0   0   0   0   0   0   0   0   0   0   4   0   0   0   0   0   0   4   0   0   0   7   0   0   0   9  48   0   0   0   0   0   0   0   7   0   0   0   0   0   0   0   0   0   0   0   0
   0   0   0   0   0   0   0   0   0   0   0   0   0   0   0   0   0   0   0   0  38  21   0   0   0   0   0   0   0   0   0   0   0   0   0   0   0   0   0   0   0   0   0   0   0   0   0  23   0   0   0   0   0   0   0   0   0   0   0   0  18   0   0   0   0   0   0   0   0  23   0   0   0   0   0   0   0  15   0   0   0   0   0   0   0  32   0   0   0   0   0   0   0
   0   0   0   0   0   0   0   0   0   0  50   0   0   0   0   0   0   0   0   0   0   0   0   0   0   0   0   0   0   0   0   0   0   0   0  31   0  28   0   0   0   0   4   9   0   0   0   0   0   0   0   0  23   0   0   0   0   0   0   0   0   0   0   0   0   0  42   0   0   0   0   0   0   0   0   0   0   0   0  29   0   0  47   0   0   0   0   0  10   2   0   0
   0   0   0   0   0   0   0   0   0   4   0   0   0   7   0   0   0   0   0   0   0   0   0   0   0   0   0   0   0   0   0   0   0   0   0   0   0   0   0   0   0   0   0   0   0   0   0  40   0  50   0   0   2   0  12   0  26  14   0   0   0   0   0   0  50   0   0   0   0   0   0   0   0   0   0   0   0  25   0   0   0   0   0   0   0   0   0   0   0   0   0
   0   0   0   0   0   0   0  36   0   0   0   0   0  46   0   0   0   0   0   0   0   7   0   0   0   4  41   0   0   0   0   0   0   0   0   0   0   0   0  44   0   0   0   0   0   0   0   0   0   0   0   0   0   0   0   0   0   0   0   0   0   0  40   0   0   0   0   0   0   0   0   0   0   0   0   0  17   0   0   0  33   0   0   0  26   0   0   0   0   0
   0   0  17   0   0   0   0   0   0  48   0   0   0   0   0   0   0   0   0   0   0   0  35   0   0  22   0   0  19  23   0  26   0   0  43   0   0   0  39   0   0   0   0   0   0   0   0   0   0   0   0  41   0   0   0   0   0   0   0   0   0   0   0   0   0   0   0   0   0   0   0  12   0   0   0   6   0   0   0   0   0   0   0   0   0   0   0   0   0
   0   0   0   0   0   0   0   0   0   0   0   0   0   0   0   0   0   0   0   0   0   0  31   0   0   0   0   0   0   0   0   0  41   0   0   0   0   0   0  33   0   0   0   0   0   0   0   0   0   0   0   0   0   0   0   0  36   0   0   0   0   0   2   0   0   0   0   0   0   0   0   0   0   0   0  27   0   0   0   0   0   1   0   0   0   0   0   0
   0   0   0   0   0   0   0   0  21   0   0   0   0   0   0   0   0   0   0  41   0   0   0   0   0   0  31   0   0   0   0  14   0   0   0   0   0   0   0   0   0  28   0   0   0   0  37   0   0   0   0   0   0   0   0   0   0   0   0   0   0   0  10   0   0   0  45   0   0   0   0  38   0   0   0   0   0   0   0   0   0  26   0   0   0   0   7
   0   0   0   0   0   0   0   0   0   0   0   0   0   0   0   0   0   0   0   0   0   0   0   0   0   0   0   0   0  21   0   0   0   0   0  42   0   0   0  13   0   0  14   0   0   0   0   0   0   0   0   0   0   0   0   0   6   0   0   0   0   0   0   0   0   0   0   0   0   0   0  25  11   0   0  20   0   0   0   0   0   0   0   0   0   0
   0   0  17  47   0   0   0   0   9   0   0   0   0   0   0   0  45   0   0  36   0   0   0   0   0   0   9   0   0   0   0   0   0   0   0   0   0   0  35   0   0  28   0   0   0   0   0  10   0   0   0   0  38  23   0   0  46  33   0   0   0   0   0   0   0   0   0  41   0   3   0   0   0  27   2   0   0   0   0   0   0   0   0   0   0
   0   0   0   0   0   0   1   0   0   0   0   0   0   0   0  35   0   0  34   0   0   0   0   0   0   0   0   0  46   0   0   0   0   0   0   0   0   0   0   0   0   0   0   0   0   0   0   0   0   0   0   6   0   0   0   0  15   0  29   0   0   0   0   0   0   0   0   0   0   0  32   0   0   0   0   0   0   0   0   0   0   0   0  31
   0   0   0   0   0   0   0   0   0   0   0   0   0   0   0   0   0   0   0   0   0   0   0   0   0   0   0  33   0   0   0   0   0   0   0   0   0   0   0   0   0   0   0   0   0   0  17   0   0   0   0   0   0   0  22   0   0  29   0   0   0   0   0   0   0   0   0   0   0   0   0   0   0   0   0   0   0   0   0   0   0   0   0
   0   0   0   0   6   0  43   0   0   0   0   0   0   0   0   0   0   0   0   0   0   0   0   0  19   0   0   0   0   0   0  33   0   0   0   0   8   0   0   0   0   0   0   0   0  48   0  28   0   0   0  34   0   0   0   0   0   0  49   0   0   0   0   0   0   0   0   0   0   0   0   0   0   0   0   0   0   0   0   0   0   0
   0   0   0   0   0   0   0   0   0   0   0   0   0   0   0   0   0   0   0   0   0   0   0   0   0   0   0   0   0   0   0  26   0  10   0   0   0  33   0   0  17   0   0   0   0  19   0   0   0   0   0   0   0   0   0   0   0   0   0   0   0   0   0   0   0   0   0   0   0   0   0   0   0   0   0   0   0   0   0  43   0
   0   0   0   0   0   0   0  29   0   0   0   0   0   0   6   0   0   0   0   0   0   0   0  50   0   0   0   0   0   0   0   0   0   0   0   0   0   0   0   0   0   0   0   0   0   0   0   0   0   0   0   0   0   0  25   0  19   0  48   0   9   0   0   0  47   0   0   0   0   0   0   0   0   0   0   0   0   0   0   0
   0  29   0   0   0  30   0   0   0   0   0   0   0   0   0   0   0   0   0   0   0   0  38   9   0   0   0  35   0   0   0   0   0   0   0   0   0   0   0   0   0   0   0   0   0   0   0   0   0  35  25   0   0   0   0   0   0   0   0   0   0   0   0   0   0   0   0   0   0  24   0   0   0   0  42  35   0   0   0
   0   0   0   0   3   0   0   0   0   4   0   0   0   0   0   0   0   0  40   0  16   0   0   0   0  39   0   0   6   0   0   0   0   0   0   0   0   0   0   0   0   0   0   0   0   0   0   0   0   0   0   0   0   0   0   0   0   0   0   0   0   0   0   0   0   0   0   0   0  26   0   0  46   0   0   0   0   0
   0   0   0   0   0   0  34   0   4   0   0   0   0   0   0   0   0   0   0   0   0   0   0   0  40   0   0   0   0   0   0   0   0   0   0   0   0   0   0   0  27   0   0   0   0   0   0   0   0   0   0  15  11   0   0   0   0  43   0   0   0   0  21   0   0   0   0   0   0  36   0   0   0   0   0   0   6
   0   0   0  32   0   0   0   0   0   0   0  20   0   0   0   0  36   0   0   0  45   0   0   0   0   0   0   0   0   0   0   0   0   0   0   0   0   0   0   0   0   0   0  26   0   7   0   0   0  29   0   0   0   0   0   0   0   4   0   0   0   0  27   0   0   0  47   0   0   0  23   0   0   0   0   0
   0   0   0  50   0   0   0   0   0   0   0   0   0   0   0   0   0  16   0   0  33   0   0   0   0   0   0  40   0  12   0   0   0   0   0   9   0   0   0  38   0   0   0  21   0  20   0   0   0   0   0   0   0   0   0   0   0   0   0   0  11   0   0   0   0   0   0   0  41   0  44   0  10   0   0
   0   0   0   0   0   0   0   0   0   0   0   0   0   0   0   0   0   0   0  27   0   0   0   0   0   0   0   0   0   0   0   0   0   7   0   0   0   0   0   0   0   0   0   0   0   0   0   0   0   0   0   0   0  13   0   0   0   0   0   0  14   0   0   0   0   0  23   0   0  40   0   0   0   0
   0   0   0   0   0   0   0   0   0   0   0   0   0   0   0   0   0   0   0   0   0   0   0   0   0   0   0  33   0  38   0   0   0   0   0   0   0   0   0  26   0   0  49   0   0  11   0   0   0   0   0   0   0   0   0   0   0   0   0   0   0   0   0   0   0   0   0   0   0   0   0   0   0
   0   0   0  48   0   0   0   0   0   0   0   0   0   0   0   0   0   0   0   0   0   0   0   0  32   0   0   0   0   0   0  44   0   0   0   0   0   0   0   0   0   0   0   0   0   0   7   0  40   0   0   0   0   0  41   0   3   0   0   0   0   0   0   0   0   0   0   0   0   0   0   0
   0  31   0   0   0   0   0   0   0   0   0   0   0   0   0   0   0   0   0   0   0   0   3   0   0  50   0   0   0  16   0   0   9   0   0   0   0   0   0   0   0   0   0   9   0   0   0   0   0   0   0   0   0   0   0   0   0  14   0   0   0   0   0   0  42   0   1   0   0   0   0
   0   0   0   0   0   0   0   0  29   0   0   0   0   0   0   5   0   0   0  29   0   0   0  33   0   0   0   0   0   0   0   0  48   0   0   0   0   0   0   0   8   0  35   0   0   0   0   0   0   0   0   0   0   0   0   0   1  23   0   0   0   0   0   0   0   0   0   0   0   0
   0   0   0   0   0   0   0   0   0   0   0   0   0   0   0   0   0   0   0   8   0   0   0   0   0   0   0   0   0   0   0   0   0   0   0   0  28   0   0   0   0   0   0   0   0   0   0   0   0   0   0   0   0   0   0  40  19   0   0   0   0   0   0   0   0   0   0   0   0
   0   0   0   0   0   0   0   0   0   0   0   0   0   0  24   0   0   0   0   0   0   0   0   0   0   0   0   0   0   0   0   0   0   0   0   0   2   0   0   0   0   0   8   0   0   0   0   0   0   0   0   5   0   0   0  23   0   0   0  43   0   0   0   0   0   0   0   0
   0   0   0   0  32   8   0   0   0  22   0   0   0   0   0   0   0   0   0   0   6   0   0   0   8   0   0   0   0   0   0   0   0  30   0   0   0  14   0   0   0  25   0   0   0   0   0   0   0   0   0   0   0   0   0   0   0  48   0   0   0  49   0   0   0   0   0
   0   0   0   0  47   0   0   0   0   0   0   0   0   0   0   0  43   0   0  26   0  36   0   0  39   0   0   0   0  37   0   0   0   0   0   0   0   0   0   0   0   0   0   0   0   0   0   0   0   0   0   0   0   0   0   0   0   0   0   0   0   0   0   0   0   0
   0  16   0   0   0  11   0   0   0   0   0   0   0   0   0   0   0   0  49   0   0  36   0   0   0   0   0   0   0   0   0  19   0   0   0  41   0  21   0   0   0   0   0   0   0   0  24  42   0   0  27   0   0   0   0   0   0   0   0   0   0   0   0   0  17
   0   0   0   0   0   0   0   0   0   0   0   0   0  49  16   0   0  46   0   0   0   0   0  49   0   0   0  43   0   0   0   0  21   0   0   0   0   0   0   0   0   2   0   0   0   0   0   0  26   0   0   0   0   0   0   0   0   0   0   0   0   0   0   0
   0   0   0   0  34  26   0   0   0   0   0   0   0   0   0   0   4   0   0   0   0   0   0   0   0   0   0   0   0   8   0   0   0   0  23   0   0   0   0   0   0   0  38   0   2   0   0   0   0   0   0   0   0   0   0   0   0   0   0   0   0   0   0
   0   0   0   0   0   0   0   0   0   0   0  26   0   0   0   0   0   0   0   0   0   0   0   0   0   0  29   0  41   0   0   0   0   0   0   0   0   0   0   0   0   0   0   0   0   0   0   0   0   0   0   0   0  43   0   0   0   0   0   0   0   0
   9   0   0   0   0   0   0   0   0   0   0   0   0   1   0   0   0   0   0   0   0  30   6   0   0   0   0   0   0   0   0   0   0  32   0   0   0   0   0   0   0   0   0   6   0   0  14   0   0   0  32   0   0   1   0   0   0   0   0   0   0
   0   0   0   0   0  35   0   0   0   0   0   0   0   4   0   0   0   0   0   0   0   0   0   0   0   0   0   0   0   0   0   9   0   0  25  47   0  36  46   0   0   0  25   0  46   0   0   0   0   5   0   0   0   0   0   0   0   0   0   0
   0   0   0   0   0   0   0   0   0   0   0   0   0   0   0   0   0  17   0   0   0   0   0   0   0   0   0   0  37   0   0   0   0   0   0  33   0   0   0   0   0   0   0   0   0   0   0   0   0  19   0   0   0   0   0   0   0   0   0
   0   0   0   0   0  39   0   0   0  17   0   0   0   0   0   0   0   0   0   0   0   0   0  43   0   0   0   4   0   0   0   0   0   0  47   0   0   0   0   0   0   0   0   0   0   0   0   0   0   0   0   0   0   0   0   0   0   0
   0   0   0   0   0   0   0   0   0   0   0  26   0   0   0   0   0   0   0   0  13   0   0   0   0   0  11   0   0   0   0   0   0   0   0   0   0  18   0   0   0   0   0   0   0   0   0   0   0  21   0   0   0   0   0   0   0
   0   0   0   0   0   0  13  17   0   0  37   0   0  29   0  11  33   0   0  32   0   0  15  17   0  20   0   0   0   0   0   0   0   0   0   0   0   0   0   0   0   0   0   0   0   0   0   0   0   0   0   0   0   0   0   0
  42   0   0   0   0   0   0   0   8   0   0   0   0   0   0   0   0   0   0   0   0   0   0   0   0   0   0  18   0   0   0   0   0   0   0   0   0  20   0   0   0   0   0   0   0   0  45   4   0   0   0   0   0   0   0
   0   0   0   0   0   0   0   0   0   0   0   0   0   0   0   0   0   0   0   0   0   0   0   0   0  17   0   0   0   0   0   0   0   0   0  48   0   0   0   0   0   0   0   0   0   0   0   0   0   0  25   0   0   4
   0  37   7   0   0   0   0   0  41   0   8   0   0   0   0   0   0   0   0   0   0   0   0   0   0  22   0   0   0   0  42   0   0   0   0   0   0   0   8   0   0   0   0   0   0   0   0   0   0   0   0   0   0
   0   0   0  46   0   0   0   0   0   0   0   7   0   0   0   0   0   0   0   0   0   0   0   0  30   0   0   0   0   0   0   0   0   0   0   0   0   0   0   0   0   0   0   0   0   0   0  14   9   0   0   0
   0   0   3   0   0   0   0   2   0   0   0   0   0   3   0   0   0   0   0   0   0   0   0   0   0   0   0   0   0   0   0   0  15  20   0   0   0   0   0   0  28   0   0   0   0   0   0   0   0   0   0
   0   0   0   0   0   0   0   0  18   0   0   0   0   0   0   0   0   0   0   0   0   0   0   0   0   0   0   0   0   0   0   0   0   0   0   0  29   0   0   0   0   0   0   0   0   0  37   0   0   0
   0   0   0   0   0   0   0   0   0   0   0   0   0   0   0  22   0   0   0   0   0   0   0   0   0   0   0   0   0   0   0   0   0  43   0   0   0   0   0   0   0   0   0   0   0  45   1   0   0
   0   0  25   0   0  49   0   0   0   0  39   0   0  17   0   0   0   0   0   0   0   7   0   0   0   0   0   0   0   0   0   0   0   0   0   0   0   0   0   0   0   0   0   0   0   0   0  44
   0   0   0   0  11   0  15   0   0   0   0   0  45   0   0   0   0   0   0   0   6   0   0   0   0   0   0   0   0   0   0   0   0   0   4   0   0   0  11   0   0   0   0   0   0   0   0
   0   0  46   0   0   0  16   0  32   0   0   0   0   0   0  27   0   0   0   0   0  27   0   0   0   0   0   0   0   0   0   0   0   0   0   0   0   0   0   0   0   0   0   0  15   0
   0   0  36   0   0   0   0   0   2   0   0   0  44   0   0   0   0   0   0   0   0   0   0   0   0   0   0   0   2   0   0   2   0   0   0   0   0   0   0   0  27   0   0   0   0
   0   0   0   0   0  41   0   0   0   0   0   0   0   0   4   9   0   0   0   0   0   0   0   0   0  31   0  28   0   0   0  39   0   0   0   0   0   0   0   0   0   0   0   0
  42  37   0   0   0   0   0   0   0  28   0   0   0   0   0   0   0   0   0   0   0   0   0   0  37   0   0   0   0   0   0   0   0   0   0   0   0   0   0   0   0   0   0
   0   0   0   0   0   0   0   0   0   0   8   5   0   0   0   0   0   0   0   0   0   0   0   0   0  38   0   0  17   0   0   0   0   0   0   0   0   0   0   0   0   0
   0   1   0   0   0   0   0   0   0   0  12   0   0   0   0   0  30  18   0   0   0   0   0   0   0   0  40   0   0   0   0   0   0   0   0   0   0   0   0   0   0
   0  29  37   0   0   0   0   0  15   0   0   0   0   0   0  29   0   9   0   0  38   0   0   0   0   0   0  35   0   0   0   0  26   0   0   0   0   0   0   0
   0   0   0   0   0   0   0   0   0   0  43   0   0   0   0   0   0  42   0   0   0   0   0   0   0   0   0  42   0   0   0   0   0   0   0   0   0   0   0
   0   0   0   0   0   0   0   0   0   0   0   0   0  18   0   0   0   0   0   0   0   0   0   0   0   0   0   0   0   0   0   0   0   0   0   0   0   0
   0   0   0   0   0   0   0   0   0  45   0   0   0  33   0   0   0   0   0   0   0   0  13   6   0   0   0   0   0   0  29   0   0   0   0   0  43
   0   0   0   0   0   0   0   0   0   0   0  50   0   0   0   0   0   0   0   0   0   0   2   0   0  46   0   4   0   0   0   0   0   0   0   0
   0  27   0   0   0   0   0   0  34   0   0   0   0   0   0   0   0   0   0   0   0  19   0   0   0  19   0   0   0  27   0   0  15   0  19
   0   0   0   0   0   0   0   0   0   0  20   0   0   0   0   0   0   0   0   0   5   0   0   0   0   0   0   0   0   0   0   0   0   0
   0   0   0   5   0   0   0  36   0   0   0   0   0  38  11   0   0   8   0   0   0   0   0  27   0   0  42   0   0  15   0   6  37
   0   0   0   0   0   0   0   0   0   0   0   0  46   0   0   0   0   0   4   0   0   0   0   0   0   0   0  36  10   0   0   0
   0   0   0   0  22   0   0   0   0  43   0   0   0   0   0   0   0   9   0   5   0   0   0   0   0   0   0   0   0   0   0
   0  29   0   0   0   0   0   0   0   0   0  45  22   0   0   1   0   0   0   0   0   0   0   0   0   0   0   0   0   0
   0   0   0  29   0   0   0   0   0  19   0   0   0   0   0   0   0  19   0   0   0   0   0   0  28   0   0   0   0
   0   0   0   0   0   0   0   0   0  28   0   0   0   0   0   0   0   0   0   0   0   0  22   0   0   0   0   0
   0   0   0   4   0   0   0   0   0   0   0   0   0   0   0   0   0   0   0  45   0   0   0   0   0   0  11
   0   0   0   0   0  37   0   0   0   0   0   0   0   0   0   0   0   0   0   0   0   0   0   1  31   0
   0   0   0   0   0   0   0   0   0   8  14   0   0  44   0   0   0   0   0   0   0   0   0   0  43
   0   0   0   0   0   0   0   0   0  24   0   0   0   0   0   0   0   0   0   0   0   0   3   0
   0   0  11   0   0   0   0   0   0  33  21   0   0   0   0   0   0   0   0   1   0   0   0
   0  17   0   0   0   0   0   0   0   0   0   0   0   0   0   0   0   0   0   0   0   0
   0   0   0   0   0   0   0   0   0   0   0   0   0   0   0   0   0   0  43   0   0
   0   0  45   0   0   0  19   0   0   0  18   0   0   0   0   0   0   0   0   0
  38   0   0   0   0   0   0   0   0   0   4   0   0  48   0   0   0   1   0
   0   0  20   0   0   0   0   0   0   0   0   0   0   0   0   0  41   0
   0   0   0   8   0   0   0   0   0   0   0   0   0  26  44   0   0
   0  31   0   0   0   0   0   0   0   0   0   0   0   0   0   0
   0   0   0   0  23   0  40   0   0  26   0   0   0   0  23
   0   0   0   0   0   0   0  49   0   0  49   0   0   0
   0   0   0  34   0   0   0   0   0   0   0   0   0
   0   0   0   0   0   0   0   0   0  46   0   0
   4   0   0   0   0  40   0   0   0   0   0
  19   0   0   0   0   0   0   0   0   0
  49   0   0   0   5   0   0   0   0
   0   0   0   0   0   0   0   0
   0   0  28  20   0   0  34
   0   0   0   0   0   0
   0   0   0   0  41
   0  24   0   0
   0   0   0
   0   0
   0

 1357
   2  17   7  12   8  25   5   9   2   6  17   4  11  13  13   4  10  10   7   4  13   2   6  11  20  12  24  15  11  10  24  20   1   4  15  22   1  18   4  19   3  11  24  14  12   2  20  20  18   7   4   4  18  15  11  10   8  12   1  20   9  18   9  15  13   3  17  21  15   2   3  17   5  13  23  20  25  10   6   8  12  13   2  14  14  24   8  10  25   2   5  21  19  23  14   1   6  21   7  12  18  15  24   8   9  16   6  16   3   2   2   6  21  23  20  22  12   6  15  15  23  14   8  21  14  10  19   8   5  25   5   3   6  20  18  20  16  15  21  18  23   2  23  20  23  17   2   3   6   2   3   3   1   9  11   4   9  19  16   4

