 160 
   0  45   0   0   9  11  13  29  27   0  27   0   0   0   0   0  40   0  33  37  16   0   0  13  17   0  14   0   0  49  45   0  25   0   0  48   0  30   0   0   0   0   0  12  48   0  24   0  33   0  12   0   0   0  19  13  25  44   0  42   0  43   0  21  31   4   0   0  19   2   3   0   0   0  10  49   0   0  41   0   0   7   0   0  24  24  25   1  11  49   0   3   0  31   2   0   0   0  19  49   0   0   0   0   0   0  16  23   0  40   0  49   6   0  45  46  27  31   0   0  16   0  24   4   0   0   8  35   1   0  27   0  13   0  30   0   0   0  23  39   0  28   0   0   0   0  23   0  22   0  18   0   0   0  22  22   0   2  23   0
   0   0  32  39   0   0   0  46   0  33   0   0   0   0   0   5   0   0  47  39   0   0   0  12  10   0  42   0   0  31   0  32  45   0  35  14   0   0   0   0   0  43  34   1   1  47   0   5   0   0  47  19   5  36   0   7   4   1  17   0  21   0   0   0   0   0   0   0  48   0   0   0  26  23   0   7   0   0  23   0  35   0   0   0   0   0   0   9  23   0  46   0   1   0   0   0   0  10  49   0  38   0   0   1   0   0  32  13  19   8   0  19   0   3   0   0   0   0  31  29  46  13  25   0   3   7  11   0   9  43   0  26   0   0   0   5  35  46  49  19   0   0  41   0   1   0   0   0  42   0   0  21  19   0   0   7  35  50  14
   0   0   3  45   2   0   0  35  37   0   0   0   0   0   0   0  27   2  34  16   0  23   3   5  35  22  44   0  11  13   0   0   0   0   0   5  25  39   0   0  14  16   0   0  32  47   0   0   0   0   0  21   6   0   0   0  23  50   4  19   4  25   0  25   0   0  14  36   0   0  11  30   0  32   0   4   0   0   0  48   0   0   2  26   0  22   0   0  28   0  17   1  39  13  34  41   0   0   0   0  25  16  22   4   0  11   0   0  19   0   0   0  46  30  36   0   0  11   0   0  24   0   0  50   0  14  17   0   0  30  20   0   0  22   0   0  26   0   0  10   0   2  20   7   0   0   0  16   0   0   0   5   7   0   0   0   0  35
   0  22  47   0   0  21   6  21   0  47   0   0   0  44   0  45  25  38   8   0   0   5  20  40  22   4  26   0   0   0  40   0  50  45   0   0   0   0  39   0  39   0  12  32  24   0   0  39  29   0  34  26   0   8   0   0  33  22  42  34  17   0   0  50   0  44  49  44  29   0  20   0  36  10  11   0   0  20   0   0  34  48   0  33  40  17  19  32   0  47  50  44   0   5  37   0   0  34  26  10   0   0   0   9   7   0   0   0   0   0  24   0  10   0   0   0  18  28   0  37  29   0   0  19   8  27  19   0   0  35   0  34  30   7  24   0   0   0  33   0   0   0   0   0   0   0  24   0  47   2  46  15  43  28   0   0  31
   0   6   0  47  43  28  20   9   0  31   0   0   0  37   0   0   0   0  19   0  33   0   0  29   0   6   0   0  48   0   0  35   0  38  26  12   0   0  45  36   0   0  36   0  47  23   0  42   0  20   0  22  23   0  49   0   0  29   0   0   0  23   0   1   0  43  43   4   0   0  39  35  38  41  12  47  28  18   0   6   0  29  30  39   0  24   0   0   0  35  13  28   0   0   1   8   0   0   0  47  10  44   0   5   0   0   9  18  47   0   0   9   0   8  23  44  28   0   0   0   1  35  49  27  29  40   0  47  26   0   0  16   0   0  35   0   0   4   0   0   6  17   0  43  41   0   0  45   3   0  19   0   0   0  41   0
   0   0   0  36  27   0  43   0   0   0   0  28   0   8   0   0   0   0  26   0  24   0  33   0  27   2   1   0   0   0  24   0   0   0   0   4  26   0  24   0  45  39  23  42  31   0  16   0   0   0   8   0  27   0   0  38  16   6  39  31  32  34  20  36  10   0  13   0  37  43   0   7  11   0  13  35  23  35   0   0   0   0  37   0  18  27  48   0  43   0   0   4  47  43   0   5   0   1  30   0  32   0  37   0   9  14  21   4   0  26   0   0  29   0   0   0  29   0  40   0  35  43   0   0  44  28   5   5   3   0  42   0  14   5  21  42   0   0   0   0   0   0   0   0   0  14   0   0   0   0  12  17  18   0   0
   0   0   0   0   0  24   0   0   0   0   5  20   0   0  13   0   1   0  26  46   0   5   6  36  24  43   0   3   0   9  18  16   0   0  18   0   0   0   0   0  24   0   0   4  48   0  44   9  28  33  16   0   1   0   0   0   0  10   0  31   0   1   0   0   5  16  25  15   0   0  48   0   0   0   0  28   0  50   0  35   0   0  34  23  13   0  43   0   0   0  44   0   0   0   0   0   0   0  24  37  16   0  46  12   0   0   0   0   0   0  47   0   3   0   0  32   0  45   9   0   0   0   0   4  47  17   6  38  34   0   3   0  16   0   0   0  22  35   0   0  40   0   0   0   0   0   0   6  50  14   0   0   0   0
  36   4  40   3   0   0   0   0   0  25  15  34  33  50   0   0   0   0   3  49   0  14  41   0  16   0  10   0  12   0  32   8  15  16   0   0  13   0   0  33   0   2   0  31   0   0  13  34   0   0  10   0   0  12  42   0   0   0   0   0   0   0  35  19   4   0   0  12   0   0  25   0   0   0  32   0   0  49   0   0   0  33  36   0   0   0   0   0  12   2  43  18   0   0  40   0   0   0   0   0   0  23  20  28   0   0  47  48   0   0   0   0   0  29  26  14   0   0  15   0   0   0   0   0  38   5  36   0   0   0  10  13  36  46  49   0   0  33  33   0  31  12   0   0   0  15  38   0   0   0   5  43  24
  17   0  14  39   2   0   0   0   0  29   0   0  48  17   0  23   0   0  23  42   0  15   0   0   9   0   0   0   0  19  40  10   0  11   0   8  36   0  25   0  14   0  13   8   0   0  23   0   0   0  20  33   0  25   0  50  40  44  17  19   4   0   0   0  18   2  39  43  16  28   0  44  49   1   0   0   7   0   0  22   0   0  43  18   0  48   0  28   0   0   0  43   0  39   0   0   0  46   0   0  21  32   0  32  12   0   2  49   0   0   0  11   0   0   0   0   0  40   0  20   0  34   0   0   0   0   0  21  25  10   0   0   4  44  17  10   0   0  35   0   0  49   0  22   0  10   0   0  14   4  42  32
   0   0  26  12   0  30  48   0   0  16   0   4   0   0   0   0  36   0  17  19   0   0   8   0  24   0   0   0   0   0  12   5   0   0  45  47  21   0  15  38   0   3   0  15   0   0   0   0   0   0  19  33   0   0  13  13  25   0  35   0   0  36   6   0   0  29  28   0   0   0   0  46  10   0   0   0  35  38   0   6   0  10  26   0   0  37  41  14  18   0  34   0  13  42   0  24   0   1  40   0   8  15  48  24   0   9  21   0  22   7  45   0  19  25  42  36   0  22   4   0   0   6   0  29  38   0  35  47  20   1   7   0   0   0   4  10  46   0   0   0   3   0  43  12   0  19   0   0  26   0   0
   0   0   0  49   0   0   0   6  32   8   0   0   7  40  12  17   0   0   0  16  12  37   0   0  33   0  17   2  11   0  32   6   0   0   0   1  16  44   0  23   0   0  16   0  12   0   0   0   0   9  39  17  39  48   8   0   5   0  21   0  45   0   0   0   9   0   0  37   0  21  46   0   4   1  50   0  16   0  35   0  18   0  43  18  32   0  40   0  11   0  16   0   8   0   0   0  34  32   0   4  21  10   0  23   0   1   0   0   0  42   0  37  46  44  29   0   0   0   0   0   0   0   0  48  14  14   0   0   0   0   0   0  38  42   0   9  14  20  17   0   0   0  30   9  41   0   0  12   0  49
   0  46  42   0   0   6   0   0   0   0  42   0   0   0  29  21  18   0   0   0   0  35   0   8  21   0   0   0  22  14   0   0   0   0   0   0   0   0   9   0  44   0  30   0   0  40   0   0  15  22   0  26   0  19   0   9  46   0  12   8   0  16   0  25   0  11  10  20   0  19   0   0  25   0  36  20   0   0   0   0  36  16   0   0   3  13  12   0  15   0   0  10  11  49  36   0   0   0   0   0   0  35   0   9   4   0  49   0  15   0  46   0   0   0   0  46  38  14  19   0  12   9  50   0  24  36   9  41   0   0   2   0  27  16   0  39   0   0  22   0   0   0  20  20   0  19  25   0   0
   0  20   0  31   9   0   0   0  40   0  49   0   0  45   0   7   0   8  21   8   0  23   0   5  21   0   0  18   0   0   0  15   0  10   8   0   0  13  44  25  44   2   0   0   0   0  11   7   0  32   0  37  10   0  14   0   7   0  32   0  31   0   0   0  18   0   3   0  43   0  31  22   0  40  40   0   0   0   0   0   8   9   0   0   0  10   0   0   0  25   0  34   9  47  20   0  36  25  21   6  40   0  46   0  28  22   0  24  29   4   7  24  34   0   0   7   0  40  44  13   6  31   0  14   0  21  17  23  38   0   2   0  49  44   8  25  14   0   3  40   0   0   0  34  17   0   0  27
   0  27   0   0   0   0  11   0  42  11   0   0  16   0   0  21  12   0   0  44   0  21  17   9  40   0   0  49  20  37   0  36  15   0   0   9   1   6   0  23  47   0  49   0  18  23   0   0  50  26  36  48   0   2   0   0   0   0  35  21  44   0   0   0   5   0  48  42   0  13  36  23   0  17   9  50  18  44   0   0  45   0   0  42   0   9   0   0   4  28  32  32   0   1  31   0  15   0  48   0   0  32  14   0   0   0  22   0   5   0  20   0   0  24   0   0   0  10   0   0  34   0   0   0   0   0  32   0   0   6   0  45   0  18   0  13   0   9   0  21   0  46   0   0  31  19  29
   0  34  14   3  43   0  43  17  45   0   0  17   0   0   0   0  19   0  17  50  35  47  21  11   0  39  27   1   0  33  35  31  20  45  34  22  42   8  11  42   0   0  36   1  36   9  27   5  47  39   0   0   0  20  34  27   0  15  33   0   0  11   0   0   0   4  26   0  13  16   4  50   0   3  44  37  48   8  46   0  44  30   4  29   0   0   0   0  43   1   0  17  20   9   0   0   0   0   0  11   0  11  40  12   0   0   0   0   0   0   0  28   0   0   0   0  32   0   0  43   0   0   0   0  34  12   0   0  44   0   0   0  22  21   7  35   0   0  22  49   0  39  39   0   0   0
  29  22  39   0  15   0  50   0  28   0  24   6  30  22   0  50  42   0  49   0  31   0  17   0   2   0  21  36   0   0  28  10   0  47   0  11   0  18   0  30   2   0   0   0   0   0   0  20   0   0  49  49   0   0   0   6  18   0   0   2  11   0  42  11  10   0   0   0   9   0   0   6   0  32   0   0   0  41   0   0  10  15  43  43  16  11   0   9  50  11  34  50  38  40   0   0   0   0  20  17   0   0   0   9  23   0  29  24  24  11   0  23   0   0  22   0   0   0   0   0   0   6   0   0   0   0   0  49   0   2   5   9   6   0  44  11   0  44   0   0  45   0   0   0   0
   7   6   0   0   0   0   0   7   0   0   0   0  38   0  37   0  36  15   0   0   9  12   0  17  39  42   0   0  45   0  43   0   0   0   7   0   0   0   0  14  32  45  20   0  25   8  11   0   0   0   0   0   0   0   0   0   0  17  15  37  28   0   0   0   0  49  45   0  35   0   0  19   0   0   0   0  20   0  50  34   0   0   0   5  44   0   0  11  43  12   5   0   0   0   9  49  37   0  44   0  31  28  12   0   0   0  24  46  30   0  40   0  21   0  50   0  45   0  32  11  31  21   0   0  19   0  39   0   0   0   0  33  11   0  32  42   0   0   2   0  25   0   0   0
   7  50  28   0  49  19  22  42   0   0   0  21  28   0   0  40  37  22   0   0   0  15  29  34   8   0   0   0  41   9  40  40   0   1   0   0  46   0  28   0   0   0   0  15   0  35  50  39  14  25   0   0   0  13  44   0   0   9   0   0   0  42   0   0   0   0   0  20  10  42   0   0   0   0   0  48   0  30  36   0  20   0  17  43   0   0   0   0   0  43  50   0  17   0   0  46   0   0  33   0   0   0   0  13   0   0  11  36  31  25  42   0  23   0  41   0   0   0   0   0   7  20   0  41   0  50   0  16   0  44  20  29   0   0  37   0  15  34  46   0   0  18   0
   0   4   0   0   0  17   0   0  33  11   4   0  47   0  29   0  14  43   0  37   0   0   0   0   0  47  35   0   5  12   0   0   0   0   0   6   2   0   0   0   0  49   0  30   0   0  36  12  31  50  23  50  40   0  46   4   0   8  12   0   0  42  17   0   0   0   0   6   6  41  35  14  41   0  42   0   0  41   0  27  27   0   0   0   8  16   5  16  19   0  45   0  11   3   0   5  23  24   0  13   0   0   0  11  47  47  13   0  32  40  47  49   0  36  28  40  34  40   0   0  45   0   0   0  38  25  13   0  17  42  45   0   0   0   0  32  16  31   0   0   0   0
  36  33   6  46   0  19  24  33  39  31   0  50   9  42   0   0  28   3  12   0   0  28   4   0  14  24  30   0  30   0  23   0   0  15   0   4   0   0  40  16   0   0  49  21  43   0   0   0   9   0   0  48   9  40  25   0   0   0  20   0  48   2   0  14  23   0   0   2   0   0  28   8   0   0  25  30  42  34   0  43  44   0   0  11   0   0  42   0   7   0   0   0   0   6  40  36   0   0   0   0   0   0  16   0  11  40  29   0  19  22   8  50   0   0  33   0   0   0   0   0  24   0   4   0   0   0  37   9   0  39  46  45  32   0  38   5   6   0   0   0  25
   0  40   0   0  49  49   0   0   0  34  31   0   0   5   6  36  35  14   0  12  50  30  31   0   0  17  43   0   0  28  35  31  46   8   0  21  16  38  20   0  43   0   6   0   0   0  22   0  24   0   0   0  31   0  47   0  43   0   0   0   0  49  15   0  16   0  27  42   0   0   0  12  49   0   0   0  27  39   0  25   0   0  39   5  32  50   0   7  18  22   0  40   0   3   0   0   0   0   0   0   0  27   0   0  39   0  32  43  50   0   0  24  25   4   0  37  18  41   0  13   0  40   0  33   0   0   4   0   0   0   0  33   7   0  17   0  50  42  41   0
   0   0  48  32   6   0  12  10  48  50   2   0  50  37   0  39   0  26   0   0  39   0   0   0  22  18  22   0  27  15   0  22  10  20  21   0  27  38   0  15  32   0   0   0  49  25   6   0   5   0   0   0   0   0  16  15  47  12  27   0  30  11   0   0   0  31   0   0   0   0  16   0   0  38  22   0   2   0   0   0   0  47   0  50   0  44  19   0   0  43  49  18  35  20   5   0  11   0   0  43  46   0  20  34  34   0   0   0  41  24   0   0   0   0   0  45   3   0  15   0  48  16   0   0   0   0   0   0   0   0   0   7  31   0   8   3  44   0   2
  20  29   5   0  35  50   0   3   6   0  49  25  43   0  34   0  11   0  22   0   0   0   0   0   9   0   0   0   0  22   0   0   6   0  22  44  45   0  34  10   0  15  40   0   0   0   0   0   0  50   0  44  22   3   0   0   2  39   0   0   0   0  48   0  27  38  26   0   0  49  24  41  45   0  20   0   3   0   1  43  40   3   0   0  41   0   0   3   0  34  32  30   0  49  30   0  23   0   0  43  13  38   0   0   0   0  13  31  24  22   0   0   0  15   0   1  40   6   0   0   0   0   3   0   0  37   0  11   0  11  32   0   0  28  49   0   0  28
  34   0  18   0   0  23   0   0   0   2  16  23   0  48  40   0  14   0   0   0   0   4  14  15   0  24   0   0   0   0   0   0  26   0   0   0  26   9   0   0  39   0   0   0   0   0   0  26  14   0  25   0   0  34  43   0  20  10   0  18  29   0   0  20   0  50   0  25   0   0  47   0  50   0  22  43   0   0  26   0  16  23  27   0   0   0   0  50   0  34  33   0   0   0  18   0  45   0   0  39  27  22   8  23  14   0   0   0  26   0  20  43   0   0  36   7   0   0   0  17   0  46   0  21  33  28  12  12  17   0   0  30  32  50   4  13   0
  34  22   0   0   0   0   0  19  45  19   0  21   0   0   0  44  26  26   0   0  44  41   0   0   2  40  34  48  25   0   3   0  31  11   0   0   0  17   0  14   0  34   0   0   0   0  13   0   0  40   0   0   0   0   7  23   5   3  42   0  32   0   0   0   0   0   0  47   0   0  39   8   0  22  42   6  37  49  29   2  38   0  29   0   0   0  34   0  27  42   0  22  22  36  30   0  12  37  12   0  27  33  30   0   0  16   0  20   0  16  39   0   0   0  20  45  18  39   0   0   8  35   0   0   0  48   0  49  47   0  15   0   0   7   0   0
   4  37   0  25  20   0   0  10  43  22  24   2  46   0  21   0   5   7   0   0   6   0  47   0  20  29  16   0   0  21   0  10  15  49  43   0   0  14  20   0   0   0  19   3  27   0  44  12   0  50  34   0   0   0   0   4   0  10  12  38  34   0   5  42   0  17  29  16  45   0   0   0   0   0   1  42  15   0   0   0  27   1   0  17  31   5  23   0  28   0  14   4  34   0   8   7   0   0   0  33   0  30   0  17   0  41   1   0  37  15  16   0   0  46   0   8  40  13   0   0   0   6   7  41   0   5   0   0  42  31  48   0   0   0   0
  27   0  37   0  24  48   0  27   3  24  15  31  15   0  47  12  25   0  40   0  22   5  33  24  27   4   0  40   0   0  26  38   0   0   0  47  16  34   3  26   0   0   0  49   0   0   0  34   0  12  47   4  45  16   0  16   0   0  30   0   0   0   1  30  31  38  15   2   0   0  47   0   0  46   0   0   0  45  24   0   0   0  15   5   0   0   0   0   0   0   0   0  42   0  14   0  28   0   8   0   0  12   0   3  27   0   2  12   0   0  13  42   0  15   0   1  44   0   0   0   0  22   0   0   0  18  47   0   0  12   8   0   0   0
  48   0   0   0   0   6   0  38   0  43   0   0  48   6   0   0  30  25  31   0  32  42  11   0  38   1   0   0  12   0   0   0  40   0  23  36   0  37   0   0   9  47  38   0  31   0  23   0  18   0   0  15  32  44   0   0  38   3   0   0   0  48  37  39  48  28  29  49   0   0  40   9   2  24  47  13  45  41   0  30   7  11   0  49   0   0   0  21  44   0  16   4  48   0   0   3   0   0   0  30   0  39  17   0  46   0   0   0   0  32  31  10  18   8   0   0   0   0  37   0  48   0   0  19   0   0  11  19  13   0  31   5  16
  41   0   0   4   0   0   0  47  22   0   6   0   0  24  38   0   0   0  38  24  15   0  41  40   0   0   0   0  18  47   0  20  36  19   0  20   0   0   0   0   0  30   0  18   0  49   0  24  35  33   0   0   0   0   0   0   0   4  39  44   9   0  34  23   0  44   0   0   0  11   0   0  42   0  43  26  43   2   0   9  23   0  33   0  49   0   0   0  34  14   0  27   0   0   3   0   0   7  39  23   0  43  17   0   7   0   0  13   0   4  22   0   0  11  30  34   0  24   0   0  18   0   0  33  25   0   0   0   0   1   6   0
   0   0   0   9  36   0  17  10  31   8   0  22   0  32   7  44   0   0   0   0   0   1  20   0  34  36  37  31  43  16  11  38   0  34   0  22   0   1  30   0   0   0   0   0   0  12  28   0  40   0   3  40  16  38  30   0   0   6  37  46   0   0   0   0  34   0   0  26   0   0   0   0   0   0   0   4   0  50   0   0  45   0   0  47  42  35   0  17   0   0   0   6   0   0  18   0   0   0  43  33   0  21   0   3  50   0  37   0  38   0   0  21   0  45   0  43   0   0   0  29   0   0   0   0   0  42  38   0   3   0   0
   0   0  48  40  48   0  20   0   0   0  24  42   0   0  17  16   0   0  29  20  12   3  43   0   0  31   0   0  29   0   3  42   0   0   6  47  46  34  35   0   0  17  14  37  42  47  31   0  16  31  37  29  23  44  45  34   0  43   0   4  44   0  13   0   0   0  25  15   0  22  34   0   0   0   0   0   0   0   0   0   3   4  19   0   0  35   9  39   0  45   0   0   0   6   0   2   0  36   0   0   0  19   9   0  43   0   0   0   0  11   0   0   0   0   0   0   0   6  20  36   0  42  20  34   0   3  42   0   0  39
  30   4  34   0  45  44  11   0   0   3  41   0  30  42  35  46  26  47  22  44   0  42  21  29  46  45  36   0   0  43  19   0  44   0  40   0   0   0  25  39  22  21   9  35  46   0   0   0   0  46  15   0   0   0  16   0   8  33   0  38   0   0   0   0  19  50   0   0   0   0   0   0   0  46   0  49   0  46   0  14  39   0  50   0   0  39   0  36   0   0  43   0   0   5   0   0  23   2  10  36  47   1   0   0   0  47  45  28  32   0  36   0   0   0   0   0  13   0   0  19  25   2   0  23  14   5   0   0   2
  19   0  13  37   8  24   0  21   0  48   0   0   0   0   0   0   0   0   0  35   0   0   4   0  39  43   0  17   0  27  45   3  46   0  10   0  31   0   0  14   0   0   0   0   0   0   0  35   0  28  43   0  18  43  32  26   0   6   0  32  33   0  12  33   0   0  27  30  48  37  38  28   7  25   0   4  30   0   0  17  45   0   3  35   0   0   4   0  27   0   0   0   1  27  44  45   0   0   0   0  33   0   8  18   0  22   0   0   0   0   0   0  35   0  30  16  11   6   0   0   0   0   0   0  11  21   0  36
   0  32   0   0   0   0   0   0  21   0   0   0  41   0   0   0  22   0   0  49   0   7  24  28   0  32   0  11   0   0   0  41  22  47   0  23  38   0   0  18   0   0  27  46   8   0   5   1   9   0   0   0  39  50  21   0   3  29   0   0  24   0   0   0  13   0   0   0  16   0   0  15  27   0  43   0  16  27   0  19   0   0   0   0   0  22   0   0  35  26  22   0   3  12  10   0  33   0   0   0  14   0   6   0   0  11   0   0   0   0   0   0   0   0  33  50   0  34   0   0   0  41   0   0   3   0   0
   0  47   0   0  10  40   0  28   0  22  38   0  13  48  28   0  39  43  44  30   3   9   0   0   0   0   0  12   0   0  20  44   0   0  38  50  37  23   8   0  29  40  36   0   0   0   0   0   0   0   0   0   0   0   0  50  43  20  38   0  49   0   6   0  33  38   9   2   0   0   0  36   0  41  41   0  17   0  38  11   0   0  42  36   0  12   6  47   8  38   2  28   1   0   0  18  34  44   0   0   0   0  38  25   5  11  11  14   0   2  13   0   0   0   0   0  29   0   0   0  19   0  46   0  47   0
   0   0  12   0  42  34   0  36  48  14   0   0   0   0   9   8  32   0   0   0   0   0  36   0   0  25  43   0  46  29   0  47   0   0  48   0   0   0   0  25   0  48   0  44   0   7   0   0   0  27   0  32  18   0  17   0   0  35   3   0   0  10   0   0   0  39   0  22   0   0   0   0  28  12  41   0   0   0  40  22  23  12   0  37   3  34   0  44  46   0  20  21   0   0  40   0  48   9   0  16  48  43   0  18  35  49   0   0   0   0   0   0   0   0  10  16  29  26  27  48   0  25   0  10  27
  27   1   6  21  27  33  40  15  41   0   0  34   0  38  36   0  13   0   0   0   0  41  43  46  41  11  36   0   4  18  34   4   0  12  28  46  38   3  46  14  12  16   0   7  21   0  26  32  24   0   2   4   0  20   0   0   3   0  23  10  34  10   0   3   0   0   0   0  18   0  41   0   0   0  15   0   0   0   0  15  31   8   0   0  42   0  13   0  21  21   5  33  44  32   9  20  39   0  46   0  37   0   0  16  21   8   0   0   0  23  46   0  26   0   2  41  12   0   0   0  34   0  40   0
   0   0  12  35  14   0  39  12   0  44  11   0   7   0   0  25   3   0  40   3   0   0   2   1  48   0  30  19  38   4  24   8  27  43  19  34  40   0   0   5   0  29  21   0   0   0   0  13  25   0   0   0  44  20   0  21   0  22   0   0   0   0  50  49  32  47  49  44   0   0  17  25  10  36   0  39   0  16  45   0   0  12   0   0   0   0   0   0  49   0   0  44  37  16  39  27   0   0   0  39   0   0  48  32   0   0  43  16   0  22   0   0   0  16   0  12   0   0   0  31  14  17   0
   0   0  33  37   0   0  32   0   1   0  23   0   0  32   0   0  42   0   0   0  20   2   0  43  50  44   0  34  34  50   0  46  50  24   0  15   0  20  40   0  32  34   0   0   0   0   0   0  22  28   0   0  16  33  46   0  36   0  30   0   0  18   0  14  13  49   0   0  46  30   0  43   0   6   0  38  39  19   0   1  15  48   0  46   0   0   0   0  14  15  35   0   0  10  39   9  27   0   5  35  19  40  23  50   0  23  23  49  34   0   0   8   0  20   5   0   9   0  11   0   0   0
   0  22  33  39  47  38  44   0   0   0   4  31  23   0  14   7   8   0   0  22  48   0   0   0   0   0   0   0   0   0   0   1   0   0  14   0   0   0  14  38   0   0   0   0   0   0  22   0   0  15  13  25  30  41   0   0  22  11   0  25   0  36  16  18   0  27  48   9   0   0  45   0   0   0  46  34  41   0   0  32  24   1  20  10   0  22  33   0   0   0   0  11  12  12   8   0   0   0   0  29   0   0  22  45   0   0  40   0  23  20   0   0   0  49   0   0   0  39   0   0   0
   3   0  12   6   0  33   0   0   0   0   0   0  37   0  45   0   7   0  49  18  34  30   0   0   0  50  39   1  22  16   0   0  31   0   0   0   0   0   0   4   0   0  15   0   0   0   0  36   0   0   4  47  50   0   0  35  37   0  10  29  38  16   0   0   0   0   0   0   0   0  17   0   8   0  17  40   6   0   0   0   0   0  22   1  17  36   0  35   0  46  43  26   0  43   0  49  35   0   0  30   0   1  35   0   0  19   0   0   0   2   0   0  45  16   0   0   0   4   0   0
   0   0  43  41   0   0  35  46  24   0  43  40   0  16   0   5   0  43  12   0  36  37   0   0   0  16  12   7   8  22  35  12  12   0  18  33  14  18  33  24   0   0   0   4   2   0  29   0  50   0   0   0  23   0   0   0  20   0  18   0  42   0   0   7   0   0   0   0   0   0   0   0   0   0  16  37  17  28  18   0  40   8   1   0  13  48   0   0  28   0  27  39   0  39   0   0  15  26  49   0  23   0   9  23   9   0  38   0  12  19   0   0  43   0   0   0  30  10  19
   0  12   0   0   0  34   0   0   0   0  10  23   6  12   5  28   0   0   1   9   0   0   0   0   0   0  46  11   0  28   0   0  45   0   0   0   0   8   0  10   0  19   0  40   0  14  10  46   0  17   0   0   0  43   0   0  49   0  28  41   0   0  26  12   0   0   0   0   0   0   0  19   0   0   0   0   0  32  18   0   0   0   0   0  29   0   0   0  14   0   6   0  14  19  39   0   0   0  16   0   0   0  43   0   0   0   0  12   5  44   0   2  35  14   0   0   4  36
   0   0  38   0   0  47  28  18   0   0  34  18   0   4   0  43   0  46  18   0   0  31  49  48   0  20  20   0   0  17   0  49  49  23   0   0   0   0  28  14   4  48   0   0  24   7  15   9  32   6  27  16   0   0   0  39  48   0  47   0   6  14  33  25   4  18  26   0   0  15  20  11   0  24  11   8   0   2   0  18   0   0   0  43  44  47  32   0  29   0   0   0   0   0  46  20   0   0   0   0  27  13   0  19   0   0   0  30  23   4  48   0  19   0  34  22  11
  45   8   0   0  17  36   0   0   9  27  45   8   0   0   0  50   3  41   0   0   0   0   0  26   0   0   7  41   0   3   0   0   0   3   0   0   0   0   0  19  22  29   0   0  36   0   0   0   0   0  30   0   0   0   0   0   0  32   0   0   0   0   0  39   0   5   0   0  24   0   0  32   0   0   0   9   0  14  32   0   0   0  13   0   0   0  13  31   0   0   0   0   0   0  35   4   0   8  20  11   9  36   0   0   0   0   0  25   0  15  18   0   0   0   0   0
   0   0  24   0   0  30   0  44  33  10  36   2  40  28   0  45   0  34   0  14   0   0  21  25   0   0  42  26   0  12  27   0   0  46   0  42   0  12   0  23  37  20  39   0   0  42   0   0   0   0   0   0   0  29  48   0   0  23   0   0   0  26  24   3   0  27  15  27   0   0   0   0  34   0   0  10  20   0   0  14   0   0  14  15  40   0   0   0  44  25  37   0  39   0   0   0  36  35  23   0  29  11   6   0   7  37   8  11  32   0   0  20  32  33   0
   0  47   0  41  23   2   0   0  45  15  31   1   0  49  35  27   0   0   0   0   4   0   0  12  42  44   0   0  25  22   0   0   0  21  24   0   0   0  24   6  41  14  38   0   0   0   0   0   5   0   0   0  36   0  21   0  17  20   0   0  49  13   0   0  26  11  27   0  44   0  26   0  13   3   0  49  30   0  31  25   0  20   0  31   0   0  30   0  15  24   0   8   0   0  17   0   0  19   0   0  35  14  19  25   0   0  44   0   0   3   0  31   0   0
   0   0   0  23  40   5   0  48  43   0   1   0  22  45   0   0   8  40  22  15   0  23   0   0  40   0   0  41   0  10   0  42   0   0  22   0   0   0   0   0   7  29   0   0  38   0   0  18   0  15  26   0   0  38   0   0  36   1   0   0   0  21   0   0   0   0   0  32  39   0  41   0   0   0   0   0   0  14  49  10   0  23   0  24   7   0   0   0  30   5   0   0  41   0   0   0   0   0   0   0   0  12   0   0   0  44  38  10  26   0   0   5   0
   0  49  46   0   0   0  15  42  50   0   2   0   0   0  36   0   1  16  16  28  46   0   0   8  36   0  41   0   0  44  40   0   0  23   0  22  25  30  23  37  32   0   0  10  25  12   0   0   0   0   0   0   0   6   0  39   0   0   0  29   0   0  43   0  28   0  25  27   0   0  34   0  17  30   0  18   0   6  16  43   0   0  30  43   0   0  20   0  29  16   0  20   0   4  10   1  26   0  34   0   0   0  42   7   6  27  27  37  49  26   0   0
   0  41  46   0   0   4   2  15   0  15   0  14   0  25   0  20   0   0  32  22   0   0   0  39  43   0  20   0   0  50   0   0   0  30   0   3   3  38   0   0   0   0   0  12   0  11   0   0  30   0  50   0  11  43   0   0  38  23   0   0  28  44   0   0  47   3   0  33   0   7   0   0  37  13  21   0   0   2   0  48  48   0   0   0   0   0  42  28   0   0   0  41  22  10   0  17   0   0  48  34   0  40   0   0  40   0  17   0   0  25  18
  17   0  19   3   0  19  10  47   0  37   0   0  33  12   0  32   0   0   0  31   6  30   0  34   6   0   0  39  29   0  41  45   0  40   0  39  41   0  21  31   0   9   0   0   0  25  22   0   0  27  10   0   0   0  10  38   0  19  14   0   0   0   0  36  45  40  50  24  24  47   0  26  19   0   0   0   0   6  17   0   0  39  18  43   0   0  35   6  14  12  45   1   0   0  29   0  37  31   0   0  42   0  11   0  32   0   0   0   0   0
   0   4  44   0   0   0  47  44  38  32  22  18   7   0  28   0  34   0   0   0  39   0   0  16   0   0   0  35   0   5   0   0   0  49  28   0  13   1   7   0   0   0   0  50  23   0  47  11   0  25  13  47   0  14  49   0   0   0  31   0   0   0  30   1   2  24   0   0   0   0   0   0   0   0   0   0  34   0   0  10  32   8  32  33   0  45   0   0   0   8  17   0  19   0  16  13   0   0   0   0   0   0  13   0  37   6   0   0  13
   0   0  21   0  19  27   0   0   0  21  42  10   0  21   0  24   0   0   0  50   0   0   0  20   3  38   0  32  29   5  26   0  28   0   0   0   0   0  33  45   7   0  35   0  21   0   0   0   0   0  25  31  16  42  40   0   0   0  22  48   0   0   0   0  32   0   0  12  11  30  40  10  45   9  36   0  46  30  20   1  19  26   0  44  43   0  20  16   0   0  47   0   0  35   0   1   0   0   0  30  14  50   0  26  42  41  15  11
  30   0  13  30   0   0   0  27   0  15   0  42   0   0   0  21  33  20  50   0   0  35  44   0  25   0  21   0  32   5   0   0  43   0   6  44   0  41   0  24   0   0   0   0   0   0  20  22   0  46  14  33  47   0   0   0  22  18  14   3   0   1   0  36   7  48  27   9  40  43   0   0   0   0   1   0   7   0   0   0   0  43  25   0  33   0   0   0   7   6  18  12  20  44   0   0   0   4  12   0   0   0   0   7  17   0  11
  35   0   0  48   0   0   0   0  27   9   0  29  37  28   0  29   0  15   0   0  32   0  46   0  19   0   0   0  34  34   0   0   2   0  46   0  35   8   0  24   9  43   0   0  16  22   0   0   0   4  10  49  45   0  43   0  23   0   0  48   0  45  48  24   0   0   0   0   7  42   0   0   7  27   0   0   0   0   0   0  18   0   0  18  10  23  21   0  40   0  44   0   0   0   0   0   0  13   0  25  34   0  12   0   0  16
   4  14  11   0  45   0   5   0  39  29   0  50   0  14  18   2  34  27   0  13  47   0  21  17   0  20  26  24  29  27   2   0   7   5  46   0  37   0   0   0   0   0   0  27  46   4   0   0  21  20   0  25   2   6   0   0   0  50   0  32   0  21  20  35  35   0   0   0  31   5  24   0   0   0  16  24   0   0  32   0   0   0   0  50   4   0  34   0  44   0  35  47   0   0  21   1   0   0   0  19   0  11   0  19  34
  30   6   0  20   7   0   0  34  45   0   0   0   0   9   7  44  31   0  37   6   0  32   8  17  38  15   0   0   0  47  37   8   0  48  10   6  33   0   0   5  12   7   0   0   0  22   0   0   0  36   0   5  46  11  11  16   0  45  10   0  32  30   0  14  22   0   0   0  12  42   0   0  43  10   0   0  45   0  33   0  11   0   0   0   0  31  30  40   0  50   0   0   6   0   0  31  35  32  19  36   0  18   0  26
   0   0   0   0  38   0  42   0  33  10  41  37  17   0   0   0   0  45   5   0  27   0  10  32   7  34   0   6   0  31   0   0  31  37   0  14  28   0   0   0   0  29   0   0   0  49   0   0   0   0   0   0   0  36   0  10   0   0  22  42  20   6   2   0  42   0  49   0   0  33   3  44   0  14  22   0  30   0  35   0  32   0  27   0   0  44  45  33   0  45   0   0  22  29   4   0   0   0  23   0   0   0   0
   0   0   0  27   0  18   0  13  19  47  29  40   0  40   0  15   0   0  10  35   0  16   0   0   0  33   0  14   0  15   0  14   0  14  41  42   0   0  42  43   0  15  10   1   0  36   0   0   8   0  41   0   0   0   0  37  35  44   5   0  37   7   0   0  11  41  41   6   0   0   0   0   0   0   0   0   0   0  42   0  48  43   0  48   0   0   0  12   0  40   0   0  25  43   0  42  37   0   4   3  37   0
   0   0  12   0  30   0  32   8   0   4   8  43   0  48  25   0   0   0   0   0   6  40   0   0   3  39  27   0  42   0   0   0  23   0   0   0  29  43  22   0   0   0   0  14   0  38  42  15  12  45  47  15   3  20   0   0  39  14   0   0  34   0  10   9   0   4  22  20   0   0  48   0  14   0   0   0   0   0  29  35  35  38   3   0  34   0   0   2   0   0  31  34  25  10   0   0   0   0  45  34   0
   0  11   0  13   0   0  31   0   0   0   0   0   0   0   0   2  45  30  24  49   0  24   0   0   0   0   0   0  50   0  41   0  26  32   0   8   0  22   9   4   0  50  39   6   0   0  40   7  41   0  24  12   0   0  32  24  27  21   8   0   0   0  50   3  33   0  38   0   0  29   0  13  37   0   0   0  19   0   0  26   0  26   5   0  43   0   0   0  26   0  24   0  14  33   4   0   0   3   0   0
   0   6  42   0  10   0   0   0  13  17   1   0   0   0  19  21   8   0  28  15  44   6   0   0  35   0  19   0   0   0  12  23  44  13  44   0  30   0   0  22  15   0  27  23   0  44  29   0   0  29   0   0   0  13  28  18  16   9   0   0   0   0  36  44   0  29   0   0   0  25   0  41  16  24   0   0   8   0   0  48   0   0   0   0   0   0  31   0   0  33   0  50   0   0   0   0   0  46   0
   0   0   0   0   0   0   0   0  25   0   0  14   1   3  34   0   0   0   0   0  21  32   0  48   3   0   9   8   0   0  27   0  35   0   0   0   0   0   4   0   0   0   0   0  40   0   0   0   9   0   0   0  11  49   0   2   0   5   0   0  18  31   4   0  39   0   0  49  40   0  30   0   0   0   0  22  24   0   0   7   0  35   0  43   0   0   0   0   0  50  31   0   0  31  38  50   0  12
   0   0   0  11   0   0  40   0  35   0  22  28   0   0   0   6   0   0  10   6   0   0  41   5  25  14  46   9  37  13  13  27  32   0   2  40   0   0   0   0   9   0   0  24   0   0   5   0   3   0   0  29  45  14   1   0   0   0   1   0  19   0   0  48   2   0   4  46  37   0  32   8  34   3   0  29   0  40   0   0   0   0  28   0   0   0  30   0   0   0  48  22   0   0   0   0  34
   2   0  47   0  16   0   0  32   0   0  50  22   0   0   0   5   0   0   0   1  26   0  33  44   0   0   0  44  35   0  21  42   0  19  26   0   0   0   0  20  13   2   0  33   7   0   0   0   0   0   0  27  25  36  23   2   0  15  42  24   0   0   0   0  35  17  48  41  41   0  21  45  17   0   0   0  14   0  14   0   0  38  28   0   0   0   0   0  49   0  48   0  11   0   0   0
  23   0   0  23   0   0   0   0  12   0  36  39  22  14   0  14  12   0   2   7  41  46  46   0   0  23   0   0   0   0  50   0  18  14  49   0  48  24  15   0  28  25  45   0   0   0   0   0  18  19  50  44   0   9   9   0   0   0  30   0  18  41   0   0   0   0   0   0   0  42  34   0  27   0   0  17  29   0   0  32  23  37   0  45  39   1   0   0   0   2  18  38   0   0   0
   0   1   0   8  23  25  26   0   0   0  18   0  16   0  26   0  40  40  50  14   0  49  19   0  29   0  22  37   0   0  23  10  15   0   0  21  20   0   0  45  41  28   0   0   0   0  33   0  30   0   0  45  11  45   0   0  37   0   0  29   0   0   0   0  11   9   9  13  47   0  15   0   5   0  23   0   0   0  33   0  39   0   0   0   0   0  19   0   0  29   0  11   0  38
  47  36   0  31  41   0   0  14  14   0   0   2  17  41   0  42   0   0  45   0  31   0   0  14   0   0  49  44   0   0  22   3  23  48   0   0  18  21  35   0  23   0   0   5  37   0   0  37   0  31   0   0   0  39   0   0  49   0  12   0  15   0   0   0  31  15  18   1   0  47  22  28  38   0  24   0   0   0   0   0  19   0  36  34   5  12  24   0   0  31  43  26   0
   0   0   0  11   0  18   0   0  30   0   0  45  47  44  23  13   0   0   0  23   0  39   0   0   0  22   0  43   0  40   0   0   0   0   0   0   0  40   3  43  11  21   0  45   0  48   0   0  31   0  16   0   0   0   0  27   0   0  17   0  29   0   0   0   0   7  25  30  23   0   0   0   0   0   0  49  22  22  19  26  42   0  24  45   0   2   0  15   1   0   0   0
   0   0  38  45  37  14  43   0   0  11  30   0  45   0   0  19   0   0  49  49   0  30   0  15   0  11   2   0   0  13  19   0  35  36   0  40   0  29   0   0   0  10  12   0   5   0  35   0   9  28  12   0  14  18  31   0   0   0  13   0   0  19  33  34   0  49   0   0   0   0   0  30   0   0   0  14  42   4  25   0   0  31   4   0   0  49   5   0  29   0  31
  10   4   0  11  36   0   0   0  11  43  41  16  10  12  35   0  50  36   1   0  16  31  24  22  33  40  35  44   0  18   1  18   4   8  16  21   0   0  35  27   0   0  36   9   0   0  36   0  29   0   0  27   0   0   0  39   5  28   2  28  23   0   0  43   0   0   0  45   0   6   0  26   0  46  37  41   0  22  11  45   0   0   0   0  29   0  21   0  20  11
   2   0   0  32   7  32  11   1   0   0   0   0   0  42  35   0   0   0   0  35   0  29   0  17  14   0   0   0   0  26   0   0   0   0  25  49   0  16  12  24  12  45  33   0  15   0   0   0   0   0   0  30   0  39  44   0  11   0   0   0   0   0   0   0   0  22   0  47  25  24   7   0  46  14  45  11   0  26   0   0   0  30   0   0  44  44   0  30   0
   0  26  40   0  42   0  20   0  36  40   2  30   3   0  28  49   0   8  34  17   0   0  27   7   0  45   0  29  37   8  50   0  27   0   0  11   6   0   6  25   0   0   0  22   0   0  17   0   0  47  12  28   0  45   0   0   0   4   9   0   0   5  16   0   0  22  29  12  45  15  36   0  44  38  24  46   4   0   0  50  18  38  13  33  18   0   0   0
   6  33   0   0   0   0  20  13   0   0  25   0  23  44   0  24  24   0  11   4   0  11   0   0   0   0   0   0  39  41   0  11  40  11   0   4   0  32   2  37   0  13  11  21  14   0   0   0  25  39   0   0   0  37   0  20  45  49   0   0  15   0  24  37  32  47  16   0  40  44  27  20  25  40   0   0  16  24   8  45   4  42   0  40   0   0  37
   9  44  44  44   0   0   0   0  29  42   0   0  12   0   0  39   2   0  16   0   0  44   0   0   1   0   0  28  32   0   9  26  12   0   0   0  48   0   0  21  45  17   0   0   0  46  11   0   0   0   0   0   0   0  18   0  24   0   0   0   0   0  44  50  10  14   0   0  10  16  49  33   0   0   0   0  25  13  33   0   0   0   0   0   0   0
   0  28   0   0   0  50  38   0  12   0  41   3  48   0  37  29   0  19   0  26  28  44   0   0   7   0   0  14  16   0   0   0  23  44   0   0  29   0  14   0  40   0   0   0  40   0   0  48   0   0   0   0  49  46  31   0   0   0   6   4   0   0  11   8   0   7   0   0   9  46   0   0  15  32  35   0   0   0   0   3   0  34  17   0   0
  39  36  25   0   0  10   0   0   0  32   0   0  25   0   0  34   0   0   0  50   0  49  29  22   9   0  42   0   0  29  14   4  16   0   5  10  42  46   4   0   3   4   1  46   0   0  12   0   0   0   0  46  15   0   0   9   9  45   0  24   0  38   0   0   0  37  43   8   0  16  37   0  24   0   0  38   0  13   0   0  46   0   0   8
  23   0  18  20   0  46  42  42  17  23  49  34   0  37   0   0   0  19   0   0   1   9   0   4   0  11   0   0   0   0   3  39   5   8  28   0  32  38   0  45  41   0   0  12   0   0  47  31   0   0  42  43   0  48  28   0   0  45   0   0  50   9   0   0   0   4   0  32   0  45   0   0   0  25  19   0   0   0  46  26   3  22  17
  37   0  41  11   0  14  39  31   7   0   0  23   0  49   0   0  22  26  19  34   5  18   0  20  47  37   0  16   0  41   0   0  16   0  48   0   4  38   0   0  30  11   0  14  15  12  34   9   0   0   0  12  12   0   0   0   3  27  50   0  23   0   2  13   0  38   0   0   0  38   2  20   0  28   0   0  44  16   0  36  46   0
   0  15  42  14   0   0   0  20   0   4  19  40  11  37   0   0   0  47  33  44  32  26  32   0   0   6   0   0   0  28  15  34   3  42   0   0  19  47   0   0   0   3  34  27   0   0   0   0   0   0   0  28  33  44   0  27  24  38  41   7  47   5  40   0   3   0   0  11   0  34   0  35  48  38  32  28  35  28  45   0  42
   0   0   5  13  15   0   0  12  50  47  17  11  34  13  43  44   0  22   0   0  11   0   0   0  22  25   0   0   0   0   0  46   0  17   0   0  13  35  49   0   0   8   0   9  35   0   0  19   9   2   0   0   0   0   0  10  40  19  29  40   0  32   0   0   0   0  18  37  43  19  14  27   0   0  18   0   0  22  22   0
   1   0   7   0   5   8   0   0  33   0  44   0   6   0  37   0   1  30   0   0  40   0   0  40   0  21  27   0   1   0   0  10  19   6   0   0   8   0   0  36  33   0  13  36   0   3  42  18   0   0  23   0   0  31   0   2   0   0   0  12  21   0   0   0   0   0  32  27   0   0   0   0   0   0   8  11  10   0  33
   0   0  35  33   6   0  50  33   0  49   0   0   0  18   0  44  49  42   0  36   0   0   0  37  14  15  25   0  14  47   0  38   0  19  32   0   0   1   9   0  33  26  41  36  24   0  36   0   0  17   7   0   9  23   0   4  47  20   0  24   0  22   0   6   0   0   0   3   0   0   1   0  25  31  41   0   0   0
   0   3  19   1   6   0  16   0   0  37  41  21   4   3   0   0   4   0   0   0   0   0   9   0   0   6   2   0  34  27  15   4  23   0  17  30   8  36   0  22   0  16   0  39   0   6  40   0   0  32  22  44   0   0  24   0  45  37  48   0  12   0  14   0   7   0   0   0  38  44   9   8   0   0   0   0  19
  22   0   0   0  17  33   0   0  35   0   0   0   0  26   1   0   0   3   3  45  20   0   9   0  49   0   0   0  50   0  37  32   0  24   0   0   0  46   0  49   5   0   0   6   7   0  39   0   0   0   0   0  38   0   0  19  29   0   0   0  34  13  15   0   3  43   0   0   0  21   0  23   0   0   0   0
  23   0   0  10   0   0  23   2   0   0   2   0   0   2   0  25   0   0   0  48   0  26  40   0  10   0  26   0  26   0  13   0  11  16   0   0  23  10  24   0  42  14  17   0  31  17   0   0   0  40   0   1  15   0  28   0   0   0  32   0   0  15   0   0  24   0  10  37  13   0  29  36   0   0  40
  25  18  33   0   0   0   0  32  26  34  20  32  41  19  38  16  43   0   0  38  41   0  36   0   0  33   0  43   0  12   0   9   0   0  35  39   0  11   0   0   2  21  50   0   0  40   0  37  41   0  13   0   0   0  24  25  47   0   0   0   5   0   0  10  11  27  25  17   1  35  28  12  35   0
  10   3   0  22  50   9  35   0   0  21   0   0   0   0   0   2  39   0   0  40  20   0  31  37  28   0   7  10  25   0   0  48  50  12   0   0   0   0  10   0   0   0  12   0  45  23  26  21   0   0  47  11  31  21   0   0   3   6  12  24   0  15  40  37  20  10   0   0  43  18   0  26  10
   0  16   0   0   0  33   0   0   0  25   0   0  36   0  34  12   0   0   0   0   0  46   0  17   0  31   4  27  19   0   0  47  37   0  39   0  35   0   0  23   0   0  43  36   0  24  47   0   1   0  37  48   0   0   0  19   0  45   0  33   0   3  30  33  25  22  26  35   0   0  49  32
   0  40   0   0   0  27   0   0   0   0  30   0  42   0   0  33  28  13   0  15  22   5   0   1  48   0   0  37  10   0  35   0  35  30  38   0   0   6   0   0   0  23  24   0   0   0   0   6   0  21   0  41   2  26   0   0  31   0  26   0  41   0  13   0   0   5   0  46   0   0   0
  50  23   0   0   0   9   0  28   0   0  20   0  42   7   0  11  27  36   0  17  19  49   0   0   0  29   0   0   0  14  18   0   0  33   0  15  23   0   0  27  43   0   5  46   0   0   0  50   0   0   0   8   9  33  31  34   0   0   0  15  29   0   0   0   0  42   0  30   0  46
  32   0  18   0   0  23   0   0  17   0   0  34   0   0   0   0   9  49   0   0   0  26   0  23   0  12  19   0   0   9  50  34   8   9   8   1   0   0   0   0  23  40   0   0  42   0   0  41  23  20  39  27   0   7  28   9   0   9  24  26   8   0  40   0  18   0  44   0   0
   0   0   0   0   5   0  38   0   0   0   0  12   0   4   0  44   0   0  20  16  18  37   0  28   0   0   0   0   0   0   0  17  15  34   0   0   0   0  25   9   0  49   0  41   2  22   0   0  27   0   0  14   0  25  39   0  35   0   0  32   0   0  21  45   0   2   0   0
  32   0   1   0  36   0  46  37  30  16   0   0  43  17  44  40   0   0   2   0   0  44   0  49   0   0   3  36   0  23   0  48   9  30  45   0   0  50  32   0  33   0   0  23  31  12   0   4  45   0   0   0   0  18   0   5   4  10  30   0  32  27  42   0   0   0  10
  45   0   0  28   0  44   0  47   0   0  27  16   0  32   0   0   0   0  24  23  19  13  24  46   0   0   3   0  45   2  23   0  22  50   0   0  22  42  29  27   0   5  11   0   0  37   0  42  26   0   0   0   0   0   0  44  11   8   0  34   0  34   0   0   0  24
  48   0  39  39   0   0   1  48  48   0   0  32   0   0   0  29  34  38   0   2  41   0   0   0   0   0   7  26   0   7  39  46   7  11  39  34   0  11  27  25   0   0   0   0  19  26  19   0   0   0   0   0  45   6  14  10   0   0  37   0  35  33   0   0   0
  25  36   0  38  18   0   0   0   0  47   0  50   0   0  36   0  44   0   0   0   0   0  14   1   0   5   0   0  22   0  15   5   0  50   0  13   0   0  26   8  10  33  45  48  34   6   0   0  21   0  36   3   8  40  20  21  11  42  21  35   0  16   0   0
   0  25   0  45   0  33   0   0   0   0   0   0   0  26  22   0  19   0   0   0  33  25  30  25   0   0   0  26   0   0  49   0   0  29  40   0  11   0  38   9  44   2   0   0   0  11   0   7   5   0  13  34   0   0  10   0   0   0   0  33  18  47  16
   0  43   0   0   0  19  45   0   0  45   7  48  41   6   0  24  42  48   5   0   0  30   0  14   0   0   0  35   0  17   0   3   9   0   0  30   0   0  47   0   0   0   0  49  20   0   0   0   0   0   0  24   4   0   0   0  39   0  36   0   0   3
  35   0   0  39   0   0   0  24  49   0   0  35  22   0   0   0  36  40   0   0  12  21   0   0   8   0   3  36   0  48   0  48   0  13  38  15  24   0  43  36   0   0   0   0  35   0   6  21   8  33   0   0   0   0   0  44  36   0  22  19   0
   0  32  34   1  49   0   3   0  20   0  45  34  50   0   0  19   0   9  49  49   0   0  38  11  49  29   0   0  48  26  20  33  14  23   0  46  46   0   0   0   8   0   1   0   0  14   0  25  30   0   2  25   0  29  23  35   0   0   0  47
   9   0   7  28   0   0  16   0  21   0   0  49  19  18   9  35   0   0   0   0   0  33  15   0   0   0  33   0   0  11   0   0  34  13   6  44   0   0   0   0  30   0  22   0   0  18   0   0  49  15  50   0   0  11   0   0  22  49   0
   0   0   0  11  27   0   0   0   1   0   0   0  43  23   0   0   0   0  16  38   0   0   0  21   0  14   0   0   0   0   0  45   0   0   1  47  45  12  43   0   0  27   0   0   0  50   0   0   0  29   0   0   0   0   9   7  32   0
  30  50   0   0   0   0   0  26  20  16  35  24   0  12   0  40   0  49   0   0   0   0   0  28  32   0   0   0   1  30   0   0   5   0   0   0  34   0   0   0   0   2   0   0   0   0   0  50  24   0   9   0   4   0   0   1  39
   0   0   0  26   0  39  26  43  35   0   0  32  38   0  15   0  46  11  10   0  29  48   0  50  10  25   0  25   9   0   0   0   4   0   0   0   0   0   6  29  31  50   0   0  49  10  28  14   0  32   0   4   8   0   0   0
   0  28   0  25  31   0  43   0   5  38  18  22  22  19  30   0   0  25   0   0   0   0  17   0  22   0   0  48   0  13   0   2   0   0  13   0  45  50  12   0  41  49   7  43   0   0   0   0  39  37  12  35   0  23   0
   0   0   0   0   0  44   0   0   0   0   0   0  44  28   0   0  37  35   8   0  39  19   0   8   0   9  12  34  16   0  28  24   0  35   0  43  50   0  37   0  50  48  42   0   0   0   0   0   0   0  10  18  36  30
  34   0   0   3  19   0   1  35   5   0  42   0   0   0   0  26  32   4  10   5   0  29   0   0  26   0  16  36   0   0  37  27   0   0   3  23   0  34  12  11   6   0  43  49   0   6  31   0   2  25   0   6   0
  39   0   7   0   9  40  36   0   0  46   0   0   0  29   0   0   9  25  27   0  14  48  19  33   0  48  30   8  14   0  18  49  28  44  47   0  12   1   0  29   0  17  22   0  48  47   0   0  33   0   0   0
   0  18   0  13  34   0   0  21  31   0   3   8   0   0   0  20  21  15  12   0   4  18  13   0  25   0   0   0   0  10   0  42   0   0   0  16   0   0   4  31   0   0  21   0  23  17   0  43   0   7   0
  31  21  21   0  35  36  36  33  23  36   0   0   6   9   0  25   0   0   0   0   0   0   0  29   0  22   0   0   6   0  41  45  11   6  35  10   0   0   0  35  41  27   0  10   0   3   6   0  35  11
   0  44   0   0   4  28   0  50   0  12  50   0   0  25  25  17   7  16  29  24   0   0  17  33   0   9  37  49   0  18   0   0   0   9  28   0  30  11   0   0   0  32   3   0   0   0   0   0   0
  22   0  32  23  31  44  41   0  10  10   0  17   0   0   0  25   5   0  19   0  20   3   0   0  10  23   0   0   0  34  34  46   0  10   0   0  30  11   0   0   0   0   0   0  39  32   7  49
   0   5   0   0   0  49  40  41  48   0  42   0  37   0  49  16   0   0  16   0   8   1   0  17  48   0   0   9  11   5   0   0   0   0  13   0  22   0   0   0   0   0   0   0   0   0   0
   0  13  44   0   9   0   0  42   0  43   0  41   0  18   7  12  23  47   0   0  42   0   0   0   0   1   5   0  30   0   0  42   6  14   0   0   9   0   5  11  12   1  18   0  12  50
  40   0   0   0   0   0   5   0  35  37  35   0   0  38   0  10  38   0   0   6   0   0   0   0   0   0   0  29   0  44  10   0   0  31  28   0   5  25  10   0  14   0   0   0  38
   0   4   0   0   0  50  21  48   0   0   0  12  46  27   0   9  14  19   7  43  13  13   0   0   0  37   9   0   0   0   0   0  12   8   0   0  45   0  26  27  17   0   0   0
   0  41  40  20   0   0   0   0   0   0   0  41   0   0  33  34   0  28   0  39  29  23   0   0  37  45  36   7   0   0   0  30   0  21   0   0   0   0   0  15   0   0   0
  49   0  15   0   0  26   0  45   0  44  29   6   0   0   0   0   0  44  43   0   0   0   0   6  18   3  46   2  41  43  31   0   0   4   0   0  25  44   0  13   0  48
  38   0  20   0   0  24  40  32   0  32  22  48   0   5  39   0  30   0  45   0  34   9  42  14   0  49   0   0   0   0   4  42   0  23   6   0  46   0  37   0  33
   7   6  32  46   0   0   0  30   0   0  38  32   0   0   0   0   0  47   0   0   0   0   0  36   0   0  14  44   0  10   7  14  21   0  24   0   5   0   0   0
   0   0  49   0  48  36  44   0   0  45  29   0   2  13  21  46  20  10   0  12   1  20   0   0  28  50   0   0  42   0  23   0  15  33  38  17  43   0   3
  24  39  34  31  16   0   0   0   0  20  23   0  31   0   0  42   0  47   0   0  36   0  15   0   2   0   0   0   0   0   0  25   2  11   0   0  48  47
   0   0   0   0   0   0   0  21   0   0  38   6   0  49  11  33   0  49   0   9   6   0   0   3   0  18   0  28  36   0   0   0  36   0  18   0  27
   0  23   0  45   5   0   0   8   3   0   4  22  21  44   0   0  11   0   0  27   0  38   6  29  36   0  29  48  48   0   0   4  29   0  26   1
   0   9   9  16   0   0  33  27   0   0   0   9  50  21   0   0   0   0   5   0  42  26   0   5  41  42   0   1   0   0  30  42   0   0   0
   0   0   0  38  48   5  17   0   0   0   2  11  40   0   0   0   0  10   0   0   0  28   0  19   5   0   0  34   0  14   0  19  47   0
  19  29   0   0   7  42   0   5  32  47   8   0   0  46  37  27  21  23   0   0   0   0  30   0   0   0  10   2   0  36   0   0  37
  23  29   0   7   0   0   0  30   0   0   8  47  12   0   0  37   0  34   9  46  25   0   9   0   0   0  33   0  16   0  32   4
   0   0  33   6  15   0  39  20   0   0  12   0  21  33   0   0  48  49   0   0  39   0   8   6   0  28  11   0   7   0   0
   0   0  15   1   0   0   0  24   0   0   0  41   4  25   0   0   0  34  46   0  39   0   7   0   0  23   0  22  12   0
  39   0   0   0   0  35   0  12   0   0   0   0   0   0  37  35  26   0   0   0   0  42   0   0  48   0  26  31   0
   0   0   0   0   0  16   0   8   0   0   0   6   0   0  19   0   7   8   0   0  50   9   0   4   0  20  39   0
  41   0  37   0  25   0   0  43   0   0  10   0  47   0   0  11   0  12  49   0   0   4   6  12   0   0  34
   2   0  29   0  36   0   0   0   0  24   0  19   0  47  10   3  28  40  23  35  12   0  39  36  15  47
   0  44  43   0  16   0   0  20   0  49  46   0  13  31  11   0   8   6  32   0  30   0   0   0  19
   0   0  44   0  14  50   0  10  28   0   0   0  29  30  19  35   6  14   0   0   7   0  22   0
   0  41  43  34   0   0   2  16  23  50   0  46   0  50   0   0   0   0   0  40   0  44   0
  20  46  26  42  42   0   7   0   0  27  36  30   0   0  42   0   0  16   0   0  15   1
   0   0   0   0   0   0   0   0   0   0  41   0   0  11   9   0   0   0   0   0   0
   0   0   0  40   0   0  45   0   0  20   0   0  13   0  46   0   0   0  20  22
   0   0  47   7  40  42   0  43   4   4   0   1   0   0  16  35   0   7  26
  20  40   0  20   0  20   0   0   0   0   0  47  22   0   0   0   0   2
   0   0   8  17  42   0  32   0   0   0   0   0  48  11   0   5  19
  43  36   8   0   0   0   0   0  24   0   0  16  44   0  43   0
   8  20   0   0  20   0  29  33  20   0  33   0   0  12  50
   0  34  46  42   0  36  15  37   0   7  26  10  29  20
   0   0   3   0   0   9   0  50   0   0  36   7   0
   0  42   6  47   0   0   0  12   0   0   0   0
  42  21  45   0   0   0  30   0  40  39   0
   0   7  26  22  33   0  14   0   0   0
   0  40   0  44   0   0   4  12   0
   0   0  25   0   0   0  10   0
  16  17   0  16  14   0  12
   0   0   7  15  25   0
  11   0   0   0   7
  36   0  46  18
   0  46  39
  23  22
   9

 1258
  20   7   3  20  25   6  25   5  24   2  25   5  14   9  21  23   9  13  19  17  13   1  19  19  12   3   3  16   4  20  24   2  20   8  23  25  15  14   2   3  16  16  17   1  12   5  10  13  15  20  24   9  16  24  23  20  13   8  19  11   9  15   6   5   7  13  11   4  21   1   3   1   7  16  20  16  18  17  25   7  21  10   3  20  18   7  25   4  10  10   7   2  18   6   4  25   4   6   8   1  14  10  25  19  21   6   5  25  15   3   6  12  16   8  22  19  19  10  25   2  17  12  20  17   4   1  24   3  19   1  22  19  22  24  15  11  24  15  14  23  12  11  17   6  20  10  23  16  21  13   2  14  20   5  17   3  18  11   8   1

