 160 
   0   8   0  45   0   0  50  31  48   0  37  32   7   0  42   0  36  18  48  37  38   0   0  13   0   0   0   0   4   0  27  41  33   0   0   9  26   0   0   0   0   0   0  50  49  17  30  26   0  49   0  37  46  25  20  48  26   0   0  41  50  47  41   0   0   0   0   0  20  14   0   0  22  44   0   0  38   2   0   0  37   0   0   3   0   5   2   0   0  10   0   0  11   0   0   0  21  31   0  27   0   0   0   0   0   0   0   0   0  27   0   0   0   0   0   0  26  41   9  16   1  48   2  48  18  49   9  28  42  22  31  43  40  41   0   0   0   0   0   0  16  50  22   0   2   0  50   0   0   0   0   0   0   0   0   0   0  50  35   0
   0  38  47   0  48   0   0   0   0   0   0   0  13   0   0   0  44   0   0  39   0   3   0  20  10   2   0   0  11   0  14  26   0   0  45   4   0  44  14   6   0  15   0   0  20  50   0  19   0   0  31   0  27   0   0   0  39   0   0   0   0  24   0  29  36   0  32  15  35  26  45   0   0   0  18   0   5   0   0   0  38   0  40  34  46   0  48  38  27   9  23  13   0   3   3   0   0   0  49   0   0  46   0   0   0  48   0   0  15  34  49   1  16  37   0  10   3  32   0   0   0  32  31   0  50  17   0  17  21   0   0   0   0  47  36   0   0  29   0  32  50   0   0   0   0   0   0  33   0   0   0   0  24  19  44   0  35   0  40
   0   0   0  40   6  28   0   0  30  50  42  31   0   0   0   0   0  16  43   6   0   0   0   0   0   0   0  17  35   0  48   8   0  32  40  50   9   0   0  14   6   0   0   0  17   0  44   0  37  38   1  36  26  14   4  18  10   5   0  42  35   0   0  29  32  27   0   0   1   0   0  28  30   0  36   0   0   0  21   0   0  13   0   0  28   0   0   0   0  21  40   0   0   5  12  29   6  16  28   0   0  26   0   0  35  16  23   4   0  42  46   0   0  43  22  17  25   0  21   0   0   0  14  38  44   0  50  40  23   0   0   0   0   0   0  46   0  25   0   0  17  29   0   0  23  16  24   3   0  24  22   0  37   7   0  35   0   0
   0  31   0   9   0  49   0   0   0   9   0   3   0  46   0   0  26  50  28  22   0   0  20   0   0   0   0  34  20   0   0   0  34  36  47  44  16  35  40   0  26   6  43  25   0   0   0   0   0   0   0   0   0  49  43   0  29   0  38   0  42  38   0   0   0   0   0  29  46   0   0   0   0   0   0   0   0  20  21   0  13   0   0  37  18  26   0  25  27   0  14  49  19  32  13  23   0   0  40   0   0   0  10   0   0  34  35  50   0   0  48   0   0   0   2  31   0  46   0  39  32   4   0  32   2   0   6  40  28   9  44  34   0  17   0   0   0   0   0  17   6   0   0  15   0  17  17   7   0   0   0  11  11   0   0   1   0
   0  28  43  21  36   0   0   0  40   0  41  42  49   0  44   1   0   0  25  43   0   0   0   0   0  11  24   0   0  33  29   0  39   0  46   0  28   0  50   3   0   0   0   0   0   0   0  11   0   9  45  34   0  27   0  39   3   0  48   0   0   3  17  38   0   0  27  28   3   0   0   0   0   0   0  37  40   0   1   3  13  11   0   0   5   3   0  11  39  38   0  14   6   0  12  23   0  17   9   0  30   0   0   0   0  25  19  26   5  20   5   0  39   0   0  48   0  15  32   0  33   6   0   0   0  39   0   0   0   4  33   0  22  49  40   0  13  20   4   0   0   4   0  17   3  12   0   0   0  24   9  38   5   0  19   4
  18   0   0   7   0   0  32  36  48  22  28  26   0   0  39  23   0  22   9   4  27  41  14   0   0   0   0   0  25   0  43  36   0   0  48  17  30  28  32  50  11  27   0  36   0  46  12   9   0  34  46  31   0   0   0   0  45   1   0   0   0  37   0  25  28   0  21   0  14  17  27   0  35   0   4   0   0   0  16   0   0  30   0   0   0  32  19   0   0   0   0   0  16   0   0  41   0  12   0   0  24   4  36  22  24   0   0   0  10   0  30  18   1  46  37  16   4  47   0  50  27  22   0   0  34   0   0   1  27  10   0   2  49   5   0   0   0  12   0   0  49   0   7   0   0  27  48   0   0  43   0   0   0   0   6
  10   8   0   0  38  46   0  10   0  28   0   0   0  28   0   0  46  23  46   0   0  46   0  18   9  28  21  46   0  50   0   0   0   0   7   0  11   8   0   0   0  37   0   0   0  49   0   3  17   0  12  30  43  17   0   0   0   0   0  19   0  24   3   0   2   0  16  28   0  39   0   0   0   0  49   0   0   0  14  17  10   0   0   0   0  12  18   0  19  16  47   0   0  47  27  20   3   0   0   1   0   0   0   0  12   0   0   0   0   4  21  27  31   0   0   0   0   0   9   0   0   0  37   0   0   0  15  34   0  50  17   0   7  38   0  32  25  27  10   7   0  12   0  35  14  31  27   0   0   4  45  31  36   0
   4  13   0   0   0   0  29  16   0  39   0  31   0   0  43  34   0  31  19   0   0  24   0  48  18  20  45  24  45   0   8   0   0   0  17   0   0   0   0   8   0  44   0  33   0  43   0  30   0   0   0  24  11   0   0   0  25   0   0  41   0   0  33  35   0  21   1   0  33   0   0   0   0   0  47  33  25   0   0  13   0  10   0  13   0   0  14  16   4  16   0  30  44   0  30   0  48   0  43   4  31   0   0   0   0  27  24   0   0   0   0  31  46  34  39  38   0   1   0   0  12   0  42   0   0  42   0   0   0  35   0  38   0   2   0   0   0   0   0   0  15   0   0   0  43   0   0  14   0  32  38   0   1
   0  25   0   0   0   2   0   0   7   0  21   0   0  38   0  35  39   0   0   9   7   3   0  50   0   2   0   0  10   0  50  34   0   0   0   0   4   0   0   0  19   0  10   0   9  25  36  40  24  10   0   9   3   0   0   0  49   5  43   2   0   0   0   0  21  20  39   2   0  24   0   0   0   0   0   0  48   0   0   0  32   0   7   0   0  50   0  11   0   0   0  10   0   0   0   0   0   5   0   0   0  17   0   0   0  41  23   0  28  22  39   0  12   0  29   0   0  19   0  25   0  11   6   0   0   0   0  40   0   0   0  41   0   9  21  43   0   7   4   0   0  14  43  34   0   0   0  41   0   0   0   0
  49  28   0   0   5   0  41  12   0  10   0  20  37   0   0   0  40  24  41   0  49  32  34  33  29  23   0  44   0   0  50   0   0   0  33   0  38   0  28  12  16  30  50  13   0  19  12  16   0   0   0   0   0  15   0   0  49   0  14  21  31   0  22   0  46   0   0   0   0  46   0   0   0   0  28   0   0   0   0   0   0   0  14  24   0   0  32   0  33  40   0   4  17  46   0   0   0   6  33  31   8  26   0   0  34  26  41   0  38   2  31  49   0  33  39   0   0   6   0   0   0  45   0  50  18  50  30   0  35   0   8   0   0   0  47  50  41  39  12  33   0   0   0   0   7  24  22  47   0   0  30
   0   0   0   0  20  42   0   0   0   0   0   0  21   8   0  41  42   0  35   0   0  49  22   0   0   1  20   0  17  33  15   0   0  32  42   9   0  34   0   0  28   0   0  24   0  27   0   0   0  28  33   0  15   0   0   0  21   0  15  36   0  37  15   1  23  29   0  23  41  38   0   2  36   0   0  35   0  21   0   0   0  29   0   0   7   0   0   0   0   0   0   0   0  29  29   0  24  13  11  13   0  43   5   0   0   0   0  43  17   0   0  20  37   0  26  40  18   0  32  44  11   0  20  36   7   0   0  11   0  17   0   0   4   0   0   0   0   6   0   0   2  30   0   0  36  34  20  24   0  47
   0   0  39  47   0  21  38  33  35   0  12   0  36  33   0  34   0   0   0   0   0  30   0   0   0   0   1  16  42   9   0  16   3   0  26   0  23   0   0   0  10  27   0   0  35  40   9   0   0   0   4   0  45   0   0   0  15  33   0   0  11  12  18   0   2   0  35   0  39   0   0   0   0   6   0   0   0  20  33   3  41  24  47  27   0  23   0  32   0   0   0  23   0  11  22   0   0   0  29  31  25   0   8   8  46  41  29   0   0  32   0  10   0   0   7   0  39  35   0  43   0  46   0  40   9   0  12  42  29   0   0  22   0  27  34   0  50  18  12  38   0   0  25   0   0  49   0   8  22
   9   0   0   0   0  39  17   0   0   0  21  21   0   0   4   6  26   0  49   0  32  43  50  46   0  41   0   0  45   1  19   0   0   0  35   0  22   0   0  41   0  17   2  16   0   0   9  36   0  42   0   0  45  45   7  26   0   0   0  10  30   0  28  21   0   0   0   7  11  49   0   0   0  48  22   0   0   0   0  19  19   0   0   0   0  14   0   0   3  33  16   0  18  31  27  50   0   0   0   0   0   0   0   0  40   0   0   5   0  43   0   0   4  32   0  15   0   0   0   0   0   0  43  10  34   0  29   7   0   0  49  12   0   0  46  10   0   5   0   0   0  29   2   0   0   0   0   0
   0  17  35   0   0  27   0   0   0   0   0   0  27   0   0  38  24  48   0  12   5   0  26  46  46   0   0   0   0   0   0  31  30  20   0   0  44  29  13   0   5  36   0  15  45  18   0  39   0   0   0  27  28   0  44   0  21  24   0  39   0   3  33   4   0  28  23  36   0   0   0   0   0  15  42  37  29   0   0   0  17  37   0  37  10  36   0   0  35   0   0   0   0  14   0  45   0   0   3  33  10   0  21  49  50  45  18   0   0  24   0  33   0   0  33   0   0  37   0   0  18   0  20   0   0  12   0  42  27  14  41   0   0   0   0  24  33   0   0   0   0  19   0  24   0   0   0
   0  39  50  42  36  47  35   0   0   0   0  15  29  30  27  18   0  38  35   0   0  43   4  16   0   9  49  19   8   0   0  10   0   0   0   4   0   0   0   0  37   0   0   0   0  16  24   0   0   0   0  41   2  41   3   3   2   0   0   0   0   0  15  41   0   6  17   7   0   0  37   0   7   0   0   0   0  16   0  23   9   0  35  36   0  26  35   0  12   0  13  31  14   0  13  45   0  14   0   0   0   0   9   0   0   0  32   0  22  15   4  34   0   0   6   0   0   0  36  11  33  31  24   0   3   0   0   0   6  29   0  43   3  25   0   0   0   0   0  43   0   0  16   0  12   0
   8   0   0   0   0  12  43   0   0  46   0  11   0  46   0   5   0  11  18   8   0   0  23   0  36   0   0   0  50   0  44  41  11  29   0  15  10   2  44   0   0   0   0   8   7  38   0  18  45  11  42   0   0   0   0  44  11  31  18   8   0   0  14   0   0  49   7   0   0  39   0   0   0   0   0   0  46  48  43  28  44   3   0  28   0   0  39   0   0  27  16  13  44   0   0  38   2  14   0   0   0  18   3   0   0   0  28   0   0  34  10   3   0  22   0   7   0   0   0   0   0   0   0  13  50   0   2   0  50   0  39  32   0   3   0   0  16  46  48   0   0   0  37   9  26
  35   4   0  36  29  16   0   3  12  19  48   5   0   0   0   0   0   0   0   0   0  23   0   0  44   0  42  33   0  46  42  34  43   0  38   0   0   0  50   0  33  49   0  45   0   0   0  29   0   0   0   0  44  33   0  15   0   4  47   0   0  42   7  16   0  21  15   0   0   0   0   0   0   0  23   0  25   0   0   0  25   0   0   0   0   0   0  28  47   0   0   0   0   0   0  11   0   0  25   0  32   0  11   0   1   0   0   0   5  24   9   0  18   0   3   0   0  36  38   0  12   0   0  37  12  34   0  42   0   0  28  11   0   0   0  34   0   0   0   0   0  27  10  19
   0   0  20  28  12   0   0   0   0   0   0   0   0  40   4  44  24   0  34   0   0  39  41   0   0   0  28   0   0  27   0   0  25  17   2  21   7   0   0  26   0   0   0  17  37  46   0  48   0   0   0   0  39  47   0   0   0   0   0   0  17   0  24   0   3   8   5   0  33   0  10   0   0   0  35   0   0   0  14   0   0   0   0   0  33   6   0   0  33   0   1   0   5  37  46   8  27   1   0   0  11  16   0   0   4  37  26  23  17  36   0  14   0   0   0   0  43   1   0  43  30  12   0   0  17  40   0   0  18   0   0   7   0  16   0   6   3  49   0   0   0   0   0
  33   0   0   0  15  16   0  33   0   0   0   0  49   0  20   0   0   0  10   0   0  39   0   0   0   0  40   0   0   0  45  19   0  46  13   0   0   1   0   0   5   0  39   0  36   0   0  49   0   0   0  39   0   0   0   0   7   0   9  29  17  37   0   0   0   0  27   0   9   0   0  35   0   7   0   0   0  16   0   0  46   0   0   0   9  47   0   0  19   0  13  50   0   9   0   0   0   0   0  17   5   0   0  38   0   0  49  29   0   0   0   0  26   0  47   4   0  22   0   2  32  41  43  44   0  47  23   0   0   0  27   0   0  34  25  43   0  14  13   0  48   0
   0   9   9   0   0   0   0  28   0  22   0  43  11   0  20  40  36  34   0   0   0   0  36  36   0  10   0  48   0   1  28  36   0  46   0   0   2   0   0  38   0   0   7  40   0   0  28  37   8  28   9   9   8   0  38   7   0  32   0  21  25   0   4   8   0  14  39  24   0   0  32  18   0  26   0   0   0   6   0   0  15   0  29   4  38   0   0  31   0   0  14  13  37  50   0   0   0   0   0  41  12  19   0   0  18   0   6   0   0  14   0  15  44   4   0  31   0   7  33   0   0  13   0   0  50  47   3   0   0  37   0  38   0   3   0   0   4   0  10  38   2
   5   0  22   0   0   0  34  10   0   0  27  26   0   0   0   0   0   0   0   1  31   0   0   0   0  48   0   0  31  28  15   0   0   0   0   0  29  39   0   0   4  34  23   3   0   0  37  29  33   0  39  42   0   0  34   6  10   0  46   0   0  49   0  27  31   0   0  46   0  45  48   0   0  36   0  13   0   0   0   0   0   0  41   0  46  41   0   0   0  21   1  35  22   0   0   0   0   0   6   8   3   0   8   0   8   0   6  23  13  44   0   3   0   0   0   0   0   0  26  14   0   0   0   7   0   0   0  46   0   0   0  10   0  33   0   0  11   0   0  45
   0   1  31   0  39   0   0   0   0   0  11  25   0   0  42   8  37   0   0   8  45   0   0  12   0   0   0   0  20   0   0   0   0  21   0  43  46  50  10   0   5  45  25  30  16   0   0  35   0  42   0   5  49  50  36   0  23  27   0   0  15  10   0   0   0   0   0   0  49   0   0  28  47   0   0  33  18  50   0   0   0   8   0   1   0  30   0   0   0  29   0  15   0   0   0  23   0   0   0  14   0   0  29  14   0   0  46  19  27   0   0   0   0   0   0   0   6   0   0   0  47   0  40   2   0   0   0  42   0  37  47   0  50   0  36  29   0   0   0
  35  48  20   0   6  21   0  20   0  24   0   0   0   0  38   0  29   0  12   0   0  25  44   7  29   0  16   0   0   0   1  39  10   0   0  27   9  21   0   0   0  23  11   0   2   0   0  28   0   0  27   0   0  26   6   0  13   0  47   0   0   0   5   2  17  43   0  26   2   3  10   0  41   3  32  27  39   0   0   0   0   0   2  35   0  27   0  32  28   0  34  43  22   5   5   0  21   0   4   0   2   0  43  16   0   0   0   0  24   0  43   0   0   0   0  50   0   9  12   9  21   0   0   6   0   0   0   0  31   0  32   0  30   0   0  13   0  11
   0  34   0   0   0   0   0   8   7   0  44  44  46  30   0   0   0   0  29  39   0   6  10   0   0  13  22   0   8  39  10   0  37  43   0   0   0   4   1   0   6   0   0   0  44   4   0  11  19  11   4  38   0  24  17  25   9   0  25  49   0   0   0  10  24   0   0   7   0   0   0  21   0   0  39  13   2   0   0  18   0  11  46   0  14  33  14  38  35  19   0   0   0   2  20   6  27   0  18   0  35   1   0  23   0   9   0   0  10  41  31   0   0   0  42   0  30   0   8  43   0  25  19  22  12   0   0   0   1  47   0  42  20  21  23   0  26
   0  49   6  21  45  16   0   0  36  19  11  32   0   4   0  40  10   0   4  21   0   0  29   0   0  37  38  50   0  19   6   0  14  27   0  17   0   0   0  32   0  47  40   0  15   0  48  37   0  32  31  49   0   0  10   0  27   0   0  39  10   0   0   0   0   0  31  18   0   0   0   0   0   0  11  48  16   0   0   4   4   0   0  24  46   7  13  17  12  43   0  33   8  13   0  44  44   0   0   3   0   0   0   3  47  35  29  45  41   0   0  39   0  32  28   0   0   6   0   0   3  23   0  38   8   0   0   0   0  30   0   0   0   0   0  32
   0   0   0   0  20  16  25  44   0  34  14  47   0  10   0  41  16   0   0  29  11   4  26  43   0  11   0   0  45   0  32  17   0   0   0   0   0   0   0  16   9   0   0   0   0   3   0  37  36   0   0  24   9   0   0  16   0   0   3  29  15   0   0  12   0  13   0   5   0   7  47  17  38   0  36   0  11  37   0   8  28   0   0   0  42   0   0  35   2   3  49  37   0   8   0   0  41  32   0   0  30   0  24   0   0   8   0  10   0   0   0  31  33   0  47   2   0   6  10   0  10  13   0   0   0  50   0  29   0  11   0   0   0   0  19
   0   0  49   0   0   0  29   0  36   0   0  26  13  50  34   0   0  30   0  42   0   0  47  36   2  15  31   0  31   0   0  44  45  32  14   1  20   0  28   0   0  22   9  40  28   0   0  37   0   0  34   0   0  48  11   0  27   0   0  17   0   0  32   0  16   0   0   0   0   0  10   0  29   0  17   0  32   0  49  40   0   8  21   0   0   0  29  29   0   0   0   0   9  19   0   0   0  17  40   0   0  20   0   0   8  21  46   0   0   0   0   0   8   0   0   0  24  44  26  11   0  38   0   0   8   0   0  10  28   0   0   0  12   0
   0   0  31  19  35   0   0  36   0   0  28   0  44   0   5  23  33   9  23  46   0  37  30   0   0   9   4  15  15   0  49  43  42  30   0   0   3   0   0  50  42   0   5  47  24  33   0  44  34   0   0   9  50  15   0  39   0   0  47  48  30   0   0  31   0  11   0   0   0   0   0  13   0  44  38  17   0  25   0  26   0   0  31  42   0   0  12  35  18  48   0  47  28   0   0  36   0  26   5   0   0   0  22  12  28   0   0   0   0  31   0  43   0   0   3  29  50   0  42  42  39   0   0   2   0   0   0   0   0  23  22   0  33
  45  19  25  36   0   0   0  34   7  19   0  32   0  29   0   9   6  40   4   0   0  13   0   0   2  27   0   0   0   0   0  46  45  18   0   0   0  33   0   0   0   0   0   0  26   0   0  35  40   0   8   0   4  38   0   2   0  32  37   0   0  47  27  31  31  39   0   0   0  14   0  30   0   4   0   7   0   0   0   0   0   0   0  41   0   0  25   0   0   0  37   0   0   0   0  16  31   0   0  42  48   0  33   3   0   2   0   0  22  22   0   0  27   0   0   0   0   9   5  34  11   9  45   4  46   0   0  26   0  41   0   0
  36  30   0   0  12   0  14   0  17  26   0  10   0   8  18   9  27  46   0   0   8   0   0   0   0   0  41   0  35   0   2  38   0   0   0  33  28  25  50   0   0   0   0  38   0   0  50   0  28   0   8  33   0  40   0   0   0  13  23   0   0   0   0  15   0   0   0   9   0   0  26   0  34   0   0   0  46  41   0   0  31  32   6   0  46   0   0  25   0   4   0   0  46   0   0  49  47   0   4   0   0  22   1  38   0  18  14   0  37  41   8   0  35   0   3   0   0  39   0   0   0   0   0  40   0   0   0  46  10   0   0
   0   0  31  42   0   0  42   0   3   0   0   9  18   0  10   0   0  11  20   0  18   5   0  37   0   0   0  12   0  17  27   0  20   0   0   0   8  13  13   0   0   0   0  29   8   0  43  32   0  42   1   0   0  20  12  47   0   0   0  43  29   0   0   0   0   0  47  16   0   4   0   0  46   0   0  24  11   0  18  31  24   0   0  13  36  44  46  22  25  34  43   0  11  21   0   8   0   0  41  49  50   0   0  35   0   0  44   0  44   0  24   0   0  47  47   0   0  28   0   0   0  35   8  33   0  36   0  11  29   0
  30   0   0   0   0  17   0   0   0  15   0  25   0  45  21   0  35   0   0   0  47  10  45  40   0   0  34  23   2   0   0  23  26   0   0   0   0   0   0   0  12   0  33   0   0  41  34   0  24  17   0   0   0   0  32  26   0   0   0   0   7   0  31   0   0  38   0   7   0   0   2   0  28   0   0   0   0  37  14  13   0   0   0   0  21  35   0  26   0   1   9   0   0   0  23   0   0  39   0  21   0  10   0  26   0  32  38  13  38   0   5   0  37   4   0   0   0   0  33  46   0  37   0   7  18  12  14   1   1
   6   0   0  11   0   1  47   0   9  14   0   0   6   0  26   0   0  39   0   0  29   0  14   0  17   0  17   7  37   4   0   0   5   0  28   0   0   0   0   0   2   0  35  19   0   0   0   2  25   8   0   0   0   3  40  28   0  11   0   0   0   0  49  23  29   0  27  36  17  46   0   0   0   0   7   0  18  42   0  43   0   9   0   0   0   3   0   0   0   0   0  18   0   0   0  46   0   0   0   0   0   0   7   0   5   0   0   5  14   0  24   0  38   0  49   0  33  48   0   0   0  27  10   0  31   0  39   0
   0   1   0   0  45   0   0   0   0  10   3   0   0   0  12  20   0  16  20  47   0  25  36   0   0  10  39   0  22  13   0   0   0   0  25   0  22  49   0   1  45   0  18   0   0   0   0   0   0  44   1  18   0  44   0   0   0   5   0   0  40  38   0  35   0   0  17   0  12   0   5  14   0   0  22  28  33  10   7  35  40   0   0  49   8   0  24   0   0  13  39   9  36   0  10   0   0   0   0   0   0   0  43  15   0   0   0  12   0  37   0   0   0  48   0   0  27   7   0   0   0   5  10   0   0   0   0
  13   2   1   0  18   0  50   0   5  45  29   0   0   0  30  42   0  30  11   0   0   0   0   0   0   0   0   0  34  22  14   0  30  17   0  14   2  44  47   0  25   6   0  49   0  30   5   0   0   0   0   2  46   2  35  19   6  11   0   0   0  36  43   0  32   0  20  37  45  27   0   0   0   0   0   0  33  32   0   0   0   0   0   0   0   6   0   6   0  18   0   0  45   0  17   0  42   0   0   0   0   0  16  23  15  44  20  24  25   0  28  25   0   0   0   0  41  26  32   0  49   0   0  10   0   0
   0   0  34   0  44   0   8   8  33   0   0   0   0  13   0   7   2   2   1   0   0  27   0  34   0  29   0  43  34   0  37   0   0   8   3  13  37   0  28   0   9  10   0   0   0  27   0  43  47  48  48   2   0   0   6  20  12   0   0   0   0   0  28   0  19  27   0   0  40   0   0   0  15   0  12   0   0   0   0   0   0  24  30  48   0   0  38  23   7   0   0   0  43   0   0   0  12  49  28   0   0   0  11   0   0   0   0  13   0   0   0  35  12  27   0  44  47   0   4  32  29  34   0  13  31
   0   0  46  11  33   0   0  31  15   0  32   0   0  50   0  23  20  37   0  42  23   0   0   0  49   0   4   0   0  46  15  28  24   0   0   0   9   0  12  29   0   0  15   0   0   0  34   0   0  19   0   0   0   0   0  21  22  48  43   7   3  38  38  36  35   8   0   0   0   0   0  17  35   0  23   0   4   0  38  32  10  22  16   0   0  42  14  32  32   0  39  50  18   0   0   0  49  26   0  31   0  29  22   0   1   0   0   0   0   0  42   0   0   0  50   0   0  38   0  20   0   0  43   0
   0  18   0  11  22  22  14  38   0  48  34  49   9   0   0  36   0  50  20  33  14   1  37   0   8  46  27  14   0  23  49  50  25   5   0  48   0  44   1   9   0   0   0  11  10   2  21   0  25  27   0   0   7   0  38  49   4  29  44   3   5  44   0  32  37   0  10   0  13   0   5   0  42  13   0  49   0   2   0   0  21   0   0   0   0   4  14   0  28   0  45   0  43   5   0  16   0   0   4  31   0  33  27  20   0   0   0   2  15   4   0   0  16   0   0   0  34  15   0  19  44   0  25
   0   0   0   3   0   0  33  37  41   0   0   0  22   2  39  21   0   0   0   0  42   4   0   0   0  30  25  13   0   0   1  20   3   0   0   0  16  11   0  45   0   1   0   0   0   0   0   0   6   0  15   0   0  21  21   6   0  28   0   0  13  50   0   0  40   0  14  29   0   0  30  42  23   0  37   0   0   0   0   0   0  29   0   0   0  15   0  13   0   0   0  35   0   2  18   0   0  28   0  25   0   0   0   0  34   0   0  22   0   0   9   0   2   0  10   0   3   4   4  10  48   0
  11  39   5   0  48  10   0   0   0  48   3   0  33   6   0   2   0  20   0   2   0   0   5   0   5  45   7   0   0   0  22  11  30   0   0   0   0   6   0  13  19  30  32   0   8  17   0   5   0   0   0   0  47   0   0  15   0  41  25  35   0  28  10   0  41  40   0   0  38   0   0   0  34  11   0  22  31   0  46   1   0   1   0   0   0  50  16  15   0  13  49   9   0   4  14   7   0  11   0   0   0   9  35  46  25   0   7   0   3   5   0  10   0   0   5  45  34   0  20   8  11
  49  28  41   0   0  40  48  47   0  30   0  36  47  21   0  35   0   0  47   0  43   0  23  41   0  40   3  26  26   5   0   7   0   0   0  19   5   0   7   0  13   0  11   0   0   2  34   1  36   0   1  36  22  20   0  31  40   0   0   0  37   1   0   0  22   0   0   0   0   9  30  27   0   3  42  12   0   0  22   0  49   0  40  37   0  34  41  20  25   0   0   0   0   0   0   0   0  28  43   0   3  16   0   0   0  47   0   0  29   0  25  39  27   9  21   5   0  33   1   3
  21  26  10   6  34   0  49   2  41   0  44  40  17  28   2   0  49   4   8   0   0  30  18   0  38  24   0   0   0  15   0   0  29   0  20  12  28  12   0   0   0  41  47   0   0   0  23   2  22   0  29   0   0   0   0   0  18  33  34   0  45   0  10  21  42   0   7  46  17   0  16  23   0   0   0   0   0   0   0   0   0   0  10   0   0   0  20  32   0  47  49   0   4  22   0  43  31  15   0   0   0   0   0   0  10   0   0   0  29  41  12   0   0  38   0   0   0   0  48
  43   0   0   0   0  25   0   0  37  10  22  26   3  43  31  46   0  33   0  12   0  46   0   0  38   0   0   0  37   0   8  44   0   0  21  50   0   0   0   0   0   0   6  21   0  26  21  14  14   0   0  20   0   0   0  31   0   2   7  34  37  48  10   0  14   0  48  11   0   0   0  31  42  37  23   0  32   0   0   0   0  34   0  16  10  32  25   0   0   0   0  16  10   0   0  13   0   0   0  12   0   0   0   0   6   0   0   0  10   0   0   0   0  32  44   0  50   0
   0   0   0  34   1  41   0   0   0   0   0   0   0   0   7   0  35   0   0   0  10   0  15   0   0   0  50   0  19   0  23  36   0   0   0   0   0   6  15  34   9  37  37   0   0   0   0   0  45   4   0   0   0   0   4   0  20   0   0  14   0  26   0  34   0   0   0  46   0   0  11  25   0  22   0   1  15  12  13   0   0   0   9  11   0   0   8   0   3  30   0   0  41  37   7   0  17  22   0   0  29  39   1  17   9   8  39   0  27   0   0   0  28  24   0  19   0
  13   0   4  31   0  43  15   0  43  12   9   0  27  28  33   0   0   0   0   0   2   0   0  32   6  21   0   0   0   0  36   0   0   0   0  21   0   0   0   0   0  28  23   0   6  44   2  20   0  12  40  50   3  22   3   9   0   0  12   0   0   0   9   0  11   0   0  46  41   0  38   0  42   0   0   0  39   0   0  32   0   0   0   0   0   7   0   0  30   0  49  39  46   0   0   0  15   0   0   6   0   0   0   0   0   0  28  18   0   7   8   0  49   0   0   0
   0   0   0   0   0   0  49   0  42   0   0  47   0  24  21  28  28  27   0  16  22   0  49  32   0  10   0   0   0   0   0  23   0   1  48   0  20   0   0   2  22  42   0  46  40  32   0  37  45  34   0  12   0   0  38   4  31   0  19   0   5  41  43   0  19   0   0  25   0   0  23   6   0  20  22  33  30   0  20  15   0  19   0   0  19  43  31  32   0   0   0   0  30  27   0   8   2  49   0   5   0  30  41   0   0  34  13   0   9  20  34   0   0   0  45
   0   5  36   0   0  20  22  12   0  35   0   7   8   0   4  26   0  23  33   8  32  29  43   0  29   9   0   0   0  22   8   0  43   0  37  48   0   0   0  36   0  17  13   0  26   0   0   6  10  11   0   0  12   0   0   0  26   0   0   0   0  50   0   0  21  35  50   0  42  42   4   0  30   0  44  45  13   0   8   0  46  23   0  21   0   0  22  41   0  15   0  44   7   0   7   0  23   0  49   1  47   0   0  29   0  18   0   0   0  22   0   0   0  18
   0   0   0  44  11   0  35  35   0  16   0   9   0  39  26   0   0   0  16  21  31  37   6   3  33   0   0  43  10  42   0  13   0  11  10  44   0   0   0  46   0  41   0   0  22   0  26  13   0  33  19  13  46  31   0   0  23  22   0   0   9  39   0   0   0   0   0  21  15   0   0   0   0  23   0   0  50  16  27   0   0   0   0   0   5   0   0   0  32   0  38   0   0   0   0  34  29   0   0   0   0  16   3   6   2   0  30  42   0  38  19   6   0
  42   0   0   0   0   0  29  13  14   0   0  27   0  28  23   0   0   0  37   0   0   4   0  38   0  27   9   0   0   0  27   0   9  32  40   5  13   0  14   0  31  25  34   0  40  21  28  22  47   0   0  48  16   0   0  25   5   0   5   0  29   8   8  30   0  37   0   0   4  46   1   0   0   0   0   0   8   0  39   0   0   0  26   7   0  14  19  46  50  41  38   0   7  25   0  34   0   0  23   0   0  49   0   0  42  46  49  14  30   0   0  43
  23   0   0   0  33   0  39   0   0  45  29   0   0   0   0   3   0   2   8   0  10  44   0   0   0  31   0  32   0  14   0   5  12   0   0  27  30  28   0  34  44   0   1  30   0  43   0  46  16  35   0   4  13   0  33   0  42  20   0   0  47   9  48   7   7   2   0   0   0   4   9   0  41   5   7  24   0  13   0  20   0   0   0  30  35   0   0   0   2   0   0   0   0   0   0   0   0  15   0  29   0   0  30  43   0   0   0   5   4  39  16
   0   0   9   0   0   4  16  31   0   0   0   0  21   0   0   0   0  43   0   0  41  35   8  13  50  37  32   0   3   0  27   8   0  29   0  34  32  31   0  29   0   0   0   0   4   0   0  12   0  21   0   0   1   0  42   0   0   0   0   4   0   0  18   0  16  25   8   0   0   0   0   0  27  18   0   0  48  49  33   0   0  44   0  26  19  17  37  30   0  16   0  13  40   0   0   0   0   0   0   8  16   4   0   0   4   0   0   0   0  31
   2   2  28  50  44   0   0   0  42   0   0   0  40   0   0  46   0   0  47   0   9  49   0  16   0   0   0   0   0   0  15  38   0  39  47   3  45  10   1  36  20   2  28  20   0   0  14   0   0  47   0  50   0   0  19  41  16  47   0   3   0   0   4  13   0   6   0   0  38   0   0   0   0   0   0  15  35  50   0   9   0   0   0   0  29   0  27   0  15   0  19   0   0  32  20   5  39   0   0   0  12  42   0   1   3   0   0  43   0
  24   7  45   0  27  23   0  30   0   0  10   0  20  40  29   0  17   0  19   0  40   4  28   0  10   0   0  36  18  45   0   0   0  37   8   0   0  45  25   0  31  11   0   6  15   0  43   0  24   0   0  21   0  40   0   0   0  22   0   0  31   0   0  43  41   0   0  21   0   0  48   0   0  13  42  12  24  20   0   0  39  41   9   0   0  39   0  25   3  25   1   0  12  18  34  48  20  46   1   0  35   0   0   0   0   0  14   0
  19   0   0  38   0   0  19   0   0   0  21   0  34  42  11  32  10   9   0   0   0  20   0  12  24  45  27  17   0   0   0   5   0   1   0  42   0   0  31   0  36  39  45  33   0   0   0   0  40   0  44   0  25   0  41  29   0  23   0   0  10   0  19   0   0   0   0  50   0   0  39  24   0   0  40   0  46   0   0  44  16   0  23   0   0   0   0  33   6   0   0   0  39   0   0  42  33  37  46   0  32  39   0  15  11   4  11
  43  47  50   0  28   0  43  17   0   0   0   0   0   7  43   3   0   5   0   0  35   0  31   0  31   0  25   0   0   0   0  46   0   0  16  27   0   0  29   0   0   0  21  21  30  24   0   0  10   0  36  22  29   0  13   0  46  12   0   3  34   0   0   0  18  28  48  42   0   0  38   0   0  27   5   0  46   0  14  49   9   0  45  45  14  40   0  25  13  36  15  38  34   0   0  36   0  17  26  44  15   0   0  48  39   0
  18  45  44  48  36   0   0   0   0   3  23   0   0   0   0  20   0  25   0   0   0   0   0   1  18  44   0   0   0   0   7  15  19   0   0  29  21   0   0   0   0  19   0  36   1   0  10   0   0  18  38   0  22   0  50  23   0   0   0   0   7  48   0   0   0  37   0   0   0   0   0  38   0  28   0   0   0   0   0   0  13   0  45   0  26  48   0  12  37  46   2   0   0   0  32   0   2  17   0   0   0  21  39   0   0
   0   0   0   0  14   0   0   0   0   0  23   0  48   0  37  27   0   0   0  43  26   1   0   0   0   4   0   0   0   0   0   0  15   8  15   0  42  24  14  37   0  32   0   0  23   0  22  17   0   0   0  40  43   0   0  32  42   0   0   0  34   0   0   0  40  14   4  35  11  26  37   1   0  34   8   0  41   0   0   0   0  44   0  17  38  23  42   0   0  48  22   1  34  15  11   7   6   0   6  23  31  13   0   4
   0   0  43  34  10  41   6   0  21   0   0   0   0   0   5  20   0   5  29   0   7   0   0  39   0   1  16  33   0   0   0   0   0   0   0   3  20   8   0   0   0   3   6   0  34  17   0   0   0   0  15  17  34  29  21   0   3   0   0  10  37   0   0  17  20  29   4   0   0  48   0   0   7  49   5  19  26   0   5   0  35   0  28   0   4   0   0  23  47   5   1   0   0   0  20   7  49  44  26   0  32   0   0
  37  23   0  17   0  21   0  21   0  28  29  50   0   0  19   0   0   0   0   0   9   0   0   0  45  21  11   0   0  12   0   0   9   0   0   8  23  31   0   0   8   0   0   0  44  21  41  25   0   0   0   4   0   7   7   0   0   0  38   0   0   0   9   0  37   0   8  36   0  49  34   2  15   0   5  26   0  48  29   0   4  14  17   0   8  46  21   0   0   9  31   0  26   0   0   0   0  29   0   0  25   0
  21   0   0   0   0  19   0   0   0   0   0  31   0  50   0  18  32   5   0  37  28   0   0   0   0   0   0   0  21   0   0   0  21  43   0   0   0  36   9  27   0  22  19   0   0  18   0   0  35   0  23  14   0   0  29  24   0   0  15   0   0  15  47  15   0   9  38   0   4   0   0  13  40   0   0  30  10   0   0   0   0   0   5   0   0  12  15   7  13   3   0  13   0   0   0   0   0   9   0   0  48
   0   0  37   2  48  39   0   0   0   0   0  27  27  17   0   0   0   0   6   0   0   0   0  34   0   0  26  24   0   0   0   0  20   0   0  50   0  49   0   0   0  42  35  44   0   0  34  16   0   0  12   0  50  37   0  39   0  39   0   4  16  48   0  41   0   0  33  30   0  45   0   0  12  14   0   0  17  46   0   0   0   0   0   0  17  16  31   0   0  45   0  16  41   0   0   0   3  19   0   6
   0  48  18   0   0  45  13  16   0   0  43   0   0   0  13  11   0  43   0   0   0  24   0   0   0  30   0   0   0   0   0   0   0   0   0  30  29  42  35   0  19  35   0   0   0   0   0  26  36   0   0   0   0   0  46   0  29  16  41   0  16  41   0   0   0   0   0   0   0   0  36   0   0  43  46  22   0  27  44  47   0   0   0   0   0  17   0  40   0   0   0   4   0   0   0  12   0   9   0
   0  38  38  14   3   0   0  29  17  22  28  17   0   0  37  15  36   0  48  44   0   0  35   0  18   0   0  26  19  49   6  38   0   0   0   0   0   0   0  14   5   6   0  12  42   0  12   0  42  35   0   0  50   0   0   0  47   0   0   0  33   0   0   0  19   0  18  21   0   0   0   0   0  21  26   0   0   0   0  50  31  44   4  36   0   7  25   3  38  50   0  12  25   3  25  19  30   0
   0   0   0   2  33  45   0  42  39  47   0  33   0  20   0   0  43   3  44   0   9  50   0  35   0  14  16  39   0  11  35   0   0   0   0   0   0  12  36   0   1   0  48   0   0   0   0   0   0  36  10   0  22   0   9   8  25   0  15  49   0   0   0  49  43  43   0   7  34   0  34  50   0   0  20  21  45  39  17   0   0   0  25   0   8  47  11   0   0  17  27  12  32  27  26  37   0
   0   0   0   0  34  37   0   0   0   0  30   0   0   1   0   0   0   0   0   0   6  21   0   0   0  28  34   0   0   0   0  21   5  19   0   0   0  48  34   0   0  27   0  10   0  22   0  43   0   0   0   0  50  18  37  44   0  29  49   0   0   1   0   0  30   0  18   0   0   0   0   0   0   0  42   0  15   0   0   0   0   0  19  28  30  29  11   0   4   0  29  50  20   0  31   0
   0   0   0   0   0  50   0   0   7   6   0  41   0   0   6  22  36  25  25   0   0   0   0   1   0  18   0   0   0   0   6  50   0   4  22   0  30   0  17   0   1  39  18  26  45   4  13   0  42  19   0  25   0  45  25   0  31   0  29   0  42  24   0  49   0  25  15  11   0   0   0  15  26  28   0   0   0   0   0   0   0  25   0   0  30  48   0   0  41   0  10  24   0  16  16
   0   0   4   0  19   0  14  14  18   0  29  13   0   0   0   4  23   1   8  40  44   0   6  50   9   0   0   0   0  41  41  23   6  38  14   0   9  12  49  19   0  43  43   0   1  17   0  15  47  19  43   0   0  16  41   0  39   0   0  31   0   0   0  39   0  23   0   2  45  20  19   0  48  27   1  35   5   0   0   0  41   9  31  44   0   0   0   0   0  40  23  46  38   0
   0  24   6  16   0   8  22   0  36  10   0  32  16   0   0  34  11   0   0   0   3  48   0   0  33  50   0   0   9   0  31   2  16   0   8   0  45   0   0  47  40  14   0   0   0   0   0  17   0  26   0   0  40   0  49  46   0  41   0  14   0   0   7   0  40  17   9   0   0   0   1   0  10   0   0   0  21  34  50  49  23  15  10   0   0   0   0  34  41  13   0   0  27
  46   5   0   0  34  50  35   0   0   0   0   0  31   0   0   0   0   0  49   0   0  23   0  46  10   0   0  34  45  25  42   4  16   0   0   0   8  46  18   0   0   0   0   0  35   0   0   4  24   0   0  12   6  49  12   0   0  36   0   0  35   0   0   1  18  13   0  22  21   0  28  44   0  34  48   0  26   0  30   0  16  42  29   0   0   0  18   0  28   0   0   0
   0   0  29   1  39   0   0   0   0  15  47  45   0   0   0  42   0   0  42  44   0   0   0   5  42   0   0  17  43  37   0   0  21   0  25   0   0   7  50  42   0  25   0   0  26   0   0   0   0  14   0   0  10  44   0   0   0   9   0   0   0   5   0   0  36   0  32  37   0   0  29   0  11   0  17   7   2   0   0  20   0  46  18   0   0  45   0   0   0   0   0
  21  43   0   0   0   0  22   0   0   0   0  20  13  13  12  12   0  24   0  18  16  37  42  12  32  47   0  48   0   0   0   0   0  43   0  15   0   0   0  21   0  35   0  47   0  48  44  23   5   0  16   7  37   0  14   0  38   0   0   0  49  35  42   0   4   7   0  45   0  33  47  12  17   9  34   7  43   0   1  47  38   0   0   6  23  27   0   0  38   0
  41  38  43  50   6   0  32  11  25   0   0  47  40   0   2  25   7   0   0  33   0   0  17  44   9  41   0   0   0  26  31   0   0  42  39   0   6  40   5   0  26   0   0   4  13  25  42   0   0   0  31   0  19   0  39  24   0   0  31   0   0   0  16   0   0   0  20   4   0   0   0   0   0  15  30   0   0   0   9   0   0  27   0   0  16   0   0   0   0
   7   0   0  47   0   0  29   0   0   0  10   0   0   0  39   0   0  41   0   0   0  44   0   0  45  38  11   0   0   6   5   0  10   0   7  42   0  29   0   0  29   6   3   0  26   0   0   0   0  37   0  50   0  13  40   0  32  10   0   0  31  19   0   0  35  43   0   0   0  39   4   0  45  28  32  31  27   0  21   0   0   0   0   0  42   0   0   0
  46  47   0   0   0   0  33   0  36  50  14  26   0   0   0   5   0   0  26   0   4   0   0  17  28   0  10   0   0   8   6   1   0   6   0   0  39  23  18   0  15  11  42   0   0   0  44   0   9   4   0  38   0   0   0  31   0   0   4  37   8   0   0   0   0   0  15  50  38  15  34   0  20   0  20   0   7  50  42   0  47   0  27  36  31  12   0
  36  31   0   0   0  20  48   0  30   0  14  32   0   0  39  18   0  24  20   0   0   0   0  32  26  21   0   5  44   0  48   6  39   0   6  33  35   0   2   0  44   0  13   0  26   0   0  42  21  13  32   0   0   0   0  35   0  28   0  13  13  10   0  24   0  19  44   0   0   0   0  49  31  10   0   0   0  43   8  40   0   0   0   0   0   0
  13  48   8   0   0   0   0   7  25   0  13   0   0  19  21  23   0  23   0  20   0   9   0   9   0   0   0  32   0  38   4   0  34   0   0  50   0  37   0  39  49   0   0   0  40   0  47  36   0  35  15   6   0  25   0  22   0  18   0  26  42   0   0  31   0   0   0  30   0  35   0   0   0   0   0   0   0  11  42   0  11   0   0   0   0
   0  46   1   0   0  32   0   0  22  45   0  46  28   0   0  19   0  27  14  40   0  21   2  39   0   0   0   2   0  28   0   0  39  25  30  49  38  38   0   0   0  46  30  23   0  33  19  30   0   0  21   0   0   0   5   0  42   0  15  49   0   0   0  50   5  45   0  20   0   8  44  40  18   0   0   7   0   0   0   0   0   0  36   0
  23  34   0  19   0  32  41  43   0  19   0   0  47  48   0  46   5   1   0  42  21  18   0  46   8   0  16   0  41  16   1   4   0   0   0  27  48  34   0   0   0  40   0   0   0   8   0   0  22   0   2  26  35   0  35  43   0   0   0   0   0  31  19  34   0  15   0   0  34   0   0   0   0  29   0   0   0   0  40   0   0   0   0
  16   0  11  37  12   0   9  35   0  41   0  47   0   6  39  41   0   2   2  36  21  17   0   0   0  29   0  11  14   0   0  17   0   0   0  43   0  37  30  28   0   0   0  19   0   0   0  13  33  26   0   2  32  22   0   0   1   0   7  41   4   0  25  25   2  11   0  11   0  23  24   3  41  48   4  25  22   1  16  43  43  32
   7   0   9  48   0  23   0   0   0  10   0   0   0   0   0  17  32   6   0  50   4   0  16   0  12   0   0   0   0   0  17   0   0  18   0  11  32  26   0  22   0   0  27   6   0  50   0   0  37   0   0   0  23  44   0  33   0   0  41   0   8  42  12   0   0   0   0  24  30   0   0   0  15  18   0  32  35   0  13  29   0
   0   0  47  25  21  30   0  48  13  14   0   0  33  48   0   8  30   0  26  18   3   0   0  26   0  16   3  14  14   0  36   0   0   0  41   0  11   0  30   0  20   0   0   0  31  37  32  22   0   0   0  47  49   0   0  39  41  50   0   4   0   0   0  49   0  48   0  23   0   4  27   6   0  36  29   0  46   3  11  23
   7  43  34  15   2  49  29   0   0  37  47   0   0   0   0   0   0  40  19   0   0  36   2   3  43  24   2  30  10   0   0  37  44   7   0   0  28   0   0  41   0  31   0   0   0   0   0  29   7  26  34   0  11   0  30   0   0   0   0  34   0  12   0  17  16  38  48  35  32   0   3  22   0  42   0   0  50  31  11
  15  30   0   0   0   0   0  25   0   0  49  33   9   0   0   0   0  27   0  21   0  27   0   0   0   0  31  45   0   0  12  24  45   0   7   0   0   0   7   9   0   0   0   0   0   0   0   0   0  50  17   3   0   0   0  46  24   0  46   0   0  45  12  10   7  17   0   0  45  15  24   0  49  35   0   0   0  48
  46   5   0  50   0   0  41   0  38   0  13   0   1   9   0  27   0   7   0   0   0  18   0   3   0  22  14   3   0   0   0   0   0  49   0   0   0   0  50   0  24   0  41   0  21   8  25   0   0   0  10   0  13   5  18   0  15   0   4   7  35   0  38   0  19  44   7  43   0   0   0  45   0  11  35   6   0
  24   0   0  20  32  22  32   0   0   0   0  32   0   0  38  50   0  20   0  18   0   0  14   0   0   0   0   0   0  31   6   0  39   0   0   0   4   0   0  22   0   0  29  25   0   0  44  48   0   0   7   0   0   0   0   0   0   3  41  33   0  22   0  29  32   0  42   0   0  32   0  18  49   0  11  18
   6   0   0  16   7   0   5   0   0   0   0   3   0   0   0   0  24   6   0  36  28   0   0   0   0  45  22  15   0  31   1   8   0  21   0   0   0   0   0   0   0   0   0   0   5   0  40  38   0   0   0  20   0  35  45  38  48  49  44  15   9   0   0   0   0  25  42  46   0   0   0   0  41  34   0
   0  35  41  37   0  13  21   1   0  49  13  17   0   0   0  35  15   0   0  12  15   0   0   0   0   0  18   0  19   0   0   0   0  15   0  20  14  46  44  12   0   0   0  49  31   0   0  31  11  44   0   0   7   0   5  12  36   0   0   0   0   0   0  25   5   0   0   8   0  37  30   0  34   0
  27   0  46   5   0   0  49  39   0  11   0  15   0   0  33   1  50  44   0   0  28   0   0   0  33  32   3   0   0   0  11  16   7   0   0   1   0  24  32  32  48   9   0  14   7   0   0   0  40  11  24  20   0   0   0   8   6   0  29   0   0   0  48  16   0   0  15   6   0  46  50   4   0
   0   2  41   0  12   0   0   0   0   0   0   0  30   0   0  47   0   0   0   6   1   0   0  18   0   4  14   0  44   4  49   0   0  11   0  35   0   0   0   0  41  45  19  19   9   0   7   0   0   0   0  49   0  46  37  24   1   0   0  47  50   0  27  26  14  13  14  17   5  37   0   0
   0   0   0   0   6  31  50   0   4   9  45   0   0   0   0  44   0  26  42   7  32   0  18   0   0  36   0   0  26  36   0  24   0  32   0   0  49   0  44  40   0   0  38   0  38  42   0   0   0  10  39  15  11   0  15   0   0   0  21   0   0   0   0   0  37   0  12   0   0   0   0
   0   0  26  48   0   0  16   8   0   0  32   0   0  41   0   5  19   8   0   0  33  46   0   0  27   0   0   0   0   0   4   0   0  23   0   0  38   0  48   0   0   0   0  39  33   0   0  48   0   0   0  16   0   0   0  16  18   0   0   0   9  47  37  43   0  12   0   0   0   0
   8   0   0  33   0  28   4   0  41   0   0  43  11  20   0  36  44  43  26  29  22   0   0   0  44   0  16   0  15   0  33  15   0   9   0  35   9   0   0   0   0  13   0   0  49  38   0   0  45   0   8   0  29   0   0  11  11   0  31  17   0  32   8   0  48   0  26  22   0
   0  45   8   0  20   0   0  45   0   0   4   0  46  15  31   0   0   0   0   0  46   7   0   0   0   0   0   0   0   2   0  39   0   0   8   0   0  32   0   0   0  46   0   0   0  23   0   0   0  39   0   3   0  14   0  50  39   0  25  29  17  29  20   0   0   1   0   0
   0   0   0   0  46   0   2   4   0   0   0  37  22   0   0   0   0  39   0  31   0   0  13  41   0   0   7  12  39   0   0  15   0   3   0   0  31  37  27   0  33  27  24   0  17   0  32   0   0  20   0  19   0  27   1   0   0   0   0   0  39   0   0  11  15  11   5
   6   0   0   0   0  32  32  10   0   0   0   0  13  46   0  32  13  17  49  13  48  48   0  11  22   0  20  44   0  45   0   0   0  43   0  19   0  16   0   0   0   0   7   9   0   0  33  39   0   0   0  47   0  33   0  11   0   0   2   3   0  46   0  41   0  15
  11   0   0  19   0   0   0   0   0   0   0  30  28  12   1  37   0  30   0   0  48  34  38  25  21  46   0   2  32  12  29  13  15   0   0  10  21   0   0  29   0   7  26  29   0  19  20   0   0   9   0  50  32   3   0  38  44   0   0   3  22   0  44   0  13
  22  47   0  41   0   0   0   0   0   0  44   0  44  26   0   0  21  43  18   0   7  34  49   0   1   0   0  35   2  36   0  42  42  23  17   5   0  29   6  29   5   0  48  15  11   0   0   0   0   0   9  26   0  28  43  36  41  11   0  21  25  11  17  21
  41  30   0   0   0   0   0   0   0   0  43  48   3   0   0  39   6   0   0  15  31  23   0   0   0   0   0   0   0  45  28  40  24   0   0   6  48   5   3  15  49   0  26   0   1   0   0   0  38   0   0   0   0   0   0   5   0   0  17   8   0  24  43
   0  24   1   0  38   8  31   7   0   0  24   0  22  21   0  12   0   0   0   0  40   0  34   0   0   0   0   0   4  14  28   8   0   0   0  21   0  12   4   0  34   0   0  14   0  42  42  38   0  27   0  38  50  42   0   0   0   0   0  22  22   3
   7   0  18   0   0  31   0  31  27   7   2  42   0  19  49  44   0   0   0   0   0  17  19  29  23   3   0   0   0  28   0   0  37  50   0  40  18  22  42   0  22   8  33   0   0   0   0  12  47  18   0   0  43   0   0   0   0   0  34   8   0
   0  43   0   0   0   0   0   0  25   0   0  15   0  18  28   0   2  11   0   0  32   0   6   0  14   1   0   0   0   0  42  19   0   0  16   0   0   0  24   0   0   0   0   0   0   0   0   0  49  19  47   0  38  13  10  41  11   0   0   0
  24  28   0  25  29  44  36  46   5   0  44   0   5  17  45   0   2   0   0   0  39   0   0   0   0   0  50   0  39  39  49   0   6   0  35  12   0   1   0   0   7  45  31   0  12   2  40  14   0   0   0  46  16  37  29  11  48   0  23
   0  29  34   0  16  39  48  44   0  10   0  32  34   0   0   2  47  26  40  44  33   0   0  28   0  13   0  25   0  44   0   0   0   0  50   0   0  20  15   0   0  17  46   1   0   0  39   0   6  38  12  17   0  25  12   0  12  11
  35  10   0   0  14   0  42  14   3   0  15  12   0   0   0  21  12   0   0   0   0   0  13   0   0   0   8   0   2   0  28   0   0   0   0   0   0   3  39  33   0   5   0  49   0   0   1  18   0   0   0  21   4  12   0  22  22
   0   0   0   0   0   0  18   9   0  29   0   0  29  44   0   0   0   0  18   0  14  19  29   0   0  43   0   0   0  44  16  46  26   0   0   2   0   0  36  21  50   0  19  31   1  46   0   0   0  30  24  21  33   0   0  27
   0  48  17  14   0  46  47  42   0   0  38   7   0  44   0   0   0   0  38   0   0   0   2   0   0  39   0   9  13   0   0  12  18   0   0   1  18  11  38   5  47  34   0  37  39   0   0   0   0  47   0   0   0   0   0
  26   4   7   0  12  20   0   0   0   6  40  29  13  27   3   0   0   0   0   0   0   0   0   0  13  23   0  18   6   0  28   0   8  21   0   0   0   0   0  19   0   6   0   4  11  12  48   0   0  29   0  42  38  23
   0   0   7   0   0  17   0   4   0   0   0   0   0  39  37   0   0   0   2  40   0  40   0  19   0  23  27  39  29  20   0  25  29  45   0   0   0   0  24  35  13   0  16  31  20   0  22   2  27   0   0   0   0
   0   0   0   7  40   2   0  11   0   0   0  21   0  14  35   0   2   0  37  19  43  43  46  50  21  31   5   0   0   0  29   0   0   0   0  34   0  50   0  29   0  10   0   0  27  25   0   1   0   0  26   0
   0  47   0   0   0   8   0   0   5  42   0   0   0  31   0  26   0   0   0  46  49   5  47   0  18   0   0  37   0  38   0   0  11  11   0   0   0   0   0  48   0  48   0   0   0   0   0   0   0   0   0
   0   0  10   0   0   0   9   0   0  49  27  38   8  33   0   0   0   3   0   0   0  24   0   4   0  28   0   0  19   0  35   0   0  48   0  15   4   0   1  16   0   0  35   0  12  35   0   0   0   0
  35  47   0  43  43  46   0   0   0  42  12  41   0  29  46   0   0  44   0   0  46  42   0   0   0  16   0  46  18  48   0   0   0   1   0   0   0  21  39   0  43   0   1   0  13  34  40  41   0
   9   0  37   0   0  41   0   0   0  43   0  46  15   0   0   0  31   7  38  44   0   1   0  13  27  21   0   0   0  46  11  15   0   0  49  16  11   0   0  44   0   0   0   0   0   0  18   0
   0  49   0  47   0  42  11   0  22  19   0   0   0  15   6  23  33   0  50  16   0   0  23  13   0  23   0   0   0   0   0  28   1   0  12  34   0  32  41  10  39   0   0  21  30  23   2
   0  44  22   0  31   0   0   0   0   0   0   0   1  25   0   0  24   0   0   2  17   0  33   0   0  40  11  30  28  49  49  25  40   0   0  27  20  36   0  26   0   0   0   0   0   0
  27   0  29   0   0   9  45  32  15   0  43   0   0  17  49   8  40  34   0   0   9   0  19   0   0   8   1  26  40  43   0   0   0   0   0   0  25   0  37   0   0   0   0   1  43
   0  50  25   0   0  48  39   9   0   0   0   0  32   0   0  23  15  26  27   0  43   0   0  48  41   0  25  46   0  16  45   2   0  40  38  19  11  44   0   0   0   0  40  32
   0   0  37   0  37   0  11  50  41  19  43   0  26  28  40   0   0   0   2  18  20   0  17  10   0   0   0   0   0   0   0   0  45   0   0   0   9  28   0  25   0   6  45
   0   9   0  31   0  42  31   0  40   0  38   4   0  12   0   9   0  49   0  24  34   0  22  37  24  24   0   9  15  23  36   0  37  12   0   0   0   4   0  26  37   4
   0  32  37  15   0   0  45   0   0   4  22   0   0  19  15   0   0  23  24   0   0   0   0  14  44   1  36   0   0   7   0  33   0   0   0  19  32  46   0   3   0
   6   0   0  46  36   2   0  22   0  15   0  39  33   0  32   0  37  11  21  34   0  40  23  34  38  23   0   0  28   2   0   0  18   0  25   5   1   0  25   0
   0   4   0   0   0   0  10  30  48  14   8  12  19  39  23   0   0   0  45   0  13   0  50  12   0   0   0  29   0  29   2  46   0  19  42  32  29  25  25
  40  38   0   0   0   0   5   0  10   0   0   0   0   0   0  14  49   0  23   1   0   0   0  31  17   9   0   0   0   0   0   0  30  26  26   5  30   0
   0  30  44  19   0   0  29   0  31  49   0  27  39  45   7   0  17  50   0   0  31  29   0  26   0   0   0   0  32   0   0  39   0  47  47  16   0
   0  37   0   0   0   0   0  25   0   0   0   0   0   0   0  35   0  46  19  33   0   9  41   7   0  35  38  24   0   0   2   0   8   8  25  18
   0   0  25   0  48   0   0  16   0   0   0   0   0   0  30  46  24  35   0  39  49  14  10  37   0  16   0   0   0   0  17  24  41   8   0
  19  42   0   0   0   0   0   5   0   0  22   2  10   0  12  39   0   0  30   0  39  22  46   0   0   0  11   0   0   0  46   0  19  42
  36   8   0  40   0  22  20  26   0   0   0   0   0   0  31  33   0   0   0   0   0   0   0   0  17   0   0   3   2  34   0  15   9
   0  40   0   0   8   0   0  29   0  35  32  29   0   0   0  23  36  14   0   3   0  31   0   0   0   0   0   0  26  28  29   0
   8   0   0   0  11  38   0   0   0   1   0   4   0   1   0  18   0  12   0  48   0   0  22   4  29   0  43  35  47  19   0
  40   0   0   0   0   0   0   0  31   0  10  27  38   4  29   0   0   0  19   0  40   0   2   0   0   0  42   0  25  17
  37   0  36  40   4   0  17   0   0   0  42   6   0  17   0  29   0  13  27   0  25   0   0  25   0  27   3   0  10
   0   9   0  32   4   0   0   0   0   0   0   0  12   0   9  17  28   0   0  43   0  12   0  48  27   0  25   3
  45   0   0  33   0  42   0  49   5   8   0   0  24   0  31   0   4  49  15  41   0   0  15   0  39  20   0
   0   0   0   0   0   0  31   0  19   0  14  35  22  12  45   0  21   7   0   0   6  29  49   0   0   0
  39   0  31   0   0  20  15   0  35   0  28   8   0   3   0  48  20   6   0  11  30   2   0   0  39
  16   0  45   0   0   0  38   0  27   0  37  11   0  50   0   0  19   0   0   0  31   0  45   4
   0  10  36   0  40  31   0   0  29   0   0   0   0   0  18  13   0  27  37  27   0   0   0
  15   0  35   0   6   0   0  40   0   0   0   0  23   0  33  21   0  29   0   0   0   0
  49   9   0   0   0   0   0   0   0   0  39   2  39   0   0   0  27  12  21  13  23
  16  13   0  10   0   1  13   6  26  41  37   5   0   0   0   0  43   1   8   0
  41   0  50   0  49   0   0   0  29  27   3   0   9  49  17   0   0   0   0
   0   0   0   0  46   0  43   0   0  47  47  40  19   0  13  22  15  22
   0  36  39   0  18   0  28  37   0   0   0   0   0   0  46  16   0
  44   4  48   0   0  43  21  33  25   0  25   0   0   0   0  15
   0   0   0   0   2  30  49   0  42   0   0   0  17  17   0
  49   0   0  16  39  20   0  32  35   0  11  10  48  22
   0   8   0  18  46  40  39  40   0   2   0   0  37
   0   0  50   0   0   0   0  33  16   5   0   3
   0   0   0  41   2  36   3  40   0   7   0
  23   0   0  39   0   0  29   0   0   0
   0  29   0   0   0   0   0  22   0
  33  13   0  48  12   3  34  36
  45  30  40  50   1   4  44
  49   0   0  14   0  20
  37  14  46   0   0
  13   0  39  44
   0   0   9
   0  49
  23

 848
  23  18  24  13   6  17  15  17  21  14   8  23  20  25  14   1  15  13  14  20  22  21  11  18  11  22   2  16   3  23  20  25  18   8   2  25   8  18  15   6   4  21   9   4  12   5   5  22   8  24  11  21  13  10  14  18   1   1   5  15  10   2  19  12   7   5  17  10   2  13   3  21  13  22  23  12  18   1  23  15   1  22  11  22  19  10  25   6  18   5  10  12  10   7   2   1  23  16  22  14  24  23  10  20  19  24  12  25  25   2   5  16  14  24   8  24  16  13   8   9  15  18  11   7  25   1  22  11  24   4   9   5   4  13  17  11  14  17  19  20  19   3   7  14   9  16  20  17  20  15  16  19  17  15  10  23  20  20  12  25

