 160 
  40  33  22  11   4  25  11  21  17   2   1  34  21  31  27   9  27  28  39  16  15   7  20  34  33  42   6  26  23  43  37  46  18   1  12  43  26  33   8  23  47  38  13   6  43  34  25   2   5  32  33  46  47   5  33  20   7   7   4  41  29  30  45   6  29  11  26  37   7  35  18  27  34  47   7  29  45   6  47  32  30  43  22   6  35  22  37  17  28  23   6   5  32   6  16  28  26  16  33  38  11  36  45  41  20  29  43  10  19  19  42  31  40  14  37  19  28  40  48  11  13   3  50  13  30  50  28  36  25  31  29  12  12  36  31  15  27  27  32   8  17  47  20   8  23   4  29  13  46  22  20  46  18   6   7  37   8  44   9  13
  24  22  31   9  19  15  36  32  13  44   2  49  14  46  35  22  50  47  37  30  33   3  11  10  32  39  41  45  43   7   8  32  37  18  44  44  26   4  44  27  27  19  12  37  35   5  18  26  36   5  10  13  21   3  38  40  18  46  23  31  12  49   7  16   1  42  30  48  43  23  49  49  15   7  16  31  21  20  43  15  31  29  20  29   7  26  42  48  22  36   7   9  23  43  14  18  37   9  26  45  22  22  28  45  16  28  20  30   4   9  50  32  38  29  36  10  19  31   4   5  12  15   2  36  21   4  47  23  43  19  12  17  40  14  43  11  46  40  29  42  45  48  15  42  44  43  23  48  21  38  43  40  40   3  21  30  38  35  36
  33  50  20  48  37  21   2  20  30  13  47  26   6  23   1  34  44  17  21  11  43  11  36  36  49  40  35  15   9   6  13   8  42  40   1  11  37  13  14  50  44  15  34   1   1  10   7  17  10   6  40  34  11   2  50  43  30   8  34  41  27  43  43  19  45  23  49  13   4  29  21  11   3  37  34  48  29  37  48  29  48  37   3  48  36  13  45  35  47  17   7  42  41  29  42  48  41  15  43   5  32   1  24   1  37   6  14   6  29   3  26  44  12  33  16   2  40  49  32  31  50  44  19   6  25   1  23  31   8   2  39   1  39  11  29  48  49  42  12  16   4   9  37  24  17  12  27  28  30   9  20  22  11  50  49  44  11   9
  44  19  35  14  50  20  33  40  42  40  11  16  48  29  19  11   1   4   4  28  32  12  27  31  28  48   3  44   1  30  38  25  35  41  46  12  41  42  35  25  20  12  28  20   7  41  21   2  16  29  46   9  45  48  36  11  15  17  32  15  10  49   1   1  23   5  12  34  10  12  20  43  22  11   9  17  16  19  28  24  16  48  36  34  43  17  15  11  33  31  45   2  23  16  20  23   8  27  38  45  24  10  17  13  50   9   7   7  20  16  25  11  39  14  16  35  19   6  16  23  32  22  13  48  20  26  31   1  18  40  17   1  29  25  47   8  20  30  29  19   9  24  31  13  19  45  43  43  38  49  20  48  50  40  19  34  25
  24  46  50  29  21  24  22  27  37  22  29  45  45  30  25  11  11  43  47  40  12  38  41  47  35  25  24  24  35   7  12  14  37   1   1  35  32   5  44  33  35  32  34  15   6  40  31  50  21   3  47  34  17  12  49  32  13  11  36  19  20  47  44  31  19  11   2  46  39  11  16  34  22  35  38  47  29  11  46  22  10  11   1  32  38  43  36  36   3   8  24  14  34  41  48  28  49  39  44   7  34  29  40   6  27  44   5  50  38  11  48  49  18  40  28  28  38  24  23  42   8  16  23  36  18  50  20  25  46  49  25  20   3  39  26  39   3  26   5  45  26  10  45   9  38  21  47  32  14  42  50  46  23   9  18  20
  42  10  20  25  11  15  31  28  44   1  17  21  33  39  25  27  34  21  30  29  30  15  16  49  44  38  22  49  41  17  30  17  20  15   8   4  13   5  49  44   5  12  11  12  17  27  18  36  47  42  46  21  37   7  14  32  38  21   2  27  27  45  28   4   4  20  26  48  39  12  37   5  18  38  43  34  35  13   6  33   3   6  22   4   2  22  29  42   8  43  40  20   3  32  32   8  22  17  32  26  49   9  48   2   5  35  37  13  18  28  45  19  50  26   6   3  21  47  15  50  13  42  10  26   6  12   8  24  45  42  18   3  33  33  44  23  17  13  37  41  47  33   1  15  34   7   4  40  39  46  33  45   3   2  24
  27  13  21  44  25  37  43  40   7  30  45  50   2  23  14  18   7   4   3  10  49  42  30  10   7  39  49  44   9   3  21  12   4  15  17   8  10  48   2  11  30  33  19  30  43  12  47  27  41  15   9  50  45  23  22  12   3  12  43   5  18   3   5  21  19  15   2  14   6  40  45  23   8  26  46  24  46   2  12  37   1  42  14  29  42  39  12  46  27   5   4  27  47  42  41  18  14  33   7  26  37  17   1  12   2   3  42  18   2  10  44  20   8  32  13  37  18   9  22  15   4  48   5  21  44  33  13  16  42  37  39  47  43  40  20   7  43  31  42  19  49  14  37  27  43  35  16  29   5   3  12  49  38   8
  38  31  45  23   7  30  33  42  11  49   6  29  36  16  18  12  49   8  38  36  38  32  37  38  29  19  19  39   9   7  30  37  15  10  43  28  34  24  30  39  24  48  47   9  50  39  48  37  41   6  45  41  38  44  27  17  19  46   2  25  28  10  25  41  40  31  38  12  20  35   7   4  29  23  11  29  46  34   3   7  12  43  26  26  30  46  30  37  11  12  48   9  13  38  48  11   1  11  22  42  33  34  18  41  30   9  31   8   8  41  21   1  41  21  38  34  22  22  23  35  35  27   7  49  41  36  23  36  35  11  34  46  37   8  19   6  39  23  43   8  10  11  26  21  48  28   1  13  15  12  46   2  23
  45  33  22   1   4  40  11  10  37  45  32  16  16  26   5  47  15  25  36  49  29  16  20   6  40  16  33  26  35   4   1  39  46  40  47   5  41  45  21  37  15  42  19  44   8  30  37  49  29  40  25  47  34  41  10  20  11  20   5  28  22  13  47  10  28  12  33  12  38  27  10  27  18   7  39   2  21   7  35  12  38  46  20  32  38   7  40  37  49  24  35  35  23  47  39  47  44  41  43  29  28  48  35  50  34  12  37  35  27   9  46  19  27  13  14  49  32  11  26  12  24  44  25  30   2  47   6  48   1  24   4  41  31  50  27  29  27  43   7  14  27  37   2  33  40  10  11  31  41   2  32  34
  14  31  12   4  13  10  45  38  37  36  11  39  47  28  38  48  22  36  48  11   1   9   9  10   2  32  47   2  15   5   3   7  24   7   8   7  26  16  38  41  23  39  48  19  28  25   5  23  21  47  39  32   1  11   4  34   7  38  13  25  44  50  38   5   1  33   9   1  35   5  29  14  39  45   9  25   5  32  33  50  45  33  27  30  29  49  30  30  38  47   8  31  21  36  18  24  29  24  22   8  36  22  38  16   1  28  44  21  20   1   1  35  17   5  21   7  27   2  35  50  10   1   6  49  27  16  40  33  15  42  25  32  33  40   6  24  25  32   8  40  28  15  15   2   5  20  12  27  13  41  34
  14  30  49  47  19  47  24  40  27  17  31  49  15  26  21   2  32   3  10  26   7  49  38  48  23  24  16  19  16  33  13  13  25   3  43  25  45  30  28  44  29  11  21  46  32  12  37  37  24  23  43  13   8  13  10  32   8  26  19  33  35   4  26  19  41  49  35   8  38  16  17  14  29  16  47  19  25  34   7   2  21  21  35  47  44  13  35  38  24   7  26  33  41  38   4  49  17  45  23  41  15  40  14  41  17  13  23  40  36  19  19   7  15  29  11   3  24  47  12  18  16  32  22  18  26  48  20  26  17  32  12  17  38  11  23  10  45   4  19  46  26  34  31   2  50   5  17  27  40  12
   7  26  39  20   8  27  47   1   4  48  27  16  46  15  27  46  44  35  47   3  26  23  21  17  48  21   7  37  27  44  28  45  41  39  44  26  32   5  14  18  41  37  22  31   3   6  32   8  29  30  41  33  15  30  39  48  29   9  11  21  23   9  23   3  31  29  35  45  39  29   3  43  18  21  41   8   6  29   9  11  31  18  31  39  35  27  19   8   6   4  31  14  30   1  35  17  13  34  31   6  28  18  24  20  42   8  40  33  24  49  11  13  46  24  22  46  35  48  22  45  22   5  36  31  16  38  43  17  28  19  23  13  27  10  12  31  23  42  14   2  26  38  19  48  35  16  16  29  37
  23  13   7  32  12  42   6  42  47  12   5  44  24  37  49   5   1  38   3   4  46  43  32  47  48  14  25  21  48  26  13  19  28  39  36  45  15  35   4  13  13  32  22  38  26  48   3   6   1  28  37  39  39  15  43  28  13  21  16  11  28  10   7  33  23  37  10   5  28  31  30  17  13   8   1  38  42  38  43  47   4  37  16  36  22  21   7  10  31  36  26  10   7  47   1   3  29  26  41  33  31  22  12  50  49  17   7  10  28  27  11   1   3  14  33  48  38  14  26   3  46   9   9  49  16  26  12  20  13  24  46  25  24  35  15   6  22   8  23  49  41  48  49  43  10  24  22  42
  45  40  17  32  43   2  21  22  37  12  28  41   8  39  10  26  49  26  19  25   7   4  20  12  12   5  41  42  19   1  47  19  22  48  38  26  49  49  11  14   7   6  43  21  49  33  20  34  17  34   4  26   2  21  31  25  14  29  48  37  10  23  40  45  35   4  20  40  18  27  16  10  35   6   2  48   3  44  25  19  25  11  29  38  33  27  35  33  29  37  45  18  25  32  13  42  10  28  43  32  38  44  21  46  43   6   8  15   3  12   8  35  25  25   4  41  26  10  10  19   8  10  34  25  28  41  28   5  27  12   3  10  23   2  45  49  37  41  37  36  38  29  39   1  33   6  38
  13  15  15  19  36  11  26  29  19  37  29  34  16  12  22  50  11  50  28  35  46   5  43   4  44  19  31  13  16  14  14   3   9  39  16  24  13  19   2  10   2   7  39  34  32   2  34   5  45  36  50   4   1  12  49   1  50   1  39  11  35  27  46  39   8   9  42   3  41  38  40  35  29  41  50  38  48   2  20  30  19  21  21  24  36  11  46  34  28  15  16  45   5  15  44  13  20  17  44  14  17  21  46  14  26  13  32  14  10  18  22  21  10  41   9   8  49   1  27  27  31  34   5  41  26  12  50  27  15   9  29   7  19  50   4  31  10  50   4  50  43  25  18  42   3  29
   5  20   6  16  42   6  50   5  14  44   4  12  38  22  18  37  19  20   4  48  20  45  29  47  36   5   4   1  19   5  37  28  14   9   7  42  29  31   8  27   4  48  29  33  28   2  23   5  29  14  38  40   5  46  31  22   8   8  28  50  33   5  30  16  48  30  13  49  46  40  46  31  38  46  44   7  24  21   9   8   6  31  25  43  19  45  16  40  15  29  48  15  40  33  15  14  11  32  18  33  31  39  22  19  13  43   1  21  49  45  30  38  28  17  13  49  44  30   7  20   5  21  37  19  27  29  14  16   5  34  45  32   8  35  36  37  30   1  42  28   2  19  13  27  29
  41  13  20  35   3  28  35  23  41  22  44  20  21  44  24  18  31  19  10  46  27  32  14   4  37  16  31   4  23  13  23  38  34  16   8  40   7  29  16  36  14   2  49  26   8   9  45  26  33  42   2   3  40   5  12  29  18  34   7  36  11  41   6   3  37   2  16  48   4  29   9  44  31  11  12  10  36   3  12  39   4  37   7   7  30  50  33  26  10  35  38  32  32  39  21  15  44   2  33  34  16  42  42  17   9  31  38  44   5  48  32   5  14   3   3   5   8  19  37  20  31  40  15   5  15   3  15  26  32  18   6  42  38  46   6  50   2  32  34  17  14  48  48  11
   6   5  46   5  25  30  39  11   2  31   6   8   4   8  47  37  34   1  48  27   5  16  15  11  41  47  21  43  17  34  27  28  12   9  31  46  39  12   8  10  15   7  48   1  18   7  14  50  24  35  20  48   6  14  44  25  31  23  21  50  19  14  44   4  35  33  30  18  10  22  41   2  42  46  22  41  35  22  43  27  15  11  24  14  32  11  40  15  26  32  13  16  44   3  22  46   8  37  29  14  35   8   7  46  39   1  36  24  41   9  17  43  27  20  27  38  28   8  36  46   8  33  38  36   3  26  24   1  44  45  41  40  22  37   5   8  18  20  27  12  45  11  20
  22  16  41  25  49  10  28  35  41  40  40  30   7  31  12  27  28  24  11   8  37   5  30   1  45  38  43  40  31  39  43  47  43   6  25   5   1  22  33  50  50  40  40   7  29  37  42   1  40  47  39  24  43  23  46  10   3  50   6  30  14  50  49  19   8  13  49   3  40  41  42  50  26  17  45   7  40  24   4   7   7  24  33  37  50  35  38  11  41  46  36  48   6  38  41  43  32  18  10  22  25  40   9   7  23   1  40  37  40  43   1   5  16   3  41   9  14  27  40   7  19   1  16  32  23  26  30   5  41  38  26  19  48  36  34   7  26  45  38  11  23   2
  19  48  29  35  25  11   1   7  41  15  32  48   1  37  39  36  37  35   3  16  29  31  50  26   8   3   3  41   1   1  24  33  17  28  11  16  47  23  49  28  13  40  17  34   5  41  39  44  36  32  43  46   9   4  18   3   1  43  22  37  40  18  50   2  37  50  15  50  43  13  41  16  46  25  37  10  28  20  21  28  21  42  13  20   7   8  50  14  39  12  23  36  24  32  41  40  11  49  49  27  42  28  18  34  44  28  45  10  35  26  46  31  18  41   2  46  19  40  11   5  48  37  10  31  21   3  30  15  46  22  20   7  17  47  47  49  11  40   8  48  41
  13  27  35  43  10  25  20   3   6  27  33   4  47  44  40  47   1  40   3  29  16  34  32  18   7   5  10  21  45   6   9  47  27  24  49  20  47   5  19  26  22  24   4  28  47  44  30   2  25  39  31   6  33  27  35  30  11  35  49  45  22   7  27  38  49   1  47  13   4  32  35  17  12  18   8  50  21  20  36  37  13  28  13  18  29  16  26   7  44  16  43  38   4  43  45  10  27  20  22  31   2  49  32  32  42  42  10  21   6  25  47   3  43  46  25  49  47  25  23  46  35   7  45  18  14  47  35  33  33  45   1  31   6  36   9  17  18   2  23  38
   5  35  48  48  41   6  43  15  32  25  22  30  32  41  44  49  35  37  41  35   4  14   6  20  12  39  45  32   3  48  20  15  24  12  36  30  15  50   3  29   8  39  31  13  26  40  30  25  28  17  26  24  35  27   9  44  44  23  17  50  40   7  38  16  18   1  13  40   7  24  12  43   3  14  48  27   5  18  24  18  40  50  11  48  11  50   6  50  34  18   5  11  16  30  40   1  14  16  39  15  29  48  48  38  26   4  21  32  16  13  25  31  22  42  21   9  30  50  43  39  12  37  25  37  50  21  29  25  16   6   3  47  35  11  43   7  24   3  42
  46  33  32  36  18  13  15   7  27  23  14  36  42  44  32  46  30  14  48  11  30  13   7  48   7  33  20  10  15   4  28  37   2   2  33  44  38  10  44  20   9  20   2  17  19  45   3   3  22  45  27  46  13  45   4  30   2  43  29   9  30  20   7  23  41  45  40  31  45  17  30   1  40  39  26   4  27  26  44  28  35  25  12  15  11  26  12  29  40   7   9  49  31  31  50   3  46   2  10   1  22  13   1  38  46  39  23  21  50  25  23   2  41  26   4  10   7  40  16  15  29  23  36  18  10   3  28  23   9  21  10  44  15  47  12  15  16   9
  32  25  18  27   5  43  12   4   9  10  32  30   9   3  46  47  39  19  48  35  14  15  38  28  17  44  41  19  44  35   5  45  48  13   3  41   5  41  21  49  31   7  45   9   8   9   3  13  32  49  39  28  38   6  15  41  45  26  10  49  23  23   8  30  44  36  46  36  18  41  34  47  30  19  40  32  15  48  20   4  14   7   1  49  39   4  34  37  41  23  18  15   7  22  20  44  45   8  33   2  38   6  12  49   2  36  29  31  23   4  33  43  29   8   8  48  19  47   7  41  19  37   8  18  28  38  22  37  41  16  48  42  27   4  16  28  15
  14  31  44  10  49  18  27   6  43  47  17  19  30  11  15  32  43  49  20  50  20   6  20  27  30  28   8  32  14  42  38  19  47  39   3   6  27  10  34  25  11   1  30  33  19   3  47  50   5  37   4  17  45  46  37  20  25  46   8  11  27  10  31  45  16  34  41  29  25  47  12   7  13  28  22  39  18   2   2  32  48  49   4  38  29   6  17  27  34  25  36  11  11  49   9   8  24  13  42  11  13  33  16   3  29  17  44  50  43   6  24  21  27  49  20  23  33  20  11  16  15  12  33  35  49  23  48   8  38  16  40  18   6  43  42  20
  31   6  19   1  32  15  41  45  44  23  24   4  20  47  17  45   5  31  26   9  24  46  24  34  24  42  38   8   1  26  30  18  34  35  43  15  16  40  32  17  21  36  10  35   8  19  22  22  21  40  26  25  44  48  33  31   1  18  38  27  42  39  20  38  18  42  37   2  48  30   3  48   2  18  15  20  22  18  13   3  19  38  20  14  10  32  23   1  16   1  25  29   3  39  40  50  34  43  46  48  27  20  24  37  35  17  22  29  42   8  27  35  47  42   5  26  17  35  44  19  41   7  15   2  44   1  49  37  15  43  21  47  34  16  45
  24  26  46  25  39  46   1  13  14   9   2  43  17   8  11  39  27  35  35  13  31  48  48  18  46  21  38  14  21  28   5  44   4   5  42  41  39  17  13  34  14   8  19  47   5  44   2  42  12  34   2  21  20   1  22   7  12  28  23   8  40   4  28  37  16  23   7  37  33  34  28  30  28  37  41  43   4  42  16  17  32  45  27  36  38  48  27  50   4  25  49   6  32  36  48   3  12  38  42  31   5  15   4   5  15  44  19   2  36  13  27   1  44  20   5  19  15   6  11  38   5  22  48  28  45  11  15  39   1  17  36  32  36   1
  10  35  31  18  20  32  28   3  25   3  26  47  24  16  50  46  18  39  14  48  21  44  48  46  43  37  30  47  14  38  40   4  41  33  23  44  40  32  50  26   4  34  44  23  13  34  19  45  36  18  10  50  47  25  23  29   3  49  25  31  35  13  38  10  19  26  23  26  49   9  27   6  12  13  12  40  14   5   2  24  47   3  20  26  44   9  42  34  25  44  33   7  34  35  21   8  32   5  39   7  32  28  14  22  30  11   7  38  49  48  13   1   9  18   9  38  15  14   3  11  14  23  37  33  31  11  22   9  11  37   3  44  32
  23  26  28  30  38  13   4  40  14  33  12  37  38  44  23  27  39  47  37  11  36   4  43  24   5  14  15  36  35  48  35  32  31  32  50  29  28  45  46  47  50  30   5  16  34  19  15   9  45  20   5  41  14  16   2  21   2  39  31  47  27   7  44  21  42  22  16  41  22  44  20  30  25  14  41  19   3  45  13  29  12  17  17   9  14  16  10  40   4   1  16  32  36  33  16  37  26  22  27  36  26  27  36   9  48  26  50  32  49   7  21  10  50  35   2  22  12  10  20   1  19   7  27   4  46  20   1  25  45   8  27  38
  37  10   7  25  12  11  49  22  23  43  14   3  47  49  23   7  12   8  11  38  25  40   7   5   4  46  11   8   1   4  32  24  10  31   6   4  10  25   8  31  27  31  10   4  11  11  21   9   3  44   3  50  37  30  29  40  10  31  49   8   2  15  31  11  43   1  29  30  15  17   9  18  16  44  27  16  34  35  25  11   7  12  12  34  20  21  17  34  37  45  20  33  11  19  44   9  18  34  35  15  23  38  42  17  45  42  15  43  12   4   3  23  23  22  40  11  29  15  45  20  23  10  13  15   7  36  45  44  10  26  27
  49  48  17  25  30  28  24   7   7  44  16  30  24  17   5  24   7  29  37  16  28  20  22  50   3  44  32  27  12   2  38  17  50  34  26  18   4  30  40  29  40  38  48  37  44   1   6  15  31  47  38  49   6  17  39  28  31   9  42   5  18  25  27  48  18  29  20  21  47  25  19  34  33  36  49  24  48  48  50  25  24  40  21  19  29  50  24  32  18  45  34  11  46  36   8  34  10  16  20  41  23  17   9   5   7  34  24  13  34  18   1   5  31   4  43  40  21  13  37  27  24   8  12   8  25  10  30  30  27  33
  45  16  20   1  50  45   9  33  44   4  48  33   8  40  27  22  42  24  13  38  38  29  32  17  45  25  13   8  32   7  15  31   2  49  26   6  27  29  45  48  49  49  34  40  49  12  40  35  46   8  19  38  22  41  26  50   2  13  49  22   5   7  10  41   6  10  26  12  16  11  25  31  19  28  50  36  43  13  31  38  45  41  24  42  43  13  23  48  27  25  39  28  36  11  32  44  23  41  11   5  19   5   8  14  28  39  46  31  48  35   3  43  30  40  37  30  37   7   9  42  43  31  13  28  10  15  49   5  49
  19  19  49  28   6  36  50   2   9  24  46  40  31  39   7   5  15  29  50  15  34  47  29  10  42  27  27  19  16   9  46  29  22  38  12  24  45  18  28   7  33  38  33  15  44  20  40  37   9  46  33   7  17  31  17  18  15  28  34  23  44  42  16  49  21  10  19   5  17  20  45   7  20   8  36  26  23  22   1  13  29  35  22  12  30   7  11  24  15   4  24   3  42  21  29  31  18  17   5  40  45  16  39  15   2  26   3  19   1  19  18  43  29  48  42  42  14  22  20   7  34  17  28  22  43  18  49  16
  24   2  17  12  45  42   5  46  15  36  35  35  22  24  17  13  24   8   4  24  23  10  30  26  10  10  22   8  44  45  38   4  26  41  11  37   4  48  48  25  39  38  26  37  28  40   8  18   6  22  37  43  12  48  15  13  26  12  12  43  49   3  48  35  44  10  45  29   7  28  22  50  24  10   4  16  26  23  40   7  47  16  45  10  46  40  46  47  42  38   8  18   8   3  41  20  20  18  40  25   8  17  43  31  23  39   1  48  38  18  18  10   2  45  50  39  19   4  22   1  14  20  13   5   6  18  36
  37  48  23  47  32  41  40  17  31  34  29  19  31  34  14  33  17  50  28  23  37  13  28  41  49  39  27   5  41   5  28  31  38  11  20  12  43  38   2  27   7  17  40   5  41  11  37  46  25  44  13  15  24  49  35   3  39  43   6  48   4  34  46  34  49  15  47  22  31  47  12  49  48  33  36  33   2  14   1  23  18   6  17  40   4  30  42  28  24  16  47  39   3  30  48  16  47  23  47   2  23  26  30  26  35  43  19   6  37  11   3  27  45  27  24  42  11   3   2  41   5  36  42  19  45  39
  40  41  11  47   6   2  33  13  43  21  20  17  49  32   5  23  12  35  32   2   8  12  48   9  38  50  13  31  48   8  15   3  13   4   8  50  23   7  49  45  37   1  32  30  42  28  11   9   8  32  42  28  50  30  48  39  14  29   5  23  17   5  43  25  40  20  11  18  28  28  46  28  14  46  27  27   9  43  30  43  18  23  40  27  32  13  21  18  43   2  36   4  44  22  28  46   1  14  22  22  19  19  23  46   8  20  38  11  23   3   4  15  35  24  47  25  22  39  30  22  50  49  17  14  49
  12   9  42  13  29  29  47  29  22  19  37  35  46  36  50  21  49  38  34  46  25  20  16  18  35  10  21  35  23   6   7  45  41  30   9  39  13  24   2   1  17  19  34  39  14  25  36  50   9  28  28  47  32  32  19  25  47  43  10  32   8  48  24  34  30  33  17  38  10  36  24  33  47  32  44  30  27  15   7   3  27   9  19  40  42   5  45   9  35   9  45  50  17  34  38  32  47  13  32  25   8  50  28  42  30  21  26  18  15  22  22  15  45  24  35  38  50  28  43  26  35   4  50   4
  30  38  11  11  18   8  21  17  31  36  45  46  26  43  43  12   1  43  44  18  28  36  36  15  16  38   2  38  19  27  46  12  34   8  28   2  35  39  28  14  45  20  15  50  47   2  29  19  26  24  13  11  49  41  41   2  44  16  44  35  24  19  46  42  49  21  31   5  39   1  33  10  50  33   9  39  26  45  23  44  10   6  18   9  50  15  30   2  21  43  14  46  39  20  35  11  16   7  42  15  31  43  16  45   1  13  15  10  10  43  15  29   3  39   1  49  31   5  11  14   2   7  14
  12  43  47  23  38  37  15  40  43  27  37  39   6  33  22  19  23  40  30  12  23  39   2  14  24  31  29  17  34   7  21  37  49   3  28   7  32  39  36  11  11   9  37   6  46   1  26  23  12   8  26  49  16  38  27  44  37  35   3   4   6  50  40  24  31  17  23  24   7  12  35  22  31   1  50  19  29   8  41  37  27   3  33   1  47  45  29  39  43  17   9  40  34  46  15  20  47  23  32  11   4  26   9  34  40   3  39  50  38  42  30  42  10  29  44  11  46  43  48  42  44  45
  27  32  48  13   7  36  27  16  20  19  26  14  25  30  11   5  29   1   9  30  40  10  40  27  49   1  33  31  42  41  27  41  36  23   1  31  49  24  13  24  18  12  11  33  41  34   6  15   9   5  17  46   9  22  18  41  19   9  28  23  18  28  44  32  32  30  31   2   2  15  42  41  50  48  50  38   4  47  19  30  20  30   5  40  37  19   4  39  28  26   2  25  27  37   2  10  45  27  32  43  17  31   6   2  35  13  33  44  15   5  32   7   9  42  25  18  13   1  10   6  10
  18  50  44  15  36  43  31   6  16   1  40  10  48  23  32  22   7  37  12  27  27  16  18  42   4  20  33  44  34  17  23  10  33  17  49  28  43  39  23  25  34  17   9  48  15   7  31   8   4   8   9  10  34  49   5  38  11  20  27  38   2  41  31  18  49  32  39   8  30   7  47  26   9  38  48  26   5  24  25  38  13  43  38  44  26  36  50  19  13  25  47  13  47  16   7  29   5  23  37  42  35  19  32   7  19  38   7  41   3  14  37   2  18  10  10  27  10   1   9  43
  44  20  21  50  31  29  16   3  48  29   9  12  32  17  26  34  20  25  12  17  33  16  14  20  36  18  34  10  37  42  26  21  36  35  22  26  49  34  23  10  13  30  30   7  49  35  50  34  16   3  46  29  46  24  24  34  25  36  50  16  34   5  14  26  28  46  40  41  23  23  18  34  25   9  10  50  10  47   3  22  32  25  15   7  10  47  45  40  35  28  11  31  11  46  32  28  13  50   6  20  18  39   4  46  32  24  48  31  47  13  45  40  42  10  22   3  30  25   2
  23  20  47  43   1  49  49  47   5  20  22   8  30  22  15  47  41   8  25  36   9  15  47  15  48  31  29  17  24  19  13  12  36  17  32   8  19  42  48  16   1   7  34  35  21  34  29  30  21  49  47  12  22  29  18  12   9  34  43  19  25  37  43  34  10  17  26   9  12  11  19  44   7  22  28  29  44  28   5  18  11  50  36  37  14  34  29  46  21  18   4  42   2  29  27  13  50   2  19  44  11  31  36  48  13  48   3   7  40  40  28   6  22  32  34   7  22  12
  29  15  10  20  15  33  42  46  16  26  30   3  22  12  18   9  45  17  41  44  48  47  29  18  41  43  35  14  22  48  25  11  45  43  35  19  40  39  20  17  30  21  36  48  20  34  19  23  41  42  50  19  32   5   8   8  13  46  22  10   8  45  16  46  42  12  20  14   9  25  39  34  21  18   1   1  11  49  25   5  43  50  14  42  50  42  30   8  22   4  30  34  19   7  12  16  15  42   5  11   4  41  23  12  10  46  34   3  19  23  11  19  32  50   3  31  38
  37   7  50  35  14  23  30  29  23   2  50  43   2  24  28  35  32  30   1   4  23  48  20  31  42  40  34  46  19  48  16   7  50  14  14  30  29  28  50  44   7  48   5  45  16   4  10  11  18   7  38   1  31  40  13   8  25  43  50  29  43  23  36  44  14  20  21   9  31  32  28  10  28  35  41  28   7  20   5  27  40  23  32  19   7  26   7   5   6  39  15  28   6  34   8  19  48   8   4   8   8  35  32  43   1  40  25  40   4   9  27  37  23  18  26  45
   7   4  38  44  36  49  20  13  27  29  48  27  23  24  27  17  41   5  27  42   9  30  20  40  43   9  21  39   9  27  30  25  41  31   4  20   9   1   5  23   1  31   2  39  23  20  29  16  28  30  37  32  20  11  13   6  15  43  50  45  24   3  27  47  19  49  37  40  40  32   8  30  16  17  31  23  18  42   8   4  47  44  23  47  23  13   4  27   7   9  47  15  20  50  10  19  16  31  44  16  15  26   3  36  44  11   3  31  39  46  50  50   9  27  19
  29  16   1  41  18  27   6  20   3  37  20  18  35   1  27  36  37   9   8   9  32  39  20  35  10  25  49  30   1  15  48   5   6  40  50  41  24  45  18   3  34  11  37   8  33   9  45  24  32  47  49  35  29  45  25  26  10  31  20  24  34  47  34  30  19  42  41   9  48   6   8  32  21  12   1  40  26  24  10  33  24  22  24  20  24  25  19  21  23  22  11  30  17  33   3  14  50  17  38  27  22  38  12  25  10  43  47  18  34  26  12  17  36   8
  19   8   5   6  32  48  11  37  45  44  20  48  10  30  11  48   8  44  23  30  46  18  47  33  21   1  15  11  11   2  49  33  19  39  33   7  29  43  36  33  19  16  25  21   3  18  35   7  18  33  43  46  33  14  44   2   1  45  36  46  38  24   1  27  14  33  35  23  19  18  22  29  50  27  41  49  12  20   3  11  33  41  35  15  47  38  39  35  21  16   4  36  47  31  21  45  17  13   7  32  10  11  42  34  20   6  14  15  19  15  11  12  40
  40  19  12  36  11  25  43  17  43   5  45  34  46  19  21  11  38  48  41  45  47  28  13   6   9   7   6  49  31   8   9  21   4  44  39  44   3   3  11  28  19  22  33  21  38   7  13  38   7  33  33  27  17  38  26  38  29   7  39   1  27  20  34  41  45  12  39   2  28  20   4   4   5   1  39  25  44  17   9  43   6  28   7  34  46   1  28  13  20  19  47   9  14  10  14  30  45  42  27  26  44  12  50  34  16  38  23  37  36  22  49  23
   8  25  43  25  12  25  13  14  50   7  13  44  19   1  14  14  45  23  35  47  50  15  47   7  31   9  20  10  24  19  44  27  30  50  37  50  19  42  15  45  11  39   1  24  33  34  47  24  12   7  16  24  39  15   4  10  40  10  31  31  15  17  11   3  50  42  47  28  13  35  14  20  35  22  45   8  22  27  21  32  33  47   1  50  50  23  33  44  13  15  46   9  16  18   5  44  49  43  21  29  44  39  37  27  18   9  31  14  38   5  50
  10   3  49  18  38  24  40  38  43  37  20   8  42  43  30  39  39  41  46   9  25  18   7  40  11  19  24  48  15  15  41  35  46  36   3  18  35   6  26  31   7  32  31  25  24  18  31  44   1  14   5   2   4  33  12  39   8  34  27  41   7  26   4  36  12  24  44   2   1  14  18  15   2  16  29  30  37  45   9  26  24  19  41  44  46   9  37  27  49  43  20  26  10   7  21   8  15   6  13  21  36   5  17  16  37   7  13  13   7  28
  27  25  33   6   1  26  16  19  28  47  37  40  26  40  39  15   9   7  25  49   3  30  17  10  45   2  31  45  20  37   7  46  12  24  19  31  22   8  12  29  27  48   7  46  17   7  21  19   9  20   5  26  32   3   6   1  31  22  17  15  42  21  32  13  10  38  43  36  20   8  33  16  40  45  10   2  18  19  37  20   4  14  49  13  43  46  17  40  37  25   5  10  17  34   6   1  42   9   8  43  16   3  22  26  23  14  18  34  24
  18  24   1  19  12  50   9  46  48   8  29  42  50  17  23   6  26  24  46  45   8   6  32   9  20  31  15  33   7  23  25  39  22   7  40  15  19  28  22  15  24  43  43   7  31   6  10   1  32  20  22  35   2  34   6  41  42  39  35  41  33   1  22  42  40   5  10  36  38  43  33  22  38  13  14   1   5  12  19  17   5  28   5  38  22  45  33  20   3  41  24  44   1  22   8  45  36  31  49  24  28  30  37  35  16  22   2  26
   9  17   3  14  41   3  15  13   1  20  31  33  11  16  18  28  31  45  27  28  39   5  40  15   2  27  33  32  31  45  49  36  48   7  46  15  24  21  46  31   3   7  46  37   9  43  25  34  47  20  47  17  24  13  21  26  23  14  39  21   7  35  32  28   2  13   4  28  40   4  39  18  13  33  17  18   8  38  42  20   1  27  35  27   4   4  13  37  37  16  35  43  42  21  36  23  15  41  41  50  50  49  29  19  42  36  14
  30   7  32  22   7  24  27   8  23  40  28  33   4  40  30  25  38  16  42  15  44  14  16  18  44  10  43  19  26  15   4  21  24  28  12  49  14  35  37  43  15  13  30  36  46  27  29  36  23  25  11  47  12  45  44  38  11   7  44  38  13  46  32  32  41   5   6  17  49  18  13   2  11   5  36  33  40  15  22  34  16  19  15  11   4  34  37  22   8  43  36  32  31   4   5  30  45   8  38  18  49  44  13   2  16  14
  33  21  47  32  28  46  35  25   5  17  48  18  15  48  13  33   1  12  25  40  38  39  32  22  18  37  10  31  36  39  16  35   2  20  39  39  37  18  17  31  50  29  12   6  27  11  32  48  18  25  21  32  35  25  27  36  21  45   7  36  12  13  34  34  22  16  37  37  28  16  30  12  28  10  16  10   9  30  21  22  14  23  46  10  43  13   6  30  14  27  19  11  48   8   8  24  19  47  13   8  48  32  16  21   2
  15   3   6  18  17  36  37   6  43   2  44  21  25  45  20  28  12  20  28  14  18  15  47  25  43  14  27  26  43   1  39   6  14  10  48  46  22  50  48  18  29  14  33  44  32  27  25  34   9  25  14   5  12   4  30  26  14  28  15  33  41  25  18  37   3  16  40  28  19  41  12  36  31  20  49  47   6   4   9  19  32  25  18  25  21  48  36  23  33  30   9  45  42  37  28  40  46  25  33  19  37  19  50  25
  29  20  41  28  19  49  24  35  11   6  17  26  19  19  47  39  45  41  37   4   1  29  36   9  47  49  15  48  27  50   8  34  20   6  24  26  27  43  47  42  29   3  21  26  44  25  21  37  46  50  20  29  26  18   5   5   5  48  18  27  20  23  25  21  42   9  45  10  44  35  31   9  40  16   2  31  10  30  36  14   2  13   9  44   4  38  13  31  41   1  47  35   9   4  29  13  25   3  21   6  21   7  49
  48  15  11  21  30   6  25  33   4   4  27  21  37  48  29  21   6  19   3  38  15  48  35  44  28  24  12  22  15  21  41  20  14  25  42  24  30  29  37  10  12  33  19  39  33  19  31  18  39  13  49  20  48   1  13   8  34  47   6  31  50  40  30  27  14   9  34  23  13   9  18  45   4  29  12  19  22   1  17  14  30  45  44  13  38   3  48  28  28  42  24  19  29  22   6  13  27   3   3  47  44  18
  31   7  16   2  23  40  14  11   5  48  11  35  16   4  38  22  11  29  33  27   3  18  16  49   1  39   6   7  32  23  16   1   6   5  23   7  31  11  34  26  30  50  20   1  48  26  36  10  19  17  33  15  18   3  49  39  42  43  48  40  43  50  14   1  10  28  21   8  42  22  32   4  15  40  21  30   4  18  25  24  49  42  39  12  37  42  48   6  41  48  20  43   6  33  24  33  19  28  40   7  26
  18  17  24  12  22  35  17  26  37  42   5  33  21  31  34  37  30  20  33  10  19  50  48  20  41   6  48  27  21  43  17  47   2  44  16  32  13  13  20  23  41  19  47  36  43  43  30  35  20  22   6  14  27  43  25  29   5  48  45  40   8  45  13  45  36  41  28  25  46  14  23  48   4  23   1  26  13  46  50  50  14  46  18  34  40   9   2   8  24   2   8  31  29  36  22  10  48  15  35  13
   8   1  31  21  43  37  39  11  40  32  50  18  29  48  48   7  10  14  37   3   5  37  28  13  37  25  44  25  28   5  28  23  17   8   2  46  41   3  23  21  24  46  10   1  41  13  33  15  43  16  11  33  24  13   7  25  16  46  25  34  45  38  32  20   5  39  50   5  10   6  38   9  50  19  23  47  43  31   5  16  16  36  19  37  41  50  15  33  28  30  30  13  26  42  46  42   9  33  18
   5  35  46  27  20  22  10  31  19  31  46  38  21  24  42  26  50  45   7  12   3  20  16  17  17  37   3  16   5  18  26  45  50   2  37  33   9   9  40  36  50  50  17   9  13  32  27  25   8  10  34  22   5  44  31  13  18  31   2   4  14  33  29   4   9  19   6  21  22  44  40  16  28  45  46  26  19  42  12  48  16   2  40  34  11  26  27   1  29  30  41  44  17  19   3   8  47  23
  10  47  31  14  50   3  11  24  30  42  12  15  11  30  22  50  17  16  27   8  42  43  48  38  26  26  23  47  11  24  15  23  36  30   9  27  33  42  25  20   9  17  50  37   4  11   1  19  19  21  21  34  14   8  18  31  46   8  47  12  32  43  37  22  25  40  14  18  47  14  28  11  14  13  34  47  21   1  34  16  24  34  28   4  20  26  41  13  16  27   7  28  39  41  29  32   7
  30  32   3  45  40  31  21  48  10   4  29  42   7  11  30  41   3  20  25  17  38  20  47   4  45  38   6  21  12  34  41  46  42  31  41  24  49  15  48  27  45  38  15  35  27  36  24  11   8   4  32   8  12  46  33  31  37  39  17  50  38  17   4  20  30  31  17  24   6  39  28  27  27  30  15   5  23   4  16  14  34  46  17  36  20  35  32  15  12  32  13  24  18  13  31  40
   3  13  31  36  14  31  47  33  46  44  39  14  24  41  47  34  14   3  28   4  35   6   6  36  44  10  15  49  22  19  19  22  25  48  16   4  16  50  20  13  22  48  15  41  13  15  43   2   3  46   1  47  19  35  21  17  45  10  28  30  35  45   2   3  34  14  33  31  11   8  10  35  46  23  19  27  35  33   1  33  10   6   5  30   8  36  16   8  45  32  25  19  50  20  44
  31  30  45  47   2  42  13  35  15  32  43  21  29  14  30  28   3  36  46  49  27   8  34   6  45  31   5  18  15  19  49   7  14  41  22  12   2  45  12  35  35  46  16  28  20  42  47  49  31  39   5   4  43   9  49  14  30   7  11  46  29  35  12  41  37  47  35  30   1  32   8  30  14  24  21  33  42  44  39  46  35  36  11  50  20  40  11  29  37  24  10  25   3  28
  23  46   8  39  12  21  43  24  47  48   4   2  22  31  35   2   8  13  30  37  47  48  43  16  10  22  32  40  30  29  39   7  35  11   5  31  24  27  32  11  13  47  25  26   6  25  33  35  31  50  36   4  39  17  47  13  34  13  23  49  44  43  35  22  12  40  22  38  10  37  43  30  32  17  21  18  46   3  45   1   4   4   7  48  44  34  27  37  17  46  17  43  44
  35  29   5  19  43   3  28  16  29  22  37  23   3   2  48  35  24  30  43  43   1  40  25  32  14   9   1  39   2   7  28  42  32  49   3  20  46  48  25  11  23  12   4  27  36  15  26  35  41  49  46  13  17  20   9  22  29  43  17  46  30   4   4  33  34  45  12   3  33  40  50  19  42  28  39  22  20  22  20  17  35  40  37  49  25  39  27  36  45  46  50   4
   2   7   5  20  49  18  44  33  34  16  36   3  12  33  46  26  12   9  17  12  39  17  23  10  12  33   6  40   3  45  11  21   5  42  27  28  41  32  30  35   6  29  40  28   9  24  20  37  22  27  29   9  24  37  24  40  36  32  40  32  15  23  27  29   2  29  43  36   9  25  29  27  46  14  20  26  34  42  25   2  12  11  47  33   9   8  32  36  39  48  22
  49  18  30  16  45  20  33  34  28  13  47  35  37  30  15  44  33  28   5   8   2  43  17  41  15   6  25  50  38  36  29  20   7  20   1  29  32  12   1  18  14   4  49  10  22  11  34  38  16  40  32  20  37  34  40  37  38  24  47  45  10  26   8  26  10  22  31  20   3   9  34   1  33  32  37  48  12   6  40  35   3  35   5   7  23  23  39  23  37  18
  48  41  41  43   9  20  19  32  30  29  21  16   2  37  12   9  12  47  23  23  49  44  17  44  40  32  16  33  38  42  40  48   3  37   4  28  33  10  45   5  22   3   5  34   3  33  40  31  34  39  13  48   2  30  26  37  27  28  33  38  23  38   4  42   7  23  47  31  31  40   6  18  37  50  38  41  44  40  36  33  32  21   3  11  44  36   4  22  20
   8  11  23  35  17  43  13   4  26  15  14  42  10   2  13  37  19  11  12  23   7   5   1  23   3  45  48  36  19  10  49  28  30  43  21  33  16  41  18   3  12  45  14  30  14   7  39  18  14  48   9  31  42   4   9  24  23  37  47  38   2  11  11  39  42  38  31  36  25  34  26  32  49  15  45   5  29  48  26  20  47  25  39  45  40  42  37  22
  34  10   1  23  43  30  48  40  22   3  39  23  49  30  19  48   9  13  39   5  23   7  23  20  48  13  38  10  14  10  50  40   4   8  33  37  50   7  12  46   9  33  20  14  48  49   7  31  31  40  50   8  37  16  30   2  28   7  19  41   5  20  19   3  19  37  48   3  19  15  27  48  10  43  48  36  19  44   5  32  10   9  36  45  41  40  31
  26   3   7  12  17  26  29  45   8  47  10  14  28   2  45  21  49  30   9   4  21  40  15  25  23  44  45  46  26   9   5  43  24  27  49  25  11  46  26   3  43  23   3  44  19  29  39  38  25  41  27  50  26  12  22   2   2  32  12  45  34  38  21  38  23   9  10   8   8  31  30  17  27  44  30  39  43  46   5  38  21  22  43  24  42  29
  19  37  16  13   4  10  33  11   7  31   6  41  11  29  49   1  33   5   2  38  39   8  31  47   2  14  17  48  15   9  41  11  40  36   4  16  13  20  14   4   4  17  12  35  39  49  32  48  21   2  32  11  11   9  33  47  12  12   6  47  17   8   3  41   4  32  47  19  50  38   4  32  39  48  39  14  26  46  48  12  49  32  40  46  31
  32  47  16   1  14   3  14  50  43  46   4  34  16  20   8  11  21  50  20  49  22  44  31   1   3  37  13  17  41  50  13  23  13  34   5  26  39  22  50  32  22  19  37  20  15  10  47  16   4  37  33  21  50  25  38  44  38  15  43  14   2  10   3  12  23  15   4  33  20  10   7  26  49  38  13  19  36  11  30   4  17   2  40  18
  40   7  30  13  41   2  42  13  20  27  17   7  21  27  40  25  23  43  11   2  45  41   3   2  47  26  23  50  18  21  41  33  42  37  20   3  10  26  24  11  37  49  17  31  49  13  37   5  37  42  30   5  44   3  10   5  37  32  37  20   6   9   4   8  39  29  38  49  31  49   9  45  34  45  44  35  19  30  35  18  12  42   1
  26  35   6   8  11  38  47   2  22  33  18  47   5   9  35   5  23   4  29  45   4  12  36  48  16  18   2  21  43  18  37  49   8  43  30  10  33  17  37   5  17  26  21  18  18  46  15  17  32  44  29  30  26  39  24  29  33  32  10  15  13  26  15  37  31  27  36  19  40  48  36  27  12  22  26  50  11  18  44  31   7   6
   5  27   8  30  18  12  41  40  46  47  15  23   3  27  50  46  48  11   7  30  15  38  38  44  28   8  36  40  15  20  18  49   8  17  31  24  15  22  39   5  22  34  25   2   7  27   1  50   6   7  40   3  10   9  35  49  17  37   6  13  25   1   9  11  30  37  50  35  27  13  22  16  11  31  24  28  36  28  47  43  35
  37  17  13  45   2  36   1  23  44  26  23  49  36  27  37  49  20  18  43  33  38  50  30   3  26  34  16  41  26   9  11  14  16  38   8  34  48  37   8  28  24  32  33  10  27  34   4  43  50   5  48  12  37  37  42  23  49  39  50  19  34   7  43  27  11  23  36   7  27  43  30  47  13  14  44  10  27  12  49  17
   8  37   2  22  28   3  45   8  11  25  46  34  29  22  32  27  39  12  40   9  20  30  37  15  17  20  15  16   9  50  46   3  21   8  27  10  46  28   6  20  47  40  46  18  49  33  24  17  38  31  44  44  16  28   8  40  19  38   4   3  24  25  24  32  29  45  46  32  49  25  21  14  20   5  20  34  14  25  49
  46  21  44  48  34  24  12   5  35  32  10  39  47  12  35  24  16  34  13  47   5  10  36  39  25  36  13  49  35  35   7  20   6  34  21  30  16  23  38  27  32  42  19   2  49  31  42  42  25  35  16  38  35  45   6   1   5  20  26  13  50   7  29  50   8  12  20   7   3  29   5  39  30  45  17  20  16  30
  45  45  30  46  23  44  42  28  36  11  12  20  23  50  20  50  19  24  49  24  17  29  34  35  35   6  44  29   3   7  42  50  18  18  32   6  34  31  23   2  10   3   8  30  46   4   3  26  12  33  31  25  11   1  32  50  25  15  47  22   7  38  32  46  36  17  12  24  18  50   9  27   9  34  24  37   8
  17   2  35  47  16  23  36  38  41   9  26   3  28   3   5  41  36  42  24  19   2  35   4  47  12  12  45  31  36   4  14  18  38  30  13  19  25  45   7  27   2   2  26  46  17  31   9  50  16   1  31  43  34  26  30  36  33  50  10   4  25  11  19  29  31  44  16  18   7  46   3  43   7  39  32  21
  48  43   8  46  21  18  40  46  33   8  31  49  30  31  10  31  21  33  43  30  23  19   9  47  46  18  42  18  19   4  17  33  30  28  43  34  13  22   7   2  47  18  19   8  36  47  16   1  16   9  47  47  10   6  46  13  33  12  10  14  37  40  25   6  39  45   1  42  49  42  15  27  17  37  12
   5   2  42   8  47  37  36  15   1  27  42  15  37   6   4  10  36   6  19  49  32  24   2  19   3   5   6  29  24   7  23   1  12  47  22   1  38  46  22  25  10  36  36   7  30  26  19  47  35  37  16  20  20  35  19  13  45  10  33  28  46  31  26  41  48  18   4  32  16  36  13   4  34  23
  37  33  37  33  20  23  26  41  21  13  17  13  35  34  20  49   2  34  26   9  30  25   8  27  41  29  41  33  26  37  31  30  10  21  17  16   7  43  34  10   7  35   4   8   9  34  39  39  22  50  39  38  23   7  40  19  44  31  44  41  43   1  27  11  32  10  30  47  32  18  40  33   7
  47  34  31  37  19  16  46  33  41  24  24  50  50   5  36   5   9  42  38  23  29  23  37  15  16  44  27  39  33  46  15  29  44  28  23  40  24  18  26  25  11  10   1  46  18  38  14  30  34  22  18  49  30  42  43  39  49  35  45  20  16  27  33  21  23  25  10  11  13  33  44  46
  21  12  14  47  29  18  14   6   2  32  30  25  41  24   9  47  39  32   1  23  25  17  39  18  30  40  39  38  25  11  31  36  29  26  40  14  25   2  36  31  31  50  45  28  11  28  10   9  12  24  41  45   7   1   1   8  34  17  36   4  20  33  16  39  39  30  38  26   5  15   6
  23  22  31  13  21  13   9  35  27  39  34   2  50   8   8  10  24  24   7   7   3  25  50   5  39  41  10  10  38  38  45  26   3  33  29  36  17  24  19  30  42  10  35  34  37  45  28  35   8   6   6  31  28   8  32  31  46   1  20  14  33  29  38  44  25  33  21  39  22  10
   2   2   3  49  33  48  42  32  12   7  26  39  50  13   4  24  24  40  15  22   1  11  45   5   5  36  20  41  22   9  21  20  43  25  14   4  26   1  25   4   2  32  12   2   9  20  46  38   9   5  44  35  12   4  50  38  28  44  41  49  48  23  24  35  11  35  20   1  41
  17  29  19  10  19  46  35  34  40  40  47  25   6   2  11   8  34  34  50  13  31  14  38  29  32  42   3  44  49   6  29  12   8  37  46   1  46  30  10  50  23  12  36   4  12  44  13   5  11  33  29  21   9  17   2  11  37  28  50   2  12  39  27   3  40   4  12   1
  38  33  12  24  43  28  29  14  38  49  42  30  30   3  26  33   6  24  12  26  24  27   3  27  26  44  48  48   4   3  47  37  41  13  34  35  34  50   1   1  41   8   8  15  18  27  33  29  36  13  40  42  26  26  14  21  43  25  13  20  43   8  19  37  28  24  24
  28  17  39  30  22   7  22   7  32  44  30  20  21  39  18   3  40  35  36  39  28  28  32   6  40  19   5  20  13  45  48  45  19  13  41  27  19   8  18  10  42   5  20  23  24  15   9  18  14  42  48  36  27  50   5  27  11   6   7  42  24   9  41  11  44  32
  46  41  45   6  35  43  45  13   1  27  29  19  23   2  34  27  18  20  27  10  35  27   5  14   3   8  33  15  50  43  15  36   2  47  48  33  27  28  39   7  16  22  11   7   3  44   2  48  17  17  11  17   3  23  48  23  35  38  12  44  37  26  42  24   6
  10  25  49  10   6  40  36  10  15  50  11  15  30  30  31  42  27  32  23  16  50  44   6   7  10  11  29   1  10   6  34  16  19  39  12  25  13   3  48  50  30  48  35  25  19  50  31  15  27  16  17  26  11  24  41  44   1  45  43  14  33   9  10  47
  30  39  14   8  12  17  24  50  13  24  20  28   4   6  11  12  13   5  14  29  30   2  35  23  47   5  20  23  39  17   3  46   4  23  20  24  33   9  22  41  12  24  47  49  29  43  18  49  42  32  40  29  42   4  35  19  37  23  31  35  25  12  47
  12  24  30   3  47  12  17   9  11  33  19  42  22  37  49  34  15  15   9  12  41   1  18  14  22  40  33   2   1   8  46  19  31  30  49  50  32  10  39  28   7  34  42  42  20  49  25  26  45  11  13  12  48  38  16  26  36  39  33   2  32   4
   6  43   5  17  21  49  29   5  17  29   2  22  41  46   3  41  18  17  41  27   7  12  13  42  46   5  43  36  16  10  45  49   2  44  28  39  42  42   8   9  33  24  25  28  42  10  12  30  28  24   3  38  11  16  30   9  18   2  50  18  31
   2  24  36  20   6   2  43  15  29  36  45  42  13  50  24  10  41  21   9  10  28  50   5  22  34  38  10  49  40  48   5  41  43  10  38  47  35  44  18  23   7  45  39  22  36  46  11   1  10  26  16   5  32   3  45  12  25  33   2   1
  44  20  30  19  48   9  10  36  28   4  23  21  34  44  39  37  12  36  39  12   9  23  16  50  37  31  31  30  18  24  25  35  47  46  35  12  33  31  50   9  31  24   5  25  41  40   6  22  27  25  11  34   2  28  24  33   7  35  37
  39  18  15  13  31  41  47  26  24  25  13  20  33  36  48  35  36  36   4  28  40  28  16  33  25   3   3   3   7  40  18   5  37  42   2  45  30  19   9  23  28  39  37   1   9  16  36  50  40  34  44  31  46  36   8   7  21  49
  49   2  25  12  35  10   8   7  45  36  41  30  18  45   3   8  39  10  44   6  30  28  14  42   4  19  20  28   3  21  27  46  12   3  50  30  42   5  36  12   9  38  31   3  40  21  29   9  40   5  40  31  23   9  30  49   2
  44   9  40   5  38  38  40  26   4  28  44  49  18  31  14  24  45  39  50  27  17  36  45   1  24  25  43  10  37  12  18  49  14   4   6  23  19  19  39  47  45  17  24  23  23   8  35  35  48  14  28  47  45  49  50  38
  29  37  44  34  48   8  21  37  33   8  37  47  27  19  18  45  42  15  15  12  14  19  49  12  20  37  31  31   5  38  11   6   4   7  35  15  31  40  41  39   6   5  33   1  17  30  30  40  37  40  25  47  38   7  32
  22  24  45  42  23  38  34   7  28  48   4   3  12  12  28   3  35  19  24   2  19  39  26   3   9  19   7  14  48  23  42  15   3  38  39  40  41  16  30  35  34  37   6   8   7   4  22  49  22  28   5  20  10  12
  18  48  32  40  31  37  47  15  16  29  22  11  40  31  39  16   7  18  43   1   9  19  30  28  40  13  26  40   9  23  19  15  30   7  20   3  30  41  40  29   2  29   5   5  49  27   6   5  25  11   2  38  13
  47   1  49  14  15  12  32  33  19  34  33  38  14   8  17  15  28  14  37  21  21   2  40  11  32  49  17  42  48  37  22  14  36  22  18  38  21  17   7   1  22  35  30   4  13  21  34  24  15  32  42   8
  20  27   9  42  49   6  18  25   1  16  46  26  10  25   8  50   2  49   4  30  24  19  20  17   9   2   2  20  45  18  34  25   5  49  19  20  31  16   8  26  27  21  22  22  41   9  19  33  50  45  25
  44   8  22  46  39  32  37  24   2  49  31   3  39  43  11  26  33  12   9  35  49  22  37  40  45  27  26  48  28   5  44   1  38  12  30  37  24  23  48  18  17  37  38   7  41  14  15  19  44  46
  46  16  21   5   2  48  14  16  13  10   7  20  26  44   7  47  10  11  37  47  31  15  26  42  33  13  46  18   2  44  29  48   5  22  27  15   3  16  43  21  31  30  39  45   1  19  28   4  23
  18  29  39  45  47   8  47  10   6  43  20  36  48   8  40  44  27  12  19   4  49  22  16  45  29  35  42  10  19  46   4   6  10  35   5  15  16   3   3  42  37  23  39  47   7  47  39  26
  30  16  28  47  43  17   6  28  32  17   7   8  18  43  13  26  29  14  40  36  13  17  21  28  37   4  35  44  26   7  34  25   4  19  43  27  20  19  14  29   7  46  23  16  38  49   3
  39  29  17   8  41  48  45  15  15  28  18  14  42  50  44   4  43  39  44  42  39  10  29  36  22  21  38  24  31  25   2  41  40  33  47  36  30   1  18  43  21  32  21   7  30   4
  10  26  17  48  27  17  34  48  20  26  10   6   1  25  27  23  23  50   2  14  27  30  11  21  31  29  37  47  44  35  14  23  29  44  47  18   2  17   9  19   3  50   5   5  25
  27   5  43  28  24  10  36  37   4  38  42  17  25  19   1  30  43  34  16  42  26  19  40  27  39   7   2  23  23  47  12  33  30  46  19  37   2  17   1  40  38  36  22  42
  20  24  23   4  49  24  47  38   6   4  23   1   2  42  38  16   8  38  37  20  12  48  30  24  31  15  42  43  33  10  26   6  15  23  26  27  42  35  29  20  34  14  38
  30  50  37  44  47  30  11  45  12  24  33  34  35  44  18  50  21  34  45  43   9  23  24  43  23  16  41  49  23  11   2  50   3  40  27  49   8  32  30  26  25  47
  28  27  44   1  40  28  38  10  27  29  38  35   4  42  28  13  44  16  22  40  21   1   1  14  30  38  14  50  26  50  30  47  39  11  31   9  29  20  20   2  32
  18  41  43   3  47  37   4  37  17  30  36  38  43  30  17  26  20   8  23   4  50   4  16  43  45  42  17   8  10  30  12  36  25  19   2   7  26  35   4   4
  16  21   4  43  37  15   9   3  37   7  35  34  39  24   4  45  20  36  10  31  19  41  47  36   7  13  26   3  44  34  19  13  34  27  15  42  22  44  45
  38  19  20  39  42  41  14  29   4  38  30   5  36  34  11  35  10  14  35   1   9  28  36  30   4  23  23  14  44  28   5   1  32  33  50  28   4  42
  41  46  15  40  27  20  38  22  48  50  12  15  25   5   9   8  18  27  33  22  28  28  29  46  11   3  27  46   3  22  46  13   7  29  16  26  16
  14  11  47  13   6  22   5   9  14   2  45  38  44   9  17  25  49  42  27   9   2  19   4  12  16  14   9  32  43   8  24  21  43   4  20   3
   9  48   1  19  10  47  47  23  16  48  33   2  10  40   2  49  14  17  34  13   5   5  31  32  19  29  15  22  31   7   4  13  37  35  50
  48  47  33  42  14  23  15  17   3   6  49  28   5  35  14  14  22  41  23   1  47  16   9  42  13  37  39  31  24  22  46  41  28  43
  19   6  19  30  10  49  24  25   9  44  11  15  33  40  37   7  39  26  19  50  35  13  21  19  15  40  21  16  42  48  48  40  19
  17  30  26  27  17  25  22  35  25  24  23  12  26  34  32  38  29  23   4  12  19  44   7  41   3   3   8  40  46  17  13  37
  11   8  26  10  41  12   4  31   7  46  28  32  22   2  33  12  38  38  31  34  43  10  45  45  30  30  47   7   4  26  35
  11   6  50  40  31  14  15  15  24  38   7  27  44  12   9   2  32  39  17  45  23  16  37  20  21   5  17  50  11  10
  28  26  23  35  19  18  48  11  45  29  47  43  18  48   4  36  44   8  39  42  42  36  11  50  44  47   5  23   7
  13  14  26  42  26  32  18   4  45  33  24  19  15  15  40  37   1  49  21  12  11  17  34  13  42   2  17   8
  26  29  35  45   4  20  10  28  15   4  45   8   6   4  23  10  16   8   1  10  40  29  40  11  10  34  44
  25  28  22  26  20  33  29  25   4  46  19  30  49  13  34  12  23  47  21  50  17  45  13  35  45  17
  11  11   2  49  34  32  41  36  11  41  17  49  26  26  29  27  31  21  23   4  15  24  15   3  31
  43  42   1  26  23  44  31  28   7  44  20  47  18  36  45  18  32   3  28  13  26  46  42  30
   3  14  50  10  37  42  10  50  36  16  31  32   7   5  49  32  38  50  24  17  50  40  46
  29   6  24  48  15  29   6   2  32  24  28  12  10   1  18  26  25  45  16  41   3  11
  42   3  18  43  29  50   1  22  15  39  26  13  43  43   4  38   2   9  40  27  25
   4  18  28   6  11  10  19  28  50  12   7  13  45  43  47  12  31   7  32  34
   9   7  22  43  18   5  30  43  48  14  29  38   3  25   1   8  40  32  11
  44   2  20  22  50  39  23   2  43  31  32   8  43  37  27  39  11  26
   4  40  41  41   7  34  19   2  47  31  50  22  35  14  20  39  36
  20  47  36  20  48   6  26  37  35   8  36  33  30   4  49  50
  23  27  29  42  20  47  22  44   5  39  22  16  49  27  19
  25  14  44  43  15  21  18   2  14  25  46  11   1  47
  44   6  32  21   2  32  33  47  39  37   5  30  42
  44   6  20  25   8  26  22  10  28  21  22   7
  22   6   3  11  34  25  49  32  34  20  19
   2  40  39  38  27  14  38  48  41   8
   1  47  11  38  42  21  32   4  48
  49  13   8  34  12  12  10  18
  35  11  45  24  32  12  20
  40  32  40   6  21  39
   7   2  17  30  44
  45   8  43  37
  36   9  35
  16  41
  31

 704
   4  16   7  22  13  16  14  12  12  11  23  11  11  25  20   8  23   8   6  19  21  21  16  13  24   4   9  18  17  15  16  11   7  10   5   1  12  24   1  24  22   2   2  10   8  13  23   2  25   6  17   3  21  10  17  19  12  10  24   4   6  11  22  13  16  21  20  10  12   4   8  19  10   3   8   5  16  12  14   3  16  20   1   3  25   1  19  23  20  12  16  14  19  19  18  17  19  12   1   7   4  22   1  24  14   4   8  19  16  19   5   8  13  20  17   9  25  15  12  12  18  22  19   7   1  14   2   9  18  23  22   6   4  12  11   6  17  13  19  25  20   2   4  14  18  12  25   3  16   5   5  12  11   2  10  24   3  23  25  20

