 160 
   0   0  17  38   0   0  16   0   5  10   7   0   0   0  24  10   0   0   0  44   0  19  11   0   0   0   0   0  40   0  24   0   7   0  23   0   0   0   0   0  33   0   0   0  24  22   0  28   0   0  28   0  16   0  18  19   4   0  44  30  22  22  50  15  28  21   0   0   1  21   0   0   0  31  46  39   0   0  24   0   0   0  18  17   0   6  18   0   0  18  34  36   0   0  39  10   0   0  19  20   9   0  13   0   0  25   0  15  21  26   0   0  12   0  26  26   0  37   0   0   0  19   0   8  22   0  18   8  29   0   0   0   1   0  39   9  39  40  41  42  46   0  27   0   0   0   0   0   3  26  18  15  21   0  16   0   0   0  33   0
   0   0  24   0   0   0  48  21   0   0   0   0   0   0   0   0   0   0  44   0  23   0   8   0  34  18   0   0  35   0  19  19  31  25   3   7   0  45  29   0  30   0   0   3   9  20  27   0   0   0   1  12   0   0   1  29   4   2   0  50   0   5  22   0  38   0   0  21   0   0  16  30   0  34  37  16  49  24  12  24   0   0  30  15  36   0   0   0   0  29  19  26  27  15  13   0   0  14   4   0  14  23   0  35   0  34  44   0  40   0  30   0  43   0  46  20  34  17  38   0   0   9   0   8   0  10   0  27   0   0  35  31   0  35   0   0   0   0  11   0  35  36  19   0  20   0   0   0  11  33  13   0  40   0   0   0   0  24  25
   9  47  46  28   0  35   0   0   0  42   0   3   5  35  28   0   0  40   0   0  33  38   0  10   9  45  24  25   0   0   0  47   0   0  23   0  50   0  27  22   0   0   0   9  18  32  44  22   0   0   0   0   5  37   0   0   0  13   0  37  30   0   5   0   0   4  25   0   4   0   0   0  30  41   0   0   3   0   0   0   0  16   0   0  31   0  18   0   9   0   0  37   0   0  41  23   5  34   0  37   3   0  37   0   1  12  12   0   0   0   0  40   0   7   0  29   0   0  19  34  36  16   0   0  39  26   0  10  36  23  44  47  40   0   0   0   0   0  28   0   0  20   0  14  36   0  13   0  23   4  25  32  34   0  24   0  43   4
   0   2  30  29  37   0   0   0   0   0   8   0  13  44   0  50  20  32  49  36  28   0  41   0  18  25  10   5   0  30  43  39   0  24   0   8   3   0  42   0  18  36   0   0   0  25  35   2  11  48   0   1  19  29   0   0   0   0  43  43   0   0  35   0   2  50   0   0  10  11  42  22   0  37  21  18   0  20   0  39  37  39   0  10   0   0   0  13   0  42  32   0  43   8  34   0   0  40  11   0   9   0  28  25   0   0   0   0  39   0  16   0   0   2  44   0  19  38  36   0  18  50  43   0   0   0   0   0   0   4  14   0   9   2   0   0   0  38  14   0   0  33  30  20  45   0  42   0  43   0   4   0   0   0  26   0   0
  36  17  14   0   7   0   0  47   0  45   0  16   0  25   9  20   0   2   0   7  50   0   2  18   0  47   0  40  38  50   0  12   0   0   0   1  49   0   0   0  48  46  23  44  32  23   0   0   0  32   0   0   0  12   0   0   5   6   0   0  36  48   5   0   0   0  23  46  20   0  14   0   0   0  25  42   0   0   7  11  28   8  14  32   0  50  49   0   0  17  50   0  28  27  33  17  48   0   0   0   0   0  11  14  43   8   0   0   0   1   0   7  38   5  38  19   0  28  23  24  46   0  26  30  46   0   0  35   0   0  32   0   0   0  10   0   4  41   7  39   0  34  31   0   5   0   0   0   0   0  30  39   0   0   0   0
   0  33  36  48   0  21   0   0   0   0   0   0  10   0  40   0  34   0  12  20   0   0   0  13   0  22   0  44   0  21  18   0   0   0   0   0  13   0   0   8  38   0   0   0  25  38  23  33  40  44  36   6   0  36   0  39   0   0   0   1   0   0   0   0  25  30   0  40  23   0   2  31   5  38   0  17   0   0   0   0   4  37   0   0  19   0   0   0   0  50  49  16   0  48   0   0  41  32   0   0   0   7  47  34   0  39   0  33   0   0   0  24  39   0  23  36   0   1   0   0   0   0   0  28  25   0   8   0   0  40  11   0   0   2  22  46   0  49   0   0   0   0   0   0   7   0  14   0  30  22   0   0  38   0  39
   0  41  26   0   0   0  30   0  11  18  22   0   0  30  10  33   0  19  44  44   0  15  42  49   0  31   0  21   0   0   0   0  43  10  19   0   0   0   9   0   0  19   1   0   0   0  29   0  27   0  48   0  49  19  22  36   0   0  15  18   0   0   0   0   9   6   1   0   0  16  46  31  40   0  23   0  27   0  36   0   9  17   0  29   2   0  27  10   3   5   0   0  14   0  14   0   0  43   0  21   0   0  28   0  35   0   0   6   0   0   0   0   0  44  43  12  39  41   0   2   1   0  50   0   0   0   0   0   4  14  36   7   0   0   3   0   0   6   0   0  45  42   0   0   0   0   0   0   0   5   0   0  24  35
   0   4   0  40   0   0   0   0   0   0  13  46   0   0  39   0  18  22   0   0  15  43   0   0   0  42  41   0  36  32   0   0   0   0   0   0  21  40  16   0  24   3   4   0  26   4   0  22   0  20  33   0   0   0  14   9   0  27   0   0   0  32   2  36  37  32   0  30   0  45   0   0   1   0   0   0   0  12   0   0   0   9   0   0   0   0  34  33   0   0  18   0   0  49  18  46  44   3  11  38  27   0  39   0  24  10   0   0  13   0  41   0   9  50   0  47   0   0  49   0   0   0  21   0   0   0   0   0   1  43   0  12   0   0  33   0  36   0   0  24   0   0   0  27   0   4   0   0  13  38  11  35   9
  34   0  32   0   0   0  27  13   0  38  27   0   0   0   0   0  40  22  13   0  27  14   0  49   0  12   0   0   0  49  41   0  25   1  15   0  50  19  34  46   0  12   0  49   0  25   0  36  28  13   0   0  12   0  30  46   0  29   0   0   0  38   0  48  12   7  41  18   0  18   0   0  12  31  42  19  49  50   0   3   0   0  17  10   0  13  12   0  47  38  30  26   0  43  48   1  15   0   0  30   0  18  20  39   0   0   0  45  49  44   0  22   0  22  43  39  31   0  34   0  13   0  31   0  37  13   0   0  22   0   9   0   0   4   0   0   0   1  15   0   0  27   1   0   0  25  36   0  32   1   0  14
   0  22   0   0   0   0   0  18   0   0   0  23  32  35  29   0   0   0   0  36  26  49   0   0  49   0   0  50   3   0   0   0  15   0   0  49   4  37   0   0  24  49   3   0   0   0  24   0  13  20   0  22  36   0   0   0  42   6  37   0  44  50   0   0   0   0   0  16   0   0  14  32  41   7   9   0   0   0  42   0   0  22   6   0  32  32   0   0  43   2   0   0   0   0   0   0   0  25   0  25   0   0  12   0   0  21  21   0  12   0  31  39  43  46  34  28  25  20  50   0  32   6   9   0   0   0   0   0   0   0   6   0   0  43   0  45  24   0  21   0   0  47  37  27   0  38   0   0  20   0  45
  16  19   0  12   0  50   0   0  49   0   0  39   0   0  48   3   0   0   0  16  16   0   0  23   0  17  29   0   2  40  23  47   0  12   0   0  14   5  22   4  10   0  22   0   0   0   0  27   0  39   3   0   0   0  37   0  17  50  11   0   0   6  15   5  20  50  29  20  29  41  20   3  32   0  10   0   0  22   0  17  25   0  13   0  34   0  37  50   0   0  27   0   0  45   0   0   0   1   0   0  48  19  25   7  50  23   0   0  25  38   0  36   6  10  17   0  19  39  27   0   5  24  21  15   0  22  25  46   0   0   0  14  26   0   0   0   0  46   0  47  48   0  16   0  39  17  40   0   0   0
   0   0  41   3   0  21   0   0   0  24   0  36   0   9   0   0   0   0  40  20   0  16   0   0  34   0  32  15  50   0  49  47   0   0   0  23  16  41  45  15  36   3  12  15   0   0   0   0   0  26  12   0   0   1   0  18  29   0  48   0   0  14   0   2   0  40  49   1  35   9  50  17   0   0  47  39  49  26   6  21   0   0   0   0  26  10  34  46   0  40  33  19   0   0   0   0   8   0  15  31  45   5   0  25   0   0  17  36   0   0   0  21   0   0  26   0   0   0  32   0  44   0  10   0  37   0   0  26   0  33  36  43   0  35  17  10   0   0   0   0   0   0   8  45   0  46  11   0   0
   0  35   0  13  21  35   0  17  22  26  40  17   0   0  48   0   0   0   0   0  29   0  17  46   0   0   0  41   0   0  29  19   0   0   0  37  44   0   0  11   0   0   0   0  45   8   0  20   6   0  23   0   0  14   0  22   0   4   0  21  21  13   9   4   0   0   0  50   0   0  46   0  13   0   0  26   0   0   0  39  47  43   0   0   0   0  14  15  41  15   0   6   0   0   0  45   0  44  23   0  21  28   7  32   0   0  41   0   3  37  34   0   0   0  44   0   0   5   0   0   6   0   0   0   0   0   0  27   9  30   0   0   7  13  19   0   0   0   0   0  36  49  24   0   0   0   0   3
   0   0   0  17   0  46   0  43  37  28   0   3  13   0  39   0  20  17   0   0  13  48   9  22  33   0   0   1  28  24   0  16  49  29   0   0  15  19   0  47   0   0   0  43  43   0   0   3   0  36   2   1   0   0   0   0   0  37   4   0  13   0   0   0   0   0   0   0  14  47  35   0  47   0   0   0   0   0   0   0  42  44   0   0   4  17   0  37  45  22  42   0  33  20   0   0   0   0  25   0   0   1  34   0   5   0  11   0   0  34  48   0   0   0  26   1   0  48  28  16   2  20  34   4  44  18  28  10   0  47   0   0   5   0  18   7   0   0   0   0   2   0  19   0  23   2   0
   0  18  50  13   0   0  12   0   0   0   0  30   0   3   0   0   0   0  15   4   0   0   0  29   7   4  30   0  48  37   0   0   0   0   0  27  34   0  34  22  28  25   0  23   0   0   0   3   0   0  13  50  14  12  44  15  18  21   0  47   0   0   0  36   0   5  27   0   0  31   0   0   0  14   0  39   0   0   0   0  39  50   0   0   0   0  49   5   2   0   0   0  23   0   0  10   0   0   0   0   0  38  25   0  31   0   0   0  43  50  31  27   0  34  37  35   0   0  13   0   0  37   0  16   0  49  41   0   0   0   0  31  50   0   0  16  50  42   3   0   0   0   8   0  27   0
   0   0  43   0   0   0  40   8   0  31   0   0  47   0  36  37  49   0  37   0  18  47   0   0   0  40   0   0   6   0   0  26  22   0   0   5   1  43  21  42  21  47   0   0   0  24  26  25   0   0  40   0   0  41  48  16   0   0   0  44  15   0  26   0  25  43  20   0  11  42   3   5  47  33  22  26   0   0   0  11   0   3   0  38  24   2   0  24   0   0   0  11   0  21   0   0   0   0   0   0   0   0   0  13  16   0   5   0   0   0   0   0   0   0  11  19   0   0   0  49   0   0   0   0  32   6  15  21   0  45  22  18   0   7   0  16   0   0   0   0   0  10  16  11  32
   0  34   0  42  31   0  23  27   0  13   1   2   0   0   1  49   0   0   0   1  27   0  24   0   0  14  14  18  17   0  27  47   0  12   0   0  16  37   0  35   0   0  20   0   0   6   0   0   2   0   0  24   0  20   5  27  20   0  36   1  15   0  16  12   0  24  40   9   0   0  22  38   0  17   3   0   0   0   0   0  32  26   0   0   0   0   2  47   0   0   0  35   6  14  12   0  50   0  38   0   0  33   0   0   2  19   2   5   0  22  38  48   6   0  48  47  31   0   0   9  33  47  46  14   8   0   0   0  13  20  39  33   0   0  37   0   0  18   0   0   0   0  34  35
  36   7  45   0  38  11   0   0   3   0   0  50   7   0   0   0  44   0  33   0   0  27   0   7  44   0   0   0   0   0   0  25   7   0   0   9   0   0   0   0  24   0   0  16   0  44   0  46   0   0  42  20   8   0   0   0  17  34  21   0  26   0   0   0  41   0  47   2  35   0   0   0  46   0  20  30   0  19   0   0   4   0  19   0   0   0   5  24   1   0   0  41   0  46  47  46   0   0   7   6   3   0   7  19   0  24  19   0  46   0  36   0   0   0   0  39   0  39  44   0  20  26   0   0   0  39  20   0  34  39  25   0   1   0   0  43  50  26   0  10   0   0  36
  15  14   0  13   2  50  20   0  36   8  45  25   0  17   0   0  19   0   0  42   0   0  36  35   2   0   0   0   0   0  31  38  20  30   0   0  24   0   0   0  17   0   0   0  21   3   0  29  50   1  42   0  31   0  43   0   0   0   0   0  16   0   0   0  21   0   0   0   0   0   0   0   0  32  26  10   0  25   7   8   0   0  20   5   0   0   0   0  38   0   0  34   0  46   0   0   6   0   0  46  27   0   0   0   0  28  41  19   3  10   0  48   1  43   7  10  25   1  47  46   0  23   0  46  49   0   0   0   0  28   0   0   0   0   0   0   0   1   0   0   0  25
   0   0   0  24   0  22  20   0  11   0  27  10  49   0   0   0   0   0  35   0   0   7   0   0   0   0  11  49   8   0   0   0  12   0   0   1  30  13   2   0   0   0   1  36  13   0  33  19   5   0  41   0  32  46   0   0   0  46   2   0   0   0  30   0   8   0   0   0   0   0   0   0  24  11  30  47   0   0   0   7  12  40  36   0   0  48  27   0   0  26   0   0   0   0   0   0   0   7  10   0   0  29   0  44   0  19   0   0   0  34   0   0   0   0   0   0   0  14  19   0  42   0  26   0   0  26   2   0   0   0   0   0  46   0  25  42  35   0   0  34   0
   0   0   0  37  27   8   0  10   6   0   0  33   0  22   0   9   0   0  34  34   8   0  19   0  32   0  13   0  26  47   0   0  47   0   6   0   0  49   0  23  45  25  24   7   0  10  13   0   0   0   0   0   0   0   0   0   0   0  20   0   0  22   0  41  10  45   1  17   0  22   0   0   1   0   0   0   0   0   0   0   0   2   0   0   0   7  10   0   0   0   0   0   3  21   0  37   0   0   0   0  22   0  34   0   0   0   0   0   0  41  47  39   0  18   0   0   0   0   0   0   0   0  41   0   0  20   0  41   8  46   1   0   0   0   0  30   0  27   0  39
   8  22   2   0  17   0  21   0   0   4   0  41   0   0   0   0  18  24  28   0   0   2   0   0  31   0  25   0  25  36   9   0   0   0   6   0  35   0  43   0  22  12   0   0   0  27   0  29   0   0   0  30   3  16   0   0   0   0   6   0   0  22   0  20   0   0   0   0  11   0   0   0   3   0  20   0  17  21   0  19  43  49  21  28  42   1  19  31  26   0   0   0  41   0   0   7   0   0  21   0  35   0   0  46   0   0   0  16   0   3  25  17   0   0  14   0  40   0  34   0   0  30   4   0  49   0   0   0   0   0   0   0  24   0  43   0   0   0  29
  14   0  20  48   0  41   0   0   0  15  18   0   0   0   0   0   5  35  45  10   0  22   0  50   0  17  19  39   0   0   0   0   0  25   0  10   0   0   0   0  18  36   0   4   0  40   0   0  32   0   0  26  13   0   0   0   0   0  47  44   0   0   0   0  34  47   1  38  42   0   0  20   0   0  37  49  12   0  42  46   0   0  48  31   0   0   0   0   0  24   0  50   0   0  36   0   0   0  25   0  50  40   0  48   0   0  29   0  11   0   0   0   0   0   0  39  18   0   0   0   0  17  42   5   0   0  23   0   0   0   0  22   0  37  22  30  35   0
   0   0  33  21  11   0   0   0   0  50  25  46   0   0  30  10   0   0   0   0   7  29   0   0   0   0  45  27   0  12   0   0  20   0   3   0   0   0   9   0   0  22   0  14  45   0  25   0   4   0  18   0   0  15   0  46  39   0   7  11   0   0   0  10  43   9  21  40   0  39  15   7   0   0   0   0   0   8   0  22   1  36  31   0   0  39   0  34  43  18   0  28   0  29   0   0   0   5  27   0  38   0  27  29  39   0   7  10   1  19   0   0  37  35  44  45  39   0   0   0   0   0  37   0   0  45   0  40   0  29  16  19   0   0  27   0   0
  43   0   0   0   0   0   0  44   7   0  22   0  28   0   0   0   0   0  43  18  39   5  24   7  32   0  32   0  34  40  31  37   2  28  35  46  43   0   0  47   9   0   0  13   0   0   2  31   0   0   0  25  46   0   0  14  28  21  43   0  17   0   0  25   0   0  11   0   4  40   0   0  33   0   0   0  48   9   0  15   0   0  23   0  19  43  33  44   0   0   0   0  24   0   0   0   0   0  18   0   0   0  31  23   0   0   4  45  44   0   0   0   0  31  14  37   8   0  25  19  39   0  19   9   0   0  30   0   0   0  21  35   0  36  25   0
   0  10  47   7   0   0  47   0  50   0   0   0   0  11   0  50  19   4  29  16   0  24   0   6   0   0   0   4   0   0   0   0  47   0   0   0  38  38  28  16   0   8   0  27  21  13   0   0   0   0   0   0  26   0   0   0  26   0   0  13  42   0   0   0   0   0   0   0   0   2   0  17   0   0  48  44   0   0  31   0  42  10   0   0   4  15   0  29   0   0   0  47  32   0  39   0   0  13   0   0   0  44  17   0   0   9   0  44  16   0   0   0   0  29   0   0   0   8   0  43   0   0   0  17  16   0  22  50   0   0   0   0   0  35   0
   0   5  36   0   0   0   0  26   0  20  14   6   0  13   0  32  17  20   0  32   0  10  18  45  23   0   0   0   0   0   0   0   0  25   3  30  30   3  24  50   0   0   0   0   0   0  13   0  25  16   8  49   0   0  50   0   0   0  50  46   0  35  15   0  16   4  46  30  29  46   0   0  34   6   1  12   1   0   0  18   8  22  18   0  19   4  27   0   0  40   0  50   0   0  29   0   0  28   0   0  46  10   0   0   0   0  12  13   0   0   0  10  37   0   0  14   0   0   0   0  14  34   0   0  47   6  14   0   0  36  46   0   0   0
   0   0  25  36  14   0  21   4   0   0   0  11   0  22   0   0   0   0   0   2   0  45   2  30   0  35  11   0  11  39  10  40   0   0   0   0  17   0   0   0  13   0   0   6   0   0   0   0   1   0   0  25   0   0   0   0   0   0  22  12   5   0  37   0   5   0   0   5  18   0  18   0   0  44  13   0  25  45   0  37   0   0   7   0   0   0   0  45   0   6   0  41   0   0   0   0  38   5  36   0   0   0  40  41   4  16   0   0   0   0  42   0  36   0   0  16   0  37   9  35   0  23  27   2  14  46   0   0   0  38  48  19  43
   0   0   0   0   0  39  40   0   0  31   0   0   0  42   0   0   0  46  11   8   0   0  40   0   7  18  22  38  12   6   0   0  42   0   0   0   0   8   6   0   0   0  49  14   0   0  45   0   0   0  30  37   0   0   0  22   0   0  49   0  15   0  35   0  18   0  37   1   9  38  20  29   0   6  22  21   0  22  12  17   0   0   0  14   0  47  16  23   7   0   0  50  47   0  26  31   0   0  35   0   0   1   0   0   0   0  42  15   0  15   0   0  31   6   0  37  29   0   0   0   0  34  30  14   0  30  13   0   0  21   0   0
  31   0   0  38   0  12   0  11   0  17   0   0  45   0   0   0   0  17   0  43   0   0   0  48  47  50   0   0  37   0   7  18  23  48   0   0   0   0  30  49   7  39   0   0   0   4   0   0  49   0   0   6  28  23   0   0  35   0  40   5   0  29  43   0   0  44   0   0  40   0   0   0  42   0   0   0  49  35  24   0  22   0  25   0  27   0   0   0  12  33  29  34  18   0   0   0   0   0   0   0  13   0   0   0   0   0  37   5  28   0   0   0   0  20   0   0  47   0  20   0  29   0  27  27  10  35   0   0   0   1  10
  39  17   0  13  14   0   7   4   0  42   0   0   0   0   0   0  45  32  34   0  33  17   0  25  49  48   0   0   0  43  39   0   0  20   0   0   0   0  18  17  47  14   0  21   0  43   0  39   0   0  50  11   5   0  13  24   9   0   0   0  21   2  17   0   0   0   8  33   0  37   0   5  35   8   2  31   9  50   8  47  26  20  27  29   0   0   0  10   0  21   0  17  45  14   0  38   0   0  34   0  41   0   0  24  20   0   2   0  16  39   0   4  41   0   0   1  26   0   5  20  10   0  37   0   0  13   0   7  30   0
  11   0   1  22  25  13   0  26   2   0   0  46   0   5   0  27  33  27  44  11  20   0   0   0   2   7  34  48  27   0  28  18   0  19   2   0  35   0   0   0  34   0   0  36   0   0   6   0   0  38  28  45   0   0  26  33   0   0   0  38  47   0  26  47   0   0  40  11   0   0  48   0   0   0   9  40  28  18  12   0  24  24   0  38  15  22   0  16   0  25   0  45  46   0  32   0   0   0  41   0   0   0  36  41   1   0  27   0   0  35   0   0  14  50  24  29  16   0   0   0   4   0  13  48  26  17   0   0   0
   0   0   0  19  47  44   2   0   0   1   0   0   0  10   0   0   0  18  10  13  15   3  46  13   2   0   0  10  17   0  43  25   0  49   0   0   0   0  18   0   0  11   0  29  12  25   0   0  39   0  30  36   3   0   0   0  18   2   0   0  22   0   0  29   0   0  31  34  13   8   0   0   0  10   0  30   0   1   3   0   0   0   0  15  21   0   0   3  37  29   0  25   0   0   1   0  14   0   6  22  37   0  27  42   0  41  37  13  20  22  49   8   0  35  22  16  31  16  16  42   0   0   0  16   0  12  49   0
  19   0   0   0   0   0   0   0  22  47   0   7  29  37  23   0   0  33   0  27  36  45  14   8  14   0  44   0  48   0  37   0   0   9   0   0  21   0   0   9  15   7  23   0   0  36  29   0  22  14   0   0  19   0   0   0  32   0  45  25  27   0   0   6  37  21   0  41  45   0   9  17   0   3  38   0   0   7   0  13   6   6  40   0   2  26  34   0   0  20  48   0   0  19  45   0  14   0   0  34  37   0   0   0  18   0   2   0   0   0   0   0   0  17  37   0   9   0   0   1   0   0  15   0   5   0   0
   0   0  30  18  42   0  27   0  33   0  26   0  19   0   0  48   0  24   5   3   0  15   0   0   0   0   2   0   0   0  44   0   7   3  35   0   0  43  24   0   0   0   0   0  17   0   0   0   0   0   0   0   0  10  35   0  36   0  43   0   0   0   3   0   0   0   8  39  42   0   0  22   0   0  25  42   0  12   3  33   0   0  36  24  20   5   0  50   0  46   0   0  46  16   0   0  29   7   0  30   0   0  24   0  27  19  41  19  34  30  24  13  23  13  49   0   0   0   0   0  47  32   0   0  48   6
   0   0   2   0   0  29   0  10  30   0  20   0  38   0  46   0   0  11   0   0   0  20  25  22   0   0   4   0  25  32   0  23  14  19  17  40   0   0   0   0   3   0   0   0   0  35  34  20   0  27  47   0   0  19  26  32   0   0   4   6  22   0  45   0  19   0   0   6   0   0   0  13  23   0   0   0   0   0   4   0   0   0  24   0   0   0  38  35  50  10   0  11  17   0  17  13  38  16  26   0   0  47  24  34  45   0   0   0  23  42   0  36  15   0   0   0  17   0  39   0   0   0  25   0   9
   1   0   0  24   0  10   0  15   0   0  38   0   0  19   0  33  44   0   0  38   8  49   0  18  35   9   0   1   0   4  49   0  47   7   0  30   0  42   0  31   0   0   0   0   0  20  26  39   0  10  30   2   0  29   0  42   0   6  42  49   0   0  36   0  39  42  17   0  30  19   8  21   0  34  33   0  45   0   3  50   2   2   0   0  15   0  39   0   5   0  50  13   0   0   0  22  36   0   0  13  13   0   0  42   0  16   0   1  42   0  38  28  19   0  43  10  19   1   0   0   0   0  12   0
   0  38   0   0  43   4  30   0   9  36   0  34  24   0  26   0  32   0  19   0   0   0  43   0  27  47  12   0  43  24   0   0   0   0  38   0   0  13   0   9  22  44  33  36  31  30   0  25  46  30   0  20   0   9  35  46   0   0  23   0  39   0   0   0  24  42   0  50  29  35   0   0   0   0   0  10   0  36  50   2   0   4  41   0   0  16  13  11  30   0  37  50  40   7   0   0   0   0   0  36  11  31   0   4   0   0   0  47  28  11   0  28   0   7   0   0  46  11  33   0   0  12  24
   0  23   0  26   0   0  24   0   1  37  20  28   0  27  18   0  37   4   0  28   0  27   0  26  28  42   0   0  40   0  48  16   0  44   0  11   0  31  25   0   0  22  27  25  47   0  29   0   0  35  49  48  23  12   0   0  41   0   8   6  14  35  40   0  31  19   0  33  28  27  10  49  47   8  41   8   0   4  15  43   0  35   0   0  35  41  45  42  39  38   0  14  27  38   4   8   0   0   0  17   0   0   2   0  13   0   7  36   0  21  46   0   0   0  22  33   6   0   1   0   0   0
   0  44   0   0  26   0   0  35  17  19  43   0  49   0   8   0   8   0   0  32  48  20   0  35   0   2  38  11  18  36  49   0   0  10   8  50  27   0  31   0  30   6  23   0  43   0  24  22  44   0  43  44  47  48   0   0  40   0   0  19   0   0   5   0  30  36   0   0  18   0  34   0  13   0  38   0   6   0   5  45   0  22   0  21  30  23  44  33   0  10  27  37  16   0   0  28  41  38   1   0  12  27  10  43  33   0   0   0  37  43  11   0   0  36   0   0   9   2   0  31   0
  50  18  17   0   9   0   0   0   0  11   0  24   0  10  32   0   0   0   0   0  30  31  10  37   9  27  38   0   8   4   0   0   0  47   4  25  15   0   0   0   0  39   0   0  29   0  32   0  34  46   0  11   0  26   0   0  28  46   0   0  29   0   0   0   0  27   4   0  10  40   0   0   0  43   0  10  22  25   0   0   8   0   9  47  49  22   0   0  45   0  31  17   0   0   0  48   0   0   0   0   0  44   0   0  32   0  34   0   3   0   0   0  23  16  29  10   0   0   0   0
  35  34   0   0   0   0   0   0   0   0   0   0   0  47   0  11  11   0  34   0  49   3   0  17  19  25   8  45  34   0  34   0  19   0   6   0  14   0   0   0   0  34   1   0   0   0   0   0  32   0   0   0  43   4  35   0   0   0  31   3  16   0   0  26   0  29  21   0  22   0  25  15  48   0  22   0   0  29   0  32   0  30  42   0   0   0   0   4   0   0  37   7   0  13   5   0   0   0   0  23   0   0  42  40   0   0   0   0   0   0  44   0  39  14   0   0  18  50  30
  44  40   0  49   0  42   0  35  30   0   0   1  17  19   6  34   0  15  13  23  21   0  21   0  11  42  37   0   0  49  12  50  22   0   0   3   0  50  40  32   7   0   0   0   0  43   0   0   7  22   0   0  37   0   0   0   0   4  21  39   0  14   0  23   0   0  19  49   0  31   0  27   0  20  34  33  46  16   0   0   0  33  41   0  50  17   0   0   0   0   0  49   0   0   0  32   0   4  12   0   0   1   5   0   0  31  10   0  11  23   1   0  28  20  27   0   0   0
  12   0   0   0   0  28  35  44  42  30   0  18   0  17   0   0  36   0  24   0   0   0  44  28  24  47   2   9   0  30   0  23   5  19   0  17  43   0   0   0   0  10  35   9   0   0  46   0  28   0   0  41   0  41   0  29   0   0   0  39   8  47  38   0  50   0  21   0   0   0   0  13  23   0  39  10   3  22   3   0   9  48   0  16   0  31  12   0  24   7   0  32   0   0  23  13   0  23   1   0   0   0  21   0   0   3   2  48   0  42   0  48   0  31  45  19   0
  22   0   0   0   0  50   0  30   0   0  26   0  18   0   0  30  42   0  45   0   0  10  21  18  45   0  28   1   0  11   0   0  46   0  13   0   0  32   0   0   1   0   0  40  39  36  10  34  25  30   0   0  22   0   0  40   6   0  35   0   0   3   0   0   3   0  35  39  18  27   1   0   0   0   0   0   0  15   4   0   2   9  19   0   0  22   0   0  37   0  32  34  22   0   0  37   0  19   0   0   0  20  44   5  34   0  13   0   0   0  38   0  42   0   0  28
   0   0  48  25   0  18   0  13   0  40   0  33  24   0   0  33   0   0   1  42  26   3   8   0  40   0   5   0   0  28  18   0   0   0   0   6   0   5   0  32  32   0  40   9  18  21   0  23   0  13  40  23   0  47  36  11   5  15  40  10   4   0   0   0  49   9  18   0   0   3   0   3   0   0  25   0   0   0   0  45  12  17   0   0  36   4  42  17  12   0  45  25   0  45  42   0   0  20  48  16  35   0  20  33   0   0  35   0   0   0  12  38  20   3  40
  24  33   0   0  34  22   0  17   0  15   0  44   0   6   0   0   0   5  28  49   0  25   2  44  43  11   0  25   0   8   0   0   0  38  40   0  35   0  26  44  41   0  21   0  28  18  26   0  44  41  44   0  27   0   0   0   1  22  26  19   0   0   0  49  11  13   0   0   0  12  27  24  21  19   0   0   0   0  26  48  37  47   0   9   0   0   0   0  38  35  36   0   0   0   0  32   4  40   0  12  46   8   0  22   0   0   0  45   0  38   0  31   7  45
  19   0  31  44   0   0   0  16  18   8  46  24  30   0  27   0  34  14  26   0  42  37   4   0   0  10   0   0  42   0  49   0   0   0   0   0  28  30   0  37   0   0   0  47   0   8  15   0   0  23   0  29   0   0   0  35   0   0   0   0   0  48   0  44   8   0  26   0  22   0  32  22   0   0  25   0   0   0  46   0  11  27  38   0   0   0   0   0   0   0   0  38   7  23  30  39   0   0   0   0   0   0   0  45   0  33  29  12   0   0  41  38   0
  30  19   0  45   0   5  33   0  12   0  25   0  23   0   0   0   0   0  15   0  12  16   0   0  17   0  47  43   0   0   4   0   0  23   0   0  37  46   0   4  50  40  46   0  46  30  45  47   0   0   0  26   0   5  27  17   0   0  33  47   0   0   0   1   6  38   0   0   0   0  43   0  22   4   0  29  10  37  26   0   0   0   0  18  20   0  15   0  24  35   6  47   7  22   0   0  15   0  36   0   0  35   0   8   0   0   0   2   0  41   1   5
   0   0  29   9  50  17   0  31  14   0  31  22  18   3   0   0   0   0  14   0   0   0   0   0   0   0   0   1  48   0  14   0   0  18   0  12   0   0   0   7  39  26   0   0   0  42  39  11   0  10  10   0  23   0  40  32  13   4  31  37   0  49  44   0   0  47   0  50  18   0  35  38   0   0  44  48   0  36  14   0  26  16   0   1   0   3   0   0  16   0  37  33  42  39   0   0   0  16  47  32   0   0  11   0   0   0   0   0  12   6  47
   0   8   8   1  13   0   0  39   0   0  36   0   0   0   0  43   0  32  13  42  41   0   7  23  47   3  44   4  37  36   0   0   0  10   0   0  49  40  23   0   0  42  41   0  14   0   0  11   0   5   0  12   0   0   0   0   0   0   0   0   0  36  37  34  40   0  42   0  50  33   0  21  47   0   0  12  29   0   0  40  11   0  25   0   0   0   0   0   0  29  13  23   0   8  45  18  22   0   0   0   0  36  31  36   0   4   0   0   0   7
   0   0   0  31   8  26  27   0   3   0  22  50  41   0  41  17   0  41   0   0   6  19   6  17   0   0  20  42  26  19   7   4  17  19   0   0   6  42  11  14  17   0   1  21   0   0  24   0   0   4   8   0   0  14   7  29   8  23   0  37  10   0   0   0   0   6  14  31   0   8   0   0   0   0   0   3   0   0  33   0  29  42   0  37  15  29   0   0   0   0  34  36   0   0   0  38   0   0   9  14   8   0   6   0  19   0  33  47  46
   4  42   0  15  23   0   0  27   0  14  48   0  46   0   0  40   0   0  17   0   0   0   0   0  13  25   0  42   0  38   6  29  22   0   0   0  15   0   0   0  18  30   0  34  49   0  36   0   0  43  31  24   0  36  35  30   0   0  27   0  50  43   0  47  45  42   0  34   8  11   2   0   0   0  40  34   0   0   0   0  44   0  43   0  28  13   0   0  14  25   0   4  22   0   0   0   0  38   0  11   0   0   0  35  12   4  14  48
   0  17  35   0  36   0  26  25   0   0   0   0   0   0   0   0   5   0   0  35   0   0  15   0  29   0  36  49   0   0   0  25  35  23   6  22  13  39   0  16   0  27  16  10   0  48   8   0   0  24  47   0  12   0   5   0  24  14  20  14   0   0   3   4  37   0   0   0   0   0  14   0   0   0   0   7  31  35   6  34  50   6  43   0   0  15   0  15   0  46   0   0   3  15  31  28  39  39  25   0   0  25   0   0   0  23   0
  44  17   0   0  44   0   0  49   0   0   0  45   0  45  45   6   0  29  42   0   0  16   0  45   0   0   0  33   0  45   0   0  18  35   0   2   0   0  21  44   7  43  28   0  22   0   8   0   0  24   0   7  39   0   0  34   0  49  42   9   7  43  45  27  33  46   1   7   0   0   0   0   0  38   0   0   0   9   3   0   0  13   0   0   0   0  20  29   0   0   0   0  44   0   0   0   4   0   0  34  32   0   8  34  32   0
  13   0  48  10   0  49   0  17  32   0   0   0  16  30  21  40   0  25   0  10  23  41  27  14  48   0   0   2   0  39   0   0   0  38   0  40  21   0   0  13   0  16   0   0  28   0   0   0  18   0   0   0   0   0   0   0   5  14   8  22   0   0   0   0  15  35  12   0   0  22  23   0   0   0  13   0   0  20   0  38   0   0  17   0  12   0   0   0  22  35  46  31  44  17   0  20   0  36  31   0   3  18   6  35  27
  33   0  28   8   0   0   0  42  40   0   0   0  49   0  12  17   0   0   0  23  37  49   0   0  13   0   0  37   0  16  46   0   0   0   0  18  47   0  48   0   0   0  17  20  22  47   0   0   0   0   0   5   0   2   0  17   0   0   0  12   0  36   0  18   0   0   0   2   0   0   8   0   0   0  21   0  20   0  38   0  37   0  42   0  12  20   0  29  21  21   0   5  12  48  38  38   0  27   0  22   0   0   1   0
  17   0   0  19   0   0  29   0  36   0  37  23   0  21  40   0  35  18  39  27  29   0  27   0   5   0   0  31   0  17  13   0   9  22   0  12   0   0  28   0   0   0   0  22  49  36   0   0   4   6  47   0  32   0  48   0  46   0   0  33  25  20  44   0  19  40  10   9   5   0   9  31  34  25   0  11  49   0  42   0  16   0  33  11   0   0  45   0   0   0  27  29  11   0  25   0   0   0   5  14   0   0   0
   0   0  17  30  49   0  36   0   0  50  22   0  45   2   0   0   0  17   0   0   0   0   0   0  26  24   0   6   0   0   0   0  10   0   5   0   2  14   0  40  12   0   0   8   0  24  48  47   0   0   0   0  14   0   0  42   0   6   0   0   0   0   0   0   0   0  11   4   0  11   0  31  41   0   0  31  14   0   0   0   0   0   3  32   0   5   9   0  50  26  31  34  17   0   0   0  16   0   0  47  17   0
   0   0   0  33  31   0  12  44   0   6   6   0   0  28  38   0  48   0   0  16  22   0  21  42  44  30  11  45   0  38   0   0  33  33   0  36  48  25  33   0  34   0  31   0  38   0   1  40  49   0  48   7  18   0   0   0  45  49  20   0  48   0   0  19  19   0   0   0  13   0  27   0   0   4   0  21   0  17   0   0   0   0   0  31   0  41  15  16  13  39   0   0   7  17  50   0   0  18  42   5   0
  49  16   0   7   0  15   0  16   0  38   1   0   0  27   0  48  34  11   0  44  35   0  32  30   0  17  12  14   0  29  41   0   0  33   0   0   0   0   0   9   0   0  35   0   0   0  27   0   0   0   0   0   0  45   6   5   6  43   0   0  17  19   0  30  27   0   0  22   0   0   0   0  26  36  41  46  36  31   0   0   0  47   0   0   0   0  45   9   0  32  31   0  33   0   9  19  14   0   0  30
   0   0  50  17  18   0   0   7   0   6  49   0   0   0   0   0   9  48   0   0  14   0  13  10   5  41   4  41   0   0  50   4   8  50   0   0   2  41  26  27   0  38   0   2   0   3   0   0  36  46   0   0   0  44  11  18  30   0   0   0   0   0  39   0   0   0   0  50  18  25  45  28  44  31   0  42   0  36  47  26   0   0   0   0   6   0  42   0   0   0   0   0  22  27   0  12  29   0   0
   0   0   0   0   0  26   0  38   4   0   9   0  34  24   1  47   0  22   0   0   0  40  19   0   0   0  17   0  48   0   2  29  50   0   0   5   0  44   0   0  28   0   0  23  22   0   0   0   0  38   0   0  40  28   8  16  12  46  36   0   0   0  13   9   0   0  45   0  19  32  36   7  20   8   0   0  46   1   0   0  35   3   0   0  31  10  47   0  28  14  25  17  21  33   0   0  15  36
   0   0   0   0  17  41   6  28   0   0   0  33  12   3   0  24   0  27  45  16  26   0   0   0  33   0   0   0   0  49   0   9   0  20   0   0  12  18   0  24  37   0  10  26   0  19  41  13   3   0  41   0   0   0   0   0   0  47   0  39  44   0  17  26   1   0  16  44   0   0   0   0  23  23   0   0  38  16   0   0   0   0   0  27  12  28   0  15  46   0  47  49   0  24   0  19   8
  35   0  31   0   0   0  25   0   0  18  49   0  37  22   4   0   0   0   0   8   0   2   0   0  20   0  13  35   0  42   0   0   0   0  48   2   0   0   0   0   0  23   0   0  38   0   0  34  29   0  21   6   0  16   0   0   0   0  16  47   7  36   0   3   0   0   0  40   2   0   0   0   0  43   0  29   0   0   0   0   0   0   0   0   0  45   7  13   0   0   6   0   0  13   0  15
   0   0  28  21  22   0  29   3  15   0   0   0  12  24  35  20   2   0   0  20   0   0   0   4  13  16   3   0   0  42   0  48  30   0   0   0   0   0  46  43  49  21  29   0  46  34  41  46   0   0   0   0   0  18   1   0   0  31   0  17   0   0   0  46   0  29  16   0   0   0   0  21   0   0   0   0  15   0   0   2   0   0   0  44   0   0  43   0   0  30   9   0   0   0   0
  28  33  17   0  11   0   0   0   0  19  19   0   0  35  30  19   0   5   9   3  13   0  23   0   0  41   0   0  38  34   0   4   0  46  33  15   0   0  35  32  25   0  34   0  21   0   0   0   0   0   0  17  10   6   0   0   0   0  17   0   5  34   0   0  50   1   0  21   0   6   0  37  13  31  31   0  31  47  19   0   0   6  24   0  32  23   0  36   0   0  24   0   0   9
  31  18   0  15   0   0   0   5   0   0   0   0  44   0  30  33   8  20   0  42  38   0  39   0  25  17   0  45  47   0  28   0  12   0  24   0   0   0  18  42  24   0   8   0  35  38  20  13  19   0  11   0   0   0  15  31   0   5  38   0   0   9   0  39   6  36   0  30  25   0   0   0   0  16  37   0   0  23   0  27   0   0  42  13  24   3   0  20  23   0   0  47   0
   0  27   0   0   8   0   0   1   0   0  27  43   6  16   0   0   0  43  44  10   0  28   0  49  49   0   0  17   0  49   2  12   0   0   0   0  14  30  35  33   0   0   0  20   0  30  30  21  37   0   0  45  50  19   8  45  25   0   3  38   0   0  50   0  21   0   0   0   0  13   0   0   0   0   0  25   0   0   0   0   0  36  16   0   0  21  23  39   6   0   0   0
  16  24   4   0   5   0  37   0   0   0   0   0   0   0   8   0  49   0  20   0   0  20  38  13   0  32   0   0   8  38   6   0   0  44   0  20   0   0   5   0  16   0  32  30   0   0  31  21   0   0  33   0   5   0  34   0   0   0   0   0  12   0   4   0   0   0  13   0  16   0   0   0  45  11   0   5  11   0  18  18   0  13  40  23   0  31  21  40   0  10   0
   0  27   0   0   0   0   0   0   0  42  47  26   0   0   0  42  47  29  10   0  14   0  20  12  27  41  43  17   0   0   0  25  19  22  12   0  35   4  49   0   0   3   0   5   0   0  34  25   0   0   0   0  50   0  29   0   0  24   0   0   0   0   0  31   0  37  45  38  47  18   0   7  13   0   0   0   8  10  33   0   0   0  36   7   0   0  20  46  14  20
  38  13  16   0   0  27   0  20   0   0   3  34   0   0   0   0  50   0   0  20  27  49   4   0   3   0  11  42   0   0  35   0   0  11  19  32   4   0   5   0  14   0   0  44  12   0  37   0  38   0   9  13  23  14  37  25  10   2   5   0  33   0   0   0   0  28   0   0   0   0   1  41   0   0  50  11   2   0   9   0   0   0  27  49   0   0   0   0   0
  14   0  40   5  22   0   0  12   1  26  39   0   0  41  21   2   0   0  45   9   0  29   0   0  12   1  47  12   8  16   4   0  18  31  37  16  43  50   0  41   0  22  26  30   0   0  10   0   0   9   0   0   0   0   0  10  29   0   0  16   0  33   0   3  15   0   0   0   3  18   1   0   0  35  33   0   8   0  38   0  47  39  32   0   0   0   1   3
   9   0   9   1  50  21  47  12  40  28   6  50  24   0   0  10   0   0  50  39  32   3   9   5   8   0   0   0  10  36   0   0   0   0   0  39  26   4  22   0   0   0   0  37   6   5   0  37   0  37  30   0  29   0   0   0  45   0   0   0  20  34   0   0  17  34  17   0   0   0   0   0   0   0  16  18  49  11   0   0  23   0  29   0   0  48   0
  18  46   0   0   0   0  42  46   0  11   0   0   0   0   0  31  50   0  40  32   0   2  26   0  12  32  25  18  39   0   0  41  44   0   0  28  21   0  50   0  48  27   0   0  40  35  47  25  50   0   0  38   0   7   0   0   0  17  40   0   0   0  27   0   0  24  22  22   0  45   7  25  13   0  17   0   0   8   0  50   0  41   0   2  29   0
  16   0   0  12   6  19  19  34   0   0  25  18  49   2  10   0   0  47   0  43  27  16   0  15  37  27  31   0  20   0   0  21  40  17   5  30  35  30  22   0   0  46  29  43  48   0  19  13  31  15   0   0   0   0   8   3   0   0   0  27   9   0  15  43   0  31   0   0   0  15   0  26   0   0  39  35   0  36   0  49   0   0  27   0  15
   0   0   0   0   0  12   0   0  42  34   0   0   0  15  11   0  18   0  16   0  25  47   0   0  13  25  27   0   0   0  23   0  46   0   0   7   1  36  14   0   0   0   0   0   0   0  47   0   0   4   0   0   8   0  44  47   0   0   0  26   0  35   0   0   0   0   0  38   0  21   0   0   5   0   7  40  28   9   0   0  18  39   0  43
   0  25   0   0   0  40  29   0  23   4   0   0   0  44  38  43   0  27  33   0   0  41  48  12   0   0   0   2   0   0   0  27   0   9   0  30   0  10   0  40   0  34  19  34   0   0  18   0   0  35   0  30  46   0   0   0   0  19   0  27   0   0   0   0   0  43   0   0  49   0   1   9   5   0  14  35   0  26  17   0  24  13   0
  50   0   0  50   0  32   0  14  42   0   0   0  38   0   0  23  11   0  34  19  39   5  22  46  12   0  28  28   0   0   0   0  39   0   0   0  38   0   0  46   0   1   0  18   0  44   0  39   0   0  46   0   0   0  30   0   0   0   0  42   0   0   0   0   0   0  38   0   0  14  13  36   0   0   0   1   6   0  35  22   0   0
   0   0  10  47  25  28  38   0  38   0   0   0  17  29   0   0   0  29   0   0  38   0   0  31   0   0   0   0   0  45   0   0   0  12  36   0   0  46   0  20   0   0  23   0  40  26   0  21   0   0   0   0   5   6  47   0   0   0   0   0   2   0   0  33   6  45   0   0   3   0  37   0   0   0   0   0   0  10   0   0   0
   0  32  45   0   0   0   0  12   0   0   0   0   0   0   0  23   3   0   0   0  41   0  20  46   8  29  41  44   0  37  31  35   0  46   0   6  29  26   0  46   0   0   0   0   0   0   3   0   0   0   0   0   0  36  16   0   0   0   0   0   0   0   0   0  20   0   0   4  10   9  36   0   5   4   0  25   0   0   3  36
   0  34  31   0   6  50  16   0  29   0   0  39   0  42   0   8   0   4  13   0  20  29   0   0  34  41   0   0   7   0   7  38   0   8  13   0  14   0  27   0   0  18   0   0  36   0   1  35  34  20  50  31  45   0   6   0   0  24   0  11  35   0  32   0  15  25   0   4   0   0   0  16   0  21  13   0   3  48  40
  17   8  22   0   0   0  12   0   0   0   0   0   7   0   0  26   0   0  36   0  27   0  47   0  26  22   0   0   0  50   0  17   1  50   0  18  28   0   0   0  15  12   0   0   0  32  35   0  24  42   6   0  28  30   0   0   0   3   0   0   1  40   0   0  33  34  12   0  36  37   0   5  39  28  39   7   0   0
   0   7  30  45  36   8   0   0  27   0   0   0  15   1  21  48  34   0  29   0   1  47  22   0   0   0   0   0   0   0   8  12   5  48   0  32  50  48  37   7   0   5  12   0  15  25   8   0  13  47   0   0   0  48  18   0   0  17   0  43  31   0  33   0  41   0   0   0  40   0  16   8   0   0   0  23   0
  14   7  13   0   0  34   0  23   0  40   0   0   0  50   0   1   1   0   9  32   0  39   4   0  29  44  24   0   0   0   0   0   0  31  12   8  50   0   0   0   0   0  10  38   0   1   0   0  19   8   0   0  24   0   0  35  50  38  17  16  33  42  24  36  11   9  43   0   0  27   0  25   0  15   0  14
  38  39   1   6   0   0   0   0   0   0   0   0  42  28   0   0   0  39   0   0  26   0  38   0  21   0   0   0  17  29  13   0   0  11   9   0  27   5  22   0  33  46  20   0  24   0  22   0  34   0  11   0  50   1  13  11   0  11   0  34  43   0  49   0  30   0  27  49  30   0  21   0   0  17  43
  31   0  20  17  26   0   0   0  39   0   0   0   0  43   1  11  20   0  24  50   0  14   0   0   0  12   8  40   0   0   0   0   0  37  15   6   0   0  27  32   0   0   0   0  47  34   0   0  31  45   0  31   0   4   8  12  10   0   0   0  46  21   4  45   0   0  30   7  38   0  11   9   0   0
   0  34   0   0   0  32  35   0   0   0   5  14  30   0   0   0   0  36  50  38  48  35   0  37   4  33  43   0   0   0   0  28   0  42  21  40   0   0  13   0  12  23  41   0   0   0   4   0  17   0  26   0  14  26  13  20   0   0   0   0   0   8   0  44   0   0  28   0   0  21  42  23  43
   0  45  32   0   0   0  44   0   0  26   0   0  10   0  20  39   7   0  27  48  28   0   0  40   0  19   4   5  31  30  19   0   0  10   2  35   0  37   0  15   0   0  27  48   0   0   6  33  17  25   0   0   0  19  39  50   2   4   2   0   0  32  39  16  22  29   0   2   0  48  31   0
   0  13   0   0   0  29  14   0   6   0  40  44   5   0   0   0   0   0  19   0   0  37   0   0   1   0  49  48   7  46  13   0   0   0  16   0   0   0   0   0   2  26   0   0   1   2  26   0  31   9  42   5  30   0   0   0   0   0   4   0   0   0  27   0   8   7   6   0   0   0   0
   0  36   0  40  16   0   0   0  46   0  13  25  31  32   3  47   0  20   0   9   0   0   0  31  42   0   0   0  20   0  45   0   0  44  14   0   0   0  42  44  20   3   0   0   0  38  39   7   0  48   0  24   4  49   0  14  49  31  12   0   0  21  44  46  41   0  32  31  27  11
  44  36   0  28   0   0   0  37   0  42   7  22   0   0   3  20  36  31   0   0   0   0  12   2   0   0   0  29   0   0  19  16   0   7   3   0   0  42  37   0   0  20  27  41   0   0   0   0   0   0   0  10   0  34  22  27   0   0  19  33   1   0   0  47   6   0   0  16   0
  25   0  39   0  34  30   8   7   0   0  42  21   0  21  13   0  45   0  28   5   0  24   0  10   0   0   0  39  38  13   4   0   0   0   0  26  18   0  49  44  32   0   2   0   0   0   0  26  14  10   0  12   0   0  32  16   0   0  29   0  19  16   0   0   0   0  27   0
   1   0   0   0   0   0   0   0   0   3   0   0  41   0   0  47   0  34   5  38  43   0  50   0   0  11  11   0   0   0  30  21   0   0   0   0   0   0   0  12  49  45   0   0  11   0   0  15   4  19  50   0   0   7   0  43  13   0   0   0   0   0  40   0   0   0   0
   0  23   0   0  37   0   0   0  19  36  33   0   0  46   0   0  36   0  49  12  15   0  44  12  23   0  15  24   0   0   0  47   8   7   0   0   9  31  15  42  21   3  30  45   6   0  15   0  28  32  40  15  46   0   0  46   0   0  19   0   7   0   0  43  48   0
   6   0  21   0   0   5  35   0  42   0   0   0   0   0  24   0  42   2  47   0   0  26   0  36   0  47  29   0  14   0   3   7  46   0  48   6   0  20   0  17   0   0   0  41   0   0  42   0  11   0  11  44   0   0   0   0  22  27   4   0  26   0  40   9  27
   0   0  25   7   0   0  50   0   0   9   0   0   0   0  22   0   0  44  43  27   0  41  24   0   0   0   9   8  23   0   0   0   0   0  31  22   7   0   0   0   5   0   0   0  41  28  23   0   8   0   0   0  44   0   0   0   9  42   0  21   0  26  10  35
   0   0  27  13   0   0  46  45  14   0   0   0   9   6  36   0  33   9  18   0  18   7   0  45   0   0  44   7  47  46   0   0   0   0  26  38   0   4  14   0   0   0   0  42  35   0  22  11   0   0  15  33   0   7  12  28  13   4   0   0  30  29  43
  41   0  35  42   5  13  50   0   0  38  36   0  43   0   0  49  41  45  17  37  44   0   0  18   0  50  35   0  11   0  32  30   0  13  15   0  16   0   0  46  12  22  44   0   0   0  24  40   0   0  48  22   0   0  22   5   0   0   0  37  34   0
   0   0   0  32  24   0   0   0   0   0   7   0  37  40  40  29   0   0  12   6   0   0  49  19   0   0  10   0   0  16  22   6   0   0   0   0  47   0   0   0   3   0   0   0  39   0   0   0   0   0  19   0   0  45  21  48  19  36  28   3  24
   0  12   0  15  14  23  21   0   0   0   0  40   0   0  11   7  23  30   0  31   8  20   0  45  20   2   0   4   1   0   0   0  40   0  44  25   0   3   0   9  19  48  11  33  10   1   0   0  36   0  23   0   0   0   0  24   6   0   9   0
   0   0  40  49  17   0   8   0  22  50   8   0  14   0   0   0   0  19   0  38  44   3   0  41  30  29   0   0   0  25  37  36   7   4   0   0  30   9  24   0  14  44  10   0  45  43   0  26   5  31  10   8   0   0  32   9  31  46   0
   0   0  25  32   0  34   0   0   0  22   0   0  11   0   0  39  28  20   0   0   0   0   0  39   0  42  40   0   0   0   0   0   0   6  12  24  24  40   0   0   7   0  38   0   0  40  16   0  11  46   0   0  48   0   0  15   0   0
   0   0   0   4   0   0  14  22  40   0   0   9  14  46  37  20  15  31  10  39  49   0   0   0   0  10  10  38  38  22  44   0   0   0   0  35  31   0  12  37  11   0   0   0   0   0   0  33  37   4  39   0  26  48   0  50   0
   0   4   0   0   0   0  19   8   5  27   0   0   0   0   0   0  30   0  25  14  44   0  14   0   0   0   0  22   0   0  26   0   0   0   0  11   0   0   0   0   0   0  20  13   0   0  17  47  39   6   0   0   0  48   0   0
   0  45  10  44   0   0  33   0  43   0  36   0   0   0  13  18   0  48   0   0   0   0   0  50  41   0   0  28   0   6   0   0   0  31   5  35   0   0  16   0   0   0  13  30   0   0   0  12  26   0   0   0   0  10   0
   0  33  41  17   0   0   0  24  17   3  48   0  49   0   0   0  23  24   6  44  29   0   0   0   0   9   1  17   0  47   0   0  13  27  18  36  15  42  49   0   0   0   0  10   0  22  39   0   0   8  20  13  16  38
   0  39   0  43  31   0  17  10   5   0   0  22  33  26   5  15   0  39   0   0   0   3   8  12  23   0   0   1   0   0  15  45   0  20   0   7   0   0  12  24   0   0   0  21  35   0   0   0   0   0  17   5   0
   0  38   7  17   0  42  16   0  33  24   0  39  25   0  34   5  37  23  31   0   0   0   4  32  39  21   6  14   0   0   0  44  25  11   0  17   8  47  48  16  23  32   0   0   4   0   0  47   4   9  37   0
  16   0   0   0   0   9   0   0  22   0   0  39  33   0  37   0   0  48  15   0  16   0  19  33   0   0   0   0  44   0   0   0  15  49   0  21   0  44  29  39  46   3   0   0  19   0   0  49   0  21   0
   0   0   0  49   0   0  17   0  32   0   0   0   0  21  26  10  10  33   0  25   0  20   0   0   0  21   0   0   0   0   0   3   0   0   0   0   0   0  11   0  11  27   0   0   0  30  50   0   0  13
  47  20  31   0   0   0   6   0  21  18  35  27   0  17  44  14  38  14  17   0   0   0   7   0  14   0  11   0   0   0   0   0  42   0  31   0  50  44  23  16   9   0   0   0  37   0  16  10   0
   0   0  10  24  49  19  34  48   0   0  45  34   0  40   0   0   0   0  28   0   0  36  46   0  50   0   0   0  16   0   0   0  26  39   0   8  14  47   0  24   0  23   5   0   0   0   4  41
  44   0   0  17  35   0   0   8   0   0   0  33  49   0   0   0  37  33  31   0   0   0  44   3  35  36   0   0   0  32   0   0   3   0   0  25  24   0  25   9   0   0  16  34  48  15  12
  41  23   0   0   0  22  48  47  15   8   0  37   0   0   0   1   0   0   0  47  10  32  35  47   0  36  49  42   0   0  46   0   0  39  38   0   7  45   0   0  19   0  45   0   0  16
  20  40   6   0   0   0   0   0   0   0   0  33  48   0  15  17   0   0   0   0   4   0   0   0  24  34  23   0   7   0   4   0   0   0   1   0  11   3  22   0   0  45   0  26   1
   0   0   0  12  21   0   0   0   0  47   0   0   0   0   0  39  25  35  35  26   0  50   0   0  12   0  23  23  41   0   0   0   0  12  35   0  35   0   0  29   0  35  27   0
   0   0  15  40   0   0   0   0   0   0  41   4  48   0   0   7   0   0  23   0   0   0   0   0   0   0  15   0  34  22  40  32   0   0   0   6   0   0  46  40   3   0   0
  42   0   0   0   2   0  36  10   0  49   0  37   0   0   0  21  11  38   0   0   0   8  36   0   0   0   0  50   0   0  19  33  50   0   0   4  27  22   0   0  22   0
   0  20   9  42  31   9  35   0   0   0   0  42   0  18   0   0   0   0  16  48   4   0  45  40   5   0   0   0   0  44  10  42  22   0   0   0  23  47   0  32   0
   0  39   9   0  48  33   0   0   0  33  21  44   0  30   0   0   0  43   0   0   6  43   0   0   0   0   0  23   0   0  37   0   1   0   0   0   0  34   0  12
   4   0  23  30  49  28  14  22  36   0  40   0   0   0   0   0   0   0   5  48  43  42   0   0   0   0   0  17   3   4   0  47   0   0   0   0   1   0  16
   0   0   0  42  34  12   0  36   0   0  20   7   0   0  14  26  41  11   0  40   0   0   0  46   0   0  49  22  15   9  22   0   0  25   0  20   0  42
   0   0  39   0  10  30   0   0   0   7  23  16  50  15   5  13   0  15   0  10   0   4   0   0  46  48  36   0  41   0   1  35   9   0  10  23  47
  32   0   0  12  35   8   0   4   7   0   0  47   0   8   0   1   0   0   0   3  47  25   5   7   8  41  39   0   0   0   0   0  22   0  37   0
  34  49   0   0  32   0  42   0   0   0  49   0   0  13  40   0   0   0   0  35  36  21   0   1   0  45   0   0   0  18  35   0  37   0   0
  21   3  33  20   0  17   0  26   1  37  26   0   0   0  41   0  14   9   0   0   0   4   5  34   0   0  32  24   0   7  15  17   5   0
  44   5  13   6  34   0  34  17   0   0   1  46   0   0   0  27   0   0   0  23  38   0   0   0   0   0  17   0   0   0  24   0   0
  27   3   0   0  29   1  38  34   0   2   0  29   0  18  30   0  33  29  10   0   0   0  48  43   0   8   0   0   0  32   5  16
   0   9  16   0   0   0  49   0   0   0   0  41  25  17   0   0  35   0   0  39   0  36  33   0  45   0  35   0   0   0  46
   0  29   0   0  45  45   0  35   0  24   0   8   0   0  29   0  38   0  11   0   6   0   1  50   0  50  19   0   0   0
   0   0   5  47  13   0   0   0   0  20   0   1  50   0  26  30  10   0   0   0  47   5  31   4   0   0   0  22   0
   0  19  15   0   0  34   2  27  14  40  28   0  33  41   0  38  38  38  14   0   0   0   0  26  42   0  15   0
   0  14  49  11  46  35  31  45   0   0  50  33   0   0  17  26   7   0  30   0  40   6   0   5   7  29   0
   0  22   0  45   6   0  25  49  41   0   0  23   0   0   5  21   0   0  16  35   2   0   0  11  23  48
   9   0   8  14  48   0   0   0   0   0   0   0  14  48   4  43   0   0  20   8  22   0  33  38   4
   0   8   1  27  20   0  31  44   0   6   0  47  42   0  26   0  19   0  48  24   0  16  30  26
   0   0   0   0  33   0   0  30   0  27   9   0   0  42   0   0   5  48   0  19  43   4  13
   0  22   0   0  10   0  23   5  27  20   0  29   0   0   9  41  34  34   0   3  38   0
   0  17  24   9  40   0  31  24  19  24  11   0  37  24   0   0  14   0   0   0   0
   0   0   0   0   0   0   0  34  14  44   0   0   0  16  35  21   0   0   0   0
  23   0  39   0  42  48   0   0  49   0  24   0   0   0  34   5   0  25   0
  34  23   0   0   0   7   0   0   0  15   0   0  42  43   0   0  48   0
  28  39   2   5  37   0   0   0   0  16  42   0   0  50   0  18   0
   0   0  11  16  24  23  18   0   0   0  42  17   0  15  13   0
  36  45  49  12   7   7  42  23   0   0   0  46  31  46   0
   0  48   0   0   0   0   0   0   0   0   0  38  16   0
  37  13  17   0   4  49   0   0  27  42  29  49  49
   0   0  27   0   0   4   0  35   0  41  44   0
  46   5  28   0   0   0  34  24   0   0  12
  24   0  33  33  28   0  34   0  41   0
   0   0  39   8  25   2  13   0  13
  40   0   0   0   0   0  29  50
   0  35   0  43   0   0   0
  18  28   0   0   0   5
  10   1   0   0   0
  33  28  35   0
   5  42   0
   0   0
   2

 837
   3   2  20  16  25   3  16  19  15   4  23  12   4  17   1  22  15  23   2   3  19   7  14  24  22  18  20  18  21   6   9   6   3   3  20   9   1   3  10  13   8  22   2  11  10  21  14   4   5  17  15  11  10   2  21  21   7  14   7   5   8  12  24   5   3   3  21  22  23   3  10  17   8   1  14  19  17  22  20   7   8   7  20  19  20  14   3   4   1  10  13  12   1   8   1  25   2  15   7  14  20  10  16   3   7  11  23   6  14  21   4  22  12  20  21  18  17   7  13  21   5  16  24   1  10  10  25   1  16   2   3  20  19  11  11  10  21  11   8  23   4   2   7  25  23  18  23  25  21  21   8  21  15  18  11  25  14  14  21   1

