 100 
   8   0   0   0   0   0   0   0   0  13   0  33   0   0   0   0   0   0   0   0   0   0   0  18   0   0   0   6   0   0   0   0   0   0   0   0   0   0   0   0   0   0   0   0  44   0   0   0  30   0   0   0   0  38   0  21   0   0   0  10   0   0  14   0  15   0   0   0   0   0   0   0   0   0   0   0   0  26   0   0   0   0   0   0   0   0   0   0   0   9   0   0   0   0   0   0   0   0   0   0
  10   0   0   0   0   0   0   0   0   0  19   0   0  35   0   0   0   0   0   0   0   0   0   0   0   0   0  26   0   0  46   0   0   0   0  10   0   0   0   0  42   0   0   0   0   0   0   0   0   0   0   0   0   0   0   0   0   0   0   0   0   5   0   0   0   0   0   0   0   0   0   0   0   0   0  25   0   0   0   0   8   0   0  26   0   0   0   0   0   0   0   0   0   0   0   0   0   0   0
   0   0   0  32   0   0   0   0   0   0   0   0   0   0   0   0   0   0   0   0  21   0   0  43   0   0   0   0   0   0   0   0   0   0   0   0   0   0   0   0   0   0   0   0   0   0   0   0   0   0   0  11  40   0   0  48   0   0   0   0   0   0   0   0   0   0   0   0   0   3  22   0   0   0   0   0   0   0   0   0   0   0   0   0  12   0  35  46   0   0   0   0   5   0   0   0   0   0
   0   0   0  42   0   0   0   0   0   0  38   0   0   0   0  15   0   0   0   0   0   0   0   0   0   0   0   0   0   0   0   0   0   0   0   0  20   0   0   0   0   0   0  14   0   0   0   0   0   0   0   0   0   0   0   0   0   0   0   0   0   0   0   0   0   0   0   0   0   0   0   6   0   0   0   0   0   0  25   0   0   0   0   0   0   0   0   0   0   0   0   0   0   0   0   0   0
   0   0   0  36   0   0   0   0   0   0  21   0   0   0   0   0   0   0   0   0   0   0   0   0   0   0   0   0   0   0   0   0   0   0   0  35   0   0   0   0   0   0   0   0   0  26   0   0   0   0   0   0   0   0   0  29   0   0  40   0   0   0   0   0   0   0   0   0   0   0   0   0   0   0   0   0   0   0   0   0   0   0   0   0   0   0   0   0   0   0   0   0   0   0   0  38
   0  49   0   0   0  50  35   0   0   0   0   0   0   0   0   0   0  41   2   0   0   0   0   0   0   0   0   0   0   0   0   0   0   0   0   0   0   0   0   0  19   0  14   0  29   0   0   0   0   0   0   0   0   0   0   0  37   0   0   0   0   0   0   0   0   0   0   7   0   0   0   0   0   0   0   0   0   0   0  46   0  46   0   0   0   0  27   0   0  36   0   0   0   0   9
   0   0   0   0   0   0   0   0   0   0   0   0   0   0   0  41   0   0   0  15   0   0   0   0   0   0   0   0  14   0   0   0   0   0   0   0   0  14   0   0   0   0   0   0   0   0   0   0   8   0   0   0   0  43   0   0   0   8  42   0   0   0   0   0   0   0   0  15   0   0   0   0   0   0   0   0   0   0   0   0   0   5   0   0   0   0   0  17   0   0   0   5   0   0
   0   0   3   0   0   0   0   0   0   0   0   0   0   0   0   0   0   0   0   0   0   0   0   0   0   0   0  38   0   0   0   0   0   0   0   0   0  38  22   0   0   0  10   0  46   0   0  34   0   0   0   0   0   0   0   0   0   0   0  26   0   0  33  25   0   0   0  27   0   0   0   0   0  26   0   0   0   0   0   0   0   0   0   0   0   0   0   0  29   0   0   0   0
   0   0   0   0   0   0   0   0   0   0   0   0   0   7   0   0   0   0  15  42   0   0   0  38   0   0   0   0   0   0   0   0   0   0   0   0   0   0   0   0   0   0   0   0  39   5   0   0   0   0   0   0   0   0   0   0   0   0  36  16   0   0   0   0   0   0   0   0   0  42   0   0  44   0   0   0   0   0   0   0   0   0   0   0   0   0   0   0   0  31   0   0
   0   0   0   0   0   0   0   0   0   0   0   0   0   0   0   0   0   0   0   0   0   0   0   0   0   0   0   0   0   0   0   0   0   0   0  11   0   0   0   0   0   0   0   0   0   0   0   0   0   0   0   0   0   0   0   0   0   0   0   0   0   0   0   0   0   0   0   0   0   0   0   0   0   0   0   6  21   0   5   0   0   0   0   0   0   0  44   0   0   0  32
   0   2   0   0   0   0   0   0   0   0   0   0   0   0   0   0   0  19   0   0   0  19   0  15   0   0   0   0  31   0   0   0   0   0  12   0   0   0   0   0   0   0   0   0   0  41   0   0   0   0  21   0   0   0   0   0   0   0   0   0   0   0   0   0   0   0  20   0   6   0   0   0   0  43   0   0   0   0   0   0   0   0   0   0   0   0   0   0   0   0
   0   0  28   0   0   0   0   0   0   0   0   0   0   0   0   0   0   0   0   0   0   0   0   0   0   0   0   7   0   0  42   0   0   0   0   0   0   0   0   0   0   0   0   0   0   0   0   0   0   0   0   0   0   0   0   0   0   0   0   0   0   0   0   0   0   0   0  45   0   0   0   0   0   0   0  32   0  21   0   0   0   0   0   0   0   0   0  29   0
   0   0   0   0   0   0   0   0   0   0   0   0   0   0   0   0   0   0   0   0   0   0   0   0   0   0   0  27   0   0   0   0   0   0   0   1   0   0   0   0   0   0   0   0  13   0   0   0   0   0   0   0   0   0   0   0   0   0   0   0  24   0  39   0   0   0   0   0   0   0   0   0   0   0   0   1   0   0   0   0   0   0  37   0   0   0   0   0
   0   0   0   0   0   0   0   0   0   0  19   0   6   0   0   0  50   0  44   5   0   0   0   0   0   0   0   0   0  36   0   0   0   0   0   0   0   0   0  48   0   0   0  26   0   0   0   0   0   0   0   0   0   0   0   0  46   0   0   0  17   0   8   0   0   0   0   0   0   0   0   0   0   0   0   0   0   0   0   0   0   0   0   0   0   0   0
   0   0   0   0  35   0   0   0   0   0   0  13   0   0   0   0   0   0   0   0   0   0   0   0   0   0   0   0  18   0  29   0   0   0   0   0   0   0   0   0   0   0   0   0   0   0   0   0   0   0  18   0   0   0   0   0   1   0   0   0  32   0   0   0  28   0   0   0   0   0   0   0   0   0   0   0  41   0   0   0  40   0   0   0   0  40
   0   0   0   0   0   0  15   0   0   0   0   0   0  23   0   0   0   0   0   0  30   0   0   0   0   0   0   0   0   0   0   0   0   0   0   0  21  30   0   0   0   0   0   0   0   0   0   0   0  10   0   0   0   0   0   0   0  30   0   0   0   0   0   0  47   0   0   0   0   0   0   0   0   0   0  40   0   0   0   5   0   0  33   0   0
   0   0   0   0   0   0   0   0   0   0   0   0   0   0   0   0  44   0   0   0   0   0   0   0   0   0   0   0   0   0   0   0   0   0   0   0   0   0   0   0   0   0   0  30   0   0   0   0   0   0  12   0   0   0   0   0   0   0   0   0   4   0   0   0   0   0   0   0   0   0   0   0   0   0   0   0   0   0   0   0   0  15   0   0
   0   0   0   0   0   0   0   0   0   0   0   0   0   0   0   0   0  48   0   0   0   0   0   0   0  20   0   0   0   0   0   0   0   0   0   0   0   0  38   0   2   0   0   0   0   0  40   0   0   0   0   0   0   0   0   0   0   0   0   0   0  33   0   0   0   0   0   0   0   0   0   0   0  26   0   0   0   0   0   0   0   0   0
   0   0   0   0   0   0   0   0   0   0   0   0   0   5   0   0   0   0   0   0   0   0   0   0   0   0   0   0   0   0   8   0   0   0   0   0   0   0   0   0   0   0   0   0   0  47   0   0   0   0   0   0   0   0   0   0   0  33   0   0   0   0   0   0  44   0  18   0   0  41   0   0   0  21   0   0   0   0   0   0   0   0
   0   0   3   0   0   0   0   0   0   0  35   0   0   0   0   0   0   0   0  22   0   0  48   0   0   0   0  21  16   0   0   0   2   0   0   0   0   0   0   0   0   0   0   0   0   0   0   0   0   0   0   0   0   0   0   0   0   0   0   0  10   0   0   0   0  43   0   0   0   0   0   0   0   0   0  36   6   0   0   0   0
   0   0   0   0   0  10   0   0   0   0   0   0   0   0   0   0   0   0   0   0   0   0   0   0   0   3   5   0   0  44   0   0   0  42   0   0   0   0   0   0  26   0  19   0   0   0   0   0   0  50   0   0  48   0   0   0   0   0   0   0   0   0   0   0   0   0   0   0  25   0   0   8   0   0   0   0  27   0   0   0
   0  46  32   0   0   0   0   0   0   0   0   0   0   0   0  13  30   0   0   0   9   0  39   0   0   0   0   0  17  19   0   0   0   0   0   0   0   0   0   0   0   0   0   0   0   0   0   0   0   0   0   0   0   0   0   7   0   0   0  22   0   0  49   0   0   0   0   0   0   0   0   0   0   0   0   0  12   0   0
   0   0   0   0   0   1   0   0   0   0   0   4   0   0   0   0   0   0   0   0   0   0   0   0   0   0   0   0   0   0   0   0   0   0   0   0   0   0   0   0   0   0   0   0   0   0  28   0   0   0   0   0  22  47   0   0   0   0   0   0   0   0   0   0   0   0   0   0   0   0   0   0   0   0   0   0   0   0
   0   0   0  30   0   0   0   0   0   0   0   0   0   0   0   0   0   0   0   0   0   0   0   0   0   0   0   0   0   0  43  22   0   0   6  25   0  50   0   0  18   0   0   0   0   0   0   0   0   0   0   0   0   0   0   0   0  33  15  13   0   0   0   0   0   0   0   0   0   0   0   0   0   0   0   0   0
   1   0  21   0   0   0   0   7   0   0   0   0   9   0   0   0   0   0   0   0   0   0   0   0   0   0   0   0   0   0   0   0   0   0   0  40   0   0  31   0   0   0   0   0   0   0   0   0  41   0   0  20   0   0   0   0   0   0   0   0   0   0   0   0   0  46   0   0   0   0  28   0   0   0  42   0
  30   0   0   0   0   0  39   0  47   0   0   0   0  21   0   0   0   0   0   0   0   0   0   0   0   0  46   0   0   0   0   0   0   0   0   0   0  47   0   0   0   0   0   0   0   0   0   0   0   0   0   0   0   0   0   0   0   0   0   0   0  33   0   0   0   0   0   0   0   0  22   0   0   0   0
   0   0   0   0   0   0   0   0   5   0   0   0   0  43   0   0   0  27   0   0  35   0   0   0   0   0   0  19   0  45   0   0   0   0   0   0   0  24   0   0   0   0   0   0   0   0   0   0   0   0   0   0   0   0   0   0   0   0   0   0   0   0   0   0   0  47   0  30   0   0   0  11   0   0
   0   0   0   0   0  29   0  50   0   0   0   0   0  49   0   0  46   0   0   0   0   0   0   0   0   0   0  37  19   0   0   0   0   0   0   0   0   0   0   0   0   0   0   0   0   0   0   0   0   0   0   0   0   0   0   0   0   0   0   0   0   0   0   0   0   0   0   0   0   0   0   0   0
   0   0   0   0   0   0   0   0   7   0   0   0   0   0   0   0  31   0   0   0   0   0   0   0   0   0   0   0   0  31   0   0   0   0   0   0   0   0   0   0   0   0   0   0   0   0   0  19   0   0   0   0   0   0   0   0   0   0   0   0  17   0   0   0   0   0   0   0   0   0   0   0
   0   0   0  48   0   0   2   0   0   0  48   0   0   0   0   0   0   0   0   0   0   0   0   0   0   0   0   0   0   0   0   0   0   0   0   0   0   0   0   0   0   0   0   0   0   0  14   0   0   0   0   0   0   0   0   0   0   0   0   0   0   0   0   0   0   0   0  44   0   0  12
   0   0   0   0  28   0   0   0   0   0   0   0   0  38   0   0   0   0   0   0   7   0   0   0   0   0   0   0   0   0   0   0  43   0   0  40  23   0   0   0   0   0   0   0   0   0   0   7   0   0   0   0   0   0   0   0  20   0   0   0   0   0   0  17   0   0   1   0   0  35
   0   0   0   0   0   0   0   0  13   0   0   0   0   0  39  38   0   0   0   0   0   0   0   0   0   0   0   0   0   0   0   0   0   0   0   0   0   0  17   0  23   0   0   0   0   0   0   0   0   0  43   0   0   0   0   0   0   0   0   0   0   0   0   0   0   0   0   0   0
   0   0  35   0   0   0   0   0   0   0   0   0   0  31   0   0   0   0   0   0   0   0   0   0   0   0   0   0   0   0  13   0   0   0   0   0   0   0   0   0   0   0   0   0   0   0   0   0   0   0   0   0   0   0   0   0   0   0  14   0   0   0   0   0   0  36   0   0
   0   0   0   0   0   0   0   0   0   0   0   0  17   0   0   0   0   1   0   0   0   0   0   0  27   0   0   0   0   0   0   0   0   0   1   0   0   0  41   8   0   0   0   0   0   0   0   0   0   0   0   0   0   0   0   0   0   0   0   0   0   0   0   0   0   0   0
   0   0   0   0   0   0   0   0  32  16   0   0   0   0   0  49   0   0   0   0   0   0   0   0   0   0   0   0   0   0   0   0   0   0   0   4   0   0   0   0   0   0   0  16   0   0   0   0   0   0   0   0   0   0   0   0  16   0   0   0   0   0   0  17   0   0
   0   0   2  14   0   0   0   0   0   0   0   0   0   0   0   0   0   0   0   0   0   0   0   0   0   3   0   0   0   0   0   0   0   0   0   0   0  34   0   0   0   0  30   0   0   0   0   0   0   0   0   0   0   0   0   0   0   0   0   0   0   0   0   0   0
   0   4   0   0   0   0   0   0   0   0   0   2   0   0   0   0  44   0   0   0   0   0   0   0   0   0   0   0   0   0   0   0   0   0   0  15   0   0   0   0   0  47   0   0   0   0   0   0   0   0   0   0   0   0   0   0   0   0   0   0   0   0   0   0
   0   0   0   0   0   0   0   0   0   0   0   0   0   0   0   0   0  10   0   0   0   0   0   0   0   0   0   0   0   0   0   0   0   0   0  30   0   0   0   0   0   0   0   0   0   0   0   0   0   0   0  50   0   0   0   0   0   0   0  34   1   0   0
   0   0   0   0   0   0   0   0   0  30   0   0   0   0   0   0   0   0   0  50   0   0   0   0   0   0   0   0   0   0   0   0   0  13  48   0   0   0  22   0   0   0   0   0   0   0   0   0   0   0   0   0  28   0   0   0  14   0   0   0   0   0
   0   9   0  43   0   0   0   0   0   0   0   0   0   0   0   0   0   0  23   0   0   0   0   0   0   0   0   0   0   0   0   0   0   0   0   0   0   0   0   0   0   0  38   0  49   0   0  19   0   0   0   0   0   0   5   0   0   0   0   0   0
   0   0   0   0   0   0   0   0   0   0   0   0   0   0   0   0   0   0   0   0   0   0   0   7   0   0   0   0   0   0   0   0   0   0   0   0   0   0   0   0   0   0   0   0   0   0   0   0   0   0   0   0  28   0   0   0   0   0   0   0
   0   0   0   0  29   0   0   0   0   0  28   0   0   0   0   0   0   0   0  44   0   0   8   0   0   0   0   0  20   0   0   0   0   0   0   0   0   0   0   0   0   0   7   0   0   0   0   0   0   0   0   6   0   0   0   0   0   0   0
   0  45   0   0   0   0   0   0  41   0   0   0   0   0   0   0   0   0   0   0   0  12   0   0   0  48   0  23  22   0   0   0   0   0   0   7   0  34   0   0   0   0   0   0   0   0   0   0   0   0   0   0   0   0   0   0   0   0
   0   0   0   0   0  29   0  15   0  29   0   0   0   0  12   0   0   0   0   0   0   0   0   0   0   0   0   0   0  17   0   0   0   0  46   0   0   0  50   0   0   0   1   0   0   0   0   0   0   0   0   0   0   0   0   0   0
   0   0   0   0   0   0   0   0   0   0   0   0   0   0   4   0   0   0   0   0   0   0   0   0   0   0   0   0   0   0   0   0   0   0   0   0  15   0   0  14   0   0   0   0   0   0   0   0   0   0   0   0   0   0   0   0
  30   0   0  36   0   0   0  34   0   0   0   0   0   0   0   0  18   0   0   0   0   0  16   0  37   0   0   0   0   0   0   0   0   0   0   0  32   0   0   0   0   0   0   0   0   0   0   0   0   0   0   0   0   0   0
   0   0  21   0   0   0  41   0   0   0   0   7   0   0  13  49   0   0   0   0   0   0   0   0   0   0   0   0   0   0   0   0  43   0   0   0   0   0   0   0   0   0   0  19   0   0   0   0  27   0  49   0   0   0
   0   0   0   0   0   0   0   0   0   0   0   0   0   0  27   0   0  38   0   0   0   0   0   0   0   0   0  41   0   0  29   0   0   0  46   0   0   0   0   0   0   0   0   0   0   0   0   0   0   0   0   0   0
   0   0   0   0   0   0   0   0   0   0   0   0   0   0   0   0   0   0   0   0   0   0   0   0   0   0   0   0   0   0   2   0   0   0   0   0   0   0   0   0   0   0   0  36   0   0   0   0   0   0   0   0
   0   0   0   0   0   0   0   0   0   0   0   0  15   0   0   0   0   0   0   0   0   0   0   0   0   0   0   0   0   0   0  19   0   0   0  31   0   0   0   0   0  31   0   0   0   0   0  17   0   0  42
   0   0   5   0   0   0   0   0   0   0   0   0   0   0   0   0  11   0   0  36  48   0   0   0   0   0   0   0   0   0   0   0   0  47   0   0   0  26   0  33   0  47   4  26   0   0   0   0   0   0
   0   0   0   0   0   0   0   0   0   0   0   0   0   0   0   0   0   0   0   0   0   0   0   0   0   0   0   0   0   0   0   0   0   0   0  29   0   0   0   0   0   0   0   0  33   0   0   0   0
   0   0  49   0   0   0   0   0   0   0   0   0   0   0   0   0  45   0   0   0   0   0   0   0   0   0   0   0   0   0   0   0   0   0  32   0   0  21   0   0   0   0   0   0   0   0   0   0
   0   0   0   0   0   0   0   0   0   0   0   0   0   0   0  35   0   0   0   0   0  50  39  34   0   0   0   0  39   0   0   0   0   0   0   0   0   0   0   0   0   0   0   0  48   0   0
   0   0  46   0   0  42   0   0   0   0  16   0   0   0   0   0   0   0   0   0   0   0   0   0   0   0   0   0   0   0   0   0   0   0   0   0   0   0   0   0   0   0   0   0   0   0
   0   0   0   0   7  23  41   0   0   0   0  24   0   0   0   0   0   0   0   0   0   0  19   0   0   0   0   0   0   0   0   0  22   0   0   0   0  41   0   0   0   0   0   0   0
  18  15   0   0   0   0  35   0   0   0  29   0   0   0   0   0   0   0   0   0   0   0   0   0   0   0   0   0   0   0   0  49   0   0   0   0   0   0   0   0   0   0   0   0
   0   0   0   0   0   0   0   0   0   0  32  11   0   0   0   0   0   0   0   0   0   0   0   0   0   0   0  20   0   0   0   0   0   0   0   0   0   0   0   0   0   0   0
   0   0  49  13   0   0   0   0   0  44   0   0   0   0   4  24   0   0   0  49   0   0   0   0   0   0  47   0   0   0   0   0   0   0   0   0   0   0   0   0   0   0
   0   0   0   0   0   0  12   0   0  30   0   0   0  28   0   0   0   0   0   0   9   0   0   0   0   0   0   0   0   0  24   0   0   0   0  34   0   0   0   0   0
   0   0   0   0   0   0   0   0   0   0   0   0   0   0   0   0   0   0   0   0   0   0   0   0   0   0   0   0   0   0   0   0   0   0   0   0   0   0   0   0
   0   0  11   0   0   0   0   0   0   0   0   0   0   0   0   0   0   0   0   0   0   0   3   0   0   0   0   0   0   0   0   0   0   0   0   0   0   0   0
   0   0   0   0   0   0   0  40   0  39   4   0   0  50  43   0   0   1   0  43   0   0   4  23   0   0   0   0  31   0   0   0   0   0   0  30   0   0
   0   0   0  47   0   0   0   0   0   0   0   0   0   0   0   0   0   0   0   0   0   0   0   0   0   0   0   0   0   0   0   0   0   0   0   0   0
   0   0   0   0   0   0   0   0   0   0   0   0   0   0   0   0  31   0   3   0   0   0   0   0   0   0   0   0   0   0   0   0   0   0   0   0
   0   0   0   0   0   0   0   0   0   0   0   0   0   0   0   0   0   0  28   0   0   0   0   0   0   0   0  10   0   0   0   0   0   0   0
   0   0   0   0  12   0   0   0   0   0   0   0   0   7   0   0   0   0   0   0   0   0  37   0   0   0   0   0   0   0   0   0   0   0
   0   0   0   0   0   0  28   0   0   0   0   0   0   6   0   0   0   0   0   0   0   0   0   0   0  15   0   0   0  24   0   0   0
   0   0   0   0   0   0   0   0   0   0   0   0   0   0   0   0   0   0   0   0   0   0   0   0   0   0   0   0   0   0   0   0
   0   0   0   0  16  42   0   0   0   0   0   0   0   0   0   0   0   0   0  27   0   0   1   0   0   0   0   0   0   0   0
   0   0   0   0   0   0   0   0   0   0   0   0   0   0   0   0   0   0   0   0   0   0  17  30   0   0   0   0  37   0
  28   0   0   0   0   0   0   0   0   0   0   0  50   0   0   0   0   0   0   0   0   0   0   0   0  22   0   0   0
   0   0  36   0   0   0   0   0   0   0   0   0   0   2   0   0   0   0  17   0   0   0   0   0   0   0   0   0
   0   0   0   0   0  39   0   0   0   0   0   0   0  13   0   0   0   0   6   0   0   0  14   0   0   0   0
   0   0  14   0   0   9   0   0   0   0   0   0   0  20   0   0   0   0   0   0   0   0   0   0   0   0
   0   0   0   0   0   0   0   0   0   0   0   0   0   0   0   0   0  25   0   0   0   0   0   0   0
   0   0   0   0   0   0   0   0   0   0   0   0   0   0   0  27   0   0   0  31  15   0   0   0
   0   0   0   0   0   0   0   0   0   0   0   0   0   0   0   0   0   0   0   0   0   0   0
   0   0   0   0   0   0   0   0   0   0   0   0   0   0   0   0   0   0   0   0   0   0
   0   0   0   0   0   0   0   0   0   0   0   0   0  26   0   0   0   0   0   0   0
   0  43   0   0   0   0   0   0   0   0   0  37   0   0   0   0   0  11   0   0
   0   0   1   0   0   0   0   0   0  27  41   0   0   0   0   0   0   0   0
  41   0   0   0   0   0   0   0   0  27   3   0   0   0   0   0   0   0
  48   0   0   0   0   0   0   0   0   0   0   0   0  17   0   8   0
   0   0   0   0   0   0   0  30   0   0   0  14  17   0   0   0
   0  22   0   0   0   0   0  20   0   0   0   0   0   0  31
   0   0   0   0   0   0   0   0  36   0   0   0   0   0
   0   0  36   0   0   0   0   0   0   0   0   0   0
   0   0   0   0  41   0   0   0   0   0  21   0
   0   0   0   0   0   0   0   8   0   0   0
   0   0   0   0   0   0   0   0   0   0
   0   0   0   0   0  37   0   0   0
   0   0   0   0   0   0   0   0
  41   0   0   0   0   0   0
   0   0   0  18   0   0
   0   0   0   0   0
   0   0   0   0
   0   0   0
   0   0
   0

 468
   5   3  17  10  11  17   2  12   3  14  18  21  19  14  22  10  20  14  22   5  20  20   3   1  15  18  24  14  21  25  22   7  25   5   2  23   1   7   1  13   6   8   4   7  24  23   4   1   2   4  12  16   2  22  16  22  16   7  11  12  16  20  17  10  12  15   3  25  10  19   6  22   8  17  19  17  17   8  11  24  10   1  10   3  19   9   6  17  11   4   8  17  24   8   6   9  12  16  17  12

