 100 
   0   0   0   0   0   0   0   0   0   0   0   0   0   0   0   0   8   0   0   0   0   0   0   0   0   0   0   0   0   0  46   0   0   0   0  17   0   0   0   0   0   1   0  33   0   0   0   0   0   0   0   0   0   0   0   0   0   0   0   0   0   0   0   0   0   0   0   0   4   0   0   0   0   0   0   0   0   0   0   0   0   0   0   0   0   0   0   0   0   0   0   0   0   0   0   0   0   0   0   0
   0  29   0   0   0   0   0   0   0  49   3  38   0   0   0   0   0  22   0   0   0   0   0   0  48   0   0   0  44   0   0   0   0   0   0   0   0   0   0   0   8   0   0   0   0   0   0   0   0   0  46  31   0   0   0   0   0   0   0   0   0   0   0   4   0   0   0   0   0   0   0   0   0   0   0   0   0   0   0   0   0   0   0   0   0   0   0   0  11   0   0   0   0   0   0   0   0   0   0
   0   0   0  40   0   0   0   0   0   0   0   0   0   0   0   0   0   0   0   0   0   0   0   0   0   0   0   0   0   0   0   0   0   0   0   0   0   0   0   0   0   0   0   0   0   0   0   0   0   0   0   0   0   0   0   0   0   0  22   0   0   0   0   0   0   0   0   0   0   0   0   0   0   0   0   0   0   0   0   0   0  38   0  33   0   0   0   0   0   0   0   0   0   0   0   0   0   0
   0  42   0   0   0   0   0   0   0  46   0  44  27   0   0   0   0   0   0   0   0   0   0   0   0   0   0   0   0   0   0   0   0   0   0   0   0   0  31   0   0   0   0   0   0   0   0   0   0   0  48   0   0   0   0   0   0   0   0   0   0   0   0   0   0  36   0   0   0  12   0   0   0   0   0   0   0   0   0   0   0   0   0   0   0   0   0   0  23   0   0   0   0   0   0   0   0
   0  36  38  44   0   0   0   0   0   0   0   0   0   0   0   0   0   0   0   0   0   0   0   0   0   0   0   0  29   0  20   0   0   0  32   0   0  16   0   0   0   0   0   0   0   0   0   0   0   0   0   0   0   0   0   0   0   0   0  27   0   0   0   0  18   0   0   0   0  46   0   0   0   0   0  25   0   0   0   0   0   0   0   0   0   0   0   0   0   0   0   0   0   0   0   0
   0   0   0   0   0   0   0   0   0   0  26   0   0   0   0   0   0   0   0   0   0   0   0   0   0  41   0   0   0   0   0   0   0   0   0   0   0   0   0   0   0   0  41   0   0   0   0   0   0   0   0   0  26   0   0   0   0   0   3  39   0   0   0   0   0   0   0   8   0   0   0   0   0   0  10   0   0   0   0   0   0   0   0   0   0   0   0   0   0   0   0   0   0   0   0
   0   0   0   0   0   0   0   0   0   0   0   0   0   0   0   0   0   0   0   0   0   0   0   0   0   0   0  29   0   0   0   0   0  28   0   0   0   0   0   0   0   0   0   0   0   0   0   0   0   0   0   4   0  26   0   0   0   0   0   0   0   0   0   0   0   0   0   0   0   0   0   8   1   0   0   0   0   0   0   0   0   0   0   0   0   0   0   0   0   0   0   0   5   0
   0   0   0   0   0   0   0  27   0   0   0   0   0   0   0   0  26   0   0   0   0   0   0   0   0   0   0   0   0   2   0   0   0   0   0   0   0   0   0   0   0   0   0  10   0   0   0   0   0   0   0   0   8   0   0   0   0   0   0   0   0   0   0   0   0   0   0   0   0  29   0   0  38  43   0   0   0   0   0  48   0  13   0   0   0   0   0   0   0   0   0   0   0
   0   0   0   0   0   0   0  35   0   0   0   0   0   0   0   0   0   0  11   0   0   0   0   0   0   0   0   0   0   0   0   0   0   0   0   0   0   0   0   0   0   0   0   0   0  15   0   0   0   0   0   0   0   0   0   0   0   0   0   0   0   0  41   0   0  10   0   0  11   0   0   0   0   0   0   0   0   0  16  17   0  12  46   0   0   0   0   0   0   0  34   0
  25   0   0   0   0   0  26   0   0   0   0  11   0   0   0   0   0   0   0   0   0   0   0   0   0   0   0   0   0   0   0   0   0   0   0   0   0   0   0   0   0   0   0   9   0   0   0   0   0   0   0   0   0   0   0   0   0   0   0   0   0   0   0   0   0   0   5  13   0   2   0   0   0   0   0   0   0   0   0   0  40   0   0   0   0   0   0   0   0   0  23
   0   0   0   4   0   0   0   0   0   0   0   0   0   0   0   0   0   0   0   0   0   0   0   0   0   0   0   0  32   0   0   0   0   0   0   0   0   0   0   0   0   0   0   0   0   0   0   0   0   0   0   0   0  30   0   0   0   0   0   0   0   0   0   0   0   0   0   0   0  29   0   0   0   0   0   0   0   0   0   0   0   0   0   0   0   0   0   0   0   0
   0   0   0   0   0   0   0   0   0   0   0   0   0   0   0   0   0  37   0   0   0   0   0   0   0   0   0   9   0  11   0   0   0   0   1   0   0   0   0   0   0   0   0   0   0   0  28   0   0   0   0   0   0   0   0   0   0   0   0   0   0   0   0   0   0   0   0  34   0  17   6   0   0   0   0   0   0   0   0   0   0   0   0   0   0   0   0  37   0
   4   0   0  20   0   0   0   0   0   0   0   0   0   0   0   0   0   0  29   0  39   0   0   0   0  20   0   0   0   0   0   0   0   0  17   0   0   0  14   0   0   0   0   0   0   0   0  16   0   0   0  26   0   0   0   0   7   0  21   0  14   0   0   0   0   0   0   0   0  36   0   0   0   0   0   0   0   0  11   0   0   0   0   0   0   0   0   0
  48   0   0   0   0   0   0   0   0   0   0   0   0   0   0   0   0   0   0   0   0  17   0   0  28   0   0   0   0   0   0   0   0   0   0   0   0   0   0   0   0   0   0   0  14   0   0   0   0   0   0   0   0   0   0   0   0   0   0   0   0   0   0   0   0   0   0   0   0   0   0   0   0   0   0   0   0   0   0   0   0   0   0   0   0   0   0
   0   0  42   0   0   0   0   0   3   0   0   0   0   0   0   0   0   0   0   0   0   0   0   0   0   0   8   0   0   0  32   0   0   0   0  36   0   0  36   0   0   0  35   0   0   0   0   0   0   0   0   0   0  17   0   0   0   0   0  49   0   0   0   0   0   0   0   0   0   0   0   0  17   0   2   0   0   0   0   0   0   0   0   0   0   0
   0   0   0   0   0   0   0   0   0   5   0   0   0   0   0   0  43   0   0   0   0   0   0   0   0   0   0  18   0   0   0   0   0   0   0   0   0   0   0   0   0   0   0   0   0   0   0   0   0   0  10   0   0   0   0   0   0   0   0   0   0   0  17   0   0   0   0   0   0   0   0   0   0   0   0   0   0   0   0   0   0   0   0   0   0
   0   0   0   0   0   0   0   0   0   0   0   0   0   0   0   0   0   0   0   7   0   0   0  50   0   0   0   0   0   0   0   0   0   0   0   0   0   0   0   0   0   0   0  30   0   0   0  14   0  12   0   0   0   0   0   0   0   0  28   0   0  44   0   0   0   0   0   0   0   0   0   0   0   0   0   0   0   0   0   0   0  43   0   0
   0   0   0  13  37   0   0   0   0   0   0   0   0   0   0  43   3  25   0   5   0   0   0   0  38   0   0   0   0   0   0   0   0   0  21   0   0   0   0   0   0   0   0   0   0   0   0  25   0   0   7   0   0   0   0   0   0   0   0   2   0  41   0   0   0   0   0   0   0  49   0   0   0   0  47   0   0  13   0   0   0   0   0
   0   0   0   0   0  28   0   0   0   0   0   0   0   0   0   0   0   0   0   0   0   2   0   0   0   0   0   9   0   0   0  47   0   0   0   0   0   0   0   0   0   0   0   0   0   0   0  27   0   0   0   0   0   0   0   0   0  35   0   0   0   0   0   0   0   0   0   0   0   0   0   0   0  39   0   0  13   0   0   0   0   9
   0   0   0   4   0   0   0   0   0   0   0   0   0   0   0   0   0   0   0   0   0   0   0   0   0   0   0   0   0  31   0   0   0   0   0   0   0   0   0  12   0   0   0   0   3   0   0   0  45   0   0   0   0   0   0   0   0   0   0   0   0   0   0   0   0   0   0   0   0  25   0   0   0   0   0   0   0   0  45   0   0
   0   0   0   0   0   0   0   0   0   0   0   0   0  18   0   0   0   0   0   0   0   0   0   0   0   0   0   0   0   0   0   0   0  48   0  35   0   0   0   0   0   0   0   0   0   0   0   0   0   0   0   0   0   0  11   0   0   0  42   0   0   0  11   0   0   0   0   0   0   0   0   0   0   0   0   0   0   0   0   8
   0   0   0  27   0   0   0   0   0   0   0   0  41   0   0   0   0   0   0   0   0  33   0   0   0  18   0  16   0   0  26   0   0   0  26   0   0   0   0   0   0   0   0   0   0   0   1   0   0   0   0   0   0   0   0   0  10   0   0   0   0   9   0   0  27   0   0   0   0   0   0   0   0   0   0   0   0   0  37
   0   0   0   0  15   0  19   0   0   0   0   0   0   0   0   0   0   0   0   0   0   0   0   0   0  43   0   0   0   0   0   0   0   0   0   0   0   0   0   0   0  40   0   0   0   0   0  26   0   0   0   0   0  17   0   0   0   0   0   0   0   0   0   0   0   0   0   0   0   0   0   0   0   0   0   0   0   0
   0   0   0   0   0   0   0   0  16   0   0   0   0   0   0   3   0   0   0   0   0   0   0   0   0   0  24   0   0   0   0   0   0   0   0   0   0   0   9   0   0   0   0   0   0  22   0   0   0   0   0   0   0   0   0   0   0   0   0   0   0   0   0  33   0   0   0   0   0   0   0   0  24   0   0  31   0
   0   0  49   0   0   0   0   0   0   0   0   0   0   0   0  16   0   0   0   0   0   0   0   0   0   0   0  37   0   0   0   0   0   4   0   0  20   0   0  15   0   0   0   0   0   0   0   0   0  30   0   0   0   0  27   0   0   0   0   0   0   0   0   0   0   0   0   0  16  50   0   0   0   0   0   0
   0   0   0   0   0   0  37   0   0   0   0   0   0   0   0  25   0   0   0   0   0   0   0  32   0   0   0   0   0   0   0   0   0   0   0   0   0   0   0   1   0   0   0   0  38   0   0  22   0   0   0   0   0   0   0   0  33   0   0   0   0   0   0   0   0   0   0   2   0   0   0   0   0   0   0
   0   0   0   0   0   0   0  42   0   0   7   0   0   0   0   0   0   0   0   0   0   0   0   0   0   0   0   0  19   0   0   0  16   0   0   0   0   0   0   0  25   0   0   0   0   0   0  36   0   0   0   0   0  31   0   0   0   0   0   0   0   0   0   0   0   0   0   0   0   0   0   0   0   0
   0   0   0   0   0   0   0   0   0   0   0   0   0   0  36   0   0   0   0   0  27   0  37   0   0   0   0   0   0   0  49   0   0   0   0  40   0   0   0   0   0   0   0   0   0   0   0   0   0  41   0   5   0   0   0   0   0  14   2   0   0   0   0   0   0   0   0   0  50   0   0   0   0
   0   0  11   0   0   0   0   0   0   0   0   0   0   0   0   0   0   0   0   0   0   0   0   0   0  24   0   0   0   0   0   0   0   0   0   0   0   0   0   0   0   0   0   0   0  48   0   0   0  46   0   0   0   0   0  10   0   0   0  21   0   0   0   0   0   0   0   0   0   0   0   0
   0   0   0   0   0   0   0   0  47   0   0   0   0   0   0   0   0   0   0   0   0   0   0   0   0   0   0   0   0   0   0   0   0  19   0   0  17   0   0   0  22   0   0   0   0   0   0   0   0   0   0   0   0   0   0   0   0   0   0   0   0   0   0  25   0   0   0   0   0   0   0
   0   0   0   0   0   8   0   0   0   0   0   0  48   0   0   0  15   0   0   0   0  15   0   0   0   0   0   0  37   0   0   0   0   0   0   0   0   0  43   3  41   0   0   0   0   0   0   0   0   0   0   0   0   0   0  45   0   0   0   0   0   0   0   0   0   0   0   0   0   0
   0   0   0   0   0   0   0   0   0   0   0   0   0   0   0  35   0   0   0   0   0   0   0   0   0   0   0   0   0   0   0  38   0   0   0   0   0   0   0   0   0   0   0   0  28   0   0   0   0   0   0   0   0   0   0   0   0   0   0   0   0   0   0   0   0   0   0   0   0
   0   0   0   0   0   0   0  29   0   0   0   0   0   0   0   0   0   0   0   0   0   0  24   0  37   0   0   0   0   0   0   0   0   0   0   0   0   0   0   0   0   0   0   0   0   0  41   0   0   0   0   0  47   0   0   0   0   4   0   0   0   0   0   0   0   0   0   0
   0  27   0   0   0   0   0   0   0   0   0   0   0   0   0   0   0   0   0   0   0   0   0   0   0   0  35   0   0   0   0   0   0   0   0   0   0   0   0   0   0   0   0  23   0   0   0   0   0   0   0   0   0   0   0   0   0   0   0   0   0   0   0   0   0   0   0
   0   0  22   0   0   0  43   0   0   0   0   0   0   0   0   0   0   0   0   8   0   0   0   0   0   0   0   0   0   0   0   0   0   0   0  48   0   0   0   0   0   0   0   0   0   0   0   0   0   0   0   0   0  46   0   0   0   0   0   0   0  19   0  22   0   0
   0   0   0   0   0   0   0   0   0   0   0   0   0   0   0   0   0   0   0   0   0   0   0   0   0   0   0  21   0   0  17   0   0   0   0   0   0   0   0   0  42   0   0   0   0  20  17   0   0   0   0  10   0   0   0   0   0   0   0   0   0   0   0   0   0
   0  22  35   0  36   0   9   0   0   0   0   0   0  37   0   0   0   0   0   0   0   0   0   0   0   0   0   0   0  11   0   0   0   0   0   0   0   0   0   0   0   0   0   0   0   0   0   0   0   0   0   0   0   0   0   0   0   0   0   0   0   0  17   0
   0   0   0   0   0   0   0   0  44  32   0   0   0  42   0   0   0   0   0   0   0   0   0   0   0   0   0   0  16   0   0   0   0   0   0   0   0   0   0   0   0   0   0   0   0   0   0   0   0  12  42   0   0   0   0   0   0   0   0   6   0   0   0
   0   0   0   0   0   0   0   0   0   0   0   0   0   0  32   0   0  13   0   0  20   0  32   0   0   0   0   0  39   0   0   0  45   0   0   0   0   0   1  32   0   0   0  43   0   0   0   0   0   0   0   0   4   0   0   0   0   0   0   0   0   0
   0   0   0   0   0   0   0   0   0   0   0   0   0   0   0   0   0   0   0   0   0   0   0   0   0   0   0   0   0   0   0   0   0   0  26  41   0   0   0   0   0   0   0   0   0   0   0   0   0   0   0   0   0  49   0   0   0   0   0   0   0
   0   0   0   0   0   0   0   0   0   0   0   0  18   0   0   0   0   0   0   0   0   0   0   0   0   0   0   0   0   0   1   0   0   0   0   0   0   0   0  22   0  45   0   0   0   0   0   0   0   0   0   0   0  32   0   0   0   0   0   0
   0   0   0   0   0   0   0   0   0   0   0   0   0   0   0   0   0   0   0   0   0   0   0   0   0   0   0   0   0   0   0   0  15  37   0   0   0   0   0   0   0  46   0   0   0  13   0   0   0   0   0   0   0   0   0   0  39   0   0
   0   0   0   0   0   0  12   0   0   0   0   0   0   0   0  14   0   0   0   0   0   0   0   0   0   0   0   0   0   0   0   0   0   0   0   0   0  43   0   0   0   0   0   0   0   0   1   1  19   0   0   0  48   0   0   0   0   0
  43   0   0   0   0   0   0   0   0   0  18   0   0  13   0   0   0   0   0   0   0   0   0   0   0   0   0   0   0   0   0   0   0   0   0  22   0   0   0   5   0   0   0   0   0   0   0   0   0   0   0   0   0   0   0   0   0
   0   0   0   0   0   0   0   0   0   0   0   0  29   0   0   0  17   0   0   0   0  20  44   0   0   0   0   0   0   0   0   0   0   0  11   0   0   0   0   0   0  13   0   0  14   0   0   0   0   0   0   0   0   0   0   0
   0   0   0   0   0   0   0   0   0   0   0   0   0   1   0   0   0   0   0   0  22   0   0   0   0   0   0  12  36  30   0   0   0   0   0   0   0   0   0   0   0   0   0   0   0   0   0   0   0   0   0   0   0   0   0
   0   0   0   0   0   0  10   0   0   0   0   0   0   0   0   0   0   0   0   0   0   0   0   0   0   0   0   0   0   0   0   0  18   0   0   0   0   0   0   0   0   0   0   0   0   0   0   1   0   0   0  23   0  32
  10   0   0   0   0   0   0   0   0   0   0   0   0   0   0   0   0   0  26   0   0   0   0   0   0   0   0   0   0  47   0   0   0   0   0   0   0   0   0  49   0   0   0   0   0  20  35   0  30   0   0   0   0
   0   0   0   0   0   0   1   0   0   0   0   0   0   0   0   0   0   0   0   0   0   0   0   0  13  32   0   0  47  30   0   0   0   0   0   0   0   0   0   0   0  45   0   0  29  32   0   0   0   0   0   0
   0   0   0   0   0   0   0   0   0   0   0   0   8   0   0   0   0   0   0   0   0   0   0   0  42  41   0  44   0   0   0   4   0   0   0   0   0   0   0   0   0   0   0   0   0   0   0   0   0   0   0
   0   0  10   0   0   0  22   0   0   0   0   0   0   0   0   0   0   0   0   0   0   0   0   0   0   8   0  34   0   0   0   0   0   0  20   0   0   0   0   0   0  19  29   0   0   0   0   0   0   0
   0   0   0   0   0   0   0   0   0   0   0   0   0   0   0   0   0   0   0   0   0   0   0   0   0  15   0  39   0   0   0   0   0   0   0   0   0   0   0   0   0   0   0  32   0   0   0   0   0
   0   0   0   0   0  21   0   0   0  32   0   0   0   0   0   0   0   0   0   0   0   0   0   0   0   0   0   0   0   0   0   0   0   0   0   0   0   0   0   0   0  50   0   0   0   0   0   0
   0   0   0   0   0   0   0   0   0   0   0   0  13   0   0   0   0   0   0   0   0   0   0   0   0   0   0   0   0   0   0   0   0  23  45   0   0   0   0   0   0   0   0  43  28   0   0
   0   0   0   0   0   0   0  26   0   0   0   0   0   0   0   0   0   0   0   0   0   0   0   0   0   0   0   0   0   0   0   0   0   0  47   0   0   0  16   0  39   0   0   0   0   0
   0   0   0   0   0   0   4   0   0   0   0   0   0   0   0   0  22   0  39   0   0   0   0   0   0   0   0   0   0   0   0   0  22   0   0   0   0   0   0   0   0   0   0   0   0
   0   0   0   0   0   0   0   0   0   0   0   0   0   0   0  48  33   0   0   0   0   0   0   0   0   0   0   0   0   0   0   0   0   0   1   0   0   0   0   0   0   0   8  14
   0   0   0   0   0   0   0   0   0   0   0  22   0   0   0   0   0   0   0   0   0   0   0   1   0   0   0   0   0  13   0   0   0   0   0   0   0   0   0   0   0   0   0
   0   0   0   0   0   0   0   0   0   0   0  46   0   0   0  42   0   0   0   0   0   0   0   0   0   0   0   0   0   0   0   0   0   0   0   0  19   0   0   0   0   0
   0   0   0   0   0  40   0   0   0   0   0   0   0   0   0   0   0   0   0   0   0   0   0   0   0   0   0   0   0   0   0  48   0   0  29   0   0   0   0  11   0
   0   0  16   0   0   0   0   0   0   0   0   0   0  25   0   0   0  16   0   0   0   0   0   0   0  20   0   0   0   0   0   0   0   0   0   0   0   0   0   0
   0  39   0   0   0   0   0   0   0   0   0   0   0   0   1   0   0   0   0   0   0   0   0   0   0   0   0   0   0   0   0  34   0   0   0   0   0  50   0
   0   0   0   0   0   0   0   0   0   0   0   0   0   0   0   0   0   0   0   0   0  31   0   0   0   0   0   0   0  20   0   0   0   0   0  34   0   0
   0   0  20   0   0   0   0   0   0   0   0   0  18   0   0  17   0   0   0   0  37   0   0   0   0   0   0   0   0   0   0   0   0  14   0   0   0
   0   0   0   0   0   0   0   0  48   0   0  23   0   0   0   0   0   0   0  41   0   0   0   0   0   0  11   0   0   0   0   0   0   0   0   0
   0   0   0   0   0   0   0  41   0   3   0   0  30   0  15   0   0   0   0  48   0   0   0   0   0   0   0   0   0   0   0   0   0   0   0
   0   0   0  43   0   0   0   0   0   0   0   0   0   0   0   0   0   0   0   0   0   0   0   0   0   0   0   0   0   0   0   0   0   0
   0   0   0   0   0   0   0   0   0   0   0   0   0  25   0   0   0   0   0   0   0   0   0   0   0   0  44   0   0  22  26   0   0
   0   0   0   0   0   0   0   0  10  44   0   0   0   0   0   0   0   0   0   0   0   0   0   0   0   0   0   0   0   2   0   0
   0   0   0  22  48   0  31   1   0   0   0   0  39  48   0  35   0   0  48   0   0   0   0   0   0   0   0   0   0  23   0
   0   0   0   0   0   0   0   0   0   0   0   0   0   0   0   0   0   0  33   0   0   0   0   0   0   0   0   0   0   0
   0   0   0  25   0   0   0  27   0   0   0   0   7   0   0   0   0   0   0  40   0  13   0   0   0   0   0   0   0
   0   0  38   0   0   0   0   0  15   0   0   0   0   0   0   0   0   0   0   0   0   0   0   0   0   0   0   0
   0  40   0   0   0   0   0   0   0   0   0   0   0   0   0  48   0   0   0   0   0   0   0   0   0   0   0
   0   0   0  40   0   8   0   0   0   0   0   0   0   0   0   0   0   0   0   0   0   0   0   0  31  43
   0   0   0   0   0   0   0   0   0   0   0   0   0   0   0   0   0   0   0   0   0   0   0   0   0
   0   0  12   0   0   0   0   0   0  45   0   0   0  26   0   0   0   0   4   0   0   0   0   0
   7   0   0   0   0   0   0   0   0   0   0   0   0   0   0   0   0   0   0  11   4   0   0
   0  34   0   0   0   0   0   0   0   0   0   0   0   0  25   1   0   0   0   0  34  14
   0   0   0   0   0   0   0   0   0   0   0   0   0   0   0   0   0   0   0   0   0
   0   0   0   0   0  20   0   0   0   7   0   0   0   0  21   0   0   0   0   0
   0   0   0   0   0   0   0   0   0   0   0   0   0   0  26   0   0   0   0
   0   0   0   0   0   0   0   0   0  35   0   0   0   0   0   0   0   0
   0  23   0   2  10   0   0   0   0   0   0  30  35   0   0  44   0
   0   0   0   0   0   0   0   0   0   0   0  42  14   0   0   0
   0   0   0   0   0   0   0   0   0   0   0   0   0   0   0
   0   0   0   0   0   0  12   0   0   0   0   0   0   0
   0   0   0   0   0   0   0   0   0   0   0   0   0
   0   0   0   0   0   0   0   0   0   0  34   0
   0  25  44   0   0   0   0   0   0   0   0
   0  33   0   0   0   0   0   0   0   0
  40   0   0   0   0   0   0   0   0
   0   0   0   0   0   0   0   0
   0   0   0   0   0   0   0
   0   0   0   0   0  20
   0  29   1   0   0
   0   0   0   7
   0   0   0
   0   0
   0

 497
  25   9  12   5  18  17   6   8  16  18  25  24  16  10  11  25  17  15  10   8  18  25  15  25  20  19  25   1  15  16   6  10  13  13  25   1  16  20  11   2   7   1   2   3   9   8   7   4  15   5  22  22  20  17   7  18   7   2   4   1  22  15  18  10  25  20  24  14  20  19   4   2  20  13  10  19  17   4   3  11  16  24  19   3  22  16   3  23  18   7   5  13   5  17  21  12  10  21  20   5

