 100 
  13   0   0   0   0   0   0   0   0   0   0   6   0   0   0   0   0   4  38   0   0   0  15  47  34   0   0  31   0  22   0   0   0   0   0   0   0   0   0   0  12  11   0  34   0   0   0   0   5   0   0   0   6   0  46   0   0   0   0   0   5   0   0   0   0   0   0   0   0   0   0  31   0   0   0   0   0   0   0   0   0   0   0   0   0   0   0   0   0   0   0   8   0   0   0  10  21   0   0   0
   0   0  12  21   9   0   0   0   0   0   0   0   0   0   0   0   0   0   0   0   0   0  17   0   0   0   0   0   0  44   0   0   0   0   0   0   0   0   0   0   0   0   0  40   0   0   0   0   0   0   0   0   0  11   0   0   0   0   0  42   0   0   0   0   0  41  46   0   0   0   0   0   0   0   0   0   0  47  16   0   0   0   0   0   5  33   0   8  43   0   4   0   0   0   0   0   0   0   0
   0   0   0   0   3   0   0   0   0   0   0   0   0   0  42   0   0   0   0   0   0   0   0   0   0   0   0   0  39   0   0   0   0  33   0   0  22   0   0   0   0   0   0   0   5  27  32   0   0  27   0   0   0   0   0   0  42   0   0  40   0   0   0   0   0   0   0   0   0   0   0   0   0   0   0   0   0   0   0   0   0   0  46   0   0   0   0   0  23   0   0   0  23   0   0   0   0   0
  35  26   0   0   0   0  43   0   0   0   0   0  12  21   0   0   0   0   0   0   0   0   0   5   0   0   0   0   0   0   0  24   0   0   0  14   0   0  23   0   0  33   0   0   0   0  23   0   0   0  16   0   0   0   0   0   0   0   0   0   0   0  49   0   0   0  25   0   0   0   0   0   0   0   0   0   0   0  12  10   0   0   0   0   0   0   0   0   0   0   0   0   0   0   0   0   0
   0   0   0   0   0   0   0   0   0   0   0  28   0   0   0   0   0   0   0  44   0   0  17   0   0   0   0   0   0   0   0   0   3   0   0   0   0   0   0  13   0   0   0   0   0   0   0   0   0   0   0   0   0   0   0  13   0   0   0   0   0   0   0   5   0   0   0   0   0  44   0  48  40   0   0   0   0   0   0   0   0   0   0   0   0  22   0   0   0   0  23   0   0   0   0   0
   0   0   0   0   0   0   0   0   0   0   0   0   0  12   0   0  26   4   0   0   0   0   0   0   0   0   0   0   0   0   0   0   0  26   0  43   0   0   0  49   0   0   0   0   4   0   0   0   0   0   0   5   0   0   0  30   0   3  12   0   0   0   0   0   0   0   0   4   0   0   0   0   0   0  37  30   0   0   0   0   0   0  29   0   0   0  36   0   0  49   0   0   0   0   0
   0   0   0   0   0   0   0   0   0  16   0   0   0   0  41   0   0   0   0   0   0   0   0   0   0   0   0   0   0   0   0   0   0   0   0   0   0   0  15   0   0   0   0   0   0   0   0   0   0   0   0  35   0   0   0   0   0   0   0   0  12   0  35   0   0  38   0   0   0   0   0   0   0   0   0  25   0   0  22   0  47   0   0   0   0   0  20  21  16   0  33   0   0   0
   0   0  10   0   0   0   1   0   0   0   0   0   0  31   0   0   0   0  10   0   0   0   0  18   0   0   0  42   0  31   0   0   0   0   0   0   0   0   0   0   0   1   0   0   0  37   0   0   0   0  34   0   0   0   0   4   0  25  27   0   0   0   0   0   0   0  11   0   0   0  13   0  11   0   0   0   0   0   0   0   0   0   0   8   0   0   0   0  43   0   0   0   0
  26   0   0   0  11   0   0   0   0   0   0   0   0   0   0   0   0   0  15   0   0   0  27   0   0   0   0  11  29   0   0   0   0   0   0   0   0   0  23   0   0   0  45   0   0   0   0   0   0   1   0   0   0   0   0  16   0   0   0   0   0   0   0   0   0   0   0   0   0   0  18   0   0   0   0   0   0   0   0   0   0  38  48   0   0   0   0   5   0   0   0   0
   0   0   6   0   0   0   0   0   0   0  23   0   0   0   0   0   0   0   0   0   0   0   0   0   0   0   0   0   0   0   0   0   0   0   0   0   0  46   0   0   0   0  34  25   0   0   0   0   0   0  37   0   0  25   0   0   0   0   0   0  27   0  42   0   0   0   0   0   0   0  12   0   0   0   0   0   0   0  11   0   0  39   0  48  12   0   0   0   0   0   0
   1   0   0   0  17   0  47   0   0   0   0  40   0   0   0   3   0   0   0  13  35   0   0   0  20   0  30   0   0   0   0   0   0   0   0   0   0   0   0   0   0   0  32   0   0   0   0   0   0   0   0   0   0   0   0  12  43   0   0   0   0   0   0   0   0   0   0   0   0  13   0   0   0   0   0   0   0   0   0  37   0   0   0   0   0   0   0   0   0   1
   0   0   0   0   0  28   0   0   0   0   0   0   0   0   0   0   0   0   0   0   7   0   0   0   0   0  32   0   0   0   0   0   0  50   0  48   0   0  46   0   0  33   0   0   0   0   0   0   0  21   0   0   0   0   0   0   0   0   0   0   0   0   0   0   0   0   0   0   0  25   0  10   0   0   0   0   0   0   0   0   0   0   0   0   0   0  33   0   0
   0   0   0   0   0   3  48   0   0   0   0   0   0   0   0   0   0   0   0   0   0   0   0   0   0  37   0   0  42   0   0   0   0   0  15   0  49  31   0  19   0   0   0   0   0   0   0   0  42   0   2   0   0   0   0   0   0   0  31   0   0   0   0   0   0  38   0   0   0   0   0  11  25   0   0   0   0   0   0   0   0   0   0   0   0   0   5   0
   0  47   0   0   0   0   0  29  47   0   0   0   0   0   0   0   0   0  39   0   0   0   0   0   0  18   0   0   0  40   0  50   0   0  15   0   0  50   0   0   0   0   0  34   0   1   0   0   0   0   0  41   0   0   0   0   0   0  18   0   0   0   0   0  22  23   0   0   0   0   0   0   0   0   0   0   0   0   0   0   0   0   0   0   0   0   0
  38   0   0  13   0   0   0   0   0   0   0  27   0   0  31   0  36   0   0  29   0   0   0   0   0   0   0   0   0   0   0  21   0   0   0   0   0   0   0   0   2   0   0   0   0  31   0   0   0   0   0   0   0   0   0   0  44  20   0   0   0   0   0  41   0   0   0   5  26   0   0   0   0   0   0   0   0  26   0   0  49  10   0   0   0   0
   0   0   0   0  10   0   0   0  36   0   0   0   0  28   0   0   0  28   0   0   0   0   0   0   0   0   0   0   0  21   0   6   0   0   0  12   0   0  33  13   0   0   0   0   0   0   0   0  21   0   0   0  36  31   0   0   0   0   0   0   0   0   0   0   0   0   0   0   0   0   0   0   0   0   0   0   0  48   0   0   0   0  20   0   0
   0   0   0   0  16  18   0   0   0   0   0   0   0   0   2   0  47   0   0   0   0   6   0   0  12   0   0   0   0   0   0   0   0   0   0   0   0   0   0   0   0   0   0   0   0   0   0   0  47   0   0   0   0   0   9   0   0   0   0   0   0   0   0   0   0   0   0   0   0   0   0   0   0   0   0  42  18   0   0   0   0   0   0   0
   0   0   0   0   0   9   0   0   0   0  40   0   0   0  49  31   0   0   1   0   0   0   1   0   0   0   0   0   0   0   0   0   0   0   0   0  48   0   0  47   0   0   0   0   0   0   0   0   0   0   0  46   0   0   0   0   0   0   0   0   0   0   0   0   0   0   0   0   8   0   0   0   0  19   0   0   0   0   4   0   0  37   0
   0   0   0   0   0  50   0   0   0   0  24   0  20   0   7   0   0   0   0   0  45   0  32   0   0   0   0   9   0  33   0  44   0   0   0   0   0   0   0  35  16   0   0   0   0   0   8   0   0   0   0   0   0  15   0  30   0   0   0  17   0  12   0   0   0   0   0   0   0   0   0   0   0   0   0   0   0   0   0   0   0   0
   0  16   0   0   0   0   0   0  47   0   0   0   0   0   0   0   0   0   0   0   0   0   0   0   0   0   0   0   0  44   0   0   0   0   0   0   0   0   0   0   0   0   0   0   0   0   0   0   0   0   0   0   0   0  17   0   0   3   0   0   0   0   0   0   0   0   0   0   0   0   0   0   0   0   0   0   0   0   0   0   0
   0   0   0   0   0   0   0   0   0   0   0   0   0   0   0   0   0   0   0   0   0   0   0  15   0   0   0   0  19   0   0   0   0   0   0   0   0   0   0   0   0   0   0   0   0   2   0   0   0  29   0   0   0  45   0   0   0   0   0   0   0   0  20   0   0   0   0   0   0  18   0   0   0   0   0   0   0   0   0   0
   0   0   0  47   0   0   0   0   0   0   0   0   0   0   0   0   0   0   0  50   0   0   0   0   0   0   0   0   0  16  36   0   0   0   0   0  40  32   0   0   0   0   0   0   0   0   0   0   0   0   0   0   0   0   0   0   0   0   0   0   0   0   0   0   0   0   0   0   0   0  26   0   0   0   0   0   0   0   0
   0   0   0  13   0   0   0   0   0   0   0  41   0   0   0  46   0   0   0   0  22   0   0   0  29   0   0  14   0   0   0  50   0   0  10   0   0   0   0   0   0   0   0   0   0   0   0   0  25   0   0   0   0   0   0   0   0   0   0   0   0   0   0  35   0   0   9   0   0   0   0   0   0   0   1   0   0   0
   0  14   0   0   0   4   1   0   0  50   0   0   0   0   0   0   0   0   0   0   0   0   0  13   0   0   0   0  27   0  35   0   0   0   0   0   0   0   0  43   0   0   0   0   0   0   0   0   0   0   0  24   0   0   0  24   0   0   0   0   0   0  25   0   0   0   0   7   0   0  20  48  31   8   0   0   0
  42   0  37   0   0   0   0   0   0   0   0   0   0   0   0   0   0   0   0   0   0   0   3   0   0   0   0   0   0   0  24   0   0   0   0   0   0   0   0   0   0   0   0   0  32   0   0  38  29   0   0   0   0   0   0  45   0   0   0   0   0  10   0   0   0  38   0   0   0   0   0   0   2   0   0  43
   0   0   0   0   0   0   0   0   0   0   0   0   0   0   0   0   0   0   0   0   0   0   0   0   0   0   0  10   0   0   0   0  50   0   0   0   0   0   0   0   0   0   0   0   0   0  47   0   0   0   0   0   0   0   0  30   0  28   0   0   0   0   0  11   0   0   0   0  21   0   0  39   8   3   0
   0  36   0   0   0   0   0  28   0  13   0  41   0   0   0   0   0   0   0   0   0  25   0   0   0   0   0  25   0  50   0   6  35   0   0   0  42   0   0  36   0   0   0  18   0   0   0   0   0   0   0   0   3   0   0   0   0   0   0   0   0  29   0   0   0   0   0   6   0   0   0   0   0   0
   0   0   0   0   0   0   0  19   0   8  13   0  18   0   0   0   0   0   0  10  33   0   0   0   0   0   0   0   0   0   0   0   0   0   0   0   0   0   0   0   0   0   0   0   0   0   0   0   5   0   0   0   0   0   0   0   0  48   0   0   0   0  17   0  11  39   0   0   0   0   0  37   0
   0   0  47   0   0   0  33   0   0   0   0   0   0   0   0  48   0   0   0   0   0   0   0   0   0   0   0  37   0   0   0  34   0   0   0   0   0   0   0   0  14   0   0   0   0   0  39  28   0   0   0   0   0   0  22   0   0   0   0   8   0   0   0   0   8  12  11   0   0   0   0   0
   0   0   0   0   0  50   0   0   0   0   0   0  31   0   0   0   0   0   0   0   0  50   0   0   0   0   0   0   0  16   0   0   0   0   0   0   0   0   0   0   0   0   0   0   0   0  43   0   0   0   0   0   0   7   0   0   0   0   0   0   0  46   0   0   0   0   0   0   0   0  22
   0  34   0   1   0  17   0  46   0   0   0  17   0  43   0   0   0   0   0   0   0   0   0  50   0   0   0   0   0   0   0   0   0   0   0   0   0   0   0  32   0   5   0   0   0   0  12   0   0   0   0  41   0   7  27   0   0   0   0  20   0   0   0   0   0   0   0   0   0  35
   0   0   0   0   0   0   0   0   0  41   0   0   0   0   0  19  40  39   0   0   0   0   0   0   0   0   0   0   0   0   0   0   0   0   0   0   0   3   0   0   0   0   0   0   0   0   0  20   0   0   0   0  39   0   0   9   0   0  33  12   0   0   0   0   0  47   0   0   0
   0   0   0   0   0  31  13   0   0   0   0   0   0   0   0   0   0   0   0   0   0   0   0   0   0   0   0   5   0   9   0   0  22   0   0   0   0  31   0   0   0   0  11   0   0   0   0   0   0   0   0   0   0   0   0   0   0   0   0  11   0   0   0   0   0   0   0   0
   0   0   0   0  12   0   0  41   0  49   0   0   0   0   0   0   0   0   0   0   0   0   0   0   0  42   0   0   0   3   0  23   0   0   0   0   0   0   0   1   0   0   0   0   0   0   0   0   0  45   0  38   0   0   0   0   0   0   0  40   0   0   0   0   0  43  20
  27   0   0   0   0   0   5   0   0  33   0   0   0   0   0   4   0  15   0   0   0   0   0   0   0   0   0   1   0   0   0   0   0   0   0   0   0   0   0   0  37   0   0  39   0   0   0   0   0   0   0  44   0   0  32   0   0   0  17   0   0   0   0   0   0   0
   0   0   0   0   0  50   0   0   0   0   0   0   0   0   0   0   0   0  18   0   0   0   0   0   0   0   0   0   0   0  32  30   0   0   0   0   0   0   0   0  39   0   0   0  42   0   0   0  13   0   0   0   0   0   0   0   0   0   0  45   0   0   0   0   0
   0   0   0   0   0   0   0   0   0  26   0   0   0  22   0   0   0   0   0   4   0   0   0   0   0  47   0   0   0   0   0   0   0   0   0   0   0   0   0   0   0   0   8   0   0   0   0   0  23  19   0   0   0   0   0   0   0   0   0  38   0   0   0   0
   0  14   0   1   0   0  34   0   0   0  24   0  35  37   0   0  39   0   0   0   0   0   0   0   0   0  49   0  34   0   0   0   0   0   0  14   0  23   0   0   0   0   0   0   0   0   0   0   0   0   0   0   0   0  44   0   0   0   0   0   0   0   0
  13   0   0   0   0   0   0   0  35   0   0  44   0   0   0   0   0   0   0   0  16   0   0   0   0   0   0   0  22   0   0   0  13   0   0   0  14   0   0   5   0   0   0   0   0   0   0  26   0   0  12   0   0   0   0   5   0  44   0  48   0   0
   0   0   0  15   0   0   0   0   0   0   0  46   0   0   0   0   0   0   0   0   9   0   9   0   0   0   0   0   0   0   0   0   0   0   0   0   0   0   0   0  29   0   0  49   6   0   0   0  36   0   0   0   0  16   0   0   0   0   0   0   0
   0   0   0   0   0   0   0   0   0   0  20  26   0   0   0   0   0   0   0   0   0   0   0   0   0   0   0   0   0   0   0   0   0   0   0  35  20   0  20   0   0   0  13   0   0   0   0   0   0   0   0   0   0  26   0   0   0  42   0  42
   0   0   0   0  18   0   0   0   0   0   0   0   0   0   0  25  42   0   0   0   0   0   0   0  41   0   0   0   0  38   0  17   0  13  17   0   0   0   0   0   2   0   0   0   0   0   0   0   0   7   0   0   0   0   0   0   0   0   0
   0   0   0   0   0   0  42   0   0   0  36   0   0   0   0  25   0   0   0   3   0   0   0   0  37   0   0   1   0   0   0   0   0  33   0   0   0   0  16   8   0   0   0   0   0  16   0   0   0   0  34   0   0   0   0   0   0   0
   0   0   0  43   0   0   0   0   0  13   0   0   0   0   0   0   0   7   0  38   0  46   0   0   0   0   0   0   0   0   8   0   0   0   0   0   0   0   0  11   0   0  19   3  19   0   0   0   0   0   0   0   0   0  32   0   0
   0   0   0   0   0   0   0   0   0   0   0   0   0   0   0  36   0   0   0   0   0  19  13   0   0   0   0   0   0   0   0   4   0  45  50   0   0  14   0   0   0   0   0   0   0   0   0   0   0   0   0   0   0   0   0   0
   0   0   0   0   0   0   0   0   0   0   0  20   0  43   0   0   0   0  27  36   0   6  28   0  16   0   0   0   0   0   0   0   0   0   0   0   0   0   0   0   0   0   0   0   0  43  16   0   0  35  30   0   0   0   0
   0   0   0   0  49   0   0   0   0   0   0   0   0   0  24   0   0   0   0   0   0   0   0   0   0   0   0   0   0  10   0   0   0   0   0   0   0   0   0   0   0   0   0   0   0   0   0   0   0   0   0   0   0   0
   0   0   0   0   0   0   0   0  15   0   0   0   0   0   0   0   0   0   0   0   0   0   0   3   0   0   0   0  32   0  19   0  12   0   0   0   0   0   0   0   0   0   0   0   0   0   0   0   0   0   0  44   0
  29   0   0   0  30   0   0   0   0  35   0   0   0   0   0   0  41   0   0   0   0   0   0  47   0   0   0   0   0   0   0   0   0   0   0   0   0   0   0   0   0   0   0   0   0   0   0  49   0   0   0   0
   0  10   0   0  30  33   0  27   0   0  25   0   0   0   0   0   0   0   0   0   0   0   0   0   0  26   0   0   0   0   0   0   0   0   0  50   0   0   0   0   0   0   0   0   0   0   0  48   0   0   0
   0   0   0   0   0   0   0   0   0  34   0   0  12   0   0   0  47   0   0  14   0   0   0   0   0  17   0   0   0   0   0   0   0   6   0   0   0   0   0   0   0   0   0   0   0   0   0  32   0   0
  47   0   0   0  45   0   0   0   0  20   0   0   0   0   0  50   0   0   0   0   0  19   0  43   0   3   0   0   0   0   0   0   0   0   0   0   0   0   0  26   0   0   0   0   0   0   0   0  20
   0   0   0   0  23   0   0   0   0   0   0   0   0  36   0   0  14   0   0   0   0   0   0   0   0   0   0   0   0   0  13   0   0   0   0   0   0   0  15   0   0   0   0   9   0   0   0   0
   0   0   0   7   0   0   0   0   0  10   0   0   0   0   0   0   0   0   0   0   0   0   0   0   0   0   0   0   0   0  40   5   0  49   0   0   0   0   0   0   0   0   0   0   0   9   0
   0   5  26   0   0   0   0   0   0  40   0   0   0   0   0   0   0   0   0  23   0   0   0   0   0   0   0   0   0   0   0   0   6  21   0   0   0   0  49   0  10   0  14   0  41   0
   0  41   0   0   0   0  20  41   0   0  14   0   0   0   0   0  11   0   1  11   0  34   0   0   0   0   0   0   0   0   0   0   0   0   0   0   0   0   0   0   0   0   0   0  31
  11  18   0   0   0   0   0   0   0   0   0  35   0   0   0   0   0   0   0   0   0   0   0   0   0   0   0   0   0   0   0   0  47   0   0   0   0   0   0   0   0   0  25  23
   0   0   0   0   0   0   0   0   0   0   0   0   0   0   0   0   0   0   0   0   0   0   0   0   0   0   0   0  34   0   0  16   0   0   0   0   0   0   0   0   0   0   0
   0   0   0   0   0   0   0   0   0   0   0   0   0   0   0   0  42   0   0   0   7   0   0   0   0   0   0   0   0   0   0   0   0  33   0   0   0   0   0   0  27   0
   0   0   0   0   0  30   0   0   0   0   0   0  16   0   0   0   0  21   0   0   3   0   0   0   0   0   0   0   0   0   0   0   0   0  25   0   0   0   0   0   0
   0   0   0  21   0   3   0   0  42  33   0   0   0   0   0   0   0   0   5   0  41   0   0   0   0   0   0   0   3   0   0   0   0   0   0  39   0   0   0   0
  48   0   0   0   0   0   0   0   0   0   0   0   0   0  30   0   6   0   0   0   0  10   0   0   0   0   0   0  12   0  21   0   0   0   0   0   0   0   0
   0   0   0   0   0   0   6   0  49  15   0   0  35   0   0   0   0  24   0   0   0   0   0   0   0  25   0   0   0   0   0   0   0   0   0   0   0   0
   0   0   0   0   0  12  49   0   0   0   0   0   4   0  10   0   0   0   0   0   0   0   0   0   0   0   0  16  30   0  20  50   0   0   0   0   0
   0   0   0   0   0   0   0   0   0   0  46   0   0   0   6   0  26   0   0   0   0   0   0   0   0   0   0   0   0   0   0  19   0   0   0   0
   0   0   0  37   0   0   0   0   0   0   0   0   0  12   0   0   0   0   0   0  48  29   0   0   0   0  27   0   0   0   0   0  43   0   0
   0   0   0   0   0   0   0   0   1   0   0   0   0  26   0   0   0   0   2   0   0   0   0   0   0   0   6   0   0   0   0   0   0   0
   0   0   0   0   0   0   0   0   0   0   0   0   0  36  20   0   0   0   0  22   0   0   0   0   0   0   0  32   0  44   0   0   0
   0   0   0  14   0   0   0   0   4   0   0  31   0   0  30  34  50   0   0   0  32  35   0   0   0   0   0   0  35  20   0   0
   0   0   0   0   0   0   0   0   0   0  30   0   0   0   0  11   0   0  32   0   0  42  18   0  21   0   0   0  20   0   0
   0   0   0  44   0   0  43   5   1   0   0  27   0  10   0   0   0   0   0   0   0   0  11   0   0   0   0   0   0   0
   0   0   0   0   0   0   0  18  23   0   0   0   0   0   0   0   0   0   0  12   0  41  40   0   0   0   0  10   0
   0   0   0   0  33   0  42   0   0   0  12   0   2   0   0   0   0   0   0   0   0   0   0  14   0   0   0   0
   0   0   0   0   0   0   0   0   0   0   0   0   0   0   0   0   0  27   0   0   0   0   0  42   0   0  19
  49   0  14   0   0   0   0   0   0  10   0   0   0   0   0   0   0   0  12   0   0   0   0   0   0   0
  47  11   0   0   0   0   0   0   0   0   0   0  13   0   0   0   0   2  32   0   0   0   5   0   0
  16   0   0   0   0  38   0   0   0   0   0   0  17   0   0   0   0   0   5  46   0   0   0   0
   0  44   0   0   0   0   0   0  25   0   0   0   0   0  41   0   0   0   0   0   0   0   0
   0   0   9  27  24   0   0   0   0   0   0   0  14   0   0   0   0   0   0   0   0   0
  21   0  26   0   0  48   0   0   0   0   0   0   0   0   0   0   0  49  12   0  14
   0   0  33   0   0   0   0   0   0   0   0   0   0   0   0   0   0  41   0   0
   0   0   0   0   0   0   0   0   0   0   0  50   0   0   0   0   0  11  48
   0   0   0  35   0   0   0   0   0  39   0   0   0   0  14   0   3   0
   0   0   0   0   0   0   2   0   6   0   0   0  21   0   0   0  40
   0  27   0   0   0   0   0   0   0   0  18   0   0   0   0   0
   0   0   0   0   2   0   0   0   0   0   0   0   0   0   0
   0   0   0   0   0  22   0   0   0  34   0   0   0   0
   2   0   0   0   0   0   0   0   0   0   0   0   0
   0   0   0   0   0   0   0   0   0   0   0   0
  14   0   0  16   0   0   0   0   0   0   0
  27   0   0   0  38   0   0   0  26   0
   0   0   0   0  28   0   0  11   0
   0   0   0   0  30   0   0   0
  29   0   0   0   0   0   0
   0   0  10   0   0   0
   0   0   0   0   0
   0   0   0   0
   0   0   0
  25   0
   0

 1269
  22  14  18  15   1  19   3  16  18   5  24  14  10  22  19   6   7  21  23   2  21   6   1  22  21   1  10   9  18  21  16  15   3  21  13   2   2  24   6  20  20  10   6  23  16  14   1   9  20  13  20  10   3   4  18  10  21  10  15  12  17   3  25  22  14  24   8  14  10   4  17  24  16  10   7   2   9  10   3  23  19  16  18  11  10   1   1   9  10   5   7  25  10  14  19   8  13   4  20  23

 100 
   0   0   0   0  31   0   0   0   0   0   0   0   0   0   0   0   0   0   0   0   0   0   0   0   0   0   8   0  23   0   0   0   0   0   0   0   0   0  39   0   0   0   4   0   0   0   0  21  48   0   0  40   0   0   0   0   0   0   0   0   0  48  13   0   0   0   0  12   0   0   0   0   0   0   0   0   0   0  19   0   0   0   0   0   0   0   0   0   0  12   0   0   0  36   0   0   0   0   0   9
   0   0   0   0  26  46   0   0   0  44   0   0  30   0   0   0  28   0   0   0  38  39  23   0   0   0   0   0  39   0   0  18   0   0   0  34  41   0   0   0   0   0   0   0   0   0   0   0   0   0   0   0   0   0  10   0  49   0   0   0   0   0   0   0   0   0   0  36   0   0  30   0   0   0   0   0   0   0   0   0   0   0   0   0   0   1   0   2   0   0  23   0   0   0   0   0   0   0   0
   0  17   8  32   0   0   0   0  34   0   0   0   0   0   0   0  22   0   0  44   0   0   0   0   0   0   0   0   0   0   0   0   0   0  29   0   0   0   0   0   0   0   0   0   0   0   0   0  11   0   0   0   0   0   0   0   0   0   0   0   0   0   0   0   0   0   0   0   0   0   0  37   0  12   0   0   0  50   0   0   0   0   0   0   0   0  48  31   0   0   0   0   0   0   0   0   0  15
   0   0   0   0   0   0   0   0   0  11  37   0   0   0   0   0   0   0   0   0   0   0   0  25   0   0   0   0   0   0  34   0  18   0  17   0   0   0   0   0   0   0   0   0  29   0   0   0   9  20   0   0   0   0   0   0   0   0   0   0   0   0   0  15   0   0   0   0   0   0   0   0   0   0   0   0   0   0   0   0   0   0   0   0   0   0   0   0   2   0   0   0   0   0   0   0   0
   0   0   0   0   0   1   0   0   0   0  39  29   0   0   0   0   0   0   0   0   0   0   0  17   0  47   0   0   0   0   0   0   0   0   0   0  44   0   0   0   0   0   0   0   0   0   0   0   9   0   0   0   0   0   0  31   0   0   0   0   0   0   0   0   0   0   0   0   0   0   0   0   0   0  50   0   0   0   0   0   0   0   0   0   0   0   0   0   0   0  16   0  16   0   0   0
   0   0   0   0   0   0   0   0   0   0   0   0   0  48   0   0   0   0   0   0   0   0   0   0   0   1   0   0  25   0  46   0  24   0   0   0  39   0   0   0   0   0   0   0   0  10   0   0   0   0   0   0   0   0   0   0   0   0   0   0   0   0   0   0   0   0   0  32  49  26   0   0   0   0   0   0  37   0   0   0   0   0   0   0   0   0  35   0   0   0   0   0   0   0   0
   0   0  45   0   0   0   0   0   0  26   0  49   0   0   0   0   0  42   0   0   0   0   0   0   0  43   0   0   0   0   0  36   0   0   0   0   0   0   0   0   0   0  21   0   0   3   0   0   0   0   0  41   0   0   0   0   0   0   0   0   0   0   0   0  12  40   0   0   0   0   0   0  29   0   0   0   0   0  49   0   0   0   0   0   0   0  34   0   0   0   0   0   0   0
   0   0   0   0   0  41   0  39   0   0   0   0   0   0  32   0   0   0  38   0   0   0   0   0   0   0  28   0   0   0   0   0   0   0   0   0   0   0   0   0   0   0   0   0   0   0   0   0   0   0   0   0   0   0  48   0   0   0   0   0   0   0   0  37   0   0   0   0   0   0  33   0  23   6   0   0   0   0   0  25   0   0   0   0  50   0   0   0   0   0   0   0   0
  42  33   0   0   0   8   0   0   0   0   0   0   0   0   0   0   0   0   0   0   0   0  24   0   0   0  37   0   0   0   0   0   0   0   0   0  31   0   0   0   0   0  17   0   0   0   0   0   0   0   0   0  29   0   0   0   0   0   0   0   0  35   0   0   0  27   0   0  22   0   0   0   0   0   0   0   0   0   0   0   0   0   0   0   0   3   0   0   0   0   0   0
   0   0   0  40   0   0   0   0   0  17   0   0  49   0   0   0   0  38   0   0   0   0   0   0   0   0   0   0   0   0   0   0   0  26   0   0   0   0   0   0   0   0   0   0   0   0   0   0   0   0   0   0  25   0   0   0   0  36   0   0   0   0   0  41   0   0   0   0   0  16   0   0   5   0   0   0   0   0  27   0   0   0   0   0   0   0   0   0   0  11   0
   0   0   0   0   0   0   0   0  50   0   0   0  23   0   0  46   0   0   0   0   0  11   3   0   0   0   0   0   0   0  50   0   0   0   0   0   0   6   0   0   0   0   0   0   0   0   0   0   0   0   0   0   0   0   0   0   0   0   0   0   0   0   0  10   0   0   0   0  17   0   0   0  10   0   0   0  27   5   0   0  15   0   0   0   0   0   0   0   0   0
   0   0  14   0   0   0   0   0   0   0   0   0   0   0   0   0   0  47  18   0   0   0   0   0   0   0   0   0   0   0   0  12   0   0   0  27   0   0   0   0   0   0   0  35   0   0   0   0   0   0   0   0  50   0   0   0  23  14   0   0   0   0   0   0   0   0   0   0   9   0   8  47  21   0   0  11   0   0   0   0   0   0   0   0   0  31   0   0   0
  40   0   0   0   0   0  47   0   0  21   0   0   0   0   0   0   0   0   0   0   0   7   0   0   0   0  48   0   2   0   0  43   0   0   0   0   0   0   0   0   0   0   6   0   0   0   0  14  46   0  32   0   0   0   0   0  30   6   0   0   0   0   0  18   0   0   0   0   0   0   0   0   0   0   0   0   0   0   0   0   0   0   0   0   0  30   0   0
   0   0   0  18   0  21   0   0   0  44   0   0   0   0   0   0   0   0   0   0   0  27   0  47   0   0   0   0  16   0   0   2   0   0   0   0   0   0   0   0   0   0   0   0   0  13   0   0  37   0   0  49   0   0   0   0   0   0   0   0   0  36   0   0   0   0   0   0   0   0   0   0   0   0   0   0   0   0  36   0   0   0   0   0  10   0   0
   0   0   0   0   0   0   0   0   0  21   0   0   0   0   0   0   0   0   0   0   0   0   0   0   0   0   0  28   0   0   0   0   0   3   0   0   0   0   9   0   0   0   0   0   0   0   0   0   0   0   0   0   0   0  14  10   0   0   0   0   0   0   0   0   0   0   0   0   0   0   0  27   0  14   0   0   0   0   0   0   0   0   0   0   0   0
   0  27   0   4   0   0   0   0   0   0   0   0  17  27   0   0   0   0   0   0   0   4   0   7   0   0   0   0   0   0   0   0   0   0   0   0   0   0   0   0   4   0   0   3   0   0   0   0   0  15   0   0   0   0   0   0   0   0   0   0   0   0   0   0  18   0   0   0   0   0   0  34   0   0  41   0   0   0  24   0   0   0  20   0   0
   0   0   0   0   0   2   0   0   0   0   0   0   0   0   0   0   0   0   0   0   0   0   0   0   0   0   0   0   0   0   0   0   0   0   0   0   0   0   0   0   0   0   0   0   0   0   0   0   0   0   0   0   0   0   0   0  45   0   0   0   0   0   0   0   0   0   0   0   0   0   0   0   0   0   0   0   0   0   0   0   0   0   0   0
   0   0   0   0   0  20   0   0   0   0   0   0  12   0   0  19   0   0   0   0   0   0   0   0   0   0   0   0   0   0   0   0   0   0   0   0   0   0   0   0   0   0  19   0  33   0   0   0   0   0   0   6  39   9   0   0   0   0   0   0   0   0   0   0   0   0   0   0   0   0   0   0   0   0   0   0   0   2   0   0   0   0   0
   0   9   0   0   0   0  23   0   0   0   8   0   0   0   0   0   0  16   0   0   0   0   0   0  16   0   0   0   0   0   0   0   0  45   0   0   0   0   0   0   0   0   0   0   0  28   0   0   0   0   0   0   0   0  31   0   0  41   0   0   0   0   0   0   0   0   0   0   0  17  27   0  11   0   0   0   0   0   0   0   6   0
   0   0   0   0   0   0   0   0   0   6   0   0   0   0   6   0   0   0   0   0   0   0   0   0   0   0   4   0   0   0   0   0   0   0   0   0   0   0   5   0   0   0   0  25   0  25   0   0   0   0   0  28   0   0   0   0   0   0  45   0   0   0   0   0   0   0   0   0   0   0   0   0   0   0   0   0  15   0   0   0   0
   0   0   0   0   0   0   0   0   0   0   0   0   0  20   0   0   0   0   0   0   0   0   0   0  12   0   0   0   0   0   0   0   0   0  25  23   0  29   0   0   0   0   0   0   0  31  43   0  32   0   0  12   0   0   0   0   0   0  47   0   0  31   0   0   0   0   0   9   0   0   0   0   0   0   0   0   0   0   0  25
   0   0  49   0   0   0  28   0   0  16   0   0   0   0   0   0   0   0   0   0   0   0   0   0  43   0   0   0   4   0   0   0   0   0   0   0   3   0   0   0   0  45   5  50   0   0   0   0   0   0   0   0   0   0   0   0   0   0   0   0   0   0   0   0   0   0   0  44   0   0   0   0   0   0   0   0  18   0   0
   0   0   0  11   0   0   0   0   0   9   0   0   0   0   0   0   0   0  37  18   0   0   0  39  49   0   0   5   0   0   0   0  36   0   0   0   0   0   0   0   0   0   0   0   0   0   0  14   0  14   0   0   0  13   0   0   0   0   0   0  49   0   0   0   0   0   0   0   0  22  27   0   0   0   0   0   0   0
   0   0  47  26   0   0   0   0   0   0   0   0   0   0   0   0   0   0   0   0   0   0   0   0   0   0   0   0   0   0   0   0  12   8  24   0   0   0  31   0   0   0   0  50   0   0   0   0   0   0   0  20   0  20   0   0  18   0  18   0   0   0   0   0   0  38   0   0   0   0   0   0  33  39   0   0   0
   0   0   0   0   0   0   0  42   0   0  33   0   0  29   0   0   0   0   0   0  44   0   0   0   0   0   0   0   0   0   0   0   0   0   0   0  45   0   0  20   0   0   0   0   0   0   0   0   0   0   0  46   0   0   0   0   0   0   0   0   0   0   0   0   0   0   7   0   0  24   0   0   0   0   0   0
   0   0   0   0   0   0   0   0   0   0   0   0   0   0   0   0   0   0   0   0   0   3   0   0   0   0   0   0   0   0   0   0  40   0   0   0   0  19  16   0  35   0   0   0  18   0   0   0   0   0   0   0   0   0   0  41   0   0   0  16   0   0   0  31   0   0   0   0   9   0   0   0   0   0   0
   0   0   0   0  23   0   0   8   0   0   0   0   0   0  14   0   0  38   0  41   8   0   0   0   0   0   0   0  27  11   0   0   0   0   0  21   0  46   0   0   0  38  41   0   0   0   0  11   0  32   0   0   0   0   0   0   0   0   0   0  46  36   0   0   0  32  11   0   0   0   0   0   0   0
  27   0   0   0   0   0   0   0   0   0   0   0   0  37   0   0   0  26   0   0   0   0   0   0   0   0   0   0  12  43  42   0   0   0   0   0   0   0   0   0   0  47  50   0   0   0   0   0   0   0   0   0   0   0   2   0   0   0   0   0   0   0  33   0   0   0   0   0   0   0   0   0   0
   0   0   0   2   0   0   0   0   0   0   0   0   0   0   0   0   0   0   0   0   0   0   0   0  42   0   0   0   0   0   0   0   0   0   0  37   0   0   0   0   0  37   0  18   0   0   0   0   0   0   0   0   0   0   0   0   0   0   0   0   0   0   0   0  31   3   0   0   0   0   0  14
   0   0   0   0   0   0   0  40   0   0   0   0   0   0   0   0   0   0   0   0   0   0   0   0   0   0   0   0   0   0  46   0   0   0   0  16   0   0   0   0   0   0   0   0   0   0   0  28   0   0   0   0  41   0   0   0   0   0   0   0   0   0   0   0   0   0   0   0   0   0   0
   0   0   0   0  27   0  11   0   0   0   0   0   0   0   0   0   0   0   0   0  50  20   0   0   0   0   0   0  43   0   0   0   0   0   0   0  25   0   0   0   0   0   0   0  45   0  40   0   0  36   0   0   0   0  16  20   0   0  38   0   0   0   0   0   0   0  36   0   0   0
   0   0   0   0   0   0   0   0   0   0   0   0   0  10   0   0   0   0   0   0   0   0   0  19   0   0   0   0   0   0   0   0   0   0  16  13   0   0   0   0  35   0   0   0   0   0  25   0   0   0   0   0   0   0   0   0   0   0   0   0   0   0   0   0   0   0   0   2   0
  18   0   0   0   0   0  19   0   0  30   0  18   0   0  21   0   0   0   0   0   0   0   0   0   0   0   0   0   0   0  16  11  16   0   0   0   0   0   0   0   0   0   0   0   0   0   0   0   0   0  36   0   0   0   0   0   0   0   0   0   0   0   0   0   0   0   0   0
   0   0  26   0   0  40   0  16   0   0   0   0   0   0   0   0   0  29   0  13   0   0  47   0   0   0   0   0   0  49   0   0   5   0   0   0   0  45   0   0   8   0   0   0   0   0   9   0   0   0   0   0   0   0   0   7   0   0   0  41   0   0   0   0   0   0   0
   0   0   0   0   0   0   0   0   0   0   2   0   0   0   0   0  30   0   0   0   0   0   0   0   4   0  14   0  39   0   0   0  16   0   0   0   0  27   0   0   0  26   0   0   0   0  18   0   0   0   0   0   0   0   0   0   0   0   0   0   0   0   0   0   0   0
   0   0  47   0   0  10   0   0  30   0   0   0   0   0   0   0   0   4   0   0   0   0   0   0   0  39   0   0   0   0   0   0   0   0   0  42   0  35   0   0   0   0   0   5   7   0   0   0   0   0  45   0   0   0   0   0   0   0   0   0   0   0   3   0   0
   0   0   0  22   0   0   0   0   0   0   0   0   0   0  39   0   0   0   0   0   0   0   0  10   0   0   0   0   0  37  40   0   0   0   6  38   0   0   0   0   0   0   0   0   5   0   0   0   0  18   0   0   0   0   0   0   0   0   0  26   0   8   0   0
   0   0   0  18   0   0   0   5   0   0   0   0   0   0   0   0   0  16   0  44   0   0   0   0   0   0   0   0   0   0   0   9   0   0   0   0   3  42  41   0   0   0   0   0   0   0   0   0   0   0   0   0   0   0   0   0   0  44   0   0   0   0   0
   0  42   0   0   0   0   0   0  21   0   0   0  46  22   0   0  46   0   0   0   0   0  43   0  23   0   0   0   0   0  43   0   0   0  36  38   0   0   0   0   0   0   0   0   0   0   0   0   0  15   0   0   0   0  29   2   0   0   0   0   0   0
   0   0  28   0   0   0   0   0   0   0   0   0   0   0   0   0   0   0   0   0  22   0   0   0   0   0  24   0   0   0   0   0  43   0   0   0   0   0   0   0   0   0   0   0   0   0  40  28   4   0   0   0   0   0   0   0   0   0   0   0   2
   0   0   0   0   0   0   0   0   0   0   0   0  43   0   0   0   0   0   0   0   0   0  16   0   0   0   0   0   0   0  10   0  42   0   0  41   0   0   0   0   0   0  31  17   0   0   0  39  35   0   0   0  37   0   2   0   0   0   0   0
   0   0  38  13   0   0  13   0   0  27   0  29   0   0   0   0   8   0   0   0   0   0   0   5  50   0   0   0   0   0  29   9   0   0   0   0   0   0   0   0   0   0   0   0   0   0   0   0   0   0   0   0   0   0   0   0   0   0   0
   0   0   0   0   0   0   0   0   0   0  23   0  43   0   0   0   0  22  32   0  48   4   0  28   0   0   0  26   0   0   0   0   0   0   0   0  20   0   0   0   3   0   0  33   0   0   0   0   0   0   0   0  37   0   0   0   0  23
   0   0   0   0  31   0   0   0   0   0   0   0   0   0   0   0   0   0   0   0   0   0   0   0   0   0   0  47  15   0  26  24  29   0   0   0   0   0   0   0   0   0  23   0   0   0   0  17   0   0   0   0   0   0   0   0  42
   4   0   0   0   0   0   0   0   0   0   0   0   0   0   7   0   0   0   0   0   0   0   0   0   0   0   0   0   0   0   0   0   0   0   0   0   0   0   0   0   0   0  29   0   0   0   0  28  22   0   0   0  33   0  22   0
   0   0   0   0  34   0   0   0   0   0   0   0  23   0   0   0   0   0   0   0   0   0   0   0   0   0   0   0   0   0   0   0   0  31   0   0   0   0   0   0   0  37   9   0  35   0   0  34   0   0   0  13  49   0   9
   0   0  33  13   0   0   0   0   0   0  38   0   0   0  33   0   0   0  39   0   0   0   0   0   0   0   0   0   0   0   0  48  47  27   0   0   0   0   0   8   0   0   7  26   0   0  13   8   0  18   0   0   0   0
   0  12   0   0   0   0   0   0   0   0   0   0   0  50   0   0  33   0   0  47   0   0   0   0   0   0   0   0   0   0   0   0   0  24   0   0   0   0   0   0   0  14   0   0   0   0   0   0   0   0   0   0   0
   0   0  50   0   0   0   0   0   0   0   0   0   0   0  40   0   0   0   0   0   0   0   0  24   0   0   0  22   0   0  29  42   0  39   0   0   0   0   0   0   0  34   0   0   0   0   0  47   0   0   0   0
   0   0   0   0   0  35  33   0   0   0   0  13   0   0   0   0   0   0   0   0   0   0   0   0   0   0   0   0   0   0   0   0  13   0   0   0   0   0   0   0   0   0   0   0   0   0  50   0  18   0   0
   0   0   0   0   0   0   0   0   0   0   0   0   0   0   0   0   0   0   0   0   0   0   0  44   0   0   0   0   0   0   0   0   0   8   0   0   0  11   0   0   0   0   0   0   0   0   0   0   0   0
   0   0   0   0  24   0   0   0   0   0   0   0   0   0   0   0   0   0   0   0   0   0   7   0   0  11   0   0   0   0   0  11   0   0   0   0  16  42  29   0   0   0   0   0   0  27   0   0  45
   0  50   0   0   0   0   0  25   0  30   0   0   0  17   0   0   0   0   0   0   0   0   0   0   0   0   0   0   0   0  48   0   0   0   0   0   0   0   0  41   0   0   0   0   0   0   0   0
   0   0   2   0   0   0   0   0   0   0   0   0   0   0   0   0   0   0   0  23   0   0   0   0   0   0   0   0  32   0   0   0   0   0   0  40   0   0   0   0   0   0   0   0   0   0   0
   0   0   0   0   0   0   0   0   0   0   0   0   0   0   0   0   0   0   0   0   0   0   0   0   0   0   5   0   0   0   0   0   0   0   0   0   0   0   0   0   0   0   0  48   0   0
   0   0   0  27   0   0   0   0   0   1   0   0   0   0   0   0  46  30   0   0   0   0   0  39   0   3   0  50   0   0   0   0   0   0   0   0   0   0   0   0   0   0  22   0   0
   0   0   0   0   0   0   0   0   0   0   0   0   0   0   0  31   0   0   0   0   0   0   0   0   0  16   0   0  12   0   0   0   0   0   0   0   0   0   0   0   0   0   0   0
   0   0   0  33   0   0  26   0   0   0   0   0  48   0   0   0   0   0   0   0   0   0   0   0   0   0   0   0   0   0   0   0   0   0   0   0   0  32   0   0  17   0   0
   7   0   0   0   0   0   0   0   0   0  44   0   0   0   0   0   0   0   0   0   0   0   0  35   0   0   0   0   0   0   0   0   0   0   0   0   7   0   0   0   0  16
   0   0   0   0   0   0   0   0   0   0   0   0  13   0   0   0   0   0   0   0  15   0   0   0  26   0   0  22   0   0   0   0  19   0   0   0   0  27   0   0   0
   0   0  42   0   0   0   0  22  25   0   0   0   1   0   0   0   0   0   0  21  45   0   0   0  22   0  37   0   0   0   0   0   0  21   0  16   0   0   0   0
   0   0   0   0  30   0  35   0   0   0   0   0   0   0   0   0   0   0   0   0   0   0   0   0   0   0   0   0   0   0   0   0   0  48   0   0   0   0   0
  15   0   0   0   0   0   0   0  23   0  50   0   0   0   0   0  22   0  46   0   7   0   0   0   0   0   0   0   2  16   0   0   0   0   0   0   0   0
   0   0  40   0   2   0   0   0   0   0   0   0   0   0  15   0   0   0  27   0   0   0   0   0   0   0   0  47   0   0   0   0   0   9   0   0   7
   0   0   0  43  35   0   0   0   0   0   0   0   0   0   0   0   0   0   0   0   0   0  49   0  20   0   0   0   0   0   0   0   0   0   0   0
   0  49   0   0  11   0   0   0   0  37   0   0   0   0   0   0  14   0   0   0   0   0   0   0   0  38   0  22   0   0   0   0   0   0   0
   0   0   0   0  43   0   0   0   0   0   0   0   0  32  43   0   0   0   0   0   0   0   0   0   0   0   0   0   0  34  25   0   0   0
   0   0   0  23   0   0   0   0   0   0   0   0   0   0   0   0  43  22   0   0   0   0   0  29   0   0   0   0   0   0   0   0   0
   0   0   0   0  39  15   0  15   0   0   0   0   0   0   0  20   0   0  11  14   0   0   0   0   0   0   0  32   0   0  47  49
   0   0  36   0   3  46   0   0   0   0   0   0   0   0   0   0   0   0   0   1  26   0   0   0  12  41   0   0   0   0   0
   0   0   0   0   0   0   0   0   0   0  37   0  46   0   0   0   0   0   0   0   0  12  50   7   0   0   0  18   0   0
   0   0   0   2  28   0   0   0   0   0   0   0  38   0   0  15   0   0  40   0  45   0   7  39   0   0   0   0   0
   0   0  27   0  44   0   0   0   0   0   0   0   0  39   0   0   0   0   0   0   0   0   0   0   0   0   0   0
   0  25   0   0   0   0   0   0   0   0   0   0  23   0  14   0   0  24   0   0   0  27   0   0   0   0   0
  47   0  10   0  49  20   0   0   0   0   0   0   0   0   0   0  16   0   0   0   0   0   0   0   0   0
   0   0  22   0   0   0   0   0   0   0   0   0   0   0   0   0   0  21  28   0   0   0   7   0   0
   0   0  44   0   0   0   0   0   0   0   0   0   0   0   0   0  30   0   0   0   0   0   0   0
   0   0   0   0   0   0  31   0   0   0   0   0   0   0   0   0   0   0   0   0  17   0   0
   0   0   0   0   0   0   0   0   0   0   0   0   0  43   0   0   0   0   0   0   0   0
   0   0   0   0   0   0   0   0   0   0   0   0   0   0   0   0   0   0  24   0   0
   0   0   0   0  17   0   0   0   0   0   0  47  44   0   0   0   0   0   0   0
   0   0   0   0   0   0   0  18   0   0   0   0   0   0   0   0   0   0   0
   0   0   0  16  21  17   0   0   5   0  27   0  41   0   0   0   0   0
   0   0   0   0   0   0   0  21   0   0   9   0   0  16  35   0  21
   0   0   0   0  14   0   0   0   0  40   0   0   0   0   0   0
  20   0   0   0   0   0   0   0   0   0   0   0  19   0   0
   0   0   0   0   0   0   0  49   0   0   9   0   0   0
   0   0   0   0   0   0   1   0   0  21   0   0   0
   0  41   0   0   0   0   0   0   0   0   0   0
   0   0   0  13   0   0   0   0  27   0   0
   0   0   0   0  15  13   0   8   0  34
  49   0   0   0   0   0   0  18   0
   0   0   0  13   0   0  15   0
   0  20   0   0   0   0   0
   0   0   0   0   0   0
   0   0   0   0   0
   0   0   0   0
   0   0   0
   0   0
   0

 998
  14  11  24  22  15   2   8  16  15  10  13  13   3  10  12   6   5  16  10  25   6  13  13  23  19  13   6   3  10  22  19   9   4  10  21  24  19  16   7   1   2   5   6   2  25  15   2   9   6   4   6  18   8  23   2  21  22   5  17   4  14   4  12  17  19  13   8  25  14  17   2  11  11   1  15   7  23  14   9  21   2  23   6   8  21  23   7  11  14  21  24   7  17   4  11  15  12  12  11   5

 100 
   0   0   0   0   0   0   0   0  22   0   0   0   0   0   0   0   0   0   0  49  16   0  24   0  29   0   0   0   0   0   0   0   0  12   0   0   0   0   0  37   6   0   0   0  15   8   0   0  30  42   0   0   0   0   0   0   6   0   0   0   0   0  11   0   0   0   0   0   0   4   0   1   6   0   0   0  26   0   0   0   0   0   0   0   0   0   0   0   3   0   0  12   0   0   0   0   0   0   0   0
   0   0   0   0   0   0   0   0   0   0   0   0   0   0   0   0   0   0   0   0   0   0   0   0   0   0   0  16   0   0   0   0   0   0   0   0   0   0   0   0   0   0   0   0   0   0   0   0   0   0  38  48   5   0   7   0   0   0   0   0   0   0   0   0   0   0   0   0   0   0   0   0   4   0   0   0   0   0  32   0   0   0  50   0   0   4   0   0  31   0   0  31   0   0   0   0   0   0  45
   0  21   0   4   0   0   0   0   0   0  29   0  28   0   0   0  49   0   0   0   0   0   0   0   0   0   0  33   0   0   0   0   0   0   0  20   0   0   0  36   0   0   0   0   0   0   0   0   0   0   0   0   0   0  10   0   0  27   0   0   0  22   0   0   0  41   9   0   0   0   0   0   0   0   0   0   0   0  38   0   0   0  50   0   0   0   0   2   0  10   0   0   4   0   0   0   0   0
  40  15   0   0   0   0   0   0   0   0   0   0   0   0  22   0   0   0   0   0   0   0   0   0   0   0   0   0  35   0   0   0   0   0  45   0   0   0   0  42  35   0   0   0   0   0  34   0   0   7   0  29   0   0   0   0   0   0   0   0  42  33   0   0   0   4   0   0   0   0   0   0   0   0   0   0   0   0   0   0   0   0   0  40   0   0   0   0  43   0   0   0   0   0   0   3   0
  35   0   0   0   0   0   0   0   0   0  14  46   0   0   0   0   0  13   0   0   0   0   0   8   0  19  22   0  20   0   0  10  11   2   0   0   0   0   0   0   0   0   0   0   0   0   0  15  48   0   0   0   0   0   0   0   0   0   0   0   0   0   0   0   0   0   0   0   0   0  27   0   0   0   0   0  46   0   0   0   0   0   0   0   0   0   0   0   0   0   0   0   0   0   0   0
   0  41   0   0   0   0  30   0   0   0  50   0   0   0   0   0   0   0  27   0   0   0   0   0   0   0   0   0   0   0   0   5   0   0   0  31   0  47   0   0   0   0   0   0   0   0   0   0   0   0   0   0   0  26   0   0   0  33   0  34   0   0   0   0   0  28   0   0   0   0   0   0   0   0   0   0   0   0   0   0   0   0   0   0   0   0   0  32   0   0   7   0   0   0   0
   0   0  10   0   0   0  48   0   0  41  29   0  29   0   0   0   0   0   0   0   0   0   0   0   0  21   0   0   0   0   0   0   0  22   0   0  18   0   8   4   0   0   0   0   0   0   0   0   0   0   0   0   0   0   0   0   0  31   0   0   0   0   0   0   0   0   0   0   0   0   0   0   0   0   0   0   0   0  42   0   0   0   0   0   0   0   0   0  28   0  21   0   0   0
   0   0  24   0   0   0   0   0   0   0   0   0  47  45   0   8   0  43   0   0   7   0   0   0   0   0   0  32   0   0   0   0   0   0   0   0   0  29  43   0   0  44  20   0  11   0   0   0   0   0   0   0   0   0   0   0   0  46  31   0   0   0   0   0   0   0   0   0   0   0   0   0   0   0   0   0   0   0   0   0   0   0   0   0   0   0   0  28   0   0   0   0   0
   0  49   0   9   0  15  14   0   0   0   0   0   0   0   0   0   0   0   0  43   0   0   0  35   0  47   0   0   0   0   0   0   0  30  20   0   0   0  10   0   0   0   0   0   0   0   0   0   0   0   0   0  39   0   0   0  26   0   0   0  38   0   0   0   0   0  11   0   0   0   0   0   0   0   0   0   0   0  27   0   0   0   0   0   0   0   0   0   0   0   0   0
   0   0   0   0   0   0   0   0   4   0  28   0   0   0   0   0   0   0   0  45   0   0   0   8   0  37   0   0   0   0   0   0   0   0   0   0  20   0   0   0   0   0   0  27   0   0   0   0   0   0  14   6   0   0  12   0   0  29   0  13   0   7   0  24   0   0   0   0   0   0   0   0   0  48   0   0   0   0   0   0   0   0  44  27  28   0   0  27   2   0   0
   0   0   0   0   0   0   0   0   0   0   0   0   0   0   0   0  47   0   5   0   0   0   0   0   0   0  29   0   0   0   0   0   0   0   0   0   0   0   0   0   0   0   0   0   0   0   0   0   0   0   0   0   0   0   0   0   0   0   0   0   0   0   0   0   0   0   0   0   0   0   0   0   0   0   0   0   0   0  12   0  22  32   0   0   0  11  43   0   0   0
   0   0   0   0   0   0   0   0   4   0  40   4   0   0   0   0   0   0   0   0   0   0   0   0   0   0   0   0   0   8  22   0   0   0  40  17   0   0   0   0   0   0   0   0   0   0   0   0   0   0   0   0   0   0   0   0   0   0   0   0   0   0   0   0   0   0  19   0   0   0   0   0   0   0   0   0  35   0   0   4  41   0  25   0  34   0  19   0   0
   0   0   0   0   0  38   0  34   0   0   0   5  49  33   0   0   0   9   0   0   0   0   0   0   0   0   0  24   0  45   0   0  46   0   0   0   0   0   0   0   0   0  38   0   0   0  36   9   7   0   0   0  11   0   0   0   0   0   0   0  44  29   0   0   0   0   0   0  10  18   0   0   0   0   0   0   0   0   0   0  27   0   0   0   0   0   0   0
   0   0   0   0  43   0   0   0   0  17   0  22   0   0  45   0   6  39  46   0   0   0   0   0   0   0   0   0   0   0   0   0  10   0   0   0  32   0   0   0   0   0  47   0   0   0   0   0   0   0  34   0   0   0   0   0  16   0  21   0   0   0   0   0   0   0   0  31   0  44   0   0   0   0   0   0   0  36  22   0   0   0   0   0   0   0   0
   0   0   0   0   0   0   0   0   0   0  24   0   0   0   0   0   0   0  46   0   0   0   0   0   0   0   0   0   0   0   0   0   0   0   0   0  26   0   0   0  50   0   0   0   0  35   0   0   0   0   0   0   0   0  19   0  10   0   0   0   0   0   0   0   0   0   3   0   0   0   0   0   0   0   0   0   0   0   0   0  36   0   0   0   0   0
   0  40   0   0   0  27   0   0   0   0   0   0   0   0   0   0  30   0   0   0   0   0   0  45   0   0   0   0   0   0   0   0   0   0   0   0   0   0   0   0   0  45   0   0   0   0   0   0   0  33   0   0   0   0   0  43   0   0   0   0   0   0   0   0  26   0   0   0   0   0  42   0   0   0   0   0   0   0   0   0   1   0   0   0  27
   0   0   0  11   0   0  34   0   0   0   0   0   0   0   0   0   0   0   0  44   0   0   0   0   0   0   0   0   5   0   0  46   0   0   0   0   0  10  46   0   0   0   0   0   0   0   0   0   0   0   0   0   0   0   0  23   0   0   0   0   0   0   0   0   0   0   0   0   0   0   0  28  32   0   0  33   0   0   0   0   0   0   0   0
   1   0   0  30   0   0   0   0   0   0   0   0   0   0   0  50  24   0   0  50   0   0   0   0   0  46   0   0  19   0   0   0   0   0   0  32   0   0  46   0   0   0   0   0   0  36  36   0  35   0   0   0   0   0   0  40   0   0   0   0   0   0  46   0   0   0   0   0   0   0  50   0   0   0   0   0   0   0   0   0   0   0   0
   0   0   0   0   0   0   0   0   0  26   3   0   0   0   0   0   0   0   0   0   0   0   0  18   0   0   0   0   0   0   0   7   0   0   0   0   0   0   0   0   0   0   0   0   0   0   0   0   0   5   0   0   0   0   0   0   0  44   0   0   0  20   0   0  20   0   0   0   8   0   0   0  16   0   0   0   0   0   0   0   0   0
   0   0   0   0   0   0   0   0   0   0   0   0   0   0   0   0   0   0   0   0   0   0   0   0   0   0  50   0   0   0   0  35   0   0  33   0   5   0   0   0   0   0   0   0  13   0  20   0  20   0  14   0   0   0   0   0  50   0   0   0   0   4   0  49   0   0   0   2  48   0   0   0   0   0   0   0   0   0   7   0   0
   0  19  36   0   0   0   0  44   1   7   0   0   0   0   0  37   0   0   0  20   0   0   0   0   0   0   0   0   0   0   0   0   0   0   0   0   0   0   0  39   0   0   0   0   0   0   0   0   0   0   0   0  49   0   0   0   0   0   0   0   0   0   0   0   0   0   0   0   0   0   0   0   0   0   0   0  24   0   0   0
   0   0   0   0   0   0   0   0   0   0   0   0   0   0   0   0   0   0   0   0   0   0   0   0   0   0   0   0   0  31   0  30   0   0   0   0  24   0   0   0   0   0   0   0   0   0   0   0   0  30  16  34   0   0   0   0   0   0   0   0   0  38   0   0   6  44   0   0   0   0   0   0   0   0   0   0   0   0   0
   0   0   0   0   0   0   0   0   0   0   0   0   0   0   0   0   0   0   0   0   0   0  48  38   0   0   0   0   0   0   0   0   0   0  19   0   0   0   0   0   0  44   0   0   0   0  49   0   0   0  22   0   0   0   0   0   0   0   0   0   0   4   0   0   0  26   0  46   0   0   0   0   0   0   0   0  49   0
   0   0   0   0   0   0   0   0   0   0   0   0   0   0   0   0  37   0   0   0   0   0   0   0   0   0   0   0  30   0   0   0   0   0   0   0  35   0   0   0   0   0   0   0   0   0   0   0   0   0   0   0  30   0   0   0   0   0   0  18   0   0   0   0   0  37   0   0   0   0  44   0   0   0   0   3  28
   0   0   0   0   0   0  33   0   0   0   0   0  24   0   0   0   0   0   0   0   0   0   0   0   0   0   0   0   0  21   0   0  49   0   0   0   0   0  26  23   0   0   0   0   0   0   0   0   1  43   0   0   0   0   0   0   0   0   0  16   0   0   0   0   0   0   0   0   0   0   0   0   0   0   0  27
   0   0   0   0   0   0   0   0   0   0   0   0   0   0   0   0   0   0   0   0   0   0   0   4   0   0   0   0   0   0  17   0   0   0  23   0   0  40   0   0   0   0   0   0   0  34   0   0   0   0  12   0   0  10   0   0  38   0   0   0   0   0   0   0   0   0  27   0   0   0   0   0   0   0   0
   0   0   0   0   0   0   0   0  24   0   0   0   0   0   0   0   0   0   0  18   0   0   0   8   0  29  12  45   0   0   0   0   0   0   0   0   0   0   0  29   0   0   0   0   0   0   0  29  28   0   0   0   0   0   0   0   0   0   0   0   0   0   0   0   0   0   0   0  46   0   0   0   0   0
   0   0   0  49   0   0   0   0   0   0   0   0   0   0   1   0  36   0   0   0   0   0   0   0   0   0   0   0   0   0   0   0  13   0   0   0   0   0   7   0   0   0   0   0   0   0   0   0   0   0   0   0   0   0  45  38   0  45   0   0   0   0   0   0   0   0   0   0   0   0   0   0   0
   0   0   0   0   0   0   0  33   0   0   0   0  17   0   0   0   0  43   0   0  37   0   0   0  26   0  13   0   0   0   0  34   0  13   0   0   0  20   0   0   0   0   0   0   0   0   0   0   0   3   0   0   0   1   0   0   0   0   0   0  30   0   0   0   0   0   0  12   0   0   0   0
   0   0   0   0   0   0   0   0   0   0   0   0  30   0   0   0   0   0   0  46   0   0   0   0   0   0   0   0   0   0   0   0   0   0   0   0   0   6   0   6   0   0   0   0   0  24   0   0   0   0   0   0   0   0  32   0   0  10   0   0   0   0   0   0   0   0   0   0   0   0   1
   0   0   0   0   0   0   0   0   0   0   0   0   0   0   0   0   0  15   0  19   0   0   0   0  10   0   0   0   0   0   0   0   0   0   0   0  44   0   0   0   0   0   0   0   0   0   0   0   0   0   0   0   0  20   0   0   0   0   0   0   0   0  36  39   0   0   0   0  41   0
   0   0   0   0   0   0   0  13  30  36   0  20   0   0   3   0   0   0   0   0   0   0   0   0   0   0   0   0   0   0   0   0   0   0   0   0   0   0  30   0   0   0   0   0   0  43  26   0   0   0   0   0   0   0   0   0   0   0   0   6   0   0   0  43   0   0   0   0   0
   0   0  36   2   0   0   0   0   0   0   0   0   0   0   0   0  23   0   0  17   0   0   4  47  40   0   0  34   0   0   0   0   0  37   0   0   0   0   0   0   0   0   0   0   0   0   0  30   0   0   0  29   0   0   0   0   0   0   0   0   0   0   0   0   0   0   0   0
   0  50   0   0   0   0   0   0   0  21   0   0   0   0   0   0   0   0   0   0   0   0   0   0   0   0  49   0   0  25   0   0   0   0   0   0  50   0  14   0   0   0   0   0   0   0   0  49   0   0   0   0   0   0   0   0   0  19  32   0   0   0  29   0   0   0   0
   0  22   0   0   0   0   4   0   0   0  13   0   0   0   0   0   0   0   0   0   0   0   0   0   0   0   0   0   0  49  44   0  19   0   0  31   0   0  21   0   0   0   0   0   0   0   0   0   0   0   0   0  20   0   0   0   0   0   0  18   0   0   0  33   0   0
   0   0   0   0  31   0   2   0   0   0   0   0   0   0   0   0   0   1  20   0   0   0   0   0   0   0   0   0   0   0   0   0  44   0   0  16  21   0   0   0   0   0   0   0   0   0   0   0   0   0   0   0   0   0   0   0   0  50   0   0   0   0   0   0   0
   0   0   0   0  28   0  35   0   0   0   0   0  47   0   0  47   0  27   0   0   0   0   0   0   0   0  10   0   0   0   0   0   0  36   0   0   0   0   0   0   0   0   0   0  36   0  31   0   0   0   0   0   9   0   0   0   1   0   0   0   0   0   0   0
   0   0   0   0   0   0   0   0  40   0  38   0   0   0   0   0   0   0   4   0   0   0   0   0   0   0  34   0   0   0   0   0   0   0   0   0  13   0   0   0  15   0   0   0   0   0   0   0   5   0   0   0   0   0   0   0   0   0   0  48   0   0   0
  34   0   0   0   1   0   0   0   0   0   0   0   0   0   0   0  27   0  29   0  39   0   0   0   0   0   0   0   0   0   0   0   0   0  36   0   0  20   0   0   8   0   0   0   0  24   0   0   0   0   0   0   0   0   0   0   0   0   0   0   0   0
   0   0   0  45   0   0   0   0   0   0   1   0   0   0   0   0   0   0   0   0   0   0   0   0   0   0   0   0   0   0   0   0   0   0  15   0   0   0   0   0  29   0   0   0   8  32   0   0   0   0   0   0  28   0   0   0   0   0   0   0   0
   0   0   0   0   0   0   0   0   0   0   0   0   0   0   0   0   0   0   0   0   0   0  46   4   0   6  26  34   0   0   0  13   0   0   0   0   0   7   0   0   0   0   0   0   0   0  41   0   0   0   0   0   0   0   0   0   0   0   0  44
   0   0  43   0   0   0  23  37   0   0   0   0   0   0  13   0   0  42   0   0   0   0  22   0  41  40  38   0   0   0  42   0   0   0   0   0   0   0  20   0   0   0   0  24  17  39  10   0   0   0   0   0   0   0   0   0   1   0   0
   0  35   0   0   0   0   0   0  14   0   0   0  37   0   0   0   0   0   0   0   6   0   0   0   0   0   0   0  38  18   0   0   0   0   0   0   0   0   0  50   0   0   0   0   0   0   0   0   0   0   0   0   0   0   0   0   0   0
   0   0   0  33   0   0   0   0   0   0   0  38   0   0   0   0   0   0   0   0  30   0   0   0   0   0   0   0   0   0  36   0   0   0   0   6   0   0   0   0   0   0  16   3   0   9   0   0   0   0   0  24   0   0   0   0   0
   0   0   0   0   0   0   0   0   0   0   0   0   0   0   0   0   0   0   0  21   0   0   0  46   8  29  21  41   0  24   0   0   0  37   0   0   0   0   0   0   0   0   0   0   0   0   0   0   0   0   0   0   0   0   0   0
   0   0   0   0   0   0   0   8   0   0   0   0   0   0   0   0   0   0   0   0   0   0   0   0  37   0   0   0   0   0   0   4   0   0   0   0  27   0   0  18   0   0   0   0   0   0   0  35   0   0   0   0   0   0  42
   0   0   0   0   0   0   0  27   0   0  25   0   5   0   0   0   0   0   0  25   0   0   0   0   0   0   0   0   0   0   0   0   0   0   0   0   0   0   0   0   0   0  34   0   0   0   0   0   0   0   0   0   0   0
   0  33  11  47   0   0   0   0   0   0   0   0   0   0  43   0   0  20   0   0   0   0   0   0   0   0   0   0   0   0   0   0   0  22   0   0  32   0  32   0  11  35   0   0  49   0   0   0   0   0   0   0   0
   0   0   0  44   0   0   0   0   0   0   0   0   0  26   0   0   0   0   0   0   0   0   6   0   0   0   0  42   0   0   0   0   0   0   0   0   0   0   0   0   0   0  48   0   0   0   0   0   0   0   0   0
   0   0   0   0   0   0   0   0   0  23  45   0   0   0   0   0   0   0   0   0   0   0   0   0   0   0   0   0   0   0   0   0   0   0  16   0   0   0  37   0   0   0  38   0   0  16  15   0   0  44   0
   0   0  19   0   0   0   0  28   0   0   0  14  30   0   0   0   1   0   0   0   0   0  14   0   0   0   0  30   0   0   0   0  30   0   0   0   0   0   0   0   0   0   0   0   0   0   0   0   0   0
   0   0   0   0   0   0   0   0   0   0   0   0   0   3   0   4   0   0  24   0   0   0   0   0   0   0   0   0   0   0   0   0   0   0   0   1   6   0   0   0   0   0   0   0  40   0   0   0   0
   0   0   0   0   0   0  50   0   0   0   0   0   0  44  16   0   0   0   0   0   0   0   0   0  40  19   0   0   0   0   0   7   0   0   0   0   0   0  21   0   0   0   0   0   0   0   0   0
  34   0  46   0  47   0  40   0   0   0   0   0   0  36   0   0   0   0   0   0   0   0   0   7   0   0   0   0   0   0   4   0   0   0   0   1  19  28   0   0   0   0   0   0   0   0   0
   0   0   0   0   0   0   0  28   0   0   0   0   0   0   0   0   0   0   0   0   0   0  11   0  35  18   0   0   0   0   0   0   0  22   7   0   0   0   0   0   0   0   0   0   0   0
  18   0   0   0   0   0   0   0   0   0   0   0   0  19  13   0  33   0   0   9   0   0   0   0   0  33   0   0   0   0   0   0  42   0   0  27   0  10   0  37   0   0   0   0  16
   0   0   0   0   0  50   0   0   0  38   0   0   0   0   0   0   0   0   0   0   0   0   0   0   0   0   0   0   0   0   0   0   0   0   0  17   0   1   0   0   0   0   0   0
  48  43   0   6  29   0   0  26  45  17   0   0   0   0   0   0   0  20   0   0   0   0  15   0  41   0   4  34   0   7   0   0   0  23   0  10  29   0  32   0   0  34  21
   0   0   0   0   0   0   0   0  36   0   0   0   0   0   0   0   0   0   0   0   0   0  47   0   0   0   0   0   0   0   0  29   0   0   0   0   0   2   0   0   0   0
   0   0   3   0   0   0   0   0   0   0   0  26  34   0   0   0   0   0  40   0   0   0   0   0   0   0   0   0   0   0   0   0   0   0   0   0   0  10   0   0   0
   0   0   0   0   0   0  47   0   0   0   0   0   0   0   0  17   0   0   0   0   9   0   0   0   0   0  11  11   0   0   0  50   0   0   0   0   0  27  32   0
   0   0   0   0   0   0  28   0   0   0   6   0   0   0   0   0   0   0   0  49   0  50   0   0   0   0   0   0   0   0   0   0   0   0   0   0   0   0  37
   0   0   0   0   0   0   0   0   0   0   0   0   0   0   0   0   0   0   0   0   0   0   0   0   0   0   0  47   0  48   0   0   1   0   0   0   0  19
   0   0   0  44   0  21   0   0   0  10   0   0   0   0   0   0  44  30   0   0   0   0   0   0   0   0   0   0  19   0   0   0  33   0   0   0   0
   7   0  28   0   0   0   0   0  16   0   0  36   0   0   0   0   0   0   0   0   0   0   0   0   0  33   0  10   0   0   0   0   0   0   0   0
   0   0   0   0   0   0   0  42   0   0  44   0   0   0   0   0   0   0   0   0   0   0   0   0   0   0   0   0   0   0   0   0   0   0   0
   0   0   0   0   0   0  40   0   0  49   0   0   4   0   0  35   0   5   0   0   0   0   0   7   0   0   0   0   0   0   0   0   0   0
   0   0   0   0  38   0   0   0   0   0   0   0  27   0   0   0   0   0   0   0   0   0   0   0   0   0   0   0   0   0   0   0  36
  10   0   0   0   0   0   0   0  28  27   0  42   0  42   0  27   0   0  26   2   0   0  43   0  47   0   0   0   0   0   0   0
   0  27   0   0   0   0   0   0  13   0   0   0   0   0   0   0   0   1   0   0   0  26   0   0   0   0   0  33   0   7  30
   0   0   0   0   0   0   0   0  48   0   0   0  48   0   0   0  45   0   0   0   0  21   0   0   0   5   0   0   0  38
   0   0   0   0   0   0   0   0   0   0  40   0   0   0   0   0   0   0   0  49   0   0   0   0   0   0   0  24   0
   0   0   0  10  50   0   0   0   0   0   0   0   0   0   0   0   0   0   0   0   0   0   0   0   0   0   0   0
   0   0   0   0   0   0  15   0   0   0   0   0   0   0   0   0   0   0   0   0  44   0   0   0   0   0   0
   0   0   0   0   0   0   0   0   0   0   0   0   0   0   0   0   0   0   0   0   0  23   0   0   0   0
   0   0  47   0   0   0   0   0   0   0   0   0   0   0   0   0   0   0   0   0  33  43   0  32   0
   0   0   0   0   0   0   0   5   0   4   0   0   0  40   0  24   0   0   0   0   0   0   0   6
   0   0   0   0   0   0   0   0   0   0   3   0   0   0   0   0   0   0   0  39   0   0  44
   0   0   0   0   0  27   0   0   0   0  33  32   0   0   0   8   0   0   0   0   0   0
   0  30   0   0   0   0   0   0   0  23   0   0   0   0   0   0   0   0   0   0   0
  27  24  31   0  44   0   0   5   0   0  49   0   0   0   0  36   0   0  22   0
  23   0   0   0   0  14   0   0   0   0   0   0   0   0   0  26  20   0   0
   0   0   0   0   0   0   0   0   0   0   0   0   0   0   0   0   0   0
   0   0   0   5   0   0   0   0   0   0   0   0   0   0   0   0   0
   0  28   0   0   0   0   0   0   0   0   0   0   0   0   0   0
   0   0   8  19   0   0   0   0   0   0  10   0   0  48   0
   0  26  21   0   0   1   0   0   0   0   0   0   0   0
  40   0  20   0   2   0   0   0   0   0   0   0   0
   0   0  26   0   0   0   6  45   0   0   0   0
   1   0   3   0   0   0  17   0   0   0   0
  41   0  14   0   0  33  23   0   0   0
   0   0   0   0   0   0   0  26   0
   0  43   0   0  36   0   0   0
   0   0   0  12   0   0   4
   0  15  42   0   0  12
   0   0   0   0   0
   0   0   0   0
   0   0  35
   0   0
   0

 1165
  16  17   3  12  14  10  21  17  11  18  13  21  17   4  14   1   1  12  21  20  20   6  25  17   3   7   3  11   6  24  15   3  12  10   1  12   9   7  24  18   1  19  14  13   9  22  19   8  11   3   6   2   4   5  13  17  23  22  12  14  18   4   5   2  15   6  16  14  24  14   7  20  16   6  20  23  17  20  22  19   7   4  18   2  19  12  20   7   8   4   9  16  10  12  24  23   5  20  21  25

 100 
  13   0   0   0   0   0   0   0   0   0   0   6   0   0   0   0   0   4  38   0   0   0  15  47  34   0   0  31   0  22   0   0   0   0   0   0   0   0   0   0  12  11   0  34   0   0   0   0   5   0   0   0   6   0  46   0   0   0   0   0   5   0   0   0   0   0   0   0   0   0   0  31   0   0   0   0   0   0   0   0   0   0   0   0   0   0   0   0   0   0   0   8   0   0   0  10  21   0   0   0
   0   0  12  21   9   0   0   0   0   0   0   0   0   0   0   0   0   0   0   0   0   0  17   0   0   0   0   0   0  44   0   0   0   0   0   0   0   0   0   0   0   0   0  40   0   0   0   0   0   0   0   0   0  11   0   0   0   0   0  42   0   0   0   0   0  41  46   0   0   0   0   0   0   0   0   0   0  47  16   0   0   0   0   0   5  33   0   8  43   0   4   0   0   0   0   0   0   0   0
   0   0   0   0   3   0   0   0   0   0   0   0   0   0  42   0   0   0   0   0   0   0   0   0   0   0   0   0  39   0   0   0   0  33   0   0  22   0   0   0   0   0   0   0   5  27  32   0   0  27   0   0   0   0   0   0  42   0   0  40   0   0   0   0   0   0   0   0   0   0   0   0   0   0   0   0   0   0   0   0   0   0  46   0   0   0   0   0  23   0   0   0  23   0   0   0   0   0
  35  26   0   0   0   0  43   0   0   0   0   0  12  21   0   0   0   0   0   0   0   0   0   5   0   0   0   0   0   0   0  24   0   0   0  14   0   0  23   0   0  33   0   0   0   0  23   0   0   0  16   0   0   0   0   0   0   0   0   0   0   0  49   0   0   0  25   0   0   0   0   0   0   0   0   0   0   0  12  10   0   0   0   0   0   0   0   0   0   0   0   0   0   0   0   0   0
   0   0   0   0   0   0   0   0   0   0   0  28   0   0   0   0   0   0   0  44   0   0  17   0   0   0   0   0   0   0   0   0   3   0   0   0   0   0   0  13   0   0   0   0   0   0   0   0   0   0   0   0   0   0   0  13   0   0   0   0   0   0   0   5   0   0   0   0   0  44   0  48  40   0   0   0   0   0   0   0   0   0   0   0   0  22   0   0   0   0  23   0   0   0   0   0
   0   0   0   0   0   0   0   0   0   0   0   0   0  12   0   0  26   4   0   0   0   0   0   0   0   0   0   0   0   0   0   0   0  26   0  43   0   0   0  49   0   0   0   0   4   0   0   0   0   0   0   5   0   0   0  30   0   3  12   0   0   0   0   0   0   0   0   4   0   0   0   0   0   0  37  30   0   0   0   0   0   0  29   0   0   0  36   0   0  49   0   0   0   0   0
   0   0   0   0   0   0   0   0   0  16   0   0   0   0  41   0   0   0   0   0   0   0   0   0   0   0   0   0   0   0   0   0   0   0   0   0   0   0  15   0   0   0   0   0   0   0   0   0   0   0   0  35   0   0   0   0   0   0   0   0  12   0  35   0   0  38   0   0   0   0   0   0   0   0   0  25   0   0  22   0  47   0   0   0   0   0  20  21  16   0  33   0   0   0
   0   0  10   0   0   0   1   0   0   0   0   0   0  31   0   0   0   0  10   0   0   0   0  18   0   0   0  42   0  31   0   0   0   0   0   0   0   0   0   0   0   1   0   0   0  37   0   0   0   0  34   0   0   0   0   4   0  25  27   0   0   0   0   0   0   0  11   0   0   0  13   0  11   0   0   0   0   0   0   0   0   0   0   8   0   0   0   0  43   0   0   0   0
  26   0   0   0  11   0   0   0   0   0   0   0   0   0   0   0   0   0  15   0   0   0  27   0   0   0   0  11  29   0   0   0   0   0   0   0   0   0  23   0   0   0  45   0   0   0   0   0   0   1   0   0   0   0   0  16   0   0   0   0   0   0   0   0   0   0   0   0   0   0  18   0   0   0   0   0   0   0   0   0   0  38  48   0   0   0   0   5   0   0   0   0
   0   0   6   0   0   0   0   0   0   0  23   0   0   0   0   0   0   0   0   0   0   0   0   0   0   0   0   0   0   0   0   0   0   0   0   0   0  46   0   0   0   0  34  25   0   0   0   0   0   0  37   0   0  25   0   0   0   0   0   0  27   0  42   0   0   0   0   0   0   0  12   0   0   0   0   0   0   0  11   0   0  39   0  48  12   0   0   0   0   0   0
   1   0   0   0  17   0  47   0   0   0   0  40   0   0   0   3   0   0   0  13  35   0   0   0  20   0  30   0   0   0   0   0   0   0   0   0   0   0   0   0   0   0  32   0   0   0   0   0   0   0   0   0   0   0   0  12  43   0   0   0   0   0   0   0   0   0   0   0   0  13   0   0   0   0   0   0   0   0   0  37   0   0   0   0   0   0   0   0   0   1
   0   0   0   0   0  28   0   0   0   0   0   0   0   0   0   0   0   0   0   0   7   0   0   0   0   0  32   0   0   0   0   0   0  50   0  48   0   0  46   0   0  33   0   0   0   0   0   0   0  21   0   0   0   0   0   0   0   0   0   0   0   0   0   0   0   0   0   0   0  25   0  10   0   0   0   0   0   0   0   0   0   0   0   0   0   0  33   0   0
   0   0   0   0   0   3  48   0   0   0   0   0   0   0   0   0   0   0   0   0   0   0   0   0   0  37   0   0  42   0   0   0   0   0  15   0  49  31   0  19   0   0   0   0   0   0   0   0  42   0   2   0   0   0   0   0   0   0  31   0   0   0   0   0   0  38   0   0   0   0   0  11  25   0   0   0   0   0   0   0   0   0   0   0   0   0   5   0
   0  47   0   0   0   0   0  29  47   0   0   0   0   0   0   0   0   0  39   0   0   0   0   0   0  18   0   0   0  40   0  50   0   0  15   0   0  50   0   0   0   0   0  34   0   1   0   0   0   0   0  41   0   0   0   0   0   0  18   0   0   0   0   0  22  23   0   0   0   0   0   0   0   0   0   0   0   0   0   0   0   0   0   0   0   0   0
  38   0   0  13   0   0   0   0   0   0   0  27   0   0  31   0  36   0   0  29   0   0   0   0   0   0   0   0   0   0   0  21   0   0   0   0   0   0   0   0   2   0   0   0   0  31   0   0   0   0   0   0   0   0   0   0  44  20   0   0   0   0   0  41   0   0   0   5  26   0   0   0   0   0   0   0   0  26   0   0  49  10   0   0   0   0
   0   0   0   0  10   0   0   0  36   0   0   0   0  28   0   0   0  28   0   0   0   0   0   0   0   0   0   0   0  21   0   6   0   0   0  12   0   0  33  13   0   0   0   0   0   0   0   0  21   0   0   0  36  31   0   0   0   0   0   0   0   0   0   0   0   0   0   0   0   0   0   0   0   0   0   0   0  48   0   0   0   0  20   0   0
   0   0   0   0  16  18   0   0   0   0   0   0   0   0   2   0  47   0   0   0   0   6   0   0  12   0   0   0   0   0   0   0   0   0   0   0   0   0   0   0   0   0   0   0   0   0   0   0  47   0   0   0   0   0   9   0   0   0   0   0   0   0   0   0   0   0   0   0   0   0   0   0   0   0   0  42  18   0   0   0   0   0   0   0
   0   0   0   0   0   9   0   0   0   0  40   0   0   0  49  31   0   0   1   0   0   0   1   0   0   0   0   0   0   0   0   0   0   0   0   0  48   0   0  47   0   0   0   0   0   0   0   0   0   0   0  46   0   0   0   0   0   0   0   0   0   0   0   0   0   0   0   0   8   0   0   0   0  19   0   0   0   0   4   0   0  37   0
   0   0   0   0   0  50   0   0   0   0  24   0  20   0   7   0   0   0   0   0  45   0  32   0   0   0   0   9   0  33   0  44   0   0   0   0   0   0   0  35  16   0   0   0   0   0   8   0   0   0   0   0   0  15   0  30   0   0   0  17   0  12   0   0   0   0   0   0   0   0   0   0   0   0   0   0   0   0   0   0   0   0
   0  16   0   0   0   0   0   0  47   0   0   0   0   0   0   0   0   0   0   0   0   0   0   0   0   0   0   0   0  44   0   0   0   0   0   0   0   0   0   0   0   0   0   0   0   0   0   0   0   0   0   0   0   0  17   0   0   3   0   0   0   0   0   0   0   0   0   0   0   0   0   0   0   0   0   0   0   0   0   0   0
   0   0   0   0   0   0   0   0   0   0   0   0   0   0   0   0   0   0   0   0   0   0   0  15   0   0   0   0  19   0   0   0   0   0   0   0   0   0   0   0   0   0   0   0   0   2   0   0   0  29   0   0   0  45   0   0   0   0   0   0   0   0  20   0   0   0   0   0   0  18   0   0   0   0   0   0   0   0   0   0
   0   0   0  47   0   0   0   0   0   0   0   0   0   0   0   0   0   0   0  50   0   0   0   0   0   0   0   0   0  16  36   0   0   0   0   0  40  32   0   0   0   0   0   0   0   0   0   0   0   0   0   0   0   0   0   0   0   0   0   0   0   0   0   0   0   0   0   0   0   0  26   0   0   0   0   0   0   0   0
   0   0   0  13   0   0   0   0   0   0   0  41   0   0   0  46   0   0   0   0  22   0   0   0  29   0   0  14   0   0   0  50   0   0  10   0   0   0   0   0   0   0   0   0   0   0   0   0  25   0   0   0   0   0   0   0   0   0   0   0   0   0   0  35   0   0   9   0   0   0   0   0   0   0   1   0   0   0
   0  14   0   0   0   4   1   0   0  50   0   0   0   0   0   0   0   0   0   0   0   0   0  13   0   0   0   0  27   0  35   0   0   0   0   0   0   0   0  43   0   0   0   0   0   0   0   0   0   0   0  24   0   0   0  24   0   0   0   0   0   0  25   0   0   0   0   7   0   0  20  48  31   8   0   0   0
  42   0  37   0   0   0   0   0   0   0   0   0   0   0   0   0   0   0   0   0   0   0   3   0   0   0   0   0   0   0  24   0   0   0   0   0   0   0   0   0   0   0   0   0  32   0   0  38  29   0   0   0   0   0   0  45   0   0   0   0   0  10   0   0   0  38   0   0   0   0   0   0   2   0   0  43
   0   0   0   0   0   0   0   0   0   0   0   0   0   0   0   0   0   0   0   0   0   0   0   0   0   0   0  10   0   0   0   0  50   0   0   0   0   0   0   0   0   0   0   0   0   0  47   0   0   0   0   0   0   0   0  30   0  28   0   0   0   0   0  11   0   0   0   0  21   0   0  39   8   3   0
   0  36   0   0   0   0   0  28   0  13   0  41   0   0   0   0   0   0   0   0   0  25   0   0   0   0   0  25   0  50   0   6  35   0   0   0  42   0   0  36   0   0   0  18   0   0   0   0   0   0   0   0   3   0   0   0   0   0   0   0   0  29   0   0   0   0   0   6   0   0   0   0   0   0
   0   0   0   0   0   0   0  19   0   8  13   0  18   0   0   0   0   0   0  10  33   0   0   0   0   0   0   0   0   0   0   0   0   0   0   0   0   0   0   0   0   0   0   0   0   0   0   0   5   0   0   0   0   0   0   0   0  48   0   0   0   0  17   0  11  39   0   0   0   0   0  37   0
   0   0  47   0   0   0  33   0   0   0   0   0   0   0   0  48   0   0   0   0   0   0   0   0   0   0   0  37   0   0   0  34   0   0   0   0   0   0   0   0  14   0   0   0   0   0  39  28   0   0   0   0   0   0  22   0   0   0   0   8   0   0   0   0   8  12  11   0   0   0   0   0
   0   0   0   0   0  50   0   0   0   0   0   0  31   0   0   0   0   0   0   0   0  50   0   0   0   0   0   0   0  16   0   0   0   0   0   0   0   0   0   0   0   0   0   0   0   0  43   0   0   0   0   0   0   7   0   0   0   0   0   0   0  46   0   0   0   0   0   0   0   0  22
   0  34   0   1   0  17   0  46   0   0   0  17   0  43   0   0   0   0   0   0   0   0   0  50   0   0   0   0   0   0   0   0   0   0   0   0   0   0   0  32   0   5   0   0   0   0  12   0   0   0   0  41   0   7  27   0   0   0   0  20   0   0   0   0   0   0   0   0   0  35
   0   0   0   0   0   0   0   0   0  41   0   0   0   0   0  19  40  39   0   0   0   0   0   0   0   0   0   0   0   0   0   0   0   0   0   0   0   3   0   0   0   0   0   0   0   0   0  20   0   0   0   0  39   0   0   9   0   0  33  12   0   0   0   0   0  47   0   0   0
   0   0   0   0   0  31  13   0   0   0   0   0   0   0   0   0   0   0   0   0   0   0   0   0   0   0   0   5   0   9   0   0  22   0   0   0   0  31   0   0   0   0  11   0   0   0   0   0   0   0   0   0   0   0   0   0   0   0   0  11   0   0   0   0   0   0   0   0
   0   0   0   0  12   0   0  41   0  49   0   0   0   0   0   0   0   0   0   0   0   0   0   0   0  42   0   0   0   3   0  23   0   0   0   0   0   0   0   1   0   0   0   0   0   0   0   0   0  45   0  38   0   0   0   0   0   0   0  40   0   0   0   0   0  43  20
  27   0   0   0   0   0   5   0   0  33   0   0   0   0   0   4   0  15   0   0   0   0   0   0   0   0   0   1   0   0   0   0   0   0   0   0   0   0   0   0  37   0   0  39   0   0   0   0   0   0   0  44   0   0  32   0   0   0  17   0   0   0   0   0   0   0
   0   0   0   0   0  50   0   0   0   0   0   0   0   0   0   0   0   0  18   0   0   0   0   0   0   0   0   0   0   0  32  30   0   0   0   0   0   0   0   0  39   0   0   0  42   0   0   0  13   0   0   0   0   0   0   0   0   0   0  45   0   0   0   0   0
   0   0   0   0   0   0   0   0   0  26   0   0   0  22   0   0   0   0   0   4   0   0   0   0   0  47   0   0   0   0   0   0   0   0   0   0   0   0   0   0   0   0   8   0   0   0   0   0  23  19   0   0   0   0   0   0   0   0   0  38   0   0   0   0
   0  14   0   1   0   0  34   0   0   0  24   0  35  37   0   0  39   0   0   0   0   0   0   0   0   0  49   0  34   0   0   0   0   0   0  14   0  23   0   0   0   0   0   0   0   0   0   0   0   0   0   0   0   0  44   0   0   0   0   0   0   0   0
  13   0   0   0   0   0   0   0  35   0   0  44   0   0   0   0   0   0   0   0  16   0   0   0   0   0   0   0  22   0   0   0  13   0   0   0  14   0   0   5   0   0   0   0   0   0   0  26   0   0  12   0   0   0   0   5   0  44   0  48   0   0
   0   0   0  15   0   0   0   0   0   0   0  46   0   0   0   0   0   0   0   0   9   0   9   0   0   0   0   0   0   0   0   0   0   0   0   0   0   0   0   0  29   0   0  49   6   0   0   0  36   0   0   0   0  16   0   0   0   0   0   0   0
   0   0   0   0   0   0   0   0   0   0  20  26   0   0   0   0   0   0   0   0   0   0   0   0   0   0   0   0   0   0   0   0   0   0   0  35  20   0  20   0   0   0  13   0   0   0   0   0   0   0   0   0   0  26   0   0   0  42   0  42
   0   0   0   0  18   0   0   0   0   0   0   0   0   0   0  25  42   0   0   0   0   0   0   0  41   0   0   0   0  38   0  17   0  13  17   0   0   0   0   0   2   0   0   0   0   0   0   0   0   7   0   0   0   0   0   0   0   0   0
   0   0   0   0   0   0  42   0   0   0  36   0   0   0   0  25   0   0   0   3   0   0   0   0  37   0   0   1   0   0   0   0   0  33   0   0   0   0  16   8   0   0   0   0   0  16   0   0   0   0  34   0   0   0   0   0   0   0
   0   0   0  43   0   0   0   0   0  13   0   0   0   0   0   0   0   7   0  38   0  46   0   0   0   0   0   0   0   0   8   0   0   0   0   0   0   0   0  11   0   0  19   3  19   0   0   0   0   0   0   0   0   0  32   0   0
   0   0   0   0   0   0   0   0   0   0   0   0   0   0   0  36   0   0   0   0   0  19  13   0   0   0   0   0   0   0   0   4   0  45  50   0   0  14   0   0   0   0   0   0   0   0   0   0   0   0   0   0   0   0   0   0
   0   0   0   0   0   0   0   0   0   0   0  20   0  43   0   0   0   0  27  36   0   6  28   0  16   0   0   0   0   0   0   0   0   0   0   0   0   0   0   0   0   0   0   0   0  43  16   0   0  35  30   0   0   0   0
   0   0   0   0  49   0   0   0   0   0   0   0   0   0  24   0   0   0   0   0   0   0   0   0   0   0   0   0   0  10   0   0   0   0   0   0   0   0   0   0   0   0   0   0   0   0   0   0   0   0   0   0   0   0
   0   0   0   0   0   0   0   0  15   0   0   0   0   0   0   0   0   0   0   0   0   0   0   3   0   0   0   0  32   0  19   0  12   0   0   0   0   0   0   0   0   0   0   0   0   0   0   0   0   0   0  44   0
  29   0   0   0  30   0   0   0   0  35   0   0   0   0   0   0  41   0   0   0   0   0   0  47   0   0   0   0   0   0   0   0   0   0   0   0   0   0   0   0   0   0   0   0   0   0   0  49   0   0   0   0
   0  10   0   0  30  33   0  27   0   0  25   0   0   0   0   0   0   0   0   0   0   0   0   0   0  26   0   0   0   0   0   0   0   0   0  50   0   0   0   0   0   0   0   0   0   0   0  48   0   0   0
   0   0   0   0   0   0   0   0   0  34   0   0  12   0   0   0  47   0   0  14   0   0   0   0   0  17   0   0   0   0   0   0   0   6   0   0   0   0   0   0   0   0   0   0   0   0   0  32   0   0
  47   0   0   0  45   0   0   0   0  20   0   0   0   0   0  50   0   0   0   0   0  19   0  43   0   3   0   0   0   0   0   0   0   0   0   0   0   0   0  26   0   0   0   0   0   0   0   0  20
   0   0   0   0  23   0   0   0   0   0   0   0   0  36   0   0  14   0   0   0   0   0   0   0   0   0   0   0   0   0  13   0   0   0   0   0   0   0  15   0   0   0   0   9   0   0   0   0
   0   0   0   7   0   0   0   0   0  10   0   0   0   0   0   0   0   0   0   0   0   0   0   0   0   0   0   0   0   0  40   5   0  49   0   0   0   0   0   0   0   0   0   0   0   9   0
   0   5  26   0   0   0   0   0   0  40   0   0   0   0   0   0   0   0   0  23   0   0   0   0   0   0   0   0   0   0   0   0   6  21   0   0   0   0  49   0  10   0  14   0  41   0
   0  41   0   0   0   0  20  41   0   0  14   0   0   0   0   0  11   0   1  11   0  34   0   0   0   0   0   0   0   0   0   0   0   0   0   0   0   0   0   0   0   0   0   0  31
  11  18   0   0   0   0   0   0   0   0   0  35   0   0   0   0   0   0   0   0   0   0   0   0   0   0   0   0   0   0   0   0  47   0   0   0   0   0   0   0   0   0  25  23
   0   0   0   0   0   0   0   0   0   0   0   0   0   0   0   0   0   0   0   0   0   0   0   0   0   0   0   0  34   0   0  16   0   0   0   0   0   0   0   0   0   0   0
   0   0   0   0   0   0   0   0   0   0   0   0   0   0   0   0  42   0   0   0   7   0   0   0   0   0   0   0   0   0   0   0   0  33   0   0   0   0   0   0  27   0
   0   0   0   0   0  30   0   0   0   0   0   0  16   0   0   0   0  21   0   0   3   0   0   0   0   0   0   0   0   0   0   0   0   0  25   0   0   0   0   0   0
   0   0   0  21   0   3   0   0  42  33   0   0   0   0   0   0   0   0   5   0  41   0   0   0   0   0   0   0   3   0   0   0   0   0   0  39   0   0   0   0
  48   0   0   0   0   0   0   0   0   0   0   0   0   0  30   0   6   0   0   0   0  10   0   0   0   0   0   0  12   0  21   0   0   0   0   0   0   0   0
   0   0   0   0   0   0   6   0  49  15   0   0  35   0   0   0   0  24   0   0   0   0   0   0   0  25   0   0   0   0   0   0   0   0   0   0   0   0
   0   0   0   0   0  12  49   0   0   0   0   0   4   0  10   0   0   0   0   0   0   0   0   0   0   0   0  16  30   0  20  50   0   0   0   0   0
   0   0   0   0   0   0   0   0   0   0  46   0   0   0   6   0  26   0   0   0   0   0   0   0   0   0   0   0   0   0   0  19   0   0   0   0
   0   0   0  37   0   0   0   0   0   0   0   0   0  12   0   0   0   0   0   0  48  29   0   0   0   0  27   0   0   0   0   0  43   0   0
   0   0   0   0   0   0   0   0   1   0   0   0   0  26   0   0   0   0   2   0   0   0   0   0   0   0   6   0   0   0   0   0   0   0
   0   0   0   0   0   0   0   0   0   0   0   0   0  36  20   0   0   0   0  22   0   0   0   0   0   0   0  32   0  44   0   0   0
   0   0   0  14   0   0   0   0   4   0   0  31   0   0  30  34  50   0   0   0  32  35   0   0   0   0   0   0  35  20   0   0
   0   0   0   0   0   0   0   0   0   0  30   0   0   0   0  11   0   0  32   0   0  42  18   0  21   0   0   0  20   0   0
   0   0   0  44   0   0  43   5   1   0   0  27   0  10   0   0   0   0   0   0   0   0  11   0   0   0   0   0   0   0
   0   0   0   0   0   0   0  18  23   0   0   0   0   0   0   0   0   0   0  12   0  41  40   0   0   0   0  10   0
   0   0   0   0  33   0  42   0   0   0  12   0   2   0   0   0   0   0   0   0   0   0   0  14   0   0   0   0
   0   0   0   0   0   0   0   0   0   0   0   0   0   0   0   0   0  27   0   0   0   0   0  42   0   0  19
  49   0  14   0   0   0   0   0   0  10   0   0   0   0   0   0   0   0  12   0   0   0   0   0   0   0
  47  11   0   0   0   0   0   0   0   0   0   0  13   0   0   0   0   2  32   0   0   0   5   0   0
  16   0   0   0   0  38   0   0   0   0   0   0  17   0   0   0   0   0   5  46   0   0   0   0
   0  44   0   0   0   0   0   0  25   0   0   0   0   0  41   0   0   0   0   0   0   0   0
   0   0   9  27  24   0   0   0   0   0   0   0  14   0   0   0   0   0   0   0   0   0
  21   0  26   0   0  48   0   0   0   0   0   0   0   0   0   0   0  49  12   0  14
   0   0  33   0   0   0   0   0   0   0   0   0   0   0   0   0   0  41   0   0
   0   0   0   0   0   0   0   0   0   0   0  50   0   0   0   0   0  11  48
   0   0   0  35   0   0   0   0   0  39   0   0   0   0  14   0   3   0
   0   0   0   0   0   0   2   0   6   0   0   0  21   0   0   0  40
   0  27   0   0   0   0   0   0   0   0  18   0   0   0   0   0
   0   0   0   0   2   0   0   0   0   0   0   0   0   0   0
   0   0   0   0   0  22   0   0   0  34   0   0   0   0
   2   0   0   0   0   0   0   0   0   0   0   0   0
   0   0   0   0   0   0   0   0   0   0   0   0
  14   0   0  16   0   0   0   0   0   0   0
  27   0   0   0  38   0   0   0  26   0
   0   0   0   0  28   0   0  11   0
   0   0   0   0  30   0   0   0
  29   0   0   0   0   0   0
   0   0  10   0   0   0
   0   0   0   0   0
   0   0   0   0
   0   0   0
  25   0
   0

 1269
  22  14  18  15   1  19   3  16  18   5  24  14  10  22  19   6   7  21  23   2  21   6   1  22  21   1  10   9  18  21  16  15   3  21  13   2   2  24   6  20  20  10   6  23  16  14   1   9  20  13  20  10   3   4  18  10  21  10  15  12  17   3  25  22  14  24   8  14  10   4  17  24  16  10   7   2   9  10   3  23  19  16  18  11  10   1   1   9  10   5   7  25  10  14  19   8  13   4  20  23

