 100 
   0   0   0   0   0   0   0   0   0   0   0   0   0   0   0  21   0   0   0   0   0   0   0   0   0   0   0   0   0   0   0   0   0   0   0   0   0   0   0   0   0   0   0   0   0   0   0   0   0   0   0   0   0   0   0   0   0   0   0   0   0   0   0   0   0  16   0   0   1   0   0   0   0   0   0   0   0   0   0   0   0   0  49   0   0   0   0   0   0   0   0   0   0   0   0   0   0   0   0   0
   0   0   0   0   0   0   0  38   0   0   0   0   0   0   0   0   0  25   0   0   0   0  19  27   0   0   0   0   0   0   0   0   0   0   0   0   0   0   0   0   0   0   0  49   0   0   0   0   0  36   0   0   0   0   0   0   0   0   0   0  24  44   0   0   0   0   0   0   0   0   0   0   0   0  10   0   0   0   0   0   0   0   0   0   0   0   0   0   0   0   0   0   0   0   0   0   0   0   0
   0   0   0   0   0   0   0   0   0   0   0   0   0   0   0  17   0   0   0   0   0   0   7   0   0   0   0   0   0   0   0   2   0   0   0   0  11  27   0   0   0  49   0   0   0   0   0   0   0   0   0   0   0   0   0   0   0   0   0   0   0   0   0  16   0   0   0   0   0   0   0   0   0  39   0   0   0   0  19   0   0  24   0   0   0   0   0   0   0   0   0   0   0   0   0   0   0   0
  36   3   0   0   0   7   0   0   0   0   0   0  41   0   0   0  20   0   0   0   0   0   0   0   0   0   0   0   0   0   0   0   0   0   0   0   0   0  17   0   0   0   0   0   0   0   0   0   0   0   0   0   0   0   0   0   0   0   0   0   0   0   0   0   0   0   0   0   0   0   0   0   0   0   0   0  20   0   0   0   0   0   0   0   0   0   0   0   0   0   0   0   0   0   0  25   0
   0   0   0  18   0   0   0   0   0   0   0   0  37   0   0   0   0   0   0   0   0   0   0   0   0   0   0   0   0  20   0   0   0   0   0  46   0   0   0   0   0  45   0  17  11   0   0   0   0   0   0   0   0   0   0   0   0   0   0   0   0   0   0   0   0   0   0   0   0   0   0   0   0   0   0   0   0   0   0   0   0   0   0   0   0   0   0   0   0   0   0   0   0   0   0   0
   0   0   0   0   0   0   0   0   0   0   0   0   0   0   0   0   0   0   0   0   0   0   0   0   0   0  14   0   0   0  40   0   0   0   0   0   0   0   0   0   0   0  43  21   0   0  45   0   0   0  45   0   0   0   0   0   0   0   0   0   0   0   0   0   0   0   0   0   0   0   0   0   7   0   0   0   0   0   0   0   0   0   0   0   0   0   0   0   0   0   0   0   0   0   0
   0  33   0  18   0   0   0   0   0   0  13   0   0   0   0   0  50   0   0   0   0   0   0   0   0   0   0   0   0   0   0  14   0  45   0   0   0   0   0   0   0   0   0   0   0   0   0   0   0   0   0   0   0   0   0   0   0   0   0   0   0   0   0   0   0   0   0   0   0   0   0   0   0   0   0   0   0   0   0   0   0   0   0   0   0  22   0   0   0   0   0  21   0   0
   0   0  40   0   0   0  27   0  40   0   7   0   0  13   0   0   2   0   0   0   0   0   0   0   0  34   0   0   0   0   0   0   0   0   0   0   0   0   0   0   0   0   0   0   0   0  49  30   0   0   0  18   0   0   0   0   0   0  18   0   0   0   0   0   0   0   0   0   0   0   0  49   0   0   0   0   0   0   0   0   0   0   0   0   0   0   0   0   0   0   0  40   0
  24   0   0   0   0   0   0   0  11   0   0   0   0   0   0   0  22   0   0   0   0   0   0   0   0   0   0   0   0   0   0   0   0   0   0  34   0   0   0   0   0   0   6   0   0   0   0   0   0   0   0   0   0   0   0   0   0   0   0   0   0   0  28   0   0   0   0   0   0   0   0   0   0   0   0   0   0   0  23   0   0   0   0   0  42   0   0   0   0   0   0   0
   0   0   0   0   0   0   7  49   0   0   0   0   0  46   0   0   0   0   0   0   0   0   0   0   0   0   0   0   0   0   0   0   0  10   0   0   0   0   0   0   0  10   0   0   0   0   0   0   0   0   0   0   0   0   0  38   0   0   0   0   0   0   0   7   0   0   0   0   0   0   0   0   0   0   0   0   0   0   0   0   0   0   0   0   0  24   0   0   0   0   0
   0   0   0   0   0   0  38   0   0   0   0   0   0   0   0   0   0   0   0   0   0   0   0   0   0   0   0   0   0   0  26   0   0   0   0   0   0   0   0   0   0   0   0   0   0   0   0   0   0   0   0   0   0   0   0   0  40   0   0   9   0   0   0   0   0   0   0   0   0  26   0   0   0   0   0  12   0   0   0   0   0   0  37   0   0   0   0   0   0   0
   0   0   0   0   0  46   0   0   0   0   0   0   0   0   0   0   0   0   0   0   0   0   0   0   0   0   0   0   0   0   0   0  18   0   0   0   0   0   0   0   0   0   0   0   0   0   0  49   0   0   0   0   0   0   0   0   0   0   0  24  38   0   0   0  28   0   0   0   0   0   0  42   0   0   0   0  27   0   0  16   0   0   0   0   0   0   0   0  15
   0   0   0   0   0   0   0   0   0   0   0   0   0   0   0   0   0   0  39   0   0   0   0   0   0   0   0   0  13   0   0   0   0   0   0   0  38   0   0  47   0   0   0   0   0   0   0   0   0   0   0   0   0   0   0   0   0   0   0   0   0   0   0   0   0   0   0  44   0   0   0   0  50   0   0   0   0   0   0   0   0   0   0   0   0   0  13   0
   0  24   6   0   0   0   0   0  43   0  50   0   0  38   1   0   0   0   0   0   0   0   0   0   0   0  16   0   0   0   0   0   0   0   0   0   0   0   0   0   0   0   0   0   0   0  20  22   0   0   0  19   0   0   0   0   0   0   0   0   0   0   0   0   0   0   0   0   0   0   0   0   0  49   0   0   0   0   0   0   0   0   0   0   0   0   0
   0   3   0   0   0   0   0   0   0   0   0   0   0  19   0  30   0   0   0   0   0   0   0   0   0   0  22   0   0   0   0   0   0   5   0   0   5   0   0   0   0   0   0   0   0  43   0   0   0  25   0  48  18   0   0   0  48  44   0   0   0   0   0   0   0   0   0   0   0  16   0  31   0   0   0   0   0   0   0   0   0   0   0   0   0   0
   0   0  29   0   0   0   0   0   0  47   0   0   0   0  27   0  29   0   0   0   0   0   0   0   0   0   0   0   0   0   0   0  24   0   0   0   0   0   0   0   0   0  30   0  27   0   0   0  29   0   0   0   0   0  35   0   0   0   0   0   0   0   5   0   0   0   0   1   0   0   0  25   0   0   0  34   0   0   0   0  29   0  50   0   0
   0   0   0   0   0   0   0   0   0   0   0   0   0   0   0   0   0   0   0   0   0   0   0   0   0   0   0  30   0   0   0   9   0  29   0   0   0   0   0   0   0   0   0   0  25   0   0   0   0   5   0   0   0  25   0   0   0   0  43   0   0   0   0   0   0   0   0   0   0   0   0   0   0  49   0   0   0   0   0   0   0   0   0   0
   0   0   0   0  49   0  42   0   0   0   0   0   0  35   0   0   0   0  19   0   0   0   0  22   0   0   0   0   0   0   0   0   0   0   0   0   0   0   0   0  24  28   0   0   0   0   0   0   0   0   0   0  49   0   0   0   0  40   0   0   0   0   0   4  43   0   0   0  28   0   0   0   0   0   0   0   0   0   0  44   0   0   0
  14   0   0   0   0   0   0   0   0   0   0   0   0   0  25   0   0   0   0   0   0   0   0   0   0   0   0   0   0   0   0   0   0   0   0   0   0   0   0   0   0   0   0   0  42   0  34   0   0   4   0   0   0   0   0   0   0   0   0   0   0   0   0   0   0   0   0   0   0   0   0   0   0  27   0   0   0   0   0   0  34   0
   0  26   0   0   0   0   0   0  12   0   0   0   0  49   0  14  23   0   0   0   0   0   0   0   0  42   0   0   0   0   0   0   0   0   0   0   0   0   0   0   0   0   0   0   0   0   0   0   0   0   0   0   0   0   0   7   0   0   0   0   0   0   0   0   0  46  27   0   0   0   0   0   0   0   0   0  19   0   0   0   0
   0   0   0   0   0   0   0   0   0   0   0   0   0   0   0   0   0   0   0  27   0   0   0   0  30   0   0   0   0   0   0   0   0   0   0   0   0   0   0   0  38  38   0   0   0   0   0   0   0   0  18  24   0   0   0   0   0   0   0   0   0   0  28   0   0  46   0   0   0   0   0  30   0   0   0   0   0   0   0   0
   0   0   0   0   0   0   0  13   0   0   0   0   0   0   0   0   0   0  37  35   0   0   8   0   0  47   0  20   0   0   0   0   0   0   0   8   0   0   0   0   0   0   0   0   0   0   0   0   0  26   0   0   0   0   0   0  46   0   0   0   0   0   0   0   0   0   0   0   0   0   0   0  38   0   0   0   0   0   0
   0   0   0   0   0  33   0   0   0   0   0   0   0  45   0  13   0   0   0   0   0   0  38   0   0   0   0   0   0   0   0   0   0   0   0   0   0   0   0   0   0   0   0   0   0   0   0   0   0  24   0  18   0   0   0   0   0  38   0   0  43   0   0   0   0   0   0   0   0   0   0   0   0   0   0   0   0   0
   0  44   0   0   0   0   0   0   0   0   0  20   0   0   0   0   0   0   0   0   0   0   0   0   0   0  20   0   0   0   0   0   0   0   0   0   0   0   0  34   0   0   0   0   0  44   0   0   0   0  48   0   0   0   0   0   0   0   0   0   0  39  24  39   0   0  24   0   0   0   0   0   0   0   0   2   0
   0   0   0   0   0   0   0   0   0   0   0   0   0   0   0   0  43   0   0   0   0   0   0   0   0   0   0   0   0  47  16   0   0   0   0   0   0   0   0   0   0   0   0   0   0   0   0   0   0   0   0   0  21   0   0   0   0  18   0   0   0   0   0   0   0   0   0   0   0   0   0   0   0   0   0   0
   0   0   0   0   0   0   0   0   0   0   0   0   0   0   0   0   0   0   0   0   0   0   0   0   0   0   0   0   0  17  28   0   0   0   0   0   0   0   0  17   0   0   0   0   0  37   0  50   0   9   0   0   0   0   0   5   0   0   0  27   0   0   0   0   0   0   0   0   0   0   0   0   0  35   0
  28   0   0  20   0   0   0   0   0  35   0   0   0   0   0   0   0   0  42  37   0   0   0   0   0   0   0   0   0   0   0   0   0   0   0  27   0   0   0   0  45   0   0   0   0   0   0   0   0   0   0   0   0   0   0   0   0   0   0   0   0   0  16   0   0   0   0   0   0  45   0   0   0   0
   0   0   0   0  11   0   0   0   0   0   0   0   0   0   0   0   0   0   0   3   0   0   0   0   0   0   0   0   0   0   0   0  43   0   0   0   0   0   0   0   0   0   0   0   0   0   0   0   0  24   0   0   0   0   0   0   0   0   0  36  26   0   0   0   0  45   0   0   0   0   0   0  38
  36   0   0   0   0   0   0   0   0   0   0   0   0   0   0   0   0   0   0   0   0   0   0   0   0   0   0   0   0   0   0   0   0   0   0   0   0   0   0   0   0   0   0   0   0   0  10  18   0   0   0   0   0   8   0   0   0   0   0   0  45   0   0   0   0   0   0   0  14   0   0   0
   0   0  20   0   0   0   0   0   0   0   0   0   0   0   0   0   0   0   0   0   0   0   1   0   0   0   0   0   0   0   0   0   0   0   0   0   0   0   0   0  13  18   0   0   0   0   0   0   0   0   0  19   0   0   0   0   0   0   0   0   0   0   0   0   0   0   0   0  43   0   0
   0   0   0   0   0   0   0   0   0   0   2   0   0   0   0   0   0   0   0   0   0   9   0   0   0   0  30   0   0   0   0   0   0   0   0   0   0   0   0   0   0   0   0   0   0   0  31   0   0   0   6   0   0   0   0   0   0   0   0   0   0   0  39   0   0   0   0   0   0   0
   0   0  10   0   0   0   0   0   0   0   0   0  19   0   0   0   0   0  37   0   0   0   0   0   0  29   0  49   0   0   0   0   0   0   0   0   3   0   0   0   0   0   0  33   0   0   0  22   0   0   0   0   0   0   0   0   0   0   0   0   0  45  38   0   0   0   0   0   0
   0   0   0   0   0   0   0   0   0   0  28   0   0   0   0   0   0   0   0   0   0   0   0   0   0   0   0   0  25   0   0   0   0   0   0   0   0  27   0   0   0   0   0   0   0   0   0   0   0   0   0   0   0   0   0   0   0   0   0   0   0   0   0   8   0   0   0   0
   0   0   0   0  35   0   0   0   0   0   0   0   0   0   0   0   0   0   0   0  23   0   0  34   0   0   0  12   0   0   0   0   0   0   0   0   6   1   0   0   0   0   0   0   0   0   0   0   0   0   0   0   0   0   0   0   0   0   0   0   0  34   0   0   0   0   0
   0   0   0   0  35   0   0   0   0   0   0   0   0   0   0   0   0   8   0   0   0   0   0   0   0   0   0   0   0   0   0   0   0   0   0   0   0   9   0   0   0   0   0   0   0  39   0   0   0   0   0   0   0   0   0   0   0   0   0   0   0   0   0   0   0   0
  27  34   0   4   0   0   0  11  34   0   0   0   0   0   0   0   0   0   0   0   0   0   0   0   0   0   0   0   0   0   0   0   0   0   0  42   0   0   0   0  34   0   0   0   0   0   0   0   0  15   0   0   0   0   0   0   0   0   0   0   0   0   0   0   0
   0   0   0   0   0   0   0   0   0   0   0   0   0   0   0   0   0   2   0   0   0  35   0   0   4   0   0   0   0  48   0   0   0   0   0   0   0   0   0   0   0   0   0   0   0  23   0   0   0   0   0   0   0   0   0   0   0   0   0   0   0   0   0  49
   0  47   0   0   0   0   0   0   0   0   0   0   0  43   0   0  30   0   0   0  49   0   0   0   0   8   0   0   0   0   0   0   0   0   0  49   0  14   0   0   0   0   0  33   0   0   0   0   0   0   0   0   0   0   0   0   0   0   0   0  29   0   0
   0   0  11   0   0   0   0   0  27   0   0   0   0   0   0   0   0   0   0   0   0   0   0   0  10  21   0   0   0   0   0   0  33   0  28   0   0   0   0   0   0   0   0   0   0   0   0   0   0   0   0   0   0   0   0   0   0   0   0   0   0   0
   0   0   0   0   0   0   0   0  42   0   0   0   0   0   0   0   0   0   0   0   0   0   0   0   0  12   0   0   0   0   0   0   0   0   0   0  29   0   0   0   0   0   0   0   0   0   0   0   0   0   0   0   0   0   0   0  45   0   0   0   0
  14   0   0   0   0   0   0   0   0   0   0   0   0   0   0   0   0   0   0   0   0   0   0  37   0   0   0   0   0   0   0   0   0   0   0   0   0   0   0   0   0   0   0   0   0   0   0   0   0   0   4   0   0   0   1   0   7   0   0   0
  35   0   0   0   0  24   0   0   0   0  35   0   0   0   0   0   0   0   0   0   0   0   0  34  17   0   0   0   0   0   0   0   0   0   0   0   0   0   0   0   0   0   0  44  46  32   0   0   0   0   5   0   0   0   0   0   0   0   0
   0   0   0   0   0   0   0   0  30   0   5   0   0   0   0   0   0   0   0   0   0   0   0   0   0   0   0   0   0   0   0   0   0   0   0   0   0   0   0   0   0   0   0   0   0   0   0   0   0   0   0   0   0   0   0   0   0   0
   0   0   0   0   0   0   0   0   0   0   0   0   0   0   0   0   0   0   0   0   0   0   0   0   0   0   0   0   0   0   0   0   0   0   0   0   0   0   0   0   0   0   0   0   0   0  30   0   0   0   0   0   0   0   0   0   0
  10   0   0   0   0   0   0   0   0   0   0   0   0   0   0   0   0   0   0   0   0   0   0   0   0   0   0   0   0   0   0   0   0   0   0   4   0   0   0   0   0   0   0   0   0  43   0   0   0   0   0   0   0   0   5   0
   0   0   0   5  23   0   0   4   0   0  24   0   0   0   0   0   0   0   0   0   0  17  21   0   0   0   0   0   0   0  10   0   0   0   0   0   0   0   0   2  39   0  43  47   0   0   0  19   0   0   0   0   0   0   0
   0   0   0   0   0  12   0   0   0  48   0   0   0   0   0   0   0   0   0   0   0   0  13   0  40   0   0   0   0   0   0   0  20   0   6  36   0   0   0   0   0   0   0   0  28   0  35   0   0   0   0   0   0   0
   0   0  37   0   0   0   0   0   0   0   0   0   0   0   0   0   0   0   0   0   0   0   0   0   0   0   0   0   0   0   0   0   0   0   0   0   0   0   0   0   0   0  27   0   0   0   0   0   0  41   0   0   0
  27  48   0   0   0   0   0   0   0  20  17   0   0   0   0   0   0   0   0   0   0  44   0   0   0   0   0   0   0   0   0   0   0   0   0   0   0   0   0   0   0   0   1   0   1   0   0  24   0   0   0  39
   0   0  26   0  25   0   0   9   0   0   0  18   0   0   0   0   0   0   0   0   0   0   0   0   0   0   0   0   0   0  36   0   0   0   0   0   0   0   0   0   0   0   0   0   0   0   0   0   0   0   0
   0   0  21   0   0   0   0   0   0   0   0   0   0   0   0  26   0   0   0   0  25   0   0  28   0   0   0   0   0   0   0   0   0   0   0   0  36   0   0   0   0   0   0   0  48   0   0   0   0   0
   0   0   0   0  18   0   0   0   0   0   0   0   0   0   0   0   0   0   0   0   0   0   0   0   0   0   0   0   6   0   0   0   0   0   0   0   0   0  36   0   0   0   0  29   0   0   0   0   0
   6   0   0   0   0   0   0   0   0   0   0   0   0   0   0   0   0   0   0   0   0   0   0   0   0   0   0   0   0   0   0   0   0   0   0  31   0  22   0  45   0   0   0   0   0   0   0   0
   0   0   0   0   0   0   0   0   0   0   0  43   0   0   0   0   0   0   0   0   0   0   0   0   0   0  18   0   0   0   2   0   0   0   0   0   0   0   0  39  12   0   7   0   0   0   0
   3   0   0   0  29   0   3  13   0   0   0   0   0   0   0   0   0   0   0   0  27   0   0   0  38   0   0   0   0   0   0   0   0   0   0   0   0   0   0   0  33   0   0   0   0  16
   0   0  16   0   0   0   8   0   0   0   0   0   0  15  44   0   0   0   0   0   2   0   0   0   0   0   0   0   0   0   0   0   0   0  23   0   0   0   0   0  39  13   0   0   0
   0   0   0   0   0   0   0   0   0  14   0   0   0   0   0  20   0  42   0   0   0   0   0   0   0   0   0   0   0   0   0   0   0   0   0   0   0   0   0   0  35   0   0   0
   0   0   0   0   0   0   0   0   0   0   0   0   0   0   0   0   0   0   0   0   0  40   0   0   0   0   0   0   0   3   0   0   0  11   0   0   0   0   0   0  29   0   0
   0   0   0   0   0   0   0   0   0   0   3   0   0   0   0   0   0   0   0   0   0   0   0   0   0   0   0   0   0   0   0   0   0   0   9   0   0   0   0   0  46   0
  29  26   0   0  45   0   0   0   0  42   0   0   0  32   0   0   0   0   0   0   0   0   0   0  34   0   0   0   0   0   0   0   0  40   0   0   0   0   0   0   0
   0   0  16  31   0   0   0   0   0   0  42   6   0   0   0   0   0   0   0   0   0   0   0   0   0   0   0  24   0   0   0   0  22   0   0   0   0   0   0   0
   0   0   0   0   0   0   0   0   0   0   7   0   0   0   0  34   0   0   0   0   0  48   0   0   0   0   0   0   0   0   0   0   0  34   0   0   0   0   0
   0   0   0   0   0   0   0   0   0   0   0   0   0   0   0   0   0   0   0   0   0   0   0   0   0   0   0   0   0   0   0   0   0  29   0   0   0   0
   0   0   0   0   0   0  17   0   0   0   0   0   0   0  12   0   0   0   0   0   0   6   0   0   0   0   0   0   0   0   0   0   0   0   0   0  19
   0   0   0   0   0   0   0   0   0   0   0   0   0   0   0   0   0   0   0   0   0   0   0   0   0  20   0   0   0   2   0   0   0   0   0   0
   0   0   0  42   0   0   0   0  16   0   0   0   0   0   0   0   0   0   0   0  49   0   0   0   0   0   0   0   0  32   0  45   0   0   0
   0   0   0   0   0   0   0  11  34   0   0   0   0  24   0   0   0   0   0   0   0   0   0   0  32   0   0   0   0   0   0   0   0   0
   0   0   0   0   0   0  30   0   0   0   0   0   0   0   0   0   0   0   0   0  48   0   0   0  13   0   0   0   0   0   0   0   0
   0   0   0   0   0   0   0   0   0   0   0   0   0   0   0   0   0  20  44   0   0   0   0   0   0   0   0   0   0   0   0  46
   0   0   7   0   0   0   0   0  48   3   0   0   0   0   0   6   0   0  48   0   0   0   0   0   0   0   0   0   0   0   0
   0   0   0  50   0   0   0   0   0   0   0   0   0   0   0   0   0   0   0   0   0   0   0   0   0   0   0   0   0  12
   0  50   0   1   0   0   0   0   0  20   0   0   0   0   0   0   0   0   0   0   0   5  42   0   0   0   0   0   0
   0   0   0   0   0   0   0   0   0   0   0   0   0   0   0   0   0   0   0   0   0   0   0   0   0   0   0  14
  19   0   0   0   0   0   0   0   0   0   0   0   0   0   0   0   0   0   0   0   0   0   0   0   0   0   0
   0   0  30   0   0   0   0   0   0   0   0   0   0   0   0   0   0   0   0   0   0   0   0   0   0   0
   0   0   0   0  27   0   0   0   0   0   0   0   0   0   0   0   0   0  24   0   0   0   0   0   0
   0   0   0   0   0   0   0   0   0   0   0   0   0   0   0   0   0   0   0   0   0   0   0   0
   0   0   0   0   0   0   0   0   0   0  24   0   0   0   0   0   0   0   0   0   0   0   0
   0  34   0   0  31   0   0   0   0   0  28   0   0   0   0   0   0   0   0  37   0   0
   0   0   0   0   0   0   0   0   0   0   0   0   0   0   0   0   0   0   0   0   0
   0   0  48   0   0   0   0  13   0   0   0  32   0   0   0   0   0   0   0   0
   0   0   0   0   0   0   0   0  20   0   0   0   0   0   0   0   0   0  13
   0   0   0   0   0   0   0  31   0   0   0   0   0   0   0   0   0   0
   0   0   0   0   0   0   0   0  15   0   0   0   0   0   0   0   0
   0  26   0   0   0   0   0   0   0   0   0   0   0   0   0   0
   0   0   0   0   0   0   0   0   0   0   0   0   0   0   0
   0   0  50   0   0   0   0   0   0   0   0   0   0   0
   0   9   0   0   0   0   0   0   0   0   0   0  16
   0   0   0   0   0   0   0   0   1   0   0   0
   0   0  14   0   0   0   0   0   0   0  11
   0   0   0   0   0  24   0   0   0   0
   0   0   0   0   0   0   0   0   0
   0   0   0   0   0   0   0  37
   0  37   0   0   0   0   0
   0  38   0   0   0   0
   0  50   0   0   0
   0   0   0  14
   0  21   0
   0   0
   0

  89
  11  23  11  24  20  11  10  21   1   1  14  14  16   7  14  14  24   7   6  20  10  24  25  12   7   9  13  12  20  12  20   9  16   5  23  14   3  12  24   4  14   7  14   8  19  20  16   8   4  25  20  25  14   1  16  21  15  10  23  15   3  22  12   2   8   5  10  18  13  24  20   6  25  25  22   2  22   4  18   3   2   7  12   5  17   8   7   1  24   2   6   4  16   6  25  12  10   2   2  18

