 100 
   0   0   0   0   0   0   0   0  44   3   0   0   0   0   0   0   0   0   0   0   0   0   0   0   0   0   0   0   0   0  25   0   0   0   0   0   0   0   0   0   0   0   0   0   0   0  26  12   0   0   0   0   0  20   0   0   0   0   9   0   0   0  14   0   0  36   0  49   0   0   0   0  50   0   0   0  11   0   0   0   0   0   0   0  48   0   0   0  28   0   0   0   0   0   0   0   0   0   0   0
  43   0   0   0   0   1   0   0   0   0   0   0   0   0   0   0   0   0   0   0   0   0   0   0   0   0   0   0   0   0  30   0   0   0   0   0   0   0  26   0   0   0   0   8  19   0  20   0   0   0  41   0   0   0   0   0  36   0   0   0   0   0   0   0   0   0   0   0   0   0   1   0   0  49   0   0   0   0   0   0   7   0   0   0   0   0   0   0   0   0   0   0  44   0   0   0   0   0   0
   0   0   0   0   0   0   0   3   0  20   0   7   0   0   0  32   0   0   0   0   0   0   0   0   0   0  34   0   0   0  47   0   0   0  48   0   0   0   0   0   0   0   0  22   0   0   0   0   0   7  39  18   0   0   0   0   0   0   0   0   0   0   0   0   0  34   0   0   0   0   0  44   0   0   0   0   0   0   0  30   0   0   0   0   0   0   0   0   0   0   0   0   0   0   0   0   0   0
  10  19   0   0  20   0   0   0   0   0   0   0   0   0   0   0   0  39   0   0   0   8   0   0   0   0   0   0   0   0   0   0   0   0  47  43   0   0   0   0   0   0   0   0   0   0   0   0  16   0   0   0  39   0   0   0   0   0   0   0   0   0   0   0   0   0  41   0   0   0   0   0   0   0   0   0   0  42   0   0   0   0   0   0   0   0   0   0   0   0   5   0   3   0   0   0   0
   0   0   0   0   9   0   0  50  27   0   0   0   0   0   0   0  26   0   0   0   0   0  47   0   0   0   0   0   0   0   0   0   0  10  28   0   0   0   0   0   0   0   0   0   0   0  34   0   0   0  19   0   0   0   0   0  29  20   0   0  46   0   0   0   0   0   0   0  42   0   0   0   0   0  40   0   0   0   0   0   0   0   0   0  47   0   0   0   0   0   0   0   0   0   0   0
   0   0   0   0   0   0   0   0   0   0   0   0   0   0   0   0   0   0   0   0   0   0   0   0   0   0   0  12   0   0   0   0   0   0   0   0   0   0   0   0   0   0   0   0   0   0   0   0   0  32   0   0   0   0   0   0   0   0   0   0   0   5   0   0   0   0   0   0  47   0   0   6   5   0   0   0   0   0   0   0   0   0   0   0   0   0   0  41   0   0   0  49   0   0   0
   0   0  32   0   0  27   0  48   0   0   0   0   0  10   0   0   0   0   0   0   0   0   0   0   0   0  37   0   0   0   0   0   0   0   0   0   9  11   0   0   0   0   0   0   0   0   0   6   0   0   0   0   0   0   0   0   0   0   0  29  41   0   0   0   0   0   0   0  29   0   0   0   0   0   0   0   0   0   0   0   0   0   0   0   0   0   0   0  33   0   0   0   0   0
   0   0   0   0   0   0   0   0   0   0   0   0  32   0  29  36   0   0   3   0  45   0   0   0   0   0   0   0   0   0   0   0   0   0   0   0   0   0   0  44   0   0   0   0   0   0   0   0   0   0   0   8   1   0   0   0   0   0   0   0   0   0   0   0   0   0   0   0   0   0   0   0   0   0   2   0   0   0   0  23   0   0   3   0  21  22   0   0   0   0  16   0   0
  37   0  21   0  41   0   0   0   0  29   0  41  43   0   0   0   0   0   0   0   0   0   0   0   0   0  33   0   0   0   0  37   0   0   0  27   0   0  12   0   0   0   0   0   0   0   0   6   0   0  16   0   0   0   0   0   0   0   0   0   5   0   0   0   0  37  24  49   0  46   0   0   0   0   0   0   0   0   0   0   0   0  20  43  13   0   0   0   0  31   0   0
   0   0   0   0   0   0   0   0   0   0   0   0   0   0   0   0   0  30   0   0   7   0   0   0   0  28   0   0   0   0   6  48   0  38   0   0   0   0  46  27   0  32   0  24  43   0   0   0   0   0   0   0   0   0   0   0   0   0   0   0   0   0   0   0   0   0   0   0   0   0   0   0   0   0   0   5   0  15   0   0   0   0   0   0   0   0   0   0   0   0   0
   0   0   0   0   0   0   0   0   0   0   0  43   0   0   0   0   0   0   0  12  45   0   0   0   0   0   0   0   0   0  39   0   0   0   0   0   0   0   0   0   0   0   2  46   0   0   7   0   0   0   0   0   0   0   0   0   0  32   0   0   0   0  34   0   0   0   0   0   0   0   0   0   0   0   0   0   0   0   0   0   0   3   0   0   0   0   0  50   0   0
   0   0   0  11   0   0   0   0   0  50   0   0   0   0   0   0   0   0   0   0  14   0   0   0   0   0   0  19   0   4   0   0   0   0   0   0   0   0   0   0   0   0   0  50   0   0   5   0   0   0   0   0   0   0   0   0   0  21  29   0   0   0  43   0  18   0   0   0   0   0   0   0   0   0   0   0   0   0   0   0   0   0   0   0   0  25   0   0  48
   0   0   0   0   0   0  49   0   0   0  10   0  13  21   0   0   0   0   0   0   0   0   0   0   0   0   0   0   0   0   0   0   0   0   0  36  36   0   0   0   0   0  39   0   0  42   0   0   0   0   0   0   0  33   0   0   0   0   0   0   0   0   0   0   0   6   0   0   0  19   0   0   0   0   0   0   0   0   0   0   0  49   0   0   4   0   0   0
   0   0   0   0   0   0   0   0   0   0   0   0   0   0   0   0   0   0   0   0   0   0   0   4  22   0   0   0   0   0  23  18   0   0   0   0  38  30   0   0   0   0   0   0   0   0   0   0   0  12  41   0   0   0   0   0   0   0   0   0   0  20  17   0   0   0   0   0   0   0   0   0   0   0   0   0   0   0   0   0   0  36   0   0   0   0   0
   0   0   0   0   0   0   0   0   0  29   0   0   0   0   0   0   0   3   0   0   0   0   0   0   0   0   0   0   0   0   0   0   0   0   0   7   0  18   0  21  11   0   0   0   0   0   0   0   0   0   0  29   0  24   0   0  45   0   0   0   0   0   0   0   0   0   0   0   0   0   0   0   2  39   0   0   0   0   0   0  36   0   0  36   0   0
   0   0   0   0  19   0   0   0   0   0   0   0   0   0   0   0   0   0   0   0   0   0  42  45   0   0   0   0   0   0   0   0  11  11   0   0   0   0   0   0   0   0   0   0   0   0   0   0  30   0   0   0   0   0  45   0   0   0   0   0   0   0   0   0   0   0   0   0   0   0   0   0   0   0   0   0   0   0   0  10   0  16   0   0   0
   0   0  24   0   0  17  48   0   0  28   0  45   0   0   0   0   0   0   0   0   0   0   0   0   0   0   0   0   0  24   0   0   0   0   0   0   0  13   0   0   0   0   0   0   0   0  39  13   0   0   0   0  38   0   0   0   0   0   0  21   5  43   0   0   0   0   0   0   0   0  25   0   0   0   0   0   0   0   0  21   0  15  27   0
   0   0   0   2   0   0   0  11   0  40   0  25   1   0   0   0   0   0   0   0   0   0   0  41   0   0   0   0   0   0   0   0   0   0   0   0   0   0   0   0  12   0   0   0   0   0   0   0   0   0  27   0   0  14   0   0   0   0   0  22  24   0  33   0   0   0   0   0   0   0   0   0   0  49  13   0   0   0   0   0   0   0   0
   0   0   0   0  26   0   0   0   0  43   0   0   0   0   0   0   0   0   0   0   0  23   0   0   0   0   0   0   0   0   0   0   0   0   0  35   0  32   0   0   0   0   0  22   0   0   0   0   0   0  44   0   0   0   0   0   0   0   3   0  39  41   0   0   0   0  41   0  30   0   0   0   0   0  41   0   0   5   0   0   0   0
   0   0  20   0   0   0   0   0  34   0   0   0   0   0   0   0   0   0   0   0   0   0   0   0   0  36   0   0   0  20   0   0   0   0   0   0   0   0   0  17   0   0   0   0   0   0   0   0  46   0   0   0   0   0   0   0   0  30   0   0   0   0   0  40   0   0   0   0   1  17   0  23   0   0   0   0  30   0   0   0   0
   0   3   0   0   0   0   0   0  21   0   0   0   0   0  35   0   0   0   0   0   0  41   0   0   0   0   0   0  13   0   0  41   0   0  24   0   0   0   0   0   0   0  29   0   0   0  22   0   0   0   0   0   0   0   0   0   0   0   0   0   0   0   0   0   0   0   0   0   0   0   0  26   0   0   0   0   0  42   0   0
   0   0  38   0   0   0   0   0   0   0   0   0   0   0   0   0   0   0   0   0   0  31   0   0   0   0   0   0  37   0   0  14   2   0  28   0   0   0   0   0  26   0   0   0   0   0   0   0   0   0  31   0   0   0   0  44   0  29   0   0   9   0   0   0   0   0   0   0   0   0   0   0   0  31   0  38   0   0   0
   0   0   0   0   0   0   0   0   0   0   0   0   0   0   0   0   0   0   0   0   0   0   0   0   0   0  39   0   0   0   0   0   0   0   0   0   0   0  47   0   0   0   0   0   0   1   0   0   0   0   0   8   0   0   0   0   0   0  39   0   0   0   0  14   0   0   0   0   0   0   0  25   0   0   0   0   0   0
   0   0   0   0   0   0   0   0   0   0   0   0   0  44   0   0   0   0   0   0   0   0   0   0  37   0   7  37   0   0   0   0  30   0   0   0   0   0  16   0   0   0   0   0   0   0   0   0  15   0   0  12   0   0  16   0   0   0   0   0  49   0   0   0   0   0   0   0   0   4   0   0   0   0   0   0  47
   0   0   0   0  41   0  10   0   0   0   5   0   0  15   0   0   0   0   0   0   0   0   0   0   0   0   0   0  32   0   0   0   0   0   0   0   0   0   0   0   0  42   0   0   0   0   0   0   0   0  13   4   0   0  24   0  30  30   0   0   0   0   0  35   0   0   0   0   0   0   0   0  34   0   0   0
   0   0   0   0   0   0   0   0   0   0   0   0   0   0   0   0   0   0   0   0   0  46   0   3   0   0  28   0   0   2   0   0   0  21   0   0   0   0   0  45   0   0   0   0   0   0  43   0   0   0   0   0  15   0  17   0   0   0   0   0   0   0   0  24   0   0   0   0   1   0   0   0   0   0  36
   0  19   0  49  18   0  16  11   0   0   2   0   0   0   5  36   0   0   0   0   0  50   0   0   0   0  31   0   0   0   0   0   0   0  39  42   0   0  25   0   0   0   0   0   0   0   0   0   0   0   0  47   0   3   0   0   0   0   0   0  17   0   0   0   0   0   0   0  45   0   0   0   0  14
   0   0   0   0   0   0   0   0   0   0   0   0  35   0   0   0   0   0   0   0   0   0   0  37   0   0   0   0   0   0   0  21  31   0   0   0   0  19   0   0   0  50   0  38   0  26   0   0   0   0   9   0   0   0   0   0   0   0   0   0   0   0   0   0   0   0   0   0   0   0   7   0   0
   0   0   0   0   0   0   0   0  35   0   0  41   0   0   0   2   0   0   0   0   0   0   0   0   0   0   0   0   0  32   0   0  11   0   0   0   0   0   0  40  38   0   0   8   0   0   0   0   0  41   9   0  45   0   0   0   0   0   0   0   0   0  26   0   0   0   0   0   0   0  22   0
   0   0   0   0   0   0   0   0  23  35   0   0   0   0   0  46   0   0   0   0  14   0   0   0   0   0   0   0   0  43   0   0   0   0   0   0   0   8  43   0   0   0   0   0   0  42   0   0   0  24   0   0   0   0   0   0   0  18   4   0   0   0   0   0   0   0   0  18   0   0   0
   0   0   0   0   0   0   0   0   0   8   0   0   0   0   0   0   0   0   0   0   0   0   0   0   0   0   0   0   0   0   3   0   0   0  19   0   0   0   0   0  34   0   0   0   0   0   0   0   0   0   0   0   0   0   0   0   0  24   0   0   0   0  42   0   0   0   0   0  22   0
   0  16  28   0   0   0   0   0   0   0   0   0   0   0  13   0   0   0   0   0   0   0   0   0   0   0   0   0   0   0   0   7   0   0   0  50   0   0   0  33   0  23   0   0   0   0   0   0   0   0   0   0   0   0   0   0   0   0  12   0   0   0   0   0   0   0   0  45  19
  38   0   0   0  31   0   0   0   0   0   0   0   0   0   0   0   0   0   0   0   0   0  24   0   0   0  38   0   0   0  47   0   0   0   0   0   0   0  35   0   0   0   0   0   0   0   0   0   0   5   0   0   0   0   0   0   0   0  12   0   0   0   0   0   0   0   0   0
   0   0   0   0   0   0   0   0   0   0   0   0   0   0   0  48   0   0  38  29   0   0   0   0   0   0   0   0   0   0   0   0   0   0   0  40   0   0  31   0   0  37   0   0   0   0   0   0   0   0   6   0   0   0  20   0  36   0  37   0   0   0  28   0   0  18   0
   0  31   0   0   0   0   0   0   0   0   0   0  33   0   0   0   0   0  13   0   0   0   0   0   0   0   3   0   0   0   0   0   0   0   0   0   0   0   0   0   0   0   0  16   0   0   0   0   0   0  44   0   0   0  47   0   0   0   0   0   0   0   0   0   0  38
   0   0   0   0   0   0   0   0   0  35   0  18   0   0   0   0   0   0   0   0   0   0  17   0   0   0   0   0   0   0   7   3   0   0   0  34   0   0   0   0   0   0   0   0   0   0   0   0   0   0   0   0   0   0   0   0   0  48   0   0   0   0   0   0   0
   0   0   0   0   0   0   0   0   0   0   0   0   0   0   0   0   0   0   0   0   0   0  11   6  13   0   0   0   0   0   0   0   0   0   0   0   0   0   0  47   0   0   0  15   0  34   0   0   0  45  16   0   0   0   0  19   0   0   0   0   0   0   0   0
   8   0  14  49   0   0   0   0   0   0   0   0   0   0   7  37   0  24   0  31   0   0   8   0   0   0   0   0   0   0   0   0   0   0   0   0   0   0   0   0  42   0   0   0   0   0   0   0   0   0   0   0   0   0   3   0   0   0   0   0   4   0   0
   0  22  48  27   0   0   0   0   0   0   0   0   3  17  38  17   0  11   5   0   0   0   0  35   0   0   0   0   0   0   0   0   0   0   0  15   0   0   0   0   0   0   0   0  32   0  47   0  27   0   0   0   0   0   0   0   0   0   0  50   0   0
   0   0   0   0   0   0   0   0   0   0   0   0   0   0   0   0  46   0   0   0   0   0   0   0  25   0   0  12   0  12   0   0   0   0   4   0   0   0   0   0  33  48   0   0   0  23   0   0   0   0   0   0   0   0   0   0   0   0  25   0   0
   0   0   0   0   0   0   0   0   0   0   0   0   0   0   0   0   0   0   0   0   0   0   0   0   0   0   1   0   0   0   0   0   0   0   0  39  30   0   0   0   0   0  34   0   0   0   0   0   0   0   0   0   0   0   0   0  22   0   0   0
   0   0  33   0  45   0   0   0   0   0   0   0   0   0   0   0   0   0   0  46   0   0   0   0   0   0   0   0   4   0   0   0   0   0   0  19  31   0   0  46   0   0   0   0   0   0   0   0   0   0   0   0   0   0   0   0   0   0   0
   0   0   0   0   0   0   0   0   0   0   0  40   0   0   0   0  40   0   0   0   0  17   0   0   0   0   0   0   0   0   0   0   0   7   5   0   2   0   0   0   0   0   0   0   0   0   5   0   0   0   0   0   0  10  26   0   8  40
   0   0   0   0   0   0   0   0   0  18  33   0   0   0  26   0   0   0   0   0   0   2   0   0   0   0   0   0   0   0   0   0   0   0   0  32   0   0   0  19   0   0   0   0   0  11  49   0   0   0  40   0  29   0   0   0   0
   0   0   0   0   0   0   0  15   0   0   0   0   0   0   0   0   9  37   0  10   0   0   0   0   0   0   0   0   0   0   0   0   0   0   0   0   0  15  37   0   0   0   0  26   0   0   0   0   0   0   0   0   0   0   0   0
   0   0   0   0   0   0  31   0   0   0   0   0   0   0   0  36   0   0   0   0   0   0   0   0   0   0   0   6   0  10   0   0  39   0   0   0   0  13   0   0   0   0   0   0   0  44   0  39   0   0   0   0   0  48   0
   0   0   0  46   0   0   0   0   0   0   0   0   0   0   0   0   0   0   0   0   0  18   0   0   0   0   0   0   0   0   0   0  35   0   0   0   0  40   0   0   0   0  38   0   3   0  32   0   0   0   0   0   0  12
   0   0   0   0   0   0   0   0   0   0   0   0   0   0   0   0   0   0   0   0  28   0   0   0   0   0   0   0   0   0  31   0  10   0   0   0   0   0   0   0   0   0   0   0   0   0   0   0   0   0   0  13   0
   0  16   0   0   0   0  37   0   0   0   0   0  49   0   0  30   0   0   0   6   0   0   0   0  45   0   0   0   0   0   0   0   0   0   0   0   0   0   0   0   0   0   0   0   0   0   0   0   0   0   0   0
   0  37   0  13   0   0   0   0   0  42   0   0   0   0   0   0   0   0   0   0   0   0   0   0   0   0   0   0   6  26   0   0   0   0   0  35   6   0   0   0   0   0   0   0   0   0   0   0   0   0   0
   0   0  36   0   0  42   0   0   0   0   0   0   0   0   0   0  14   0   0   0   0   0   0   0   0   0  33   0   0  33  41   0   0   0   0   0   0   0   0   0   0   0   0   0   0   0  20   0   0   0
   0   0   0   0   0  32   0  19  20   0   0   0   0   0   0   0   0   0   0   0   0   0   0   0   0   0   0   0   0   0  33   0   0   0   0  27  17   0   0   0   0  30   0   0   0   0   0  25   0
  22   0   0   0   0   0   4   0   0   0   0   0  10   0   0   0   0   1   0   0   0  27  12   0  38   0   0   0   0   0   0  48   0   0   0   0   0   0  28   0   5   0   0   0   0   0   0  32
   0   0   0   0   0   0   0   0   0   0   0   0   0   0   0   0   0   0   0  37   0   0   0  48   0   0   0   9   0   0  16   0   0   0   0   0   0   0   0   0   0   0   0   0   0   0   0
  33   0  23   0  38  49   0   0   0   0   0   0  35   0  10  29   0   0   0   0   0   0   0   0   0   0   0   0   0   0   0   0   0   0  43   0   0   0  44   0   0   0   0  11   0   0
   0   0   0   0   0   4   0   0   0   0   0  47   0   0   0   0  26   0   0   0   0   0   0   0   0   0   0   0   0   0   0   0   0   3   0   0   0   0   0   0   0   0   0   0   0
   0   0  11   0   0   0   0   0   0   0  43  49   2   0   0   0   0   0   0   0   0   0   0   0   0   0   0   0   0   3   0  15   0   0   0   0   6   0   0   0   0   0   0   0
   0   0   0   0   0   0   0   0   0   0   0   0  49   0   0  27   0  13   0   0   0   0   0   0   0   0   0   0   0   0   2  45  19   0   0   0   0   0  22   0   0   0   0
   0   0   0  32  34   0   0   0   0   0   0   0   0   0  50   0   0  24   0   0   0   0   0   0  47   0   0   0   0   0  25   0   0   0   0   0   0   0   0   0   0  22
   0   0   0   0   0  36   0   0  23   0   0   0   0   0   0   0   6  48   0   0   0   0   0   0   0   0   1   0   0   0   0   0  27   0   0   0   0   0  16   0  22
   0   0   0  28   0   0  18   0   0   0   0   0   0   0   0   0   0   0   0   0   0   0   0   0   0   1   0   0  27   0   0   0   0   0   0   0   0   0   0   0
   0   0  46   0   0   0   0   0   0   0   0   0   0   0   0   6   0   0   0   0   0   0   0   0   0   0   0   1   0   0   0   0   0   0   0   0   0   0   0
   0   0   0   0   0   0   0   0   0   0   0   0   0   0   0   0   0   0  45   0   0   0   0   0  36   0  33   0   0   0  19   0   0   0   0  22   0   0
   0  31   0   0  22   0  46   0   0   3   0   0   0   0   0   0   0   0  42   0   0   0   0   0   0   0   0   0  23   0   9   0   8   0   0   0   0
   0   0   0   0   0   0   0   6  37   0   0   0   0   0  42   0   0  42   0   0   0   0   0   0   0   0   0   0   0   0   0   0   0   0   0   0
   0   0   0  22   0   0  37   0   0   0   0   0   0   4   0   0   0   0   0   0   0   0   0   0   0   0   0   0   0  46   0  27   0   0   0
   0  21   0   0   0   0  27   1   0   9   0   0   0   0   0   0   0   0   0   0   0   0   0   0   0   0   0   0   0  49   0  14   0   0
   0   0   0   2   0   0   0   0   0   0   0   0   0   0   0   0   0   0   0   0  50   0  23   0   0   0  10   0   0   0   0   0   0
   0   0   0   0   0   0   0   0   0  20   0   0   0   0   0   0   0   0   0  46  37   0   0   0   0   0   0   0   0  14  39   0
   9  39   0   0   0  15   0   0  33   0   0   0   0   0   0   0   0   0   0   0   0   0   0   0   0   0   0  23   0   3   0
   0  21   0   0   0   0   0  12   0   0   0   0   0   0   0  15   0   0   0   0   0   0   0  22   0   0   0   0   0   0
   0   0   0   0   0   0   0   0   0   0   0   0   0   0   0   0  44   0   0   0   0   0  23   0   0   0   0   0  24
   0  41   0   0   0  15  42   0  47   0   0  43  33   0   0   0  44   0  48   0   0   0   0   0  13   0   0   0
   0   0   0   0  37   0  10   0   0   7   0   2  10  36   0   0   0   0  48  17   0   0   0   0   0   0   0
   0   0   0   0   0   0   0   0   0   0   0   0   0   0  26   0  34   0   0   3   0   0  31   0   0   0
   0   0   0   0   0   0   0   0   0  28   0   0  42   8   0   0  38   0   0   0   0   0   0   0   0
  29   0   0   8   0   0   0   0   0   0  20   0   0   0   0   0   0   0   0   0   0   0   0   0
   0   0  19   4  24   0   0   0   0   0   0   0   0   0   0  33   0   0   0   0   0   0   0
   0   0   0   0   0  20   0   0   0   0   0   0   0   0   0   0   0   0   0   0   0   0
   0  20   0   0   0   0   6  32   0  16  24   0  12   0   0   0   0   0  24   0   0
   0   0  49   0   0   0   0   0   0   0   0   0   0   0  32   0  35  41   0   0
   0  24   0   0   0  43  32   0   0  44   0   0   0   0   0   0   0   0   0
   0   0   0  19   0   0   0   0   0   0   0   0   0   0   0  37  26   0
   0   0   0   0   0   0   0   0   0   0   0   0   0   0   0   0   0
   0   0   0   0   0  34   0   0   0   0   1  23   0  44  49   0
   0  14  49   0   0   0  27  21   0  29  44   0   0   0   0
   0   0   0   0   0   0  19   0   0   0   0   0   0   0
   0   0   0   0   0  14   0   2   0   0   0   0  48
   0  20   0   0   0  25   0   0  16   0   0   0
   0  49   0   0   0   0   0   0   0   0   0
   0  24   0   0   0   0   0   0   0   0
   0   0   0   0   0  33   0  45  46
  36   0   0   0   0  23   0  29
   0   0   0   0   0   0   0
  40   0   0   0   0   0
   0   0   0  23   0
   0  19   0   0
   0   0   0
   0   0
   0

 555
   2  23  21  13  16   6  17  10  19  15  18  15   4  12   6  13   1   9  22  14  22  13  17   9  25  12   2   7  21  12   7  23  25  21  19  11  11  11  16  13  14  24  16   7   7   2   6  25   7   8  13  22  22  10  16  12  17  20   7   2  11  18  15  23  10  11   1  21   1  22   2  11  20  12   6  17   2  20   4   5  21   6   7  11   1  22   6  18   9  17  17   2   7  23   3   7  20  15   6  10

