 100 
   0  19   0   0   0   0   0   0   0   0   0   0   0   0   0   0   0   0   0   0   0   0   0   0   6   0   0   0   0   0   0   0   0   0   0  11   0   0  41   0   0   0   0   0   0   0   0   0   0   0   0   0   0   0  10   0   0   0   0   0   0   0   0   0   0   0  17   0  33   0   0   0   0   0   0   0   0   0   0  27   0   0   0   0   0   0   0   0   0   0   0  10   0   0   0   0  40   0   0   0
  46  41   0   0  20   0   0   0   0   0   0   0  21  42   0   0   0   0   0   0   0   0   0   0   0   0   0   0   0   0   0   0   0  39   0   0   0   0   0   0   0   0   0   0   0   0   0   0   0   0   0   0   0  31   0   0   0   0   0   0   0   0   0   0   0   0   0   0   0   0   0   0   0  50   0   0   9  47   0   0   0   0   0   0   6   0   0   0   0   0   0  12  33   0   0   0   0   0   0
   0  39   0   0   0   0   0  39   0   0   0  21  30   0   0   0   0   0  10   0   0   0   0   0   0   0   0   0  14   0   0   0   0   0   0   0   0   0   0   0   0   0   0   0   0   0   0   0   0   0   0   0   0   0   0   0   0   8   0   0   8   0   0   0   0   0   0   0   0   0   0   0   0   0   0   0   0   0   0   0   0   0   0   0   0   0   0   0   0   0   0   0   0   0   0   0   0   0
   0   0   0   0   0   0   0   0   0   0   0   0   0   0   0   0   0   0   0  21   0   0   0   0   6   0   0   0   0   0   0   0   0   0   0   0  45   0   0  21   0   0   0   0   0   0   0   0   0   0   0   0  30   0   0   0   0   0   0   0   0   0   0   0   0   0   0   0   0   0   0   0   0   0   0   0   3   0   0   0   0   5   0   0   0   0   0   0   0   0   0  10   0   0  29   0   0
   0   0   0   0   5   0   0   0   0   0   0   0   0   0   0   0  42  21   0   0   0   0   0   0   0  24   0   0   0   0   0   0  22   0   0   0   0   0   0   0   0   0   0   0   0   0   0   0   0   0   0   0   0   0  27   0   0   0   0   0  32   0   0   0   0   0   0   0   0   0  18   0  12   0   0   0   0   8   0   0  29   0   0   0   0   0   0   0   0   0  50   0   0   0   0   0
  20   0   0   0  44   0   0   0   0   0   0   0   0   0   0   0  13   0   0   0   0   0   0   0   6   0   0   0   0   0   0   0   1   0   0   0   0   0  43   0   0   0   0   0   0   0   0   0   0   0   0   0   0   0   0   0   0   0   0   0   0   0   0   0   0   0   0   0   0   0   0   0   0   0   0   0   0   0   0  26   0   0   0   0  48   0   0   0   0   0   0  21   0   0   3
   0   0   0   9   0   0   0   0   0  50   0   0   0   0   0   0   0   0   0   0   0   0   0   0   0   0   0   0   0   0   0   0   0   0   0  30   9   0   0   0   0   0  20   0   0   0   0   0   0   5   0   0   0   0   0   0   0   0   0   0   0   0   0   0   0   0  12   0   0  27   0   0   0   0   0   0   0   0   0   0   0   0  25   0   0   0   0   0   0   0  33   0   0   0
   0   0   0   0   0   0   0   0  15   0   0   0  30   0   0   0   0   0   0  40   0   0   0   0   0   0   0   0   0   0   0   0   0   0   0   0   0   0   0   0   0   0   0   0   0   0   0   0   0   0   0   0   0   0  27  50   0   0   0   0   0  28   0   0   0   0   0   0   0   0  44   0   0   0   0  35   0   0   0   0   0   0  47   0   0  41   0   0   0   0   0   0   0
   0   0   0   0   0   0   0  41   0   0   0  31   0   0   0   0   0   0   0   0   0   0   0   0   0   0   0   0   0   0   0   0   0   0   0   0   0   0   0   0   0   0   0   0   0   0   0   0   0   0   0   0   0   0   0   0   0   0   0   0  40   0   0   0   0   0   0   0   0   0   0   0   0   0   0   0   0   0   0   0   0   0   0   0   0   0   0   0   0   0   0   0
   0   0   0   0   0   0   0  12   0   0   0   0   0   0   0   0   0   0   0   0   0   0   0   0   0   0   0   0   0   0   0   0   0   0   0   0   0   0  12   0  45   0   0   0  30   0   0   0   0   0   0   0   0   0   0   0   0   0  44   0   0   0   0   0   0   0   0   0   0   0   0   0  37   0   0   0  50   0   0   0   0  22   0   0   0   0   0   0   0   0   0
   0   0   0   0   0   0   0   0   0   0   0   0   0   0   0   0   0   0   0   0   0   0   0   0  40   0   0   0  11   0   0   0   0   0   0   0   0   0   0   0   0   0   0   0   0  32   0   0   0  12   0   0   0   0   0   0   0   0   0   0   0   0   0   0   0   0   0   0   0   0   0   0   0  35   0   0   0   0   0   0   0   0   0   0   0   0   0  43   0   0
   0   0   0   0   0   0   0   0   0   0   0   0   7   0   0  12   0   0   0   0   0   0   0   0   0   0   0   0   0   0   0   0   0   0   0   0   0   0   0   0   0   0   0   0  29   0   0   0   0   0   0   0   0   0   0  46   0   0   0   0   0   0   0   0   0   0   0   0   0   0   0   0   0   0   0   0   0   0   0   0   0   0   0   0   0   0   0   0   0
   0   0   0   0   0   0   0   0   0   0   0   0   0   0   0  31   0  18   0   0   0   0   0   0   0   0   0   0   0   0   0   0   0   0   0   0   0   0  21  36   0   0   0   0   0   0   0   0   0   0   0   0  49  27   0   0   0   0   0   0   0   0   0   0   0   0   0   0   0  49   0   0   0   0   0   0   0   0   0   0   0   0   0   0   0   0   0   0
   0   0   0   0   0   0   0   0  11   0   0  16   0   0   0   9   0   0   0   0   0  37   0   0   0   0   0   0   0   0   7   0   0   0   0   0   0   0   0   0   0  28   0   0   0  31   0   0   0  10   0   0   0   0   0   0   0   0   0   0  32   0   0   0   0   0   0  36   0   0   0   0   0   0   0   0   0  18   0  46   0   0   0  27   0  12   0
   0   0   0   0   0   0   0   0   0   0   0   0   0   0  27   0   0   0  23   2   0   0   0   0   0   0   0   0   0   0   0   0   0   0   0   0   0   0   0   6   0   0   0   0   0   0   0   0   0   0   0   0   0   0   0   0   0   0   0   0   0   0   0   0   0   0   0   0   0   0   0   0   0   0   0  23  50   0   0   0   0   0   0   0   0   0
   0   0   0   0   0   0   0   0   0   0   0   0   0   0   0   0   0   0  27   0   0   0   0   0   0   0   0   0   0   0  14   0   0   0   0   5   0   0   0   0   0   0   0   0   0   0   0   0   0   0  37   0   0   0   0   4   0   7   0   0   0   0   0   0   0   0   0   0   0   0   0   0   0   0   0   0   0   0   0   0   0   0   0   0   0
   0   0   0   0   0   0   0   0   0  10   0   0   0   0   0   0   0   0   0   0   0   0  46   0   0   0   0   0   0   0   0   0   0   0   0   0   0   0   0   0   0   0   0   0   0   0   0   0   7  34   0  13   0   0  50   0   0   0   0   0   0   0   0   0   0   0   0   0   0   0   0   0   0   0   0   0   0   0   0   0  21   0   0   0
   0   8   0   0   0   0   0   0   0   0   0   0   0   0   0   0   0   0   0   0   0   0   0   0   0  18   0   0   0   0   0   0   0   0   0   0   0   5   0   0   0   0   0  32   0   0   0   0   0   0   0   0   0   0   0   0  23   0   0   0   6  47   0   0   0  33   0   0   0   0   0   0  49   0   0   0   0  26   0   0   0   0   0
   0   0   0   0   0   0   0   0   0   0  15  24   0   0   0   0   0   0   0   0   0   0   0   0   0   0  37   0   0   0   0   0  31   0   0   0   0   0   0   0   0   0   0   0   0   0   0   0   0   0   0   0   0   0   0   0   0   8   0   5   0   0   0   0   7  44   0   0   0   0   0   0   0   0  31   0   0   0   0   0   0   0
   0   0   0   0   0   0   0   0   0   0   0   0   0  41   0   0   0   0   0   1  39   0   0   0   0   0   0   0   0   0   0  17  48   0   0   0   0   0   0   0   0   1   0   0   0   0   0   0   0   0   0   0   0   0   0   0   0  22   0   0   0   0   0   0   0   0   0   0   0   0   0   0   0   0   0   0   0   0   0   0   0
   0   0   0   0   0   0   0   0   0   0   0   0   0   0   0   0   0   0   0   0   0   0   0   0   0   0   0   0   0   0   0   0   0   0   0   0   0   0   0   0   0   0   0   0  20   0   0   0   0   0   0   0   0   0   0   0   0   0   0   0  35   0   0   0  50   0  23   0   0   0   0   0   0  24   0   0  27   0  10   0
   0   0   0   0   0   0  30   0   0  25   0   0   0   0   0   0   0   0   0   0   0   0   0   0  36   0   0   0   0   0   0   0   0   0   0   0   0  29   0   0   0   0   0   0   0  10   0   0   0   0   0   0   0   0   0   0   0   0  22   0   0   0  17   0   0  20   0   0   0   0  29  12   0   0   0   0   0   0   0
   0   0   0   0   0   0   0   0   0   0   0   0   0   0   0   0   0   0   0   0   0   0   0   0  42   0   0   0   0  21   0   0   0   0   0   0   0   0   0   0   0   0   0   0  20   0  25   0  18   0   0   0   0   0   0   0   0   0  27   0   0   0   0   0   0   0   0   0   0   0   0   0   0   0   0   0   0   0
   0   0   0   1   0   0   0   0   0   0   0   0   0   0   0   0   0   0   0   0   0   0   0   0  15   0   0   0   0   0   0   0   0   0   0   0   0   0   0   0   0   0   0   0   0   0   0   9   0  21   0   0   0   0   0   0  39   0   0   0   0   0  32   0   0   0   0   0   0   0   0   7   0   0   0   0   0
   0   0   0   0   0   0   0  11   0   0   0  15   0   0   0  21   0   0   0  37   0   0   0   0   0   0   0   0   0   0   0   0   0   0   0   0  40   0   0   0   0   0   0   0   0   0   0   0   0   0   0   0   0   0   0   0   0   0  40   0   0   0   0   0   0   0   0   0   0   0   0   7   0   0   0   0
  26   0   0   0   0   0   0   0   0   0   0   0   0   0   0   0   0   0   0  26   0  44   0   0   0  15   0   0   0   0   0   0  13   0   0   0   0   0  41   0  13   0   0   0   0  26   0   0   0   0   0  24   0   0   7   0   0   0   0  31   0   0   0   0   0   0   0  31  13   0   0   0   0   0   0
   0   0   0   0   0   0   0   0   0   0   0   0   0   0   0   0   0   0   0   0   0   0   0   0   0   0   0   0   0   0   0   0   0   0   0   0   0   0   0   0  36   0   0   0  20   0   0  42   0   0   0   0   0   1   0   0   0   0   0   0   0   0   8   0   0   0   9   0   0   0  40   0   0   0
   0   0   0   0   0   0   0   0   0   0   0   0   0   0   0   0   0   0  41   0   0   0   0   0   0   0   0   0  47   0   0   6  10   0   2   0   0   0   0   0  50   0   0  13   0   0   0   0   0   0   0   0   0   0   0   0   0   0   0   0   0   0   0   0   0   0  36   0   0   0   0  24   0
   0   0   0   0   0   8   0  32   0   0   0   0  42   0   0   0   0   0   0  25   0   0   0   0   0   0   0   0   0  50   0   0   0   0   0   0   0   6   0   0   0   0   0   0  34   0   0   0   0   0   0   0  42   0   0  49   0   0   0   0   0   0   0   0   0   0   0   0  47   0   0   0
   0   0   0   0   0   0   0  28   0   0   0   0   0   0   0   0   0   0   0   0   0   0   0   0   0   0   0  21   0   0   2   0   0   0   0  21   0   0   0   0   0   0   0   0   0   0   0   0   0   0   0   0  11   0   0   0   0   0   0   0   0   0   0   0   0   0   0   0  47   0   0
   0   0   0   0   0   0  39   0   1   0   0   0   0   0   0   0   0   0   0  48   0   0   0   0   0   0   0   0   0   0   0   0   0   0   0   0  50   0   3   0  45   0   0   0   0   0   0   0   0   0   0   0   0   0   0   0   0   0   0   0   0   0   0   0   0   0   0   0   0   0
   0   0   0   0   0   0   0   0   0   0   4   0   0   0   0   0   0   0   0   0   0   0   0   0   0   0   0   0   0  35   0   0   0   0   0   0   0  33   0   0   0   0   0   0  37  15   0   0   0   0   0   0   0  50   0   0   0   0   0   0   0  20   0   0   0   0   0   0   0
   0   0   0   0   0   0   0   0   0   0   0   0   0   0   0   0   0   0   0  20   0   4   6   0   0   0   0   0   0   0   0   0   0   0   0   0   0   0   0   0   0   0   0   0   0   0   0   0  33   0   0   0   0   0   0   0   1   0   0   0   0   0   0   0   0   0   0   0
   0   0   0   0   0   0   0   0   0   0   0   0   0   0   0   0   0   0   0   0   0   0   0   0   0   0   0   0   0   0   0   0   0   0   0   0   0   0   0   0   0   0   0   0   0  30   0   0   0   0   0   0   0   0  39   0   0   0   0   0   0   0   0   0   0   0   0
   0   0  28   0   0   0   0   0   0   0   0  24   0   0   0   0  23   0   0   0   0   0   0   0   0   0   0   0   0   0   0   0  23   0   0   0   2   0   0   0   0   0   0   0   0   0   0   0   0   0   0   0   0   0   0  17   0   0   0   0   0   0   0   0   0   0
   0   0   0   0  31   0   0   0   0   0   0   0  11   0   0   0   0   0   0   0   0   0  29   0   0   0   0   0   0   0   0   0  24   0   0   0   0  49   0   0   0   0   0   0   0   0   0   0   0   0   0   0   0   0   0   0   0   0   0   0   0   0   0   0   0
   0   0   0   0   0   0  39   0   0   0   0   0   0   0   0   0   0   0   0   0   0   0   0   0   0   0   0   0   0   0   0   0   4   9   0   0   0   0  42   0   0   0   0   0   0   0   0  49   0   0   0   0   0   0   0  25   0   0   0   0  21   0   0   3
   0   0   0  48   0   0   0   0   0   0   0   5   0  26   0   0   0   0   0   0   0   0   0   0   0   0   0   0   0   0   0   0   0   0   0   0   1   0   0   0  44   0  12   0   0   0   0   0   0   2   0   0   0  12  48   0   0   0   0   0   0   0   0
   0   0  13   0   0   0   0  31   0   0   0  50   0   0   0   0   2   0   0   0   0   0   0   0   0   0   0  47   0   3   0   0   0   0   0  11   0   0   0   0   0   0   0   0   0   0   0   0   0   0   0   0   0   0   0   0   0   0   0   0   0   0
   0   0   0   0   0   0   0   0   0   0   0   0   0   0   0   0   0   0   0   0   0   0   0   0   0   0   0   0   0   0   0  27   0   0   0   0   0   0  37   8   0   0   0   0   0   0   0   0   0   0   0   0   0   0  15   0   0   0  10   0   0
   0  19   0  31   0   0   0   0   0   0   0   0   0   0   0   0   0   0   0   0   0   0   0   0  12   0   0   0   0   0  27   0   0   0   0   0   0   0   0   0   0   0   0   0   0   0   0   0   0   0   0   0   0   0   0   0   0   0   0   0
   0   0   0   0   0   0   0   0   0   0   0   0   0   0   0   0   0   0   0   0   0   0   0  36   0  14   0   0  23   0   0   0   0   0   0  39   0   0  18   0   0   0   0   0   0   0  14   0   0   0   0   0   0   0   0   0   0   0   0
   0   0   0   0   0   0   0   0   0   0   0   0   0   0   0   0   0   0  42   0   0   0   0   0   0   0   0  12   0   0   0   0   0   0   0   0   0  44   0   0   0   0   0   0  49   0  47   0   0   0   0   0   0  49  25   0   0   0
  46   0   0   3   0   0   0   0   0   0  34   0  49   0   0   0  32   0   0   0  13   0  19   0   0   0   0   0   0   0   0   0  20   0   0   0   0   0   0  50   0   0   0   0   0   0   0   0   0   0   0  20   0   0   0   9   0
   0   0   0   0   0   0   0   0   0   0   0   0   0   0   0   0   0   0   0   0   2   0   0   0   0   0   0   0   0   0   0   0   0   0   0   0   0   0   0   0   0   0   2   0   0   0   0   0   0   0   0   0   0   0   0  26
   0   0   0   0   0   2   0   0   0   0  41   0   0  19   0   0   0   0   0   0  41   0   0   0   0  13   0   0   0   0   0   0   0   0  36   0   0  15  33   0   0   3   0   0   0   0  31   0   0   0   0   0   0   0   0
   0   0   0   0   0   0   0   0   0   0   0   0   0   0   0   0   0  22   0  19   0   0   0   0   0   0   0   0   0   0   0   4   0   0   0   0   0   0  22   0   0   0   0   0   0   0   0   0   0   0   0   0   0   0
   0   0   0   0  42   0   0   0   0   0   0   0  12   0   0   0   0   0   0   1   0   0   0   0   0   0   0   0   0   0   0  16   0   0  37   0   0   0   0  26  32   0   0   0   0   0   0   0   0   0   0   0   0
   0   0   0   0   0   0   0   0   0   0   0   0   0  15   0   0   0   0   0   0   0   0   0   0   0   1   0   0   0   0   0   0   0   0   0   0   0   0   0   0   0   0   0   0   0   1   0  17   0   0   0   0
   0   0   0   0   0   0   0   0   0   0   0   0   0   7   0  42   0   0   0   0   0   0   0  13   0   0   0  23   0   0   0  45   0   0   0   0   0   0   0   8   0   0  38  43   0  19   0   0   0   0   0
   0   0   0   0   0   0   0   0   0   0   0   0   0   0   0   0   0   0   0   0   0   0   0   0   0   0   0   0   0  16   0   0   0   0   0   0   0   0   0   0   0   0   0   0   0   0   0   0   0   0
   0   0   0   0   0   0   0  12   0   0   0   0   0   0   0   0   0   0   0   0   0   0   0   0   0   0   0   0   0   0   0   0   0   0   0   0   0   0   0   0   0   0   0  42   0   0   0   0   0
  32   0   0   0   0   0   0   0  39   0  29   0   0   0   0  29   0   0   0   0   0   0   0   0   0   0   0  29   0   0   0   0   0   0   0   0   0   0   0   0   8   0   0   0   0   0   0   0
   0   0   0  19   0   0   0   0   0   0   0   0   0   0   0  31   0   0   0   0   0  19   0   0  24   0   0   0  26   0   0   0   0   0  11   0   0   0   0   0   0   0   0   0   0   0  47
   0   0   0   0  13   0   0   0   0   0   0  22   0   0   0   0   0   0   0   0   0   0  30   0   0   0   0   0   0   0   0   0   0   0   0   0   0   0   0   0   0   0   0   0   0  36
   0   0   0   0   0   0  33   0   0   0   0   0   0   0   0   0   0   0   0   0   0   0   0   0   0   0   0   0   0   0   0   0   0   0   0   0   0   0   0   0   0   0   0   0   0
   0   0   0   0   0   0   0   0   0   0   0   0   0   0   0   0  27   0   0   0   0   0  19   0   0   0   0   0   0   0   0   0   0   0   0   0  21   0   0   0   0   0  45  20
   0   0   0   0   0   0   0   0   0   0   0   0   0   0   0  29   0   0   0   0   0   0   0   0   0   0   0   0   0   0   0   0   0  31   0   0  36   0   0   0   0   2   0
   0   0   0   0   0   0   0   0   0   0   1   0   0   0   0   0  35   0   0   0   0   0   0   0   0  49   0   0   0   0   0  13   0   0   0   0   0   0   0   0   0  24
   0   0   0  32   8  39   0   0   0  35   0   0   0   0   0   0   0   0  50   0   0   0   0   0   0   0   0   0   0   0  24   0  36   0   0   0   0   0   0   0   0
   0   0   0   0   0  15  18   0   4   0   0  35  26   0   0   0   0   0   0   0   0   0   0   0  13   0   0   0   0   0  48   0   0   0   0   0   0   0  30   0
   0   0   0   0   0   0   0   0   0   0   0  50   0   0   0   0   0   0   7   0   0   0   0   0   0   0   0   0  43   0   0   0   0   0   0   0   0   0   0
   0   2   0   0   0   0   0   0   0  48   0   0   0   0   0   0   0   0   0   0   0   0   0   0   0   0   0   0   0   0   0   0   0   0   0   0   0   0
   0   0   0   0   0   0   0  42  12   0   0   0   0   0   0   0   0   0   0   0   0   0  37   0  29   0   0   0   0   0   0   0   0   0   4   0   0
   0   0   0   0   0  30   0   0   0   0   0   0   0   0   0   0   0   0   7   0  25   0   0   0   0   0   0  23   0   0   0   0   0   0  15   0
   0   0   0   0   0   0   0   0   0   0   0   0   0   0  22  41   0   0   0   0   0   0   0   0   0   0   0   0   0  29   0   0   0   0   0
   0   0   0   0   0   0   0   0   0   0   0   0   0   0   0   0  29   0   0   3   0   0   0   0   0   0   0   0   0   0  24  21   0   0
   0  34   0   0   0   0   0   3   0   0   0   0   0   0   0   0   0   0   0   0   0   0   0   0   0   0   0   0   0   0   0   0   0
   0   0   0   0   0   0   0   0   9   0   0   0   0   0   0   0   0   0   5   0   0   0  26   0  33   0  13   0   0   0   0   0
   0   0   0   0   0   0   0   0   0   0   0   0   0   0   0   0  28   0   0  20   0   0   0   0   0   0   0   0   0   0   0
   0   0   0   0   0   0   0   0   0   0   0   0   0   0   0   0   0   0   0   0   0   0   0   0   0   0   0   0   0   0
  13   0   0   0   0   0   0   0   0  31   0  46   0   0   0   0   0   0   0   0   0   0   0   0   0   0   0   0   8
   0   0   0   0   5  25   0   0  43   0   0   0   0   0   0   0   0   0   0   0   0   0   0   0   0   0   0   0
   0   0   0   0  10   0   0   0   0   1   0   0   0   0   0   0   0  20   0   0   0   0   0   0   0   5   0
   0  32   0   0   0   0   0   0   0   0   0   0   0   0   0   0   0   0   0   0   0   0   0   0   0   0
   0   0   0   0  20   0   0   0   0   0   0   0   0   0   0   0   0   0   0   0   0   0   0  44   0
   0   0   0   0   0  11   0   0   0   0   0   0   0   0   0   1   0   0   0   0  28   0   0   0
   0   0   0   0   0   0   0   0   0   0   0   0   0   0  31  41   0   0   0   0   0   0   3
   0   0   0   0   0   0   0   0   0   0   0   0   0   0   0   0   0   0   0   0   0   0
   0   0   0   0   0   0   0   0   0  31   0   0   0   0   0   0   0   0   0   0   0
   0   0   0   0   0   0   0   0   0   0   0   0   0   0   0   0   0   0   0   0
   0   0   0   0   0   0   0   0   0   0  47   0   0   0   0   0   0   0  27
   0   0   4   0   0   0   0   0   0   0   0   0   0   0   0   0   0   0
   0   0   0   0   0   0   0   0   0   0   0   0   0   0  13   0   0
   0   0   0   0   0   0   0   0   0   0   0   0   0  34   0   0
   0   0  47   0   0   0   0   0   0   0   0   0   1   0   0
   0   0   0   0   0   0  38   0   0   0   0   0   0   0
   0   0   0   0   0   0   0   0   0   0   0   0   0
   0   0  23   0   0  12   0   0   0   0   0   0
   0   0   0   6   0   0   0   1   0   0  24
   0   0   0   0   0   0   0   0   0  31
   0   0   0   0   0   0   0   0   0
   0   0   0   0   0   0   0   0
   0   0   0   0   0   6   0
   0   0   0   0   0   0
   0   0   0   0   0
   0   0   0   0
   0   0   0
   0   0
  24

 1311
   5   8  17  10  18  11  15  10   6  25  15  18  12  14  20  22   2   9   5  18   9  24  22  12  23  19  11  25   3   7  17  20   5   6  23  14  25   3  25  22  24  19  21  12  10  12   8   1  19  19  22  23   1  16  24  10  13   4  15  19  25  13   5   4  12  15  24  19  16  12   4   6  13  24  13  17  15  10  21   2  22   8  16  23  14   6   1  22  23  18  14   5  10  12  24  12  19  16  19  24

