 100 
   0   0   0   0   0   0   0   0  17  11   0   0   0   0   0   0   0   8   0   6   0   0   0   0   0   0   0   0   0   0   0   0   0   0   0   0   0   0  13  46   0   0   0   0   0   0   0   0   0   0   0   0   0   0  15   0   0   0   0   0   0   0   0  11   0   0   0   0   0   0   0   0   0  15   0   0   0   0   0   0   0   0   0   0   0   0  11   0   0   0   0   0   0   0   0   0   0   0   0   0
   0  21   0   0   0   0   0   0   0   0   0   0   0   0   0   0   0   0   0  10   0   0   0   0   0   0   0   0   0   0   0   0   0   0   0   0   0   0   0   0   0   0   0   0   0   0   0   0   0   0   0   0   0   0  14   0   0   0   0   0   0   0   0   0   0   0   0   0   0   0   0   0   0  42   0   0  23   0   0   0   0  37   0   0  22   0   0   0   0   0   0   0   0   0   0   0   0   0   0
   0   0  11   0   0   0   0   0   0   0   5   0   0   0   0   0   0   0   0  15   0   0   0   0   0   0   0   0   8   0   0   0   0   0  45   0   0   0   0   0   0   0   0   0   0   0   0   0   0   0  36   8   0   0   0   0   0   0   0   0   0   0   0   0   0   0  22   0   0   0   0   0   0   0   0   0   0   0   0   0   0   0   0  49   0   0   0   0   0   0   9   0   0   0  37   0   0   0
   0  31   0  12   0   0   0   0   0   0   0   0  20   0   0   0  37   0   0   0  39   0   0   0  32   0   0   0   0   0   0   0   0  25   0   0   0   0   0   0   0   0   0   0   0  49   0   0   0   0   0   0   0   0   0   0   0   0   0  48   0   0   0   0   0   0   0   9   0   0   0   0   0   0   0   0   0   0   0  37  31   0   0   0   0   0   0   0   0   0   0   0   0  50   0   0   0
   0   0   0   0   0   0   0   0   0   0   5   0   0   0   0   0   0   0   0  12   0   0   0   0   0   0   0   0   8  40   0   0   0   0   0   0   0   0   0   0   0   0  42   0   0   0   0   0   0  25  15   0   0   0   0   0   0   0   6   0   0   0  43   0   0   0   0   0   0   0   0   0   0   0   0   0   0   0   0   0   0   6  25   0   0   0   0   0   0  15   0  37   0   0   0   0
   0   0   0   0  48   0   0   0   0   0   0   0   0  17   0  12   0   0   0   0   0   0   0   0   0   0   0   0   0   0   0   0   0   0   0   0   0   0   0  19   0   0   0   0   0   0  22   0   0   0   0   0   0  11  30   0   0   0   0   0   0   0   0   5   0   0   0   0   0   0   0  40   0   0   0   0   0   0  43   0   0   0  36   0   0   0   0   0   0   0   0   0   0   0   0
   7   0   0   0   0   0  29   0  42  45   0   0   0   0   0   0   0   0   0   0   0  11   0   0   0   0   0   0   0   0   0   0  36   0   0   0   0   0  10   0   0   0   0   0   0  49   0   0   0   0   0   0   0   0   0   0   0   0   0   0   0   0   4   0   0   0   0   0   8   0   0   0   0   0   0   0   0   0   0   0   0   0   0   0   0   0   0   0   0   0   0   0   0   0
   0   0   0   0   0   0   0   0   0   0   0   0   0   0   0   0   0   0   0   0   0   0   0   0   0   0   0   0   0   0   0   0   0   0   0   0   0   0   0   0   0   0   0  43   0   0   0   0   0   0   0   0   0   0   0   0   0   0   0   0   0   0   0   0   0  13   0   0   0   0   0   0   0   0   0   0   1   0   0   0   0   0   0   0   0   0  18   0   0  42   0   0   0
   0   0   0   0   0   0   0   0   0   0   0   0   1   0   0  17   0   0   0   0   0   0   0   0   0   1   0   0   0   0   0   0   0   0   0   0  39   0  23   0   0   0   0   0   0   0   0   0   0   0   0   0   0   0   0   0   0   0   0   0   0   0   0   0   0   0  49   0   0   0   0   0   0   0   0   0  12   0  19   0   0   0   0   0   0   0   0   4   0   0   9  20
   0   0   0   0   0   0   0   0   0   0   0  15   0   0   0   0  15   0   0   0   0   0   0  34   0   0   0   0   0   0   0   0   0   0   0   0   0   0   0   0  46   0   0   0  21   0   0   0  16   0   0  32   0   0   0   0   0   0   0   0   0   0   0   0   0   0   0   0   0   0   0   0   0   0   0   0   0   0   0   0   0   0   0   0   0   0   0   0   0   0   0
   0   0   0   0  31   0   0   0   0   0   0   0   0   0   0   0   0   0   0   0   0   0   0   0   0  21   0   0   0   0   0   0   0   0   3   0   0   0   0   0  27   0  29   0   0   0   0   0   0   0   0   0   0   0   0   0   0   0   0   0   0   0   0   0   0  28   0   0   0  32  47   0   0   0   0   0   0   0   0   0   0   0   0   0   0   0   0   0   0   0
   0   0   0   0   0   0   0   0   0   0   0   0   0   0   0   0   0   0   0   0   0   0   0   0   0   0   0   0   0  28   0   0   0   0   0   0   0   0   0   0   0  40   0   0   0   0   0   0   0   0   0   0   0   0   0   0   0   0   0   0   0   0   0   0  34   0   0   0   0   0   0   0   0   0   0   0   0   0   0   0   0   0   0  45   0   0   0   2   0
   0   0   0   0   0   0   0   0   0   0   0   0   0   0   0   0   0   0   0   0   0  36   0   5   0   0  19   0   0   0   0   0   0   0   0   0   0   0   0   0   0   0   0   0   0   0   0  41   0   0   0   0   0   0   0   0   0   0  47   0   0   0   0   0   0  24   0  30   0   0   0   0   0   0   0   0   0   8   0   0   0   0   0   0   0  39   0   0
   0   0   0   0   0   0   0   0   0   0   0   0   0   0  35   0  21   0   0   0  22   0  10   0   0   0   0   0   0   0   0   0   0   0   0   0   0   0   0   0   0   0   0   0   0   0   0  20   0   0   0   0   0  36   0   0   0   0   0   0   0   0   0   0   0   0   0   0   0   0   0   0   0   0   0   0   0   0   0   0   0   0   0   0   0  35   0
   0   0   0   0   0   0   0   0   0   0   0   0   0   0   0   0   0   0   0   0   0   0   0   0   0   0   0   0   0   0   0   0   0   0   0   0   0   0   0   0   0   0   0   0   0   0   0   0   0   0   0   0   0   0   5   0   0   7   0   0   0   0   0   0   0   0   0  46   0   0   0   0   0   0   0  12   0   0   0   0   0   0   0   0   7   0
   0   0   0   0   0   0   0   0  46  42   0   0   0   0   0   0   0   0   0   0   0   0   0   0   0   0   0   0   0   0   0   0   0   0   0   0   0   0   0   0   0   0   0   0   0   0   0   0   0   0   0  35   0  46   0   0   0   0   0   0   0   0   0   0   0   0   0   0   0   0   0   0  22   0   0   9   0   0   0   0   0   0   0   0   0
   0   0   0   0   0   0   0   0   0   0   0   0   0   0   0   0   0   0   0   0   0   0   0   0   0   0   0   0   0  27   0   0   0   0   3   0   0   0   0   0   0   0   0   0   0   0   0   0   0   0   0   0  38   0   0   0   0  24   0   0   0   0  42   0   0  17   0   0   0   0   0   0   0   0   0  15   0   0   0   0   0   0   0   0
  36   0   0   1  15   0   0   0   0   0   0   0   0   0   0   0   0   0   0   0   0   0   0   0   0   0   0   0  30  31   0   0   0   0  49  15   0   0   0   0   0   0   0   0   0   0   0   0   0   0   0   0   0   0   0   0   0   0  44   0   0  37   0   6   0   0   0   0  25   0   0   0   0   0   0   0   0   0   0  31   0   0   0
   0  11   0  12   0   0   0   0   0   0   0   0  48   0   0   0   0   0   0   0   0   0  37   0   0   0   0   0   0   0   0   0   0   0   0   0   0  18  32   0   0   0  19   0   0   0   0   0  36   0   0   0   0   0   0   0   0   0   0   0   0   0   0   0   0   0  21   0  15   0   0   0   0   0   0   0   0   0   0   0   0   0
   0   0   0   0   0   0   0   0   0   0   0   0   0  43   0   0   0   0   0   0   0   0  25  13   0   0   0   0   0   0   0   0   0   0   0   0   0  21   0   0   0   0   0   0   0   0   0   0   0   0   0   0   4   0   0   0   0   0   0  29   0   0   0   0   0   0   0   0   0   0   0   0   0   0   0   0   0   0   0   0   0
   0   0  28  35   0   0   0   0   0   0   0   0   0   0   0  16   0   0   0   0   0   0   0   0   0   0   0   0   0   0   0   0   0   0   0   0   0   3   0   0  44   0   0   0   0   0   0   0   0   0   0   0   0   0   0  45  13   0   0   0  15   8   0   0   0   0   0   0   0   0   0   0   0   0   0   0   0   0   0   0
   0   0   0   0   0   0   0  40   0   0  12   0   0   0   0   0   0   0   0   0   0   0   0   0  40   0   0   0   0   0   0   0   0   7   0   0   0   0   0   0   0   0   0   0   0   0  30   0  22   0   0   0   0   0   0   0   0   0   0   0   0   0   0   0   0   0   0   0   0   0   0   0   0   0   0   0   0   0   0
   0  50   0   0   0   0   0   0  23   0   0   0  15   0   0  43   0   0   0   0   0   0   0   0   0   0   0   0   0  12   0   0   0   0   0   0   0   3   0   0   0   0   0   0   0   0   0   0   0   0   0   0   0   0   0   0   0   0   0  47   0   0   0   0  42   0   0   0   0   0   0   0   0   0   7   0   0   0
   0   0   0   0   0   0   0   0   0   0   0   0   0   0   0   0   0   1   0   0   0   0   0   0   0   0  34   0   0   0   8   0   0   0  40  21   0   0   0   0   0  27   0   0   0   0   0   0   0   0   0   0   0   0   0   0   0   0  16  43   0   0   0   0   0   0   0   0   0   0   0   0   0   0   0   0   0
   0  16   0   0   0  20   0   0   0   0   0   0  26   0   0   0   0   0  22   0   0   0  28   0   0   0   0   0   0   1   0   7   0   0   0   0   0   0   0   0   0   0   0   0   0   0  10   0   0   0  30   0   0   0   0   0   0   0   0   0   0   0   0   0   0  40   0  30   0  19   0   0   0   0   0  44
  42   0  37   0   0   0   0   0   0   0   0   0   0   0   0   0   0   0   0   0   0   0   0   0   0   0   0   7   0  27   0   0   0   0   0   0   0   0   0   0  13   0   0   0   0   0   0   5   0   0   0   0   0   0   0   0   0   0   0   0  41   0  14   0   0   0   0   0   0   0   0   0   0   0   0
   0   0   0   0   0   0   0   0   0   0   0   0   7   0   0   0   0   0  21   0   0  35   0   0   0   4   0   6   0   0   0   0   0  33   0   0   0   0   0   0   0   0   0   0   0  26   0   1  13   0   0   0   0   0   0   0   0   0   0   0   0   0   0   0   0   0   0   0   0   0   0  12  20   0
   0   0   0   0   0   0   0   0   0   0   0  36   0   0   0   0   0   0  10   0   0   0   0   0   0   0   0   0   0   0   0   0   0   0   0   0   0   0   0   0   0   0   0   0   0   0   0   0   0   0   0  38   0   0   0   0   0   0   0   0   0   0  37   0   0  15   0   0  49   0   0   0   0
   0   0   0   0   0   0   0   0   0   2   0   0   0   0   0   0   0   0   0   0   0   0   0   0   0   0   0   0   0   0   0   0   0   0   0   0   0   0   0   0  23   0   0   0   0   0   0   0   0   0   0   0   0   0   0   0  34   0   0   0   8   0   0   0   0   0   0   0   0   0   0   0
   0   0   0   0   0   0   0   0  32   0   0  28   0   0   0   0   0   0   0   0   0   0   0   0   0   0   0   0   0   0   0   0   0   0   0   0   0   0   0   0  12   0   0   0  41   0   0  27   0   0   0   1   0  18   0  31  44   0   0   0   0   0   0   0   0   0   0   0   0   0   0
   0  11   0   0   0   0   0   0   0   0   0   0   0   0   0   0   0   0   0   0   0   0   0  13   0   0   0  35   0   0   0   0   0   0   0   0   0   0   0   0   0   0   0   0   0   0  10   0   0   0   0   0  11   0   0   0  38   0   0   0   0   0   0   0   0   0   0   0  22   0
   0   0   0   0   0   0   0   0   0   0   0   0   0   0   0   0   0   0   0   0   0   0  29   0   0   0   0   0   0   0   6   0   5   0   0   0   9   0   0   0   0   0  30   0   0   0   0   0   0   0   0   0   0   0   0   0   0  14   7   0   0   0   0   0   0   0   0   0   0
   0   0   0   0   0  11   0   0  36   0   0   0   0   0   0   0   0   0   0   0   0   0   0   0   0   0   0   0   0   0   0   0   0   0   0   0   0   0   0   0   0   0   0   0   0   0   0   0   0   0   0   0   0   0   0   0   0   0   0   0   0   0   0   0   0   0   0   0
   0   0   0   0   0   0   0   0   0   0   0  44   0   0   0   0   0   0   0  41   0   0   0   0   0   0   0   0   0   0   0   0   0   0   0   0   0   0   0   0   0  35   0   0   0   0   0   0   0   0   0   0   0   0   0   0   0   0   0   0  23   0   0   0   0  47  33
   0   0   0   0   0   0   0   0   0   0   0   0   0   0   0   0   0   0   0   0   0   0   0   0   0   0   0   6   0   0   0   0   0   0   0   0  26   0   0   0   0  17   0   0   0   7   0   0   0   0   0   0   0   5   0   0   0   0   0   0   0   0   0   0   0   0
   0   0   0   0   0   0   0  21   0   0   0   0  30   0   0   0   0   0  17   0   0   0   0   0   0   0  32   0   0   0   0   0   0   0   0   0   0   0   0   0   0   0   0  26   0   0   0   0   0   0  32   0   0   0   0   0   0   0   0   0   0   0   0   0   0
   0   0   0   0   9   0   0  28   0   0   0   0   0   0   0   0   0   0   0   0   0   0   0   0  39  23   0   0   0   0   0   0   0   0   0   0   0   0   0   0   0   0   0   0   0   0   0   0   0   0   0   0   0   0   0   0  43   0   0   0   0   0   0   0
   0   0   0   0   0   0   0   0   0   0   0   0   0   0   0   0   0   0   0   0   0   0   0   0   0   0   0   0   0   0  33   0   0   0   0   0   0   0   0   0   0   0   0   0   0   0   0  33   0   0   0   0  35   0   0   0   0   0   0   0   0   0   0
   0   0   0   0   0   0   0   0   0   0   0   0   0  12   0   0   0   0   0   0   0   0   0  10   0   0   0   0   0   0   0  38   0  15   0   0   0   0   0   0   0   0   0   0   0   0   0   0   0   0   4   0   0   0  46   0   0   0   5  50   0   0
   0   0   0   0   0   0   0   0   0   0   0   0  17   0   0   0   0   0   0   0   0   0   0   0   0   0   0   0   0   0   0   0   0   0   0   0  43  34  22   0   0   0   0   0   0  34   0   0   0   0   0   0   0   0   0   0   0   6   0   0   0
   0   0   0   0   0   0   0   0   0   0   0   0   0   0  46   6   0   0   0   0   0   0   0   0   0   0   0   0   0   0  14   0   0  14  50   0   4   0  43   0   0   0   0   0   0   0   0   0   0   0   0   0   0  36   0   0  37   0   0  41
   0   0   0   0   0   0   0   0   0   0   0   0   0   0   0   0   0   0   0   0   0  43   0   0   0   0   0   0   0   0   0   0   0   0   0   0   0   0   0   0   0   0   0   0   0   1   0  44   0   0   0   0   0   0   0   0   0  33   0
   0   0   0   0  13   0   0   0   0   0   0   0   0   0   0   0   0   0  13   0   0   0   0   0   0  24   0   0   0   0   0   0   0   0   0   0   0   8   0   2   0   0   0   0   0   0   0   0   0   0   0   0   0  32   0  22   0   0
   0   0   0   0   0   0   0   0   0   0   0   0  24  41   0   0   0   0   0   8   0   0   0   0   0   0   0   0   0   0   0   0   0   0   0   0   0   0   0   0   0   0   0   0   0  38   0  40   0   0   0   0   0   0   0   0   0
  22   0  34   0   0   0  44   0   0   0   0   0   0   0   0   0   0   7   0   0   0   0   0   0   0   0   0   0   0  25   0   0   0   0   0   0   0  14   0   0   0   0   0   0   0   0   0   0   0   0   0   0   0   0   0   0
   0   0   0   0   0   0   0   0   0   0   0   0   0   0   1   0   0   0   0   0   0   0   0   0   0   0   0   0   0   0   0   0   0   0  31   0   0   0   0   0   0   0   0   0   0   0   0   0   0   0   0   0   0   0   0
   0   0   0   0   0   0   0   0  21   0   0   0   0   0   0  24   0   0   0   0   0   1   0   0   0   0   0   0   0   0   0   0  26   0   0   0   0   0   0  39   0   0   0   0   0   0   0   0   0   0   0   0   0   0
   0   0   0   0   0   0   0   0   0   0   0   0   0   0   0   0   0   0   0   0   0   0   0   0   0   0   0   0   0   0   0   0   0   0   0   0   0  21   0   0   0   0  12   0   0   0   0   0   0   0  24   0   0
   0   0   0   0   0   0   0   0   0   0   0   0   0   0   0   0   0   0   0   0   9   6   0   0   0   0   0   0   0   0   0   0   6   0   0   0   0   0   0   0   0   0   0   0   0   0   0   0   0   0   0   0
   0   0   0   0   0   0   0   0   0   0   0   0   0   0   0   0   5   0   0   0   0   0   0   0  16   0   0   0   0   0   0   0   0   0   0   0   0   0   0   0   0   0   0   0   0   0   0   0   0   0   0
   0   0   0   0   0   0   0   0   0   0   0   0   0   0   0   0   0   0  26   0   0   0   0   0   0   0   0   0   0   0   0   0   0   0   0   0   0   0   0  29   3   0   0   0   0   0   0   0   0   0
   0   0   0   0   0  12   0   0   0   0   0   0   0   0   0   0   0   0   0   0   0   0   0   0   0   0   0   0   0  29   0   0   0   0   0   0   0   0   0   0   0   0   0   0   0   0   0   0   0
   0   0   0   0   0   0   0   0   0   0   0   0   0   0   0   0   0   0   0   0   0  45   0   0   0   0   0  31   0   0   0   0   0   0   0   0   0   0   0   0   0   0   0   0   0   0   0   0
   0   0   0  27   0   0   0   0   0   0   0   0  11   0   0   0   0   0   0   0   0   0   0   0   0   0   0   0   0   0   0   0   0   0   0   0  30   0   0   0   0   0   0  12   0   0   0
  34   0   0   0   0   0   0   0   0   0   0   0   0   0   0   0   0   0   0  39   0   0   0   0   0   0   0   0   0   0   0   0   0   0   0  24   0   0  37   0   0   0   0   0   0   0
   0   0   0   0  37  45   0   0  34  47   0   0   0   0   0   0   0   0   0   0   0   0   0   0   0   0   0   0   0   0   0   0   0   0   0   0   0   0   0   0   0   0  28   0   0
   0   0  14   0   0  42   0   9   0   0   0  25   0   0   0   0   0   0   0   0   0   0   0   0   0   0   0   0   0   0  41   0   0   0   0   0  36   0   0  47   0   0   0   0
   0  41   0   0  49   0  38  10   0   0   0   0  29   0   0   0   0   0   0  32   0   0   0   0   0   0   1   0   0   0   0   0   0   0   0   0   0   0   0   0   0   0  20
   0   0  24   0   0   0   0   0   0   0   0   0   0   0   0   0   0   0   0   0   0   0   0   0   0  32  10   0   0   0   0   0   0   0   0  43   0   0   0   0   0   0
   0   0   0   0   0   0   0   0   0   0   0   0   0   0   0   0   0   0   0   0   0   0   0   0   0   0   0   0   3   0   0   0   0   0  38   0   0   0   0   0   0
   0  23   0   0   0   0   0   0   0   0   0   0   0   0   0   0   0   0   0   0   0   0   0   0   0   0   0   0   0   0   0   0   9  31   0   0   0   0   0   0
   0   0   0   0   0   0  31   0   0   0   0   0   0   0   1   0   0   0   0  19  12  15   0   0   0   0   0  11   0   0   0   0   0   0   0   0   0   0   0
   0   0   0   0   0   0   0   0   0   0   0   0   0   0   0   0   0   0   0   0   0  12   0   0  16   0   6  25   0  40   0  26   0   1   0   0   0  37
  16   9   0   0   0  25   0   0   0   0   0   0   0   0   0  45   0   0   0   0   0   0   0   0  19   0   0   0   0   0   0   0   0   0   0   0  12
   0   0   0   0   0   0   0   0   0   0   0   0   0   0   0   0   0   0   0   0   0   0   0  30  29   0   0   0   0   0   0   0  44   0   0   0
   0   0   0   0   0   0   0   0  15  32   0   0   0   0   0  20   0   0   0   0   0   0   0   0   0   0   0  27   0  26   0   0  10   0   0
   0   0   0  11   0   0   0   0   0   0   0   0   0   0   0   0   0   0   0   0   0   0   0   0   0   0   0   0   0   0   0   0   0  19
  39   0   0   0   0   0   0   0   0   0   0  44   0  42   0   0   0   0   0   0   0   0   0   0   0   0   0   0   0   0   0  24   0
   0   0   0   0   0   0  36   0   0   0   0   0   0   0  36   0   0   0   0   0   0   0   0   0   0   0   0   0   0   0   0   0
  42   0   0   0   0   0   0   0   6   0   0   0   0   0   0   0   0   0   0   0   0   0   0   0   0   0   0   0   0   0   0
   0  31   0   0   0   0   0   0   0   0   0   0   0   0   0   0   0   0   0   0   0  16   0   0   0   0   0   0   0   0
   0   0   0   0   0   0   0   0   0   0   0   0   0   0  19   0   0   0  48   0   0   0   0   0   0  32   0  27   0
   0   0   0   0   0   0   0   0   0   0   0   0   0   0   0   0  37   0   0   0   0   0   0   0   0   0   0  16
   0   0   0   0   0   0   0   0   0   0   0   0   0   0   0   0   0   0   0   0   0   0   0  40   0   0   0
   0   0   0   0   0   0   0   0   0   0   0   0   0   0   0   0   0   0   0   0   0   0   0   0   4   0
   0   0   0   0  49  20   0   0   0   0   0   0   0   0   0   0   0   0   0   0   0   0   0   0   0
   0   0   0   0   0   0   0   0   0   0   0   0   7   0   0   0   0   0   0   0   0   0   0   0
   0   0   0   0  15   0   0   0  47   0   0   0   0   0   0   0   0   0   0   0   0   0   0
   0   0   0   0   0   0   0   0   0   0   0   0   0   0   0   0   0   0  17   0   0  39
   0   0   0   0   0   0   0  36   0   0   0   0   0   0   0   0   0   0   0   0   0
   0   0  25   0   0   0  26   0   0   0   6   0   0   0   0   0   0   0   0   0
   0   0   0   0   0   0   0   0   0   0   0   0   0   0   0   0  42  27   0
   0   0   0   0   0   0   0   0   0   0   0   0  27   0  16   0   0   0
   0  47   0   0   0   0   0  32   0   0   0   0   0   0   0   0  44
   0  35   0   0   0   0   0   0   0   0   0   0   0   0   0   0
   0  33   0   0   0   0   0   0   0   0   0   0   0   0   0
   0   0   0  26   0   0   0   0   0   0   0   0  23   0
   0   0   0   0   0   0   0   0   0   0   0   0   0
   0   0   0   0   0   0  24   0   0   0   0   0
   0   0  19   0   0   0   0  36   0   0   0
   0   0   0   7   0   0   0   0   0   0
   0  21  47   0   0   0   0   0   0
   0   0   0   0   0   0   0   0
   0   0   0   0   0   0   0
   0   0   0   0   0   0
   0   0   0   0   0
   0   0   0   0
   0  29   0
   0   0
   0

 628
  25  15  21  16   6  25  17  18   8  11   8   1  14  10  24  21  10  14  19  14  17   1  25   7   5  16  14  11  11  12  14  12  11   9   6  10  22  11  10   1  22  17  15  24  13   8  24  17   7   9  10   4   5   7  16  24   5  25   5  24  21  10  11   6   9   7  14   6   8  25   8  18  10   2   4   1  13   1  12  12   8  21  18   2   7   3   8   1   4   3   4  14  19   8  24  21  17   3   4   6

