 100 
   0   0   0   0   0   0   0  45   0   0   0   0   0   0   0   0   0  48   0   0   0   1   0   0   0   0   0   0   0   0  38   0   4   0   0   0   0   0   0   0   0  22  45   0   0   0   0   0   0   0   0   0   0   0   0   0   0  28   0   0   0   0   0   0   0   0   0   0  49   0   0   0   0   0   0   0   0   0   0  10   0   0   0   0   0   0   0   0   0   0   0   0   0   0   0  11   0   0   0   0
   0   0   0   0   0   0   0   0   0   0   0   0  23   0   0   0   0   0   0   0   0   0  42   0  35  18   0   0   0   0   0   0   0   0   0   0   0   0   0   0   0   0   0   0   0   0   0   0   0  14   0   9   0   0  49   0   0   0   0   0   0   0   0   0   0   0   0  24   0  12   0   0   0   0   0   0   0   0   0   5   0   5   0   0   0   0   0  26   0   0   0   0   0   3   0  44   0   1   0
   0  32   0  45   0  46   0   0   0   0   0   0   0   0   0   0   0   0   0   0   0   0   0   0  17   0   0   0   0  42  29  35  40   0   0   0  46  31  21  20   0   0   0   0   5   0   0   0  49   0   0   0   0  36  34  31   0   0   0  46   0   0   0   0   9   0   0   0  44  17   0   0   0   0   0   0  47   0   0   0   0  39   0   0   0   0   0  26   0   0  20   0   0   0   0  26   0   0
   0  47   0   0   0   0   0   0   0   0   0   0   0   0   0   0   0   0   0   0  49   8   0   0   0   0   0   0   0   0   0   0  46   0   0   0   0  40  33   0   0   0   0   0   0   0   0   4   0   0   0   0   0   0   0   0   0   0   0   0   0   0   0   0   0   0  31   0   0   0   5   0  13   0   0   0   0   0   0  22   0  12   0   0   0   0   0   0   0   0   0   0   0   0   0   0   0
   0   0   0   0   0   0   0  17   0   0   0   0   0   0   0   0  46   0   0   0   0   0   0   0   0   0   0   5   0   0   0   0   0   0  33   0  49   0   0   0   0   0   0   0  37   0   0   0  20   0   0   0   0   0   0   0   0  44  12   0   0   0   0   0   0   0   0   0   0   0  20   2   0   0   0   0   0   0   0   0   0   0   0   0   0   0   0  42   0   0   0  43   0   0   0   0
   0   0   0   0  46   0   0   0   0   0   0   0   0  22   0   0   0   3  29   0   0   0   0   0   0   0  24   0   0   0   0   0   0   0   0  18   0  19   0   0   0  18  18   0   0   6   0   0  42  37   0   0  50   0   0   0   0   0   0   0   0   0   0   0   0   0   0  50   0  20  18   0   0   0   7   0   0   0   0   0  49   0  27   0  48   0   0   0   9   0  30   0   0   0   0
   0   0   0  15   0   0   0   0   0   0   0  24   0   0  28   0   0   0   0   0  18   0   0   0   0   0   0  50   0   0   0  50   0   0   0   0   0   0   0   0   0   0   0   0   0   0   0   0   0   0   0   0   0  12   0  33   0   0   0  15   0   2   0   0  32  22  49   0   0   0   0   0   0   0   0   0   0   0   0  17   0   0   0   0   0   0  28   0   0   0   0   0   0   0
   0  39   0  31   0   0   0   0   0   0   0   0  40   7   0   0  16   0   0   0   0  14   0   0   0   0   0   0   0   1   0  20   0   0   0   0   0   0  27   0   0   0   0  28   0   0   0   0   0   0   0   0   0   0   0   0   0   0   0   0   0   0   0  45   0   0   0   0   0   0   0   0   0   0   0   3   0   0   0  48   0   0   0   0   0   0   0  42   0   0   0  19   2
  28   0  25   0   0  28  14   0   0   0   0   0   0   0  42   0   0   0   0   0   0   0   0   0   0   0   0  43   0   0   0   0   0   0   0   0   0   0   0  25   0   0   0   0  40   0   0   0  42   0  20   0   0   0   0   0   0   0   0   0   0   0   0   0   0   0   0   0   5   0   0   0   0   0   0   0   0   0   0  45   0   0   0   0  23   0   0   5  31  12   0   0
   0   0   0   0   0   0   0  22   0   0   0  21  42   0  47   0   0   0   0   0  48   0  35   0  18   0   0   0   0   2   0   0   0   0   0   0   0   0   0   0   0   0   0   0   0   0  36   0  32   0   0   0   0   0   0   0   0   0  49   0   0   0   0   0   0   0   0   0   0   0   0   0  10   0   0   0   0   0   0   0   9   0   0   0   0   0   0   0   0   0   0
   0   0   0   2   0   0   0   0   0   0   0  24   0   0   0   0   0   0   0   0   0   0   0   0   0   0   0   0   0  50   0   0   0  39   0   0   0   0   0   0   0   0  45   0   0   0   0   0   0   0   0  14   0   0  26   0   0   0   0   0   0   0   0   0   0   0   0  17   0   0   7   0   0   0   0   0   0   0   0  40   0   6   0  29   0  39   0   0   0   0
   0  48   0   0  10   0  15   0   0   0   0   0  31   0   0  23  18  47   0   0   0   0   0   0   0   0   0   0   0   0  49   0   0   0  45   0   0   0   0   0   0   0   0   0   0  39   0   0   0   0  30   0   0   0   0  15   0   0  28   0   0   0   0   0   0   0   0   0   0   0   0   4   0   0   0   0   0   0   0   0   0   0   0   0   0   0   0   0   0
   0   0  49   0   0   0   0   0   0   0   0   0   0   0   0  24   0   0   0   0   0  49   0   0   0   0   0   0   0   0   0  12  19   0   0   0   0   0   0   0   0   0   0   0   0   0   0   0   0   0  35   0   0   0   0   0   0   0   0   0   0   0   1   0   0   0   0   0   0   0   0   0   0   0   0   0   0   0   0   0   0  25   0   6  50   0   0   0
   0   0   0   0   0   0   0   0   0  24   0   0  28   0   0   0   0   0   0   0   0   0   0   6   0   0   0   0   0   0   0   0   0   0   0   5  47   0   0  23   0   0   0   0   0   0   0   0   0   0   0   0   0   0   0   0   0   0   4   0   0   2   0   0   0   0   0   0   0   0   0  12   0   0   0   0   0   0   0  39  11   0  29  22   0   0   0
   0   0   0   0   0   0   0   0   0  30   0   0   0   0   0   0   0   0   9   0   0   0   0  47  43  24   0   0  24   0   0   0   0   0   0   0   0   0   0   0   0  24   0  37   0   0   0   4   0   0   0   0   0   0   0   0   0   0   0   0   0   0   0  41   0   0   0   0   0   0  32   0   0   5   0   0   0   0   0   0   0   0   7  26   0   0
   0   6   0   0   0   0  42   0  26   0   0   0   0   0   0   0   0   0   0   0   0  48   0   0   0   0   0   0   0   0  25   0  30   0   0   0   0   0   0   0  29   0   0   0   0   0   0   4   1   0   0   0   0   0   0   0   0   0   0   0  39   0   0   0   0   0   0   0   0   0   0   0   0   0   0   0   0   0   0  24   0   0  49   0   7
   0   0   0   0  10   0   0  13   0   0   0   0  34   0  13  11  14   0   0   0   0   0   0   0   0   2   7   0   0   0   0   0   0   0   0   0   0   0  26   0   0   0   0  38   0   0   0   0   0   0   0   0   0   0  28  30   0   0   0   3   0   0   0   0   0   0   0  38   0   0   0   0   0   0   0   0   0   0   0   0   0  47   0   0
   0  44   0  49   0   0   0   0  26   0   0   0   0   0   0   0  30   0   0   0  43   0   0   0   0   0   0   0   0   0   0   5   0   0   0   0   0   0   0   7   0   0   0   0   0   0   0  46   0   0   0   0   0   0   0   0   0   0   0  28   0  19   0   0   0   0   0  27   0   0   0   0   0  28   0   0   0   0   0   0  43   0   0
   0   0   0   0   0   0  23   0   0   0   0   0   0   0   0   0   0   0   0   0   0   0   0   0   0   0   0   0   0  29   0   0   0   0   0   0   0   0   0  10   0   0   0   0   0   0   0   0   0   0   0   0   0   0   0  38  28   0   0   0   0   0   0   0   0   0   0   0   6   0   0   0   0   0   0   0   0   0   0   0   0   0
   0   0   0   0   0   0   0   0   0   0   0   0   0   0  35   0   0   0   0   0   0   0   0   0   0   0  44   0   0   0  23   0   0   0   0   0   0   0   5   0   0   0   0   0  31   0  24   0   0  26   0   0  38   3   0   0   0   0   0   0   0   0   0   0   0   0   0   0   0  39   0   0   0   0   0   0   0   0   0   0   0
   0   0   0   0   0   0  42   0   0   4   0   0   0   7   0   0   0  20   0   0   0   0   0   0  46   0   9   0   0   0   0  20   0   0   0  26   0   0   0   0   0   0   0   0   0   0   5   0  41   0   0   0  26  37   0   0   0   0   0   0  47   0   0  13   0   0   0   0   0   0  50  46   0   0   0  10   0  26   0   0
   0   0  20   0   0   0   0   0   0   0   0   0   0   0   0   0   0   0   0   0   0   0   0   7   0   0   0   0   0   0   0   0   0   0   0  34   0   0   0   0   0   3   0   4   0   0   0   0   0   0   0   0   0   0  22   0   0   0   0   0   0   0   0   0   0  17   0   0   0   0   0   0   3  43   0   0   0   0   0
   0  35   0   0   0   0   0   0   0   0   0   0  17   0   0   0   0   0   0   9   0   0   0   0   0   0   0   0   0   0  17   0   0  42   0   0   0   0   0   0   0   0   6   0   0   0   0  42  45   0   0   0   0   0   0   0  42   0   0   0   0   0   0   0   0  32   0   0   0   0   0   0   0   0   0   0   0   0
   0   0   0   0   0   0   0   0   0   0   0   0  49   0  20   0   0   0   0   0   0   0  12   0   0   0   0   0   0   0  38   0  48   0   0   0   0   0   0   0   0   0   0   0   0   0   0   0   0   0   0   0   0   0   0   0   0   0  44   0   0  31   0   0   0   0   0   0   0   0   0   0  49   0   0   0   0
  45   0   0   0   0  34   0   0   0   0   0  45   0   0   0   0  50   0   0   0   0   0   0   0   0   0   0   0   0   0   0   0   0   0   0   0   0   0   0   0   0   0   0   0   0   0  21  13   0  19   0   0   0   0   0   0   0   0   0   0   0   0   0   0   0   0   0   0  25   0   0   0   0   0   0  47
   0   0   0   0  13   0  14   0   0   0   0   0   0   0   0  26   0   0   0   0   0   0  13  24   0   0   0   0   0   0   0   0   0   0   0   0   0   0   0   0   0   0   0   0   0   0   0   0   0   0   0   0   0   0  47   0   0   0   0  38  33   0   0  14   0   0  41   0   0  26   0   4   0   0   0
   0  42   0  16   0   0   0   0  46   0   0   0   0   0   0   0   0  37   0   0   0   0   0   0   0   0   0  18   0   0   3  42   0   0   0   0   0   0  16   0   0   0   0   0   0   0   0   0   0   5   0   0   0   0   0  28   0   0  27   0   0  16  14   0   0   0   0   0   0  11   0   0   0  39
  16   0   0   0   7   0  40   0   4   0  13   0   0   0  31   0   0   0  32   0   0   0   0   0   0   0   0   0   0   0   0   0  32   0   0   0   0   0   0   0   0   0   0   0   0   0   0   0   0   0  35  37   0   0   0   0   0   0   0   0   0  16   0   0   0   0   0   0   0   0  23   0   0
  40   0   0   0   0   0  19   0  44   0   0   0  26   0   0   0   0   0   0   0   0   0   0   0   0   0   0   0   0  20   0   0   0   0   0   0   0   0   0   0   0   0   0   0   0   0   0  50   0   0   0   0   0   0   0   0  22   0   0  48   6   0   0   0   0   0   0   0   2   0   0   0
   0   0   0   0   0   0   0   0   0  47  26   0   0   0   0   0   0   0  26   0   0  18   0   0   0   0   0   0   0   0   0   0   0   0   3   0  50   0   0   0   0  17   0  45   0   0   0   0   0   0   0   0   0   0   0   0   0   0   0   0   0   0   0   0   0   0   0   0   0   2   0
   0   0   0   0   0   0   0   0   0   0  14   0   0   0   0   0   0   0   2   0   0  36   0   0   0   0   0   4   0   0   0   0  17   0   0   0   0   0  35   0   0   0   0   0   0   0   0   0   0   0  26   0   0   0  11   0   0   0   4   0   0   0   0   0  36   0   0   0   0   0
   0   0   0  46   0   0   0   0   0   0   0   0   0   0   0   0  12   0  20  18   0   0   0   0   0   0   0   0   0   0  13   0   0   0   0   0   0   0   0   0   0   0   0   0   0  28   0   0   0   0   0  13   0   0   0   0   0   0   0   0   0   0   0   0  41   0  34   0   0
   0   0   0   0  33   0   0   0   0   0   0   0   0  40   0   0   0   0   0   0   0   0  40   0   0   0   0   0   0   0   0   0   0  43  36   0   0   0   0   0   0   0   0   0   0   0   0   0   0   0   0   0   0   0   0   0   0  10   0   0   0   0   0   0   0   0   0  43
   0   0   0   0   0   0   0   0   0   0   0   0   0   0   0   0   0   0  23   0   0   0  42   0   0   0   0   0   0   0   0   0   0   0   0   0   0  31   0   0   0   0   0   0   0   0   0   0   4   0   0   0   0   0   0   0   0   0  33   0   0   0   0   0   0   0   0
  43  36  36  32   0   0   0   0   0   0   0   0   0   0  11   0   0   0   0  39   0   0  12   0   0   0  18   0   0   0   0   0   0   0   0   0   2   0   0   0   0  32   0   0   0   0   0   0   0   0   0   0   0  18   0   0   0  39   0   0   0   6   0   0   0   0
   0   0   0   0   0   0   0   5   0   0   0   0   0   0  39   0   0   3   0   0   0   0   0  34   0   0   0   0  19   0   0   0  13   0   0  44   0   0   0   0   0   0   0   0   0   0   4   0   0   0   0   0   0   0   0   0  48   0   0  20   0   0   0   0   0
   0   0   0   0   0   0   0   0   0   0   0  11   0   0   0   0   0   0   0   0   0   0   0   0   0  25   0   0   0  26   0   0   0  20  28   0  38   0   0   0   0   0   0   0  36   0  21   0   0   0   0   0   0   0   0   0   0   0   0   0   0   0  23   0
   0   0   0   0  12   0   0   0   0   0   0   0   0   0   0  22   0   0   0  11   0   0  23   0   0   0   0   0   0   0  39  34   0   0   0  15   0  38   0   0   0  27   0   0   0   0   0  18   0   0   0   0   0   0   0   0   0   0   0   0   0   0  50
   0   0   0   0   0   0  34   0  14   0   0   0   0   0   0  17   0   0   0   0  33   0  29   0   0   0   0  46   0   0   0   0   0   0  41   0  31   0   0   0   0  29   0   0   0   0   0   0   0  47   0   0   0   0   0   0  48   0   0   0   0   0
   0   0   0   0   0   0   0   0   0   0   0   0   0   0   0   0   0   0   0  22   0   0  42  45  32   0   0   0   0   0   0   0   0   0   0  14   0   0   0   0   6   0   0   0   0   0   0   0   0   0   0   0   0   0   0   0   0   0   0   0  34
   0  31   0   0   0  28   0   0   0  48   0   0   0   0   0   0   0   0   0   0   0   0   0  10   0   0   0   0   0   0  11   0  28   0   0   0   0   0   0   0   0   0   0   0   0   0   0   0   0  41   0   0   4   0   0   0   0   0  49   0
   0   0   6   0   0   0   0   0   0  22   0   0   0   0   0   0  11   0   0   0  15   0   0   0   0   0   0   0   0   0   0   0   0  27   0   0   0   0   0   0   0   0  28   0  21   0   0   0   0  49   0   0  42   0   0   0   0   0   0
  32  46  30   0   0   0   0   0   0  17   0   0   0   0   0   0   0  25   0   0   0  10   0   0   0   0   0   0   0   7   0   0  14   0   0   0   0   0  23   0   0   0   0   4   0   0   0   0   0   0   0   0   0   0   0   0   0   0
   0   0  11  46   0   0   1  25   0   0  34   0   0  12   0  14   0   0   0   0   0   0   0   0   0   0   0   0   0   0   0   0   0   0   0   0   0   0   0   0   0   0   0   0  27  44   0   0   0   0   0   0   0   0   0   0   0
   0  45   0   0   0   0   0   0   0  32   0   5   0   2   0   0   0   0  40   0   0   0   0   0   0   0  39   0   0   0   0   0   0   0   0   0   0   0   0  46   0   0  21   0   0   0   0  22   0   0   0   0  27   0   0  34
  43   0   0   0   0   0   0   0   0  14   0   0   0   0   0  42   0   0   0   0   0   0   0   0   0   0   0  19   0  15   0   0   0  16   0   0   0   0   0  41   0   0   0   0   0   0   0   0   0   0   0   0   0   0   0
   0   0   0   0   0   0   0   0   0   0   8   0   0   0   0   0   0   0   0   0  14   0   0   0   0   0   0   0   0   0  34   0   0   0   0   0  33   0   0   0   0   0   0  22   0  12   0   0   0   0   0   0   0   0
   0   0   0   0   0   0   0   0   0   0   0   0   0   0   0   0   0   0   0   0   0   0   0   0   0   0   0   0   0   0  39   0   0   0   0   0   0   0   0   0   0   0   0   0   0   0   0   0   0   0   0   0   0
   0   0   0   0   0  43   0   0   0   0   9   4   0   0   0   0  23   0  42   0   0   0   0   0   0   0   0   0   0   0   0   0   0   0   0   0   0   0  32   0   0   0   0   0  34   0   0   0   0   0   0  27
   0   0  10  15   0   0   0   0   0   0   0   0   0   0   4   0   0   0  46   0   0   0   0   0  14   0  32   0   0   0   0   0   0   0   0   0   0   0  17   0   0  16   0   0   0   0   0   0   0   0   0
   0   0   0  35   0  27  17   0   0   0   0   0   0   0  44  21  27   0   0   0  35   0   0   0   0   0   0   0   0  36   0  30   0   0   0   0   0   0   1   0   0   0   0   0   0   0   0  11   0   0
   0  35   0   0   3   0   0   0   0   0   0   0   0   0   0   0   0   0   0  31   0  39   0   0   0  32   0   0   0   0   0   0   0   0   0   0   0   0   0   0   0   0   0   0  50   0   0   0   0
   0   0   0   0   0   0   0   0   0   0   0   0   0   2   0   0   0  32   0   0   0   0  30   0  18   0   0   0   0   0   0   0   0   0   0   0  48   0   0   0   0   0   0   0   0   0  24  30
   0   0  46   0  32   0   0  42   0   0   0   0   0   0   0   0   0   0   0   0   0   0   0   0   0  40   0   0   0   0   0   0   0  23   0  17   0   0   0   0   0   0   0   0   0  27   0
   0   2   0   0   0   0   0   0  49   0   0   0   0  37   0  42   0   0   0   0   0   0  37   0   0  43  24   0   0   0   0   0   0   0   6   0   7   0   0   0   0   0   0   0   0   0
   0   0  28  14   0   0   0   0   0   0   0   0   0   0   0   0   0   0   0   0   0   0   0   0   0   0   0   0   1   0   0   0   0   0   0   0   0   0   0   0   0   0   0   0   0
   0   0   0   0   0   0  15   0  19   0   0   0  13   0   0   0  22   0   0   0   0  11   0   0   0   0  38   0   0   0   0   0   0   0  33  18   0   0   0   0   0   0  31   0
   0  24   0   0   0   0   0   0  38   0   0   0   0   0   0   0   0  40   0   0   0   0   0   0  17   0   0   0   0   0   0  38   0   0   0   0   0   0   0   0   0   0   0
   0   0   0   0   0   0   0   0   0  11   0   0   0   0   0   0   0   0   0   0   0   0   0   0   0   0  44   0   0   0   0   0  29   1   0   0   0  44   0   0   0   0
   0  38   0   0   0  14   0   0   0  42  19  33   0  35   0   0   0   0   0   0   0   0   0   0   0   0   0   0   0  11  29   0   0   0   0   0   0   0   0  11   0
   0   0   0   0   0   0   0  47   0   0   0   0   0   0   0   0   0   0   0   0  28  48   0   0   0   0   0   0   0   0   0   0   0   0   0   2   0   0   0   0
  22   0   0   0   0   0   0   0   6   0   0   0   0   0   0   0   0   0   0   0   0   0   5  32   0   1   0  32   0   0  19   0   0   0   0  32  20   0   0
   0   0   0   0   0   0   0   0  39   0  33   0   0   0   0   0  20   0   0   0   0   0   0   0   0   0  13   0   0   0   0   0   0   0   0   0   0   0
   0   0   0   0  38   0   0   0   0   0  17   0   0   0   0   0   0   0   0   0   0   0   0  24   0   0   0  50   0   0   0   0   0   0  42   0   0
   0  32   0   0   0   0   0   0   0   0   0   0   0   0   0   0   0   0   0   0   0   0  31   0   0   0   0   0   0   0   0   0   0   0   0   0
   0   0  21   0   0   0   4   0   0  48   0  23  33  29   0  20  15   0   0   0   0   0   0   0   0   0   0   0   0   0   0   0   7   0   0
   0   0   0   0   0   0   0   0   0   0   0   0  31  12   3   0   0   0   0   0   0   0  23   0   0   0  46   0   0   0   0   0   0   0
  39   0   0   0   0   0  40   0   0   0   0   0   0   0   0   0   0   0   0   0   0   0   0   0   0   0   0   0   0   0  29   0   0
  50   0   0   9   0   0   0   0   0   0   0   0   0   0   0   0   0   0   0   0   0   0   0   0   0   0   0   0   0   0   0   0
   0   0   0   0   0   0  26   0   0   0   0   0   0   0   0   0   0   0   0   0  20   0  22  48   0   0   0   0   0   0   0
   0   0   0   0   0   0   0   0   0   0   0   0   0  44   0   0   0   0   0   0   0   0   0   0   0   0   0   0  42   0
   0   0   0   0   0   0   0  21   0  22   0   0   0   0   0   0   0   0   0   0   0   0   0   0  44   0   0   0   0
   0   0  24   0   0   0   0   0   0   0   0  21   0   0   0   0   0   0   0  22   0   0   0   0   0  42   0   0
   0   0   0   0   0   0   0   2   0   0   0   0   0   0   0   0   0   0   0   0   0   0   0   0   0   0   0
  27   0   0   0   0   0   0   0   0   0   0  22   0   0  28   0   5   0   0   0   0   0   0   0   0   0
   0   9   0   0   0   0   0   1   0   0  38   0   0   0   0   0   0  36   3  32   0   0   0  43   0
   0  20   0   0   0   0   0  50   0   0   8   0   0   0   0  20   0  44   0   0   0   0   0   0
   0   0   0   0   0   0   0   0   0   0   0   0   0  26   0   0  19  17  16   0   0   0   0
   0   0   0  41   0   0   9   0   0  38   0   0   0   0   0   0  34  24   0   0   0   0
   0   0   0   0   0   0   0   5   0   0   0   0   0   0   0   0   0   0   0   0  28
   0   0   0   0   0   0   0   0   0   0  13   0   0   0  44  30   0   0   0   0
  35   0   0   0   9   0   0   0   0   0   0   0  10   0   0   0  22   0   0
   0   0   0   0  40   0   0  18   0  36   0   0   0   0   0   0   0   0
   0   0   0   0   0   0   0   0   0   0   0   0   0   0   0   8   0
   0   0   0   0   0   0   0  45   0   0  33   0   0   0   0   0
   0   0  42   0   0   0  13   0   0   0   0   0  40   0   1
   0   0   0   0   0   0   0   0   0   0   0  22   0   0
   0  50   0   0   0   0   0   0   0   0   0   0   0
   0   0  17  47   0   0   0   0   0   0   0   0
   8   6   0   0   0   0   0   0   0   6   0
   0   0   0   0  33  15   5   0   0   0
   0   0   0  48   0   0   0   0   0
   0  33   0   0   0   0   0  27
  33   0  44   0   0   0  41
   0   0   0   0   0   0
   0   0   0   0   0
   0   0   0   0
   0   0   0
   0   0
   0

 935
  19   5  16   8  19  14  24  10  19  23  14   9  18  19   9   2  10  11  14   5   4   7  21   9  24  17  20  21   8  25   9  10  22  19  11   7   3   3  12  19  24   5   5  21  22  20  16  16  14  20  13  10  18   5   9   2  21  20  23  12  21  19  16  18   5   1  16  18  12  21  23  21   9  25   3  15  17  15   1   5   3  16  12  15   4  21   9   5  11  22  20   3   7  24  22  13  11  11   9  10

 100 
   0   0   0   0   0   0   0   0  22   0   0   0   0   0   0   0   0   0   0  49  16   0  24   0  29   0   0   0   0   0   0   0   0  12   0   0   0   0   0  37   6   0   0   0  15   8   0   0  30  42   0   0   0   0   0   0   6   0   0   0   0   0  11   0   0   0   0   0   0   4   0   1   6   0   0   0  26   0   0   0   0   0   0   0   0   0   0   0   3   0   0  12   0   0   0   0   0   0   0   0
   0   0   0   0   0   0   0   0   0   0   0   0   0   0   0   0   0   0   0   0   0   0   0   0   0   0   0  16   0   0   0   0   0   0   0   0   0   0   0   0   0   0   0   0   0   0   0   0   0   0  38  48   5   0   7   0   0   0   0   0   0   0   0   0   0   0   0   0   0   0   0   0   4   0   0   0   0   0  32   0   0   0  50   0   0   4   0   0  31   0   0  31   0   0   0   0   0   0  45
   0  21   0   4   0   0   0   0   0   0  29   0  28   0   0   0  49   0   0   0   0   0   0   0   0   0   0  33   0   0   0   0   0   0   0  20   0   0   0  36   0   0   0   0   0   0   0   0   0   0   0   0   0   0  10   0   0  27   0   0   0  22   0   0   0  41   9   0   0   0   0   0   0   0   0   0   0   0  38   0   0   0  50   0   0   0   0   2   0  10   0   0   4   0   0   0   0   0
  40  15   0   0   0   0   0   0   0   0   0   0   0   0  22   0   0   0   0   0   0   0   0   0   0   0   0   0  35   0   0   0   0   0  45   0   0   0   0  42  35   0   0   0   0   0  34   0   0   7   0  29   0   0   0   0   0   0   0   0  42  33   0   0   0   4   0   0   0   0   0   0   0   0   0   0   0   0   0   0   0   0   0  40   0   0   0   0  43   0   0   0   0   0   0   3   0
  35   0   0   0   0   0   0   0   0   0  14  46   0   0   0   0   0  13   0   0   0   0   0   8   0  19  22   0  20   0   0  10  11   2   0   0   0   0   0   0   0   0   0   0   0   0   0  15  48   0   0   0   0   0   0   0   0   0   0   0   0   0   0   0   0   0   0   0   0   0  27   0   0   0   0   0  46   0   0   0   0   0   0   0   0   0   0   0   0   0   0   0   0   0   0   0
   0  41   0   0   0   0  30   0   0   0  50   0   0   0   0   0   0   0  27   0   0   0   0   0   0   0   0   0   0   0   0   5   0   0   0  31   0  47   0   0   0   0   0   0   0   0   0   0   0   0   0   0   0  26   0   0   0  33   0  34   0   0   0   0   0  28   0   0   0   0   0   0   0   0   0   0   0   0   0   0   0   0   0   0   0   0   0  32   0   0   7   0   0   0   0
   0   0  10   0   0   0  48   0   0  41  29   0  29   0   0   0   0   0   0   0   0   0   0   0   0  21   0   0   0   0   0   0   0  22   0   0  18   0   8   4   0   0   0   0   0   0   0   0   0   0   0   0   0   0   0   0   0  31   0   0   0   0   0   0   0   0   0   0   0   0   0   0   0   0   0   0   0   0  42   0   0   0   0   0   0   0   0   0  28   0  21   0   0   0
   0   0  24   0   0   0   0   0   0   0   0   0  47  45   0   8   0  43   0   0   7   0   0   0   0   0   0  32   0   0   0   0   0   0   0   0   0  29  43   0   0  44  20   0  11   0   0   0   0   0   0   0   0   0   0   0   0  46  31   0   0   0   0   0   0   0   0   0   0   0   0   0   0   0   0   0   0   0   0   0   0   0   0   0   0   0   0  28   0   0   0   0   0
   0  49   0   9   0  15  14   0   0   0   0   0   0   0   0   0   0   0   0  43   0   0   0  35   0  47   0   0   0   0   0   0   0  30  20   0   0   0  10   0   0   0   0   0   0   0   0   0   0   0   0   0  39   0   0   0  26   0   0   0  38   0   0   0   0   0  11   0   0   0   0   0   0   0   0   0   0   0  27   0   0   0   0   0   0   0   0   0   0   0   0   0
   0   0   0   0   0   0   0   0   4   0  28   0   0   0   0   0   0   0   0  45   0   0   0   8   0  37   0   0   0   0   0   0   0   0   0   0  20   0   0   0   0   0   0  27   0   0   0   0   0   0  14   6   0   0  12   0   0  29   0  13   0   7   0  24   0   0   0   0   0   0   0   0   0  48   0   0   0   0   0   0   0   0  44  27  28   0   0  27   2   0   0
   0   0   0   0   0   0   0   0   0   0   0   0   0   0   0   0  47   0   5   0   0   0   0   0   0   0  29   0   0   0   0   0   0   0   0   0   0   0   0   0   0   0   0   0   0   0   0   0   0   0   0   0   0   0   0   0   0   0   0   0   0   0   0   0   0   0   0   0   0   0   0   0   0   0   0   0   0   0  12   0  22  32   0   0   0  11  43   0   0   0
   0   0   0   0   0   0   0   0   4   0  40   4   0   0   0   0   0   0   0   0   0   0   0   0   0   0   0   0   0   8  22   0   0   0  40  17   0   0   0   0   0   0   0   0   0   0   0   0   0   0   0   0   0   0   0   0   0   0   0   0   0   0   0   0   0   0  19   0   0   0   0   0   0   0   0   0  35   0   0   4  41   0  25   0  34   0  19   0   0
   0   0   0   0   0  38   0  34   0   0   0   5  49  33   0   0   0   9   0   0   0   0   0   0   0   0   0  24   0  45   0   0  46   0   0   0   0   0   0   0   0   0  38   0   0   0  36   9   7   0   0   0  11   0   0   0   0   0   0   0  44  29   0   0   0   0   0   0  10  18   0   0   0   0   0   0   0   0   0   0  27   0   0   0   0   0   0   0
   0   0   0   0  43   0   0   0   0  17   0  22   0   0  45   0   6  39  46   0   0   0   0   0   0   0   0   0   0   0   0   0  10   0   0   0  32   0   0   0   0   0  47   0   0   0   0   0   0   0  34   0   0   0   0   0  16   0  21   0   0   0   0   0   0   0   0  31   0  44   0   0   0   0   0   0   0  36  22   0   0   0   0   0   0   0   0
   0   0   0   0   0   0   0   0   0   0  24   0   0   0   0   0   0   0  46   0   0   0   0   0   0   0   0   0   0   0   0   0   0   0   0   0  26   0   0   0  50   0   0   0   0  35   0   0   0   0   0   0   0   0  19   0  10   0   0   0   0   0   0   0   0   0   3   0   0   0   0   0   0   0   0   0   0   0   0   0  36   0   0   0   0   0
   0  40   0   0   0  27   0   0   0   0   0   0   0   0   0   0  30   0   0   0   0   0   0  45   0   0   0   0   0   0   0   0   0   0   0   0   0   0   0   0   0  45   0   0   0   0   0   0   0  33   0   0   0   0   0  43   0   0   0   0   0   0   0   0  26   0   0   0   0   0  42   0   0   0   0   0   0   0   0   0   1   0   0   0  27
   0   0   0  11   0   0  34   0   0   0   0   0   0   0   0   0   0   0   0  44   0   0   0   0   0   0   0   0   5   0   0  46   0   0   0   0   0  10  46   0   0   0   0   0   0   0   0   0   0   0   0   0   0   0   0  23   0   0   0   0   0   0   0   0   0   0   0   0   0   0   0  28  32   0   0  33   0   0   0   0   0   0   0   0
   1   0   0  30   0   0   0   0   0   0   0   0   0   0   0  50  24   0   0  50   0   0   0   0   0  46   0   0  19   0   0   0   0   0   0  32   0   0  46   0   0   0   0   0   0  36  36   0  35   0   0   0   0   0   0  40   0   0   0   0   0   0  46   0   0   0   0   0   0   0  50   0   0   0   0   0   0   0   0   0   0   0   0
   0   0   0   0   0   0   0   0   0  26   3   0   0   0   0   0   0   0   0   0   0   0   0  18   0   0   0   0   0   0   0   7   0   0   0   0   0   0   0   0   0   0   0   0   0   0   0   0   0   5   0   0   0   0   0   0   0  44   0   0   0  20   0   0  20   0   0   0   8   0   0   0  16   0   0   0   0   0   0   0   0   0
   0   0   0   0   0   0   0   0   0   0   0   0   0   0   0   0   0   0   0   0   0   0   0   0   0   0  50   0   0   0   0  35   0   0  33   0   5   0   0   0   0   0   0   0  13   0  20   0  20   0  14   0   0   0   0   0  50   0   0   0   0   4   0  49   0   0   0   2  48   0   0   0   0   0   0   0   0   0   7   0   0
   0  19  36   0   0   0   0  44   1   7   0   0   0   0   0  37   0   0   0  20   0   0   0   0   0   0   0   0   0   0   0   0   0   0   0   0   0   0   0  39   0   0   0   0   0   0   0   0   0   0   0   0  49   0   0   0   0   0   0   0   0   0   0   0   0   0   0   0   0   0   0   0   0   0   0   0  24   0   0   0
   0   0   0   0   0   0   0   0   0   0   0   0   0   0   0   0   0   0   0   0   0   0   0   0   0   0   0   0   0  31   0  30   0   0   0   0  24   0   0   0   0   0   0   0   0   0   0   0   0  30  16  34   0   0   0   0   0   0   0   0   0  38   0   0   6  44   0   0   0   0   0   0   0   0   0   0   0   0   0
   0   0   0   0   0   0   0   0   0   0   0   0   0   0   0   0   0   0   0   0   0   0  48  38   0   0   0   0   0   0   0   0   0   0  19   0   0   0   0   0   0  44   0   0   0   0  49   0   0   0  22   0   0   0   0   0   0   0   0   0   0   4   0   0   0  26   0  46   0   0   0   0   0   0   0   0  49   0
   0   0   0   0   0   0   0   0   0   0   0   0   0   0   0   0  37   0   0   0   0   0   0   0   0   0   0   0  30   0   0   0   0   0   0   0  35   0   0   0   0   0   0   0   0   0   0   0   0   0   0   0  30   0   0   0   0   0   0  18   0   0   0   0   0  37   0   0   0   0  44   0   0   0   0   3  28
   0   0   0   0   0   0  33   0   0   0   0   0  24   0   0   0   0   0   0   0   0   0   0   0   0   0   0   0   0  21   0   0  49   0   0   0   0   0  26  23   0   0   0   0   0   0   0   0   1  43   0   0   0   0   0   0   0   0   0  16   0   0   0   0   0   0   0   0   0   0   0   0   0   0   0  27
   0   0   0   0   0   0   0   0   0   0   0   0   0   0   0   0   0   0   0   0   0   0   0   4   0   0   0   0   0   0  17   0   0   0  23   0   0  40   0   0   0   0   0   0   0  34   0   0   0   0  12   0   0  10   0   0  38   0   0   0   0   0   0   0   0   0  27   0   0   0   0   0   0   0   0
   0   0   0   0   0   0   0   0  24   0   0   0   0   0   0   0   0   0   0  18   0   0   0   8   0  29  12  45   0   0   0   0   0   0   0   0   0   0   0  29   0   0   0   0   0   0   0  29  28   0   0   0   0   0   0   0   0   0   0   0   0   0   0   0   0   0   0   0  46   0   0   0   0   0
   0   0   0  49   0   0   0   0   0   0   0   0   0   0   1   0  36   0   0   0   0   0   0   0   0   0   0   0   0   0   0   0  13   0   0   0   0   0   7   0   0   0   0   0   0   0   0   0   0   0   0   0   0   0  45  38   0  45   0   0   0   0   0   0   0   0   0   0   0   0   0   0   0
   0   0   0   0   0   0   0  33   0   0   0   0  17   0   0   0   0  43   0   0  37   0   0   0  26   0  13   0   0   0   0  34   0  13   0   0   0  20   0   0   0   0   0   0   0   0   0   0   0   3   0   0   0   1   0   0   0   0   0   0  30   0   0   0   0   0   0  12   0   0   0   0
   0   0   0   0   0   0   0   0   0   0   0   0  30   0   0   0   0   0   0  46   0   0   0   0   0   0   0   0   0   0   0   0   0   0   0   0   0   6   0   6   0   0   0   0   0  24   0   0   0   0   0   0   0   0  32   0   0  10   0   0   0   0   0   0   0   0   0   0   0   0   1
   0   0   0   0   0   0   0   0   0   0   0   0   0   0   0   0   0  15   0  19   0   0   0   0  10   0   0   0   0   0   0   0   0   0   0   0  44   0   0   0   0   0   0   0   0   0   0   0   0   0   0   0   0  20   0   0   0   0   0   0   0   0  36  39   0   0   0   0  41   0
   0   0   0   0   0   0   0  13  30  36   0  20   0   0   3   0   0   0   0   0   0   0   0   0   0   0   0   0   0   0   0   0   0   0   0   0   0   0  30   0   0   0   0   0   0  43  26   0   0   0   0   0   0   0   0   0   0   0   0   6   0   0   0  43   0   0   0   0   0
   0   0  36   2   0   0   0   0   0   0   0   0   0   0   0   0  23   0   0  17   0   0   4  47  40   0   0  34   0   0   0   0   0  37   0   0   0   0   0   0   0   0   0   0   0   0   0  30   0   0   0  29   0   0   0   0   0   0   0   0   0   0   0   0   0   0   0   0
   0  50   0   0   0   0   0   0   0  21   0   0   0   0   0   0   0   0   0   0   0   0   0   0   0   0  49   0   0  25   0   0   0   0   0   0  50   0  14   0   0   0   0   0   0   0   0  49   0   0   0   0   0   0   0   0   0  19  32   0   0   0  29   0   0   0   0
   0  22   0   0   0   0   4   0   0   0  13   0   0   0   0   0   0   0   0   0   0   0   0   0   0   0   0   0   0  49  44   0  19   0   0  31   0   0  21   0   0   0   0   0   0   0   0   0   0   0   0   0  20   0   0   0   0   0   0  18   0   0   0  33   0   0
   0   0   0   0  31   0   2   0   0   0   0   0   0   0   0   0   0   1  20   0   0   0   0   0   0   0   0   0   0   0   0   0  44   0   0  16  21   0   0   0   0   0   0   0   0   0   0   0   0   0   0   0   0   0   0   0   0  50   0   0   0   0   0   0   0
   0   0   0   0  28   0  35   0   0   0   0   0  47   0   0  47   0  27   0   0   0   0   0   0   0   0  10   0   0   0   0   0   0  36   0   0   0   0   0   0   0   0   0   0  36   0  31   0   0   0   0   0   9   0   0   0   1   0   0   0   0   0   0   0
   0   0   0   0   0   0   0   0  40   0  38   0   0   0   0   0   0   0   4   0   0   0   0   0   0   0  34   0   0   0   0   0   0   0   0   0  13   0   0   0  15   0   0   0   0   0   0   0   5   0   0   0   0   0   0   0   0   0   0  48   0   0   0
  34   0   0   0   1   0   0   0   0   0   0   0   0   0   0   0  27   0  29   0  39   0   0   0   0   0   0   0   0   0   0   0   0   0  36   0   0  20   0   0   8   0   0   0   0  24   0   0   0   0   0   0   0   0   0   0   0   0   0   0   0   0
   0   0   0  45   0   0   0   0   0   0   1   0   0   0   0   0   0   0   0   0   0   0   0   0   0   0   0   0   0   0   0   0   0   0  15   0   0   0   0   0  29   0   0   0   8  32   0   0   0   0   0   0  28   0   0   0   0   0   0   0   0
   0   0   0   0   0   0   0   0   0   0   0   0   0   0   0   0   0   0   0   0   0   0  46   4   0   6  26  34   0   0   0  13   0   0   0   0   0   7   0   0   0   0   0   0   0   0  41   0   0   0   0   0   0   0   0   0   0   0   0  44
   0   0  43   0   0   0  23  37   0   0   0   0   0   0  13   0   0  42   0   0   0   0  22   0  41  40  38   0   0   0  42   0   0   0   0   0   0   0  20   0   0   0   0  24  17  39  10   0   0   0   0   0   0   0   0   0   1   0   0
   0  35   0   0   0   0   0   0  14   0   0   0  37   0   0   0   0   0   0   0   6   0   0   0   0   0   0   0  38  18   0   0   0   0   0   0   0   0   0  50   0   0   0   0   0   0   0   0   0   0   0   0   0   0   0   0   0   0
   0   0   0  33   0   0   0   0   0   0   0  38   0   0   0   0   0   0   0   0  30   0   0   0   0   0   0   0   0   0  36   0   0   0   0   6   0   0   0   0   0   0  16   3   0   9   0   0   0   0   0  24   0   0   0   0   0
   0   0   0   0   0   0   0   0   0   0   0   0   0   0   0   0   0   0   0  21   0   0   0  46   8  29  21  41   0  24   0   0   0  37   0   0   0   0   0   0   0   0   0   0   0   0   0   0   0   0   0   0   0   0   0   0
   0   0   0   0   0   0   0   8   0   0   0   0   0   0   0   0   0   0   0   0   0   0   0   0  37   0   0   0   0   0   0   4   0   0   0   0  27   0   0  18   0   0   0   0   0   0   0  35   0   0   0   0   0   0  42
   0   0   0   0   0   0   0  27   0   0  25   0   5   0   0   0   0   0   0  25   0   0   0   0   0   0   0   0   0   0   0   0   0   0   0   0   0   0   0   0   0   0  34   0   0   0   0   0   0   0   0   0   0   0
   0  33  11  47   0   0   0   0   0   0   0   0   0   0  43   0   0  20   0   0   0   0   0   0   0   0   0   0   0   0   0   0   0  22   0   0  32   0  32   0  11  35   0   0  49   0   0   0   0   0   0   0   0
   0   0   0  44   0   0   0   0   0   0   0   0   0  26   0   0   0   0   0   0   0   0   6   0   0   0   0  42   0   0   0   0   0   0   0   0   0   0   0   0   0   0  48   0   0   0   0   0   0   0   0   0
   0   0   0   0   0   0   0   0   0  23  45   0   0   0   0   0   0   0   0   0   0   0   0   0   0   0   0   0   0   0   0   0   0   0  16   0   0   0  37   0   0   0  38   0   0  16  15   0   0  44   0
   0   0  19   0   0   0   0  28   0   0   0  14  30   0   0   0   1   0   0   0   0   0  14   0   0   0   0  30   0   0   0   0  30   0   0   0   0   0   0   0   0   0   0   0   0   0   0   0   0   0
   0   0   0   0   0   0   0   0   0   0   0   0   0   3   0   4   0   0  24   0   0   0   0   0   0   0   0   0   0   0   0   0   0   0   0   1   6   0   0   0   0   0   0   0  40   0   0   0   0
   0   0   0   0   0   0  50   0   0   0   0   0   0  44  16   0   0   0   0   0   0   0   0   0  40  19   0   0   0   0   0   7   0   0   0   0   0   0  21   0   0   0   0   0   0   0   0   0
  34   0  46   0  47   0  40   0   0   0   0   0   0  36   0   0   0   0   0   0   0   0   0   7   0   0   0   0   0   0   4   0   0   0   0   1  19  28   0   0   0   0   0   0   0   0   0
   0   0   0   0   0   0   0  28   0   0   0   0   0   0   0   0   0   0   0   0   0   0  11   0  35  18   0   0   0   0   0   0   0  22   7   0   0   0   0   0   0   0   0   0   0   0
  18   0   0   0   0   0   0   0   0   0   0   0   0  19  13   0  33   0   0   9   0   0   0   0   0  33   0   0   0   0   0   0  42   0   0  27   0  10   0  37   0   0   0   0  16
   0   0   0   0   0  50   0   0   0  38   0   0   0   0   0   0   0   0   0   0   0   0   0   0   0   0   0   0   0   0   0   0   0   0   0  17   0   1   0   0   0   0   0   0
  48  43   0   6  29   0   0  26  45  17   0   0   0   0   0   0   0  20   0   0   0   0  15   0  41   0   4  34   0   7   0   0   0  23   0  10  29   0  32   0   0  34  21
   0   0   0   0   0   0   0   0  36   0   0   0   0   0   0   0   0   0   0   0   0   0  47   0   0   0   0   0   0   0   0  29   0   0   0   0   0   2   0   0   0   0
   0   0   3   0   0   0   0   0   0   0   0  26  34   0   0   0   0   0  40   0   0   0   0   0   0   0   0   0   0   0   0   0   0   0   0   0   0  10   0   0   0
   0   0   0   0   0   0  47   0   0   0   0   0   0   0   0  17   0   0   0   0   9   0   0   0   0   0  11  11   0   0   0  50   0   0   0   0   0  27  32   0
   0   0   0   0   0   0  28   0   0   0   6   0   0   0   0   0   0   0   0  49   0  50   0   0   0   0   0   0   0   0   0   0   0   0   0   0   0   0  37
   0   0   0   0   0   0   0   0   0   0   0   0   0   0   0   0   0   0   0   0   0   0   0   0   0   0   0  47   0  48   0   0   1   0   0   0   0  19
   0   0   0  44   0  21   0   0   0  10   0   0   0   0   0   0  44  30   0   0   0   0   0   0   0   0   0   0  19   0   0   0  33   0   0   0   0
   7   0  28   0   0   0   0   0  16   0   0  36   0   0   0   0   0   0   0   0   0   0   0   0   0  33   0  10   0   0   0   0   0   0   0   0
   0   0   0   0   0   0   0  42   0   0  44   0   0   0   0   0   0   0   0   0   0   0   0   0   0   0   0   0   0   0   0   0   0   0   0
   0   0   0   0   0   0  40   0   0  49   0   0   4   0   0  35   0   5   0   0   0   0   0   7   0   0   0   0   0   0   0   0   0   0
   0   0   0   0  38   0   0   0   0   0   0   0  27   0   0   0   0   0   0   0   0   0   0   0   0   0   0   0   0   0   0   0  36
  10   0   0   0   0   0   0   0  28  27   0  42   0  42   0  27   0   0  26   2   0   0  43   0  47   0   0   0   0   0   0   0
   0  27   0   0   0   0   0   0  13   0   0   0   0   0   0   0   0   1   0   0   0  26   0   0   0   0   0  33   0   7  30
   0   0   0   0   0   0   0   0  48   0   0   0  48   0   0   0  45   0   0   0   0  21   0   0   0   5   0   0   0  38
   0   0   0   0   0   0   0   0   0   0  40   0   0   0   0   0   0   0   0  49   0   0   0   0   0   0   0  24   0
   0   0   0  10  50   0   0   0   0   0   0   0   0   0   0   0   0   0   0   0   0   0   0   0   0   0   0   0
   0   0   0   0   0   0  15   0   0   0   0   0   0   0   0   0   0   0   0   0  44   0   0   0   0   0   0
   0   0   0   0   0   0   0   0   0   0   0   0   0   0   0   0   0   0   0   0   0  23   0   0   0   0
   0   0  47   0   0   0   0   0   0   0   0   0   0   0   0   0   0   0   0   0  33  43   0  32   0
   0   0   0   0   0   0   0   5   0   4   0   0   0  40   0  24   0   0   0   0   0   0   0   6
   0   0   0   0   0   0   0   0   0   0   3   0   0   0   0   0   0   0   0  39   0   0  44
   0   0   0   0   0  27   0   0   0   0  33  32   0   0   0   8   0   0   0   0   0   0
   0  30   0   0   0   0   0   0   0  23   0   0   0   0   0   0   0   0   0   0   0
  27  24  31   0  44   0   0   5   0   0  49   0   0   0   0  36   0   0  22   0
  23   0   0   0   0  14   0   0   0   0   0   0   0   0   0  26  20   0   0
   0   0   0   0   0   0   0   0   0   0   0   0   0   0   0   0   0   0
   0   0   0   5   0   0   0   0   0   0   0   0   0   0   0   0   0
   0  28   0   0   0   0   0   0   0   0   0   0   0   0   0   0
   0   0   8  19   0   0   0   0   0   0  10   0   0  48   0
   0  26  21   0   0   1   0   0   0   0   0   0   0   0
  40   0  20   0   2   0   0   0   0   0   0   0   0
   0   0  26   0   0   0   6  45   0   0   0   0
   1   0   3   0   0   0  17   0   0   0   0
  41   0  14   0   0  33  23   0   0   0
   0   0   0   0   0   0   0  26   0
   0  43   0   0  36   0   0   0
   0   0   0  12   0   0   4
   0  15  42   0   0  12
   0   0   0   0   0
   0   0   0   0
   0   0  35
   0   0
   0

 1165
  16  17   3  12  14  10  21  17  11  18  13  21  17   4  14   1   1  12  21  20  20   6  25  17   3   7   3  11   6  24  15   3  12  10   1  12   9   7  24  18   1  19  14  13   9  22  19   8  11   3   6   2   4   5  13  17  23  22  12  14  18   4   5   2  15   6  16  14  24  14   7  20  16   6  20  23  17  20  22  19   7   4  18   2  19  12  20   7   8   4   9  16  10  12  24  23   5  20  21  25

