 100 
  22   0   0   0   0   0   0   2  17   0  29   0   0   0   0   0   0   0  21   0  20   0   0  50   0   0   0   0   0   0   0   0   0   0   0   0   0   0   0   0   0   0   0  37   0   0   0   0   0   0   0   0  13   0   0   0   0   0   0  25   0  10   0   0   0   0   0   0  29  22   0  19   0   0   0   0   0   0   0   0   0   0   0   0   8   0   0  30   0   0   0   0   0  26   0   0   5   0   0   0
   0   0  37   8   0  34   0   0   0   0   0   0   0   0  42   0   0  17  17   0   0   0   0   0   2   0   0  50   0   0   0   0   9   0   0   0   0  34   0   0   0   0  50   0   0  11  37  17   0   0  12   0   0   0   0   0   0   0  10   0   0   0   0   0   0   0   0   0  32   0  27   0   0  26  41   0   0  17   0   0   0   0   0   0   0  44   0   0   0   0   0   0   0   0   0   0   0   0   0
   0   0   0   0   0   0   0  27   0   0   0   0   0   0   0   0  44   0   0   0  26   0   0   0   0  22   0   0   0   0   0  43   0   0   0  29   0   0   0   0   0   0   0   0   0   0   0   0  45   0   0   0   0   0   0   0   0   0   0   0   0   0   0   0   0  10   0   0   0   0   0   0   0   0   0   0   0   0   0   0  31  34   0   0   0   0   0   0   0   2   0  17   0  33  17   0   0   7
   0   0   0   0   0   0   0   0  12   0   0   0   3   0   0   0   0   0   0   0   0   0   0   0   1   0   0  14   0   0   0   0   0   0   0  10   0  24   0   0   0   0   0   0   0   0   0   0   0   0   0   0   0  12   0   0  41   0   0   0   0   0   0  18   0   0  41   4   0   0   0   0  32   0   0   0   0  49   0  26   5   0   0   0   0  30   0   0  42   0   0   0   0   0  41   0   0
   0   0   0   0   0   0   0   0   0   0   0  18   0   0   0   0   0   0   0   0   0   0   0   0   0   0   0   0  33   0  13   0   0   0   0   0  27   0   0   0   0   0   0   0   0   0  50   0   0   0   0   0   0   0   0   0   0   0  19   0  22   0   0   0   0   0   0   0   0   0   0  48   0  12   0   0   0  14   0   0   0   0  23   0   4  12  13   0  35   0   0  26   0   0   0   0
   0   0  22   0   0   0   0   0   0   0   0   0   0   0   0   0   4   0   0   0   0  13   0   0   0   9   0   0   0  40   0   0   0  18   0   0   0   0   0   0   0   0   0  42   0   0   0   0   0  10   0   0   0   0   0   0   0   0   0   0   0   0   0   0  41   0   0   0   0   0   0  46   0   0   0   0  26   0   0   0   0   0   0   0  26   0   0   0   0   0   0   0  29  45   0
   0   0   3   0   0   0   0  26   0   0   0   0   0   0   0   0   0  30   0   0   5   0   0   0   0   0   0   0   0  48   0   0   0   0   0   0   0   0   0   0   0   0   0   0   0   0   0   0   0   0   0  37   0   0   0   0  49   0   0   0   0   9  20   0  45  15   0   0   0   0   0   0  39   0   0   0   0   0   0   0  40   0   0   5   0   0  13   0   0   0   0  47  30   0
   0   0   0   0   0   6  37   0   0   0   0   0   0   0   0  25   0   0   0   0   5   0   0   0   0   0   0   0   0   0   0   0   0   0   0   0   0   0  42  14   2   0  24   0   0   0   0   0   0  36   0   0   0  49   0   0   0   0   0   0   0   0   0   0   0  25   0   0   0   0  43   0   0   0   0   0   0   0   0   0   0   0  48  16   0   0   0   0   0  46   0   0   0
   0   0   0  47   0   0   0   0  47   0   0   0   0   0   0   0   0   0   0   0   0   0   0   0   0   0   0   0   0   4   0  33   0   0   0  29   0  36   0   0   0   0   0   0  26  34   0   0   0   0   0   0   0   0   0   0   0   0   0   0   0   0   0   0   0   0   0   0   0   0   0   0   0   0   0   0   0   0   0   0   0   0   0   0   0   0   0   0   0   0   0   0
   0   0   0   0   0   0   0   0   0   0   0   0   0   0  18   0   0   0  48   0   0   0   0   0   0  44   0   0   0   0   0   0  30   0   0   0   0   0   5   0  18   0   0   0   0   0   0   0   0   0   0   0   0   0   0   0   0  11   0   0   0   0   0   0   0  33   0   0   0   0   0   0   0   0  13   0   0   9   3   0   0   0  40   0   0   0   0   0   0   0   0
   0   0   0   0   0   0  38   0   0   0   0   0   0  42   0   0   0   0   0  15   0   0   0   0  37   0   0   0   0   0   0   0   0   0   0   5   0   0   0   0   0   0   0   0   0   0   0   0   0   0   0   0  26   0   0   0   0   0   0  47   0   0   0   0  19   0   0   0   0  29   0   0   0   0   0   0   0   0   0   0  11   0   0   0   0   0   0   0   0   0
   0   0   0   0   0   0   0   0   7   0   0   0  18   0   0   0  26   0  27  30   0   0   0   0   0   0   0   0  23   0   0   0   0   0   5  10  33  37   0   0   0   0   0   0  20   0   0   0   0   0  28   0   0  34   0  37   0   0   0   0  43   0   0   0   0   0   0   0   0   0  30  13   0   0   0   0   0  22  43   0  42  27   0   0   0   0   0   0   0
   0   0   0   0   0   2   0  35  25   0   0   0  18   0   0   0   0   0   0  47  29   0   0   0  33   0   0   0   0   0   0   0   0   0  28   0   0   0   0  28   0   0   0   0   0  27  11   0   0  40  36   0   0   0  42   0   0   0   0   0   0  43   0   0  11   0   0   0   0   0   0  38   0   0   0   0   0   0   0   0   0  17   0   0   0   0   0   0
   0   0   0   0   0   0   0   0   0   0  14   0   0   0   0   0   0   0   0   0   0   0   0  33   0   0  14   0   0   0   0  47   0   0   0   0   0   0  26   0   0   0   0  30   0  29  37   0   0   0   0   0   0   0   0   0   0   0   0   0   0   0   0   0   0   0   0   0  36   0   0   0   0   0  31   0   0   0  32   0   8   0   0   0   0   0   0
   0   0   0  48   0   0   0  16   0   0   0   0   0   0   0   0   0   0   0  49  26  39  17   0  34   0   0  22   0   0   0   0   0   0   6   0   0  28   0   0   0   0   0   0   0   0  21   0   0   0   0   0   0   0   0   0   0   0   0  47   0  22   0   0   0   0   0   0   0   0  36   0   0   0   0   0   0  41   0   0   0   0   0   0   0   0
   0   0   0   0   0   0   0  11   0   0   0   0  37   0   0  12   0   0   0  39   0   0  45   0  48   0   0   0   0   0   0   0   0   0   0   0   0   0   0   0   0   0   0   0   0   0   0   0   0   0   0   0   0   0   0   0   0   0   0  42   0   0   0   0   0  10   0   0   0  29  30   0   0   0   0   0   0   0   0   0  14   0   0   0   0
   0   0   0  39   0   0   0   0  40   0  30   0   0   0   0   0   0   0   0   0   0  40   0  20   0   0   0  42   0   0   0   0   0   0   0   0   0   0   0   0   0   0   0   0   0   0   0  46   0   0   0  15   0   0   0  13   0   0   0   0   0  41   0  20   0   0   0   0   7   0   0   0   0   0   0   0   0   0   0   0   0   0  33   0
   0   0   0   0   0   0   0   0   0   0   0   0   0   0   0   0   0  23   0   0   0   0   9   0   0   0   0   0   0   0   0   0   0   0   0   0  44   0   0   0   0   0  13   0   0   0   0   0   0   0  39   0  27   0   0  18   0   0   0   0   0   0   0  28   0  12   0   0   0   0   0   0   0   0   0  10  37   0   0   0  26   0   0
  19   0   0   0   0   0   0   0   9   0   0   0   0   0   0   0   0   0   0   0   0   0   0   0   0  35   0   0   0   0   0   0   0  27   0   0   0   0   0  33   0   0   0   0   0   0   0   0   0   0   0  48   0  49   0   0   0   0   0   0   0   0   0   0   0   0   0  41   1   0   0   0   0   0   0   0   3   0   0   0   0   0
   0   0   0   0   0  17   0  47   0   0   0   0   0   0   0   0   0   7   0   0  10   0   0   0   0   0   0   0   0   0   0   0   0   0   0   0   0   0   0   0   0   0   0  50   0   0  11   0   0   0   0   0   0   0   0   0   0   0  13   0   0   0  16   0   0  47   0   0   0   0   0   0   0   0   0   0   0   0   0   0  21
   0  48   0   0   0   0   0   0   0   0   0   0   0   0   0   0   0   0   0   0   0  30   0   0  44  31  49   0   0   0   0   0   0   0  24   0   0   4   0   0   0   0   0   0   0   0   0   0   0   0   0   0   0  24   0  14   6  48   0   0   0   0   0   0   0   0  44   0   0   0   0   0   0   0   0  37   0   0   0   0
   0   0   0  39   0   0   0   0   0   0   0  15   0   0   0   0   0   0   0   0   0   0   0   0   0  27   0   0   0   0   0  22   0   0   0   0   0   0   0   0   0   0   0   0   0   0   0   0   0  34   0   2   0   0  46   0  13   0   0   2   0   0   0   0   0   0   0   0  46   0   0   0   0   0   0   0   0   0  43
  14  31   0   0   0   0   0   0   0   0   0   0   0   0   0   0   0   0   0   0   0   0   0   0   0   0   0   0   0   0   0   0   0   0   0   0   0   0   0   0   0   0   0   0   0   0   6   0  27   0   0   0   0  30   0   0   0   0   0   0   0   0   0   0   0   0   0   0   0   0   0   0  31   0   0  48   0  40
   0   0   0   0   0   0   0   0   0   0   0   0   0  37   0   0  35   0   0   0   0   0   0   0   0   0  46  35   0   0  49   0   0  26   0   0   0   0   0   0   0   0   0   0   6   0   0   0   0   0   0   0   0   0   0   0   0   0  44   0   0   0   0   0   0   0   0   0   0   0   0   0   0   0   0   0  22
   0   0  46   0  43  50  44   0   0   0   0   0   0  43   1   0   0   0   0   0   0   0   0   0   0   0   0   0  38   0   0   0   0   1   0   0   0   0  42   0   0   0   0   0   5   0   0   0   0   0   0   0   0   0   0   0  21   0   0   0   0   3   0  38   0   0   0   0   0   0   0   0   0  43   0   0
  26   0  33   0   0   0   0   0   0   0   0  38   0   0   0   4  28   0   0   0   0   0  20   0   0   0   0  13   0   0   0   0   0   0   0   0   0   0   0  20   0   0   0   0   0   0  50   0   0   0   0   0  31   0   0   0  38   0  41   0   0   0   0   0   0   0   0  26   0  37   0   0   0   0   0
   0   0   0   0   0   0   0   0   0   0   0   0   0   0   0   0  22   0   0   0   0   0   0   0   0   0  44  29   0   0   0   0   0   0   0   0   0   0   0   0   0   0  44   0   3   4   0   0   0   0   0   0   0   0   0   0   0   0  19   0   0   0   0   0   0   0  19   0   0   0   0   0  12   0
  19   0   0   0   0   0   0   0   0   0   0   0   0  19   0   0   0   0   0   0   0   0   0   0   0   0   0   0   0   0   0   0   0   0   0   0   0   0   0   0   0   0  25   0   0   0  47   0   0   0   0   0  31  33   0   0   0   0   0   0   0   0   0   0   0  41   0   0   0   0   0   0   0
   0   0   0   0   0   0   0   0   0   0   0   0   0   0   0   0   0   0   0   0   0   0   0   0   0   0   0   0   0   0   0  42   0   0   0   0   0   0   0   0   0   0   0   0   0   0   0   0   0  48   0   0   0   0   0   0   0   0   0   0   0   0   0  15  14   0   0   0   2   1   0   0
   0   0  31   7   0   0  15   0   0   0   0   0  18   0  31   0   0   9   0   0   3   0   0   0  48   0   0   0   0   0  38  50   0   0  17  11   0   0   0   0   0   0   0   3   0   0   0   0   0   0  12   0   0  14   0   0   0   0   0   0   0   2   0   0   0   0   0   0   0   0   0
  17   0  25   0   0   0   0   0   0   0   0   0   8  30   0   0   0   0   0  29   0   0   0   0   0   0   0   0   0   0   0   0   0   0   6   0   5   0   0  37   0   0   0   0  20   0   0   0   0   0   0   0   0   0   0  30   0   0   0   0   0   0   0  10   0  45   0   0   4   0
   0   0   0   0   0   0   0   0   0   0   0   0   0   0   0   0   0   0   0   0   0  30   0   0   0   2   0   0   0  47   0   0   0   0   0   0   0   0  12   0   0  24   0  21   0   0   0   0   0   0   0   0   0   0   0   0   0   0   0   0   0  18   0   0   0   0   0   0  44
   0   0  38   0   0  11   0   0   0   0   0   0   0   0   0   0   0   0   0   0   0   0   0   0   0  38   0   0   0   0   0   0   0   0   0   0   0   0   0   8   0  15   0   0   0   8   0   0   0   0   0   0   0   0   0   0   0   0   0  44   0   0   0   0  49   0   0   0
   0   0   0   0   0   0   0   0   0   2   0  35   0   0  47   0   0   0   0  11   0   0  42   0   0   0   0   0   0   0   0   0   0   0  38   0   0   0   6   0  35  49   0   0   0   0  19   0   0   0   0   0   0   0   0  41   0   0   0   0   0   0   0   0   0   0   0
  38   0   3   0   3   0   0   0   0   0   0   0   0   0   0   0  38   0  43   0  45   0   0   0  31   0   0   0   0   0   0   0   0   4  37   0   0   0  27   0   0  12   0  23   0   0   0   0   0   0  15   0   0  26   0   0   0   0   0  28  45   0  39   0  33   0
   0  40   0   0   0   0   0   0  29   0  35   0   0   0   0   0   0  42   0   0   0   0   0   6   0  48   0  10   0   0  15   0   0  15   0   0   0   0   0   0  30   0   0   0   0   0  46  35   0   0   0   0   0   0   0   0  17   0   0   0   0   0   0   0   0
   0   0   0   0   0   0   0   0   0   0   0   0   0   0   0   0   0   6   0   0   0   0   0   0   6   0   0   0   0   0   0   0   0   0   0  29   0   0   0   7   0  48  27   7   0   0   0  49   0  13   0   0   0   0   0  37   0   0   0   0   0   0   0   0
   0   0   0   4   0   0   0   0   0   0   0   0   0   0   0   0   0   0   0   0   0   0   0   0   0   0  35   0   0  18   0   0   0   0   0   0  15   0   0  21   0   0   0   0   0  11   0   0  46   0   0   0   0   0   0   0   0  38  35   0   0  32   0
   0   0   0   0   0  50   0   0   0   0   0   0   0   0   0   0   0   0   0   0   0   0   0  26   0   0   4   0   0   0   0   0   0   0  24   0  14   0   0   0   0   0  19   0   0   0   0   0   0   0   0   0   0   0   0   0   8   0   0   0  10   0
   0  17   0   0   0   0   0   0   6   0   0   0   0   0   0   0   0   0   0   0   0   0  35   0   0   0  21   0   0   0   0   0   0   0   0   0   0   0   9   0  48   0   0   0   0   7   0   0   0   0   0   0   0   0  23   0   0   0   0   0   0
   0   0   0   0   0   0   0  47   0   0   0   0  17   0   0   0  30   0   0   0   0   0   0   0   0   0   0  11   0  36  24   0   0   0   0   0   0   0   0   0   0   0  38   0   0   0  40   0   0   0   0  15   0   0   0   0   0   2   0  25
   0   0   0   0  41   0   0   0   0   0  49   0   0   0   0   0   0   0   0   0   0   0  25   0   0   0   0   0   0   0   0   0   0   0   0   0   0   4   0   0   0   0  45   0   0   0   0   0   0   0   0   0   5   0   0   0   0   0  11
   0   0   0   0   0  30   0   0   0   0   0   0   0   0   0   0   0   0   0   0   0   0   0   0   0   0   0   0   0   0   0   0   0   0  49   0  27   0   0   0   0   0   0  44  37   8   0   0  18   0   0   0   0   0   0   0   0  13
   0   0   0   0  12   0   0   0   0   0   0   0   0   0   0   0   0   0   0   0   0   0   0   8   0   0   0   0   0  17   0   0   0   0   0   0   0   5   0   0   0  36   0  35   9  16   0   0   0   0  18   0   0  49   0   0   0
  21   0   0   0  42   0   0   0   0   0   0   0   0   0   0   0   5   0  34   0   0   0   8   0   0   0   0   0   0   0   0   0   0   0   0   0   0   0   0   0   0   0   0   0   0   0  28   0   0   0   0   0   0   0   0   0
   0   0   0   0  26  45   0   0   1   0   0   0   0   0   0   0   0   0   0   0   0   0   0   0   0   0  33   0   0   0   2  45   0   0   0   0   0   0   0   0   0   0   0   0   0  46   0  34   0   0   0   0   0   0   0
   0  15   0   0   0   0  43   0   0   0   0   0   0   0   0   0   0   0   0   1   0   0   0   0   0   0   0   0   0   0  50   0   0   0   0   0   0   0   0   0   0   0   0  44   0   0  16   0   0   0   0   0   0   0
   0   0   0   0   0   0  11  18  41  39   0   0   0   0   0   0   0   0   0   0   0   0  11   0   0   0   0   0   0   0   0   0   0   0   0   0   0   0   0   0   0   0   0   0   0   0  27   0   0   0  46   0   0
   0   0   0   0   0   0   0   0   0   0   0   0  27   0   0   0   0   0   0   6   0   0   0   0   0   0   0   0   0   0   0  14  29   0   0   0  40   0   0  34   0   0   0   0   0  32   0  44   0   0   0   0
   0   0   0   0   0   0   0   0   0   0   0   0   0   0   0   0   0  48   0   0   0   0   0   0   0   0   0   0   0  38   0  23   0   0   0   0   0   0   0   0   0  49  36   0   0   0   0   0   0  42  30
   0   7   0  22   0   0   0  48   0  47   0   0  38   0   0   0   0   0   0   0   0   0   0   0   6   0  32   0   0   0   0   0   0   0   0   0   0   0   0   0   0   0   0   0   0   0   0   0  37   0
   0  35   0   0   0   0   0  17   0   0   0   0  16   0   0   0   2   0   0   0   0   0   0   0  40   0   0   0   0   0   0   0  12  16   0   0   0   0   0   0   0   0   0   0   0   0   0   8  11
   0   0   0   0   0  15   0  43   0   0   0   0   0   0   0   0   0  33  49   0   0   0   0   1   0   0   0   0  23   0   0   0   0   0   0   0   0   0   1   0   0   0  41   0   0   0   0   0
   0   0   0  33  48   0   0   0   0   0   0   0   0   0   0   0   0   0   0   0   0   0   0   0   0   0   0   0  35   0   0  20   0   0   0   0   0   0   0   0   0   0   1   0   0   0   0
   0   0   0   0   0   0  33   0   0   0   0   0   0   0   8   0   0  28   0   8   0  43   0   0   0   0   0   0  42   0   0   0   0   0   0   0   0   0   0   0   0   0   0   0   0   0
   0   0   0   0   0   0   0   0   0   0   0   0   0  42   0   0   0   0   0   0   0   0   0   0   0   0   0   0   0  38   0   0   0  16   0   0   0   0   0   0   0   0   0   0   0
  44   0   0   0   0   0   0  12   0   0  41   0   0   0   0   0   0   0   0   0  24   0   0   0   0   0   0   0   0   0   0   0   0   0   0   0   0   0   0  38   0   0   0   0
   0   0   0  50   0   0   0   0   0   0   0   0   0   0   0   0   0   0   0   0   0   0   0   0   0   0   0   0  41  11   0   0   0   0   0   0   0   7   0   0   0   0  14
   0   0   0   0   0   0   0   0   0   0   0   0   0   0   0   0   0   0   0   0   3   0  41   0  28   0   0   0   0   0   0   0   0  24   0  21   0   0   0   0   0   0
   0   0   0   0   0   0   0   0   0   0   0   0   0  44   0  34   0   0   8   8   0   0   0  47   0  46   0   0  16   0   0   0   0   0   0   0   0   0   0  10  47
   0   0   0   0   0   0   0   0  18   0  47   0   0   0   0   0   0  25   0   0  39   0   0   0  19   0   0   0   0  37   0   0   0   0   0   0   0   0   0  15
   0   0   0   0   0   0   0   0   0   0   0   0   0   0  33   0   0   0   0   0  19   8   0   0   0   0   0  40   0   0   0   0   0  47   0   0   0   0   0
   5   0   0   0   0   0   0   0   0   0   0   0  47  23  19   0   0   0   0   8  17   0   0   0   0   0   0   0   0   0   0   0   0   0   0   0   0   0
   0   0   0   0   0  23   0   0   0   0   0   0  43   0   0   0   0   0   1   0   0   0   0   0   0   0   0  18   0   0   0   0  49   0  18   0   0
  40   0   0   0  23   0   0   0   0  50   0   0   0   0   0   0   0   8   0   0   0   0   0   0   0   0  26  37   0   0   0   0  26  49   0   0
   0   0   0   0   0   0   0   0   0   0   0   5   0   0   0   0   0   0   0   0   0   0   0   0   0   9   0   0   0   0   0   6  39  34   0
   0   0   0   0   0   0   0   0   0   0   0   0   0  36   0   0   0   0   0   0   0   0   0   0   2   0   0   0   0   0   0   0  29   0
   0   0   0   0   0   0   0   0   4   0  47   4   0   0   0   0   0   0   0   0   0   0   0   0   0   0   0   0   0   0   0   0   0
   0   0   8   0  39   0   0   0   0  18   0   0   0   0   0  27   1   0  49   0   0   0  42   0   0  41   0   0   0  35   0   0
   0   0   0   0   0  45   0   0  19   0   3   0   0   0   0   0   0   0   0   0   0  49   0   0   0   0   0   0   0   0   0
  20   0   0  15   0   0   0   0   0   0   0   0   0   0   0   0   0   0  40   0   0   0   0  34   0   0   0   0   0   0
  31   7   0   0   0   0   0  47   0   0   0   0  35   0   0   0   0   0   0   0   0   0  30   0   0   0   0   0   0
   0   0   0   0   0   0   0   0   0   0   0   0   0   0   0   0  25   0   0   0   0  34   0   0   0   0   0  50
   0   0   0   0   0   0   0   0   0   0   0   0  10   0   0   0   0   3  30   0   0   0  42   0   0   0   0
   2   0   0   0   0   0  23   0   0   0   0  11   0   0   0   0   0  10   0   0   0   0   0   0  17   0
   0   0   0   0   0   0   0   0   0   0   0   0   0   0   0  19  19   0  20   8   0   0  41   0   0
   0   0   0   0   0   0   0   0  40   0   0   0   0   0   4   0   0   0   0   0   0   0   0   0
  24   0  48   0   0   0   0   0   2   0   0   0   0   0   0   0   0   0   0   0   0   0   0
   0  30   0   0   0   0   0   0   0  45   0   0   0  40   0  41  30  36   0   0   0   0
   0   0   0  48   0  13   0   0  28  31  43   0   0   0   0   0   0  42   0   0   0
   0   0   0   0   0   0   0   0   0  12   0   0   0   0  12   0   0   0   0   0
   0   0   0   0   0   0  24   0   0   0   0   0   0   0   8  46   0   0  50
   0   0   0   0   0   0   0   0  46   0  14   0   0   0  30   0  50   0
   0   0  27   0   0   0   0   0  39   0   0   0   0   0   0   0  42
  25   0   0   0  21   0  35   1   0   0   0   0   0   0   0  37
   0  41   0   0   0  26   0   0   0   0   0   0   0   0   0
   4   0   0   3   0   0   0   0   0   0   0   0   0   0
   0   0  17   0   0  49   0   0   0   0  20   0   7
   0   0   0   0   0   0  26   0   0   0   0   0
  15   0  13   0   0   0   0   0  46  43  41
   0  22   0   0   0   0   0   0   0   2
   0   0   0   0   0   0   0   0   0
   0   0   0   0   0   0   0   0
   0   0   0   0   0   0  48
   0   0   0   0   0   0
   0   3  40   0   0
   6   0   0   0
   0   0   0
   0   0
   0

 872
   6  14   6  22  24   2  18  20   1   3  24  18  11  13  18  19   6  15  10   1  10  11  22  20   9  12  15  25  18  15   3   2   7  20  12  22   2   2   8   2  23   1   3  24  20  13  12  13  21   1  11   3   3   5   6  25   2  21  15  10  22  20   7  15   3   8  13  18   1  18  14  19  17  24   4  11  18  18   9  18   2  17  21  10  20  19  15  19  16  17  13  10  22   8   1   9  22   4  13  21

