 100 
   0   0   0   0   0   0   0   0  26   0   0   0   0   0   0   0   0   0   0   0   0  50  39  22   0   0   0   0  30  35   0  49   0   0  45   0   0  35   0  11   0   0   0  10   1   0   1   0   0   0   0   0   0   0   0  30   0   0   0   0  42   0   0   0  19   0   0   0  42   9   0   0  42   0   0   0   0   0   0  38   0   0   6  49   0   0   0   0   0   0   0   0  37   0   0   0   0  50   0  10
   0   0   0   0   0   0   0  38   0   0   0   0   0   0   0  37   0   0   0  13   0   0   0   0   0   0   1   0   0   0   0   0   0   0   0   0   0   1   0  14   0   0   0   0   0   0   0   0   0  45   0  49   0   0   0  24   0   0  38   0   0   7   0   0   0   3   0   0   0   0   0   0   0  10   0   0   0   0   0   0  48   0   0   2   0   0   0   0   0   0   0   0   0   0   0   0   0   0   0
   0   8   0   0   0   0   0   0   0   0   0   0   0   0   2   0   0   0   0   0  46   0   0   0  38   0   0   0   0   0   0   0   0   0   0   0  47   0   0   0  49   0   0   0   0   0   0   0   0   0   0   0   0   0   0   0   0   0  38   0   0  39   0   0   0   0   0  33   0  49   0   0   0   0   0   0   0   0   0   0   0   0   0   0   0   0   0   0  32   0   0   0   0   0   0   0   2   0
   0   3   0   0   0   7   0   0  19   0   0   0   0   0   7   0   0   0   0   0   0   0   0   0   0   0   0   0   0   0   0   0  35   0   0   0  45   0   0   0   0   0   0   0   0   0   6   0   0   0   0   0   0   0   0   0   0   0   0   0  17   0   0   0   0   0   0   0  28   0   0   0   0   0   0   0   0   0   0   0   0   0   0  34   0   0   0   0   0   0   0   0   0   0   0   0   0
   0   0   0  18   0   0   0   0   0  27   0   0   0   0   0   0   0   0   0  50   0   0   0   0   0   0   0   0   0   0   0   0   0   0   0   0   0   0   0   0   0   0  17  11   0  10   0   0   0  43   0   0   0   0   0   0   0  34   0   0  32   0   0   0   0   0   0   0  15   0   0   0   0  40   0   0   0   0   0   0   0   0   0   0   0   0   0   0  24   0   0   0  25   0   0  47
   0   0   0   0  18   0   0   0   0   0  40  11   0   0   0  28   0   0   0   0   0   0   0   0   0   0   0   0   0   0   0   0   0   0   0   0   0   0   0  45   0  43  21   0   0   0   0   0   0   0   0   0   0   0   0   0   0   0   0  47   0  40   0   0   0   0   0   0   0   0   0   0   0   0   0   0   0   0   6   0   0   0   0   0   0  15   0   0   0   0   0   0   0   0   0
   0  33   0  40   0   0   0   0   0   0  49   0   0   0   0  43   0   0  47   0   0   0  13   0   0   0   0   0   0   0   0   0   0   0  17   0   0   0   0   0   0   0   0   0   0   0   0  20   0   0  41   0  41   0   0   0  27  50   0   0   0   0   0   0   0   0   0   0   0   0   0   0   0   0   0   0   0   0   0   0   0   0   0   0   0   0   0   0   0  21   0  13   9   0
   0   5   0   0   0   0   0   0   7  38   0   0   0   0   0   0   0   0   0   0  12   0   0   0   0   0   0  19   0  34   0  27   0   0   0   0   0   0   0   0   0   0   0   0   0  45   0   0   0   0   0   0   0   0   0   0   0   0   0   0   0  29   0   0   0   0   0   0   0   0   0   0   0   0   0   0   0   0   0   0   0   0   0   0   0   0   0   0   0   0  15   0   0
   0   0   0  24   0   0   0   0  46   0   0   0   0   0   0  42   0   0   0   0   0   0   0  11  38   0   0   0   0   0   0   0   0   0  34   0   0   0   0   0  21   0  47   0   0   0   0   8   0   0  43   0  27   0   0   0   0   0   0   0   0   0   0   0   0   0   0   5   0   0  24   0   0   0   0   0   0   0  24  28  20   0   0   0   0   0   0   0  40   0   0  16
   0   0   0   0   0   0   0   0   0   0   0   0   0   0   0   0   0  37   0   0   0   0   0   0  10   0  47   0  11  46   0   0   0   0   0   0   0   0   0   0   5   0   0   0   0   0   0   0   0   0   0   0   0   0   0   0   0   2   0   0   0   0   0  24   0   0   0   0   0   0   0   0   0   0   0   0   0   0  46  31   0   0   0   0   0   0   0   0   0   0  41
   0   0   0   0  24   0   0   0   0   0   0  49   0   0   0   0   0  33   0   0   0  20   0   0   0   0   0   0   0   0   0  10   0   0   0   0   0   0   0   0   0   0   0   0   0   0   0   0   0   0   0   0   0   0   0   0   0   0   0  40   0   0   0   0   0   0   0   0   0   0   0   0   0   0   0   0   0   0   0   0   0   0   0   0   0   0   0   0  34   0
   0   0   0   0   6   0  29   0  30   0   0   0   0   0   0   0   0   0   0   0  38   0   0   0  27   0   0  45   0   0   0  18   0   0  19   0   0   0   0   0   0   0   0   0   0   0   0   0   0   0   0   0   0  48   0   0   0   0   0   0   0   0   0   2   0   0  34   0  20   0   0   0   0   0   0  13   0   0   0  14   0   0  12   0   0   0   0   0   0
   0   0   0   3   0   0   0   0  26   0   0   0   0   0   0   0   0  20   0   0   0   0   0  14   0   0   0  26   0   0   0   0   0   0   0  38  29   0   0   0   0  16  28   0   0   0   0   0   0   0   0   0   0   0   0  13  44   0   0   0  28   0   0   0   0   0   0   0   0   0   0   0   0   0   0   0   0   0   0  16   0   0   0   0   0   0   0   0
   0   0   0  15   0   0   0   0   0   0   0   0   0   7   0  36   0   0   0   0   0   0   0  49   0   0   0   0   0   0   0   0   0   0   0   0   0   0   0   0  17   0   0   0   0   0  25   0   0   0  23   0   0  21   0   0   0   0   0   0   0   0  34   0   0   0   0   0   0   0   0   0   0   0   0   0   0   0   0   0   0   0   0  13   0   0   2
   0  21   0   0  14   0   0   0   0   0  44   0   0   0   0   0   0   0   0   0   0   0   0  41   0  13   0   0   0   0   0   0   5   0   0   0   0   0   0   0   0   0   0   0   0  12   0   0  48   0   0   0   0   0   0  25   0   0   0  27   0   0  12   0   0   0   0   0   0   0   0  24   0   0   0  43   0   0   0   0   0   0   0   0   0  27
  24   0   7   0   0   0   0   0   0   0   0   0   0   0   0   0   0   2   0   0   0  14   0   0   0   0   0   0   0   0   0  24   0   0   0   0   0   0   0   0  18   0  49   0   0   0   0   0  12   0   0   0   0   0   0   0   0   0   0   0   0   0   3   0   0   0   0   0   0   0   0   0  50  26   0  24   0   0   0   0  50   0   0   0   0
  17   0  19   0   0   0  50   0   0   0   0   0   0   0   0   0   0   0   0   0   0   0   0  22   0   0  30   0   0   0   9   0   0   0   0   0   0   0   0  30   0   8   0   0   0   0  21   0  17  17   0   0   0   0   0   0   0   0   0   0  38   0   0   0   0   0   0   0   0   0   0   9   0   0   0   0   0  29   0   0   0   0   0   0
   0   0   0   0   0  19  27  32  50   0   8   0  47   0   0  20   0   0   0   0   0   0   0   0   0   0   0   0   0   0   0  15   0   0   0  47   0   0  29   0   0   0   4   0   0   0  34  22   0   0   0   0   0   0   0   0   0   0   0   0  37  27   0   0   0   0   0   0   0  16   0   0   0   0  43  24   0   0   0   0   0   5   0
  20   0   0   0   0   7   0   0   0   0   0  21   0   0   0   0  40   0   0   0  16   0   0   0   0   0   0   0   0   0  20   0   0   0   0   0   0   0   0   0   0   0   0   8  37   0   0   0   0   0   0   0   0   0  42   0   0   0   0   0   0   0   0  31   0   0  26   0   0   0   0   0   0   0   0   0  44   0   2   0   0  39
   0   0   0   0   0   0   0   0   0   0   0  14   0   0  43   0   0   0   0   0  22   0   0   0  42   0   0   0  26   0   0   0   0   0   0   0  34  35   0   0   0   0  10   0   0   0  49   0   0  44   0   0   0   0   0   0   0  48   0   0   0   0   0   0   0  48   0   0   0   0  22  21   0   0   0   0   0   0   0  43  43
   0   0   0   0   0   0   0   0   0   0   0  34   0   0   0   0   0   0   0   0   0   0   0  30   0  47   0  20   0   0   0   0   0   0   0   0  49  31   0   0   0   0   0   0   0   0   0   0   0   0   0   0   0   0   0   0   0   0  34   0   0  48   0   0   0   0   0   0  13   0   0   0  11  19   0   0   0   0   0   0
   0   0   0   0   0   0   0   0   0   0   0   0   0   0   0   0   0   0   0   0   0   8   0  13   0   0   0   0   0   0   0   0   0   0   0   0   0   0   0   0   0   0   0   0   0  46  15   0   0  20   0   0   0   0   0  33   0   0   0   0   0   0   0   0   0   0   0   7   0  42   0   0   0   0   0   0   0   0   0
   5   0   0   0   0   0   0   0   0   0   0   0   0   0   0   0   0   0   0  32   0  38   0   0   0  29   0   0   0   0   0   0   0   0   0   0   0   0   0   0   0   0   0   0   0   0   0   0   0   0   0   0   0   0   0   0   0   0   0   6   0   0   0   0   0   0   0   0   0   0   0   0   0   0   0   0   0   5
   0   0   0   0  43   0  13  25   0   0   0   0   0   0   0   0  35   0   0   0   0   0   0   0   0   0   0   0   0  44   0   0   0   0   0   0   0   0   0   0   0   0   0   0   0   0   0   0   0   0   0   0   0   0   0  36   0   0   0   0  22   0   0   0   0   0   0  37   0   0   0   0   0   0  38   0   7
   0   0  37   0   0   0   0   0   0   0   0   0   5   0   0   0   0   0   7   0   0   0   0   0   0   0   0   0   0   0   0   0   0   0   0   0   0   0   0   0  26   0   0   3   0  42   0  32   0   0   0   0   0   0  19   0   0   0   0  23   0   0   0   0   0   0   0   0   0   0   0   0   2   0   0   0
   0   0  26   0   0   0   0   0   0   0  32   0  15  27   0   0   0   0   0   0   0   0   0   0   0   1   0  23   0   0   0   0   0   0   0   0   0   0   0   0   0   0  42   0   0   6   0   0   0   0   0   0   0  17   0   0   0   0   0   0   0   0   0   0   0   0   0  47   0   0   0   0   0   0   0
   0   0   0  39   0   0   0   0   0   0   0   0  37  43   0  22   0  42  37   3   0   0  37   0   9   0  50  30   0   0   0   0   0   0   0   0   0   0   0   0   0   0   0   0   7   0   0  34   0  30   0  37   0   0   0  24   0   0   0   0   0   0  16   0   0   0   0   0   0   0  35   0   0   0
   0   0   0   0   0  23   0   0  25   0   0  42   0   0   0   0   0   0   0   0   0   0   0   0   0   2   0   0   0   0   0   0   0   0   0   0   0   0   0   0  23  17   0   0   0  16   0   0   0   0  20   0   0   0   0   0   0   0   0   0  36   0   0   0   0   0  45   0   0   0   0   0   7
   0   0  29   0   0   0   0   0   0   0   0   0  33   0  43   0   0   0   0   0  26   0   0   0  30   0   0  16   0   0   0   0   0   0   0   0   0   0   0   0   0   0   0   0  11   0   0   0   0   0   0   0   0   0   0   0  23   0   0   0   0   0   0  46   0   0   0   0   0   0   0   0
  23   0   0   0   0   0   0   0   0   0   0   0   0  19   0   0   0   0   0   0   0   0   0   0   0   0   0   0   0   0   0   0   0   0  43   4   0   0   0   0   0   0   0  30   0   0   0   0   0   0   0   0   0   0   0   0   0   0   0   0   0   0   0   0   0  14  43   7   0   0   0
   0   0   0   0  19   0  13   0   0   0   0   0   0   0   0   0   0   0   0   0   8   0   0  29   0   0   0  17   0  18   0   0   0   0   0   0   0  42   0   0   0   0   0   0   0   0   0   0   0   0   0   0   0  12   0   0   0   0  34   0   0   0  46   0   0   0  50   0   0   0
  25   0  14  10   0   0   0   0   0   0  28   0   0   0   0   0   0   0   0   0   0   0   0   1   0  20   0   0   0   0   0   0   0   0   0   0   0   0   0   0   0   0   1   0  27   0   0   0   0   0   0   0   0   0  27   0   0   0  27   0  38   0   0   0   0   0   0   0   0
   0   0   0   0   0   4  11   2   0   0   0   0   0   0   0   0   0  43   0   3   0   0   0   0   0   0   0   0   0   0   0   0   0   0   0   0   0   0   0   0  50   0   0   0   0   0   0   0   0  49   0   0   0   0   0   0   0   0   0   0   0   0   0   0   0  49   0  23
   0   0  41   0   0   0   0   0   0  34   0   0   0   0   0   0   0   0   0   0   0  48   3   0   0   0   0   0   0   0   0   0   0   0   0  17   0   0   0   0   0   0   0   0   0   0   0   0   0   0   0  49   0   0   0   0  30   0   0   0   8   0   0   0   0  29   0
   0   0  20   0   0   0  32  11   0   0   0   0   0   0   0   0   0   0   0   0   0   0   0   0   0   0   0   0   0   0   0   0   0   1   0   0   7   0   0   0   0   7   0  26   0   0  42   0  50  31   0   0   0  49   0   0   0   0   0   0   0   0   0   0   0   0
   0  20   0   0   0   0   0   0   0   0   0   0   0   0   0   0   0   0   0   0   0   0   0   0   3   0   0   0   0   0   0   0   0   0   0   0   1  19   0   0   0  49   0   0   0  18   0   0   0  25   0   0   0   0   0   0   0   0   0  24   0   0   0   7   0
  37   0   0   0   0   0   0   0   0   0   0   0   0   0   0   0   0   0  29   0   0  29   0   0  13   0   2   0   0   0   0   0   0   0   0   0   0   0   0   0   0  44   0   0   0   0   0   0   0   0   0   0   0   0   0   0   0   0   0   0   0   0   0   0
   0  29   0   0   0   0   0   0  27   0   0   0  30  35   5   0   0  18   0   0   0   0   0   8   0   0   0   0   0   0   0   0   0   0   0   0  10   0   0   0   0   0   0   1  16   0  28   0   0   0   0   7   0   0   0   0   0   0  29   0   0   0   0
   0   0  40   0   0   0   0   0   0  26   6   0   0   0   0   0   0   0  16   0   0   0   0   0  31   0  41   0   0   0   0   0  28   0   0  39   0   0  36   0   4   0   0   0   0   0   0  44   0   0   0   0   0  13  34   0   0   0   0   0   0   0
   0   0   0   0   0   0   0  42   0   0   0   0   0   0   0   0   0   0   0   0   0   0   0   0   0  16   0   0   0   0   0   0   0   0  50   0   0   0  14  22  43   0   0   0  27   0   0   0   0   0   0   0   0   0   0   0   0   0   0   0   0
   1   0   0   0   0  24   0   0   0   0   0   4  25   3   0   0   0   0  29  26  25   0   0   0   0   0   0   0   0   0   0   0   0  35   0   0   0   0   0   0   0   0   0  46   0   0   0   0   0   0  45  38   0  45   7   0   0   0   0   0
   0   0   0   0   0   0   0  37   0   0   0   0   0   0   0   0   0   0   0   0  16   0   0   0   0   0   0   0   0   0   0   0   0   0   0   0  42   0   0   0   0  46   0   0   0   0  24   0   0   0   0   0   0   0   0   0   0   0   0
   0   0   0   0   0   5  48   0  12   0   0   0   0   0  17   0   0   0   0   0   0   0  13   0   0   0  28   0   0   0   0   0   0  15   0   0   0   0  28   0   0   0   0   0  35   0   0   0   5   0   0   0   0   0   0   0   0   0
   0   0   0   0  43   0   0   0  22  36   0   0   0   0   0   0   0   0   0   0   0   0   0   0   0   0   0   0   0  46  20   0   5   0   0   0   0   0   0   0  24  39   0   0   0   0   0   0   0   0   0   0   0   5   0   0   0
   0   0   0  27   0   0   0  21   0   0   0   0   0   0  24  24   0  37   0  16   0   0   0   0   0   0   0   0   0  28   0   0   0  38   0   0  43   0   0  34   0   0  16   0   0   0  45   0   5   0   0   0   0  39   0   0
   0   0   0   0   0  26   0   0   0   0   0   0   0   0   0  44   0   0   0   0   0   0   9  24   0   0   0   0   0   0   0   0   0   5   0   0   0  39   0   0   0   0   0   0   0   0   0  25   0   0   0   0   0   0   0
   0   0  36   0   0   6  33   0   0   0   0   0   0   0   0   0   0   0   0   0   0   0   0   0   7  32   0   0   0   0   0   0   0  18   0   0   0   0   0  26  45   0   0   0   0   0   0   0   0   0   0   0   0   0
   0   0   0   0   0   0  45   0   0   0   0   0   0   0   0   0   0   0   0   0   0   0  38   0   0   0   0   0   0  34   0   0   0   0   0  27   0  36   0   0   0   0   0   0   0   0   0  41   0   0   0   0   0
   0   0   0   8   0   0   0   0  18   0   0   0   0   0   0   0   0   0   3   0  48   0   0   0   0   2   0   0   0   0   0   0   0  47   0   0   0   0   0   0  35   0   0  39   0   0   0   0   0   0   0   0
   0   0   0   0   0   0   0   0   0   0   0   0   0   0  18  40   0   0   0   0   0   0  37   0   0   0  46   0   0  19   0   0  12   0   0   0   0   0   0   0   0   0   0   0  24   0   0   0   0   0   0
  45   0   3   0   0   0   0  20   0   0   0   0   0   0   0   0   0  35   0  44   0   0   0   0   0   0   0   0   6   8   0   0   0   0   0   0   0   0   0   0   0   0   0   0   0   0  38  16   0   0
   0   0   0   0  19   0   0   0   0   0   0   0   0   0   0   0  25   0   0   0   0   0   0   0   0   0  25   0   0   0   0   0   0   0   0   0   0   0   0   0   0   0   0   0   0   0   0   0  22
   0   0   0   0  49   0   0   0   0   0  38   0   0   0   0  49   0   0   0   0  43   0   0   0   0   0   0   0   0   0  50   0   0  17   0   0   0   0   0   0   0   0   0   0   0   0   0   0
   0   0   0   0   0   0   0   0   0   0   0  18   0   0   0   0   0   0   0  40   0   0   0   0   0   0   0   0   0   0   0   0   0   0   0   4   0   0   0   0   0   0   0   0   0   0   0
   0   0   0  20  22   0   0   0   0   0  43   0   0   0  18   0   0   0   0   0   0   0   0   0   0   0   0   0   0   0   0   0   0   0   0   5   0   0  48   7   0   0   0   0   0   0
  23   0  43   0   0   0   0   0   0   0   0   0   0  26   0   0   0   7  41   0   0   0  39   0   0   0   0   0   0   0   0   0   0   0   0   0   0  29   0  13   0   0   0   0  23
   0  27   0   0  23   0  19  48   0   4   0   0   0  24   0   0   0   0   0   0   0   0   0   0   0   0  15   0   0   0   0   0   0   0   0   0   0  39  35   0  46   0   0   0
   0  25   0   0   0   0   0   0  43   0   0   0   0   0   0   0   0  21   0  22   0  33   0   0   0   5   0   0   0   0   0   0   0   0   0   0  20   0  29   0   0   0  12
   0   0   0  25   0   5   0   0  44   0   0  24   0   0   0   1   0   0  50   0   0  23   0   0   0   0   0   0   0   0   0   0  19   0  33   0   0   0   0   0   0  20
   0   0  29   0   0   0   0   0   0  37   0   0  18  26   0   0   0   0   0   0   0   0   0   0   0   0   0   0   0  28   0  35   0   0   0   0   0  46  19   0   0
   0   0   0   0   0   0   0   0   0   0   0  48   9   0  24   0   0   0   0   0   0   0   0  46   0   0   0   0   0   0   0   0   0   0   0   0   0   0   0   0
   0  34   0   0   0   0   2   0   0   0   0   0   0  37   0   0   0   0   0   0   0  44   0  32   0   0  30   1   0   1  12   0   0   0  38   0   0  37   0
   0   0   0   0   0   0   0   0  50   0   0   0  31   0   0   0   0   0   0   0   0   0   0   0   7  43   0   0   0   0   0  29   0   0   0   0   0   0
   0   0   0   0  13  18   0   0   0  10   0   0   0   0   0   0   0   0   0   0   0   0  43   0  18   0   0  37   0   0   0   0   0   0   0   0   0
  45   0   0   0   0   0   0   0   0   0   0   0   0   0   0   0   0   0   0  39   0   0   0  27   0   0   0   0   0   0   6   0   0  46   0   0
   0  15   0   0   0   0   0   0   0   0   0  43   4   0   0   0   0   2   0   0   0   0   0   0  45  39   0  34   0   0   0   0   0   0   0
   0  27   0   0   0   0  33  34   0   0   0   0   6   0   0   0   0   0   0   0   0   0   0   0   0   0   0   0   0   0   0  12   0   0
   6   1   0   0   0   0   0   4   0   0   0   0   0   0   0   0   0  25   0   0   0   0   0   0   0   0  40   0   0   0   0  22   0
   0   0   0   0   0   0  22   0   0   0   0  36   0   0   0   0   0   0   0  36   0   0   0  28   0   0   0   0   0  14   0   0
   0   0   0   0   0   0   0   0   0   0   0   0   0   0   0  36   6   0  22   0   0   0   0  32   0   0   0   0   0   0   0
   0   0   0  29   0   0  20  36   0   0   0   0   0   0   0   0   0   0  11   0   9   0   0   0   0   0   0   0   0   0
   0   0   0  25   0   0   0   0   0   0   0   0   0   0   0   0   0   0   0  40   2   0   0   0   0   0   0  25   0
  14   0   0   0   0   6   0   0   0   0   0   0   0   0   0  23   0   0  22   0   0   0   0   0   0   0   0   0
   0   0   0   0   0   0   0   0  10   0   0   0   0   0   0   0   0   0   0   0   0  26   0   0   0   0   0
   0   0   0  18   0   0   0  50   0   0   0   0   0   0   0   0   0   0  35   0   0   0   0   0   0   0
   0   0   0   0   0   0   0   0   0   9   0   0   0   0   0   0   0  13   0   0   0   0   0   0   0
   0   0   0   0   0   0   0   0  40   0   0   0   0   0   0   0   0   0   0   0   0   0   0   0
   0   0   0   0   0   0   0   0   0   0   0   0   0   0   0   0   0   0  37   0  13   0   0
   0   0   0   0   0   0   0  24   0   0   0   0   0  42   0   0   0   0   0   0   0   0
   0   0  34   0   0   0   0   0   0  32   0   0   0   0   0   0   0   0   0   0   0
   0   0   0   0   0   0   0   0   0  13   0   0   0   0   0   0   0   0   0   0
   0   0   0   0   0   0  20   0   0   0   0   0   0   0   0  26   0   0   0
   0   0   0   0   0  48   0   0   0  24   0   0   0   0   0   0   0  18
   0   0   0   0   0  48   0   5   0   0   0   0   0   0  16   0   0
   0   0   0   0   0   0   0   0   0   0   0   0   0   0  34  19
  48   0   0   0   0   0   0   0   0   0   0   0  11   0   0
   0   0   0   0   0   0   0   0   0   0   0   0   0   0
   0   0   0   0   0  27   0   1   0   0   4   0   0
   0   0  11   0   0   0   0   0   0   0   0  22
   0   0   0  43  24   0   0   0   0   0   0
   0   0   0   0  35   0  34   0   0   0
   0   0   0   0   0   0   0   0  28
   0   1   0   0  21  14   0  43
   0  50   0   0   0   0   0
   0   0   0   0   0   0
   0   0   0   0   0
   0   0   0   0
   0   0   0
   6   0
  45

 1229
  11  23  11  24  20  11  10  21  22  22   1  23  25  25   8  14   6  17   3   8   5  22  17  18  25  10   2  19   5   4  25  23  18   5  13  12  10   9  19   7   6  14   5  20  20  16   8  12   9   3   2  17  21  23  21  18   7  16  11   9  17  19  16  17  22   6   6  23  22  12  13  18  12   3  17  16   3  13  13  13   1  19   2  24   1   3   7  14  22  23  13  11  15   2  10  14   1  16  24  23

 100 
   0   0   0   0   0   0   0   0  26   0   0   0   0   0   0   0   0   0   0   0   0  50  39  22   0   0   0   0  30  35   0  49   0   0  45   0   0  35   0  11   0   0   0  10   1   0   1   0   0   0   0   0   0   0   0  30   0   0   0   0  42   0   0   0  19   0   0   0  42   9   0   0  42   0   0   0   0   0   0  38   0   0   6  49   0   0   0   0   0   0   0   0  37   0   0   0   0  50   0  10
   0   0   0   0   0   0   0  38   0   0   0   0   0   0   0  37   0   0   0  13   0   0   0   0   0   0   1   0   0   0   0   0   0   0   0   0   0   1   0  14   0   0   0   0   0   0   0   0   0  45   0  49   0   0   0  24   0   0  38   0   0   7   0   0   0   3   0   0   0   0   0   0   0  10   0   0   0   0   0   0  48   0   0   2   0   0   0   0   0   0   0   0   0   0   0   0   0   0   0
   0   8   0   0   0   0   0   0   0   0   0   0   0   0   2   0   0   0   0   0  46   0   0   0  38   0   0   0   0   0   0   0   0   0   0   0  47   0   0   0  49   0   0   0   0   0   0   0   0   0   0   0   0   0   0   0   0   0  38   0   0  39   0   0   0   0   0  33   0  49   0   0   0   0   0   0   0   0   0   0   0   0   0   0   0   0   0   0  32   0   0   0   0   0   0   0   2   0
   0   3   0   0   0   7   0   0  19   0   0   0   0   0   7   0   0   0   0   0   0   0   0   0   0   0   0   0   0   0   0   0  35   0   0   0  45   0   0   0   0   0   0   0   0   0   6   0   0   0   0   0   0   0   0   0   0   0   0   0  17   0   0   0   0   0   0   0  28   0   0   0   0   0   0   0   0   0   0   0   0   0   0  34   0   0   0   0   0   0   0   0   0   0   0   0   0
   0   0   0  18   0   0   0   0   0  27   0   0   0   0   0   0   0   0   0  50   0   0   0   0   0   0   0   0   0   0   0   0   0   0   0   0   0   0   0   0   0   0  17  11   0  10   0   0   0  43   0   0   0   0   0   0   0  34   0   0  32   0   0   0   0   0   0   0  15   0   0   0   0  40   0   0   0   0   0   0   0   0   0   0   0   0   0   0  24   0   0   0  25   0   0  47
   0   0   0   0  18   0   0   0   0   0  40  11   0   0   0  28   0   0   0   0   0   0   0   0   0   0   0   0   0   0   0   0   0   0   0   0   0   0   0  45   0  43  21   0   0   0   0   0   0   0   0   0   0   0   0   0   0   0   0  47   0  40   0   0   0   0   0   0   0   0   0   0   0   0   0   0   0   0   6   0   0   0   0   0   0  15   0   0   0   0   0   0   0   0   0
   0  33   0  40   0   0   0   0   0   0  49   0   0   0   0  43   0   0  47   0   0   0  13   0   0   0   0   0   0   0   0   0   0   0  17   0   0   0   0   0   0   0   0   0   0   0   0  20   0   0  41   0  41   0   0   0  27  50   0   0   0   0   0   0   0   0   0   0   0   0   0   0   0   0   0   0   0   0   0   0   0   0   0   0   0   0   0   0   0  21   0  13   9   0
   0   5   0   0   0   0   0   0   7  38   0   0   0   0   0   0   0   0   0   0  12   0   0   0   0   0   0  19   0  34   0  27   0   0   0   0   0   0   0   0   0   0   0   0   0  45   0   0   0   0   0   0   0   0   0   0   0   0   0   0   0  29   0   0   0   0   0   0   0   0   0   0   0   0   0   0   0   0   0   0   0   0   0   0   0   0   0   0   0   0  15   0   0
   0   0   0  24   0   0   0   0  46   0   0   0   0   0   0  42   0   0   0   0   0   0   0  11  38   0   0   0   0   0   0   0   0   0  34   0   0   0   0   0  21   0  47   0   0   0   0   8   0   0  43   0  27   0   0   0   0   0   0   0   0   0   0   0   0   0   0   5   0   0  24   0   0   0   0   0   0   0  24  28  20   0   0   0   0   0   0   0  40   0   0  16
   0   0   0   0   0   0   0   0   0   0   0   0   0   0   0   0   0  37   0   0   0   0   0   0  10   0  47   0  11  46   0   0   0   0   0   0   0   0   0   0   5   0   0   0   0   0   0   0   0   0   0   0   0   0   0   0   0   2   0   0   0   0   0  24   0   0   0   0   0   0   0   0   0   0   0   0   0   0  46  31   0   0   0   0   0   0   0   0   0   0  41
   0   0   0   0  24   0   0   0   0   0   0  49   0   0   0   0   0  33   0   0   0  20   0   0   0   0   0   0   0   0   0  10   0   0   0   0   0   0   0   0   0   0   0   0   0   0   0   0   0   0   0   0   0   0   0   0   0   0   0  40   0   0   0   0   0   0   0   0   0   0   0   0   0   0   0   0   0   0   0   0   0   0   0   0   0   0   0   0  34   0
   0   0   0   0   6   0  29   0  30   0   0   0   0   0   0   0   0   0   0   0  38   0   0   0  27   0   0  45   0   0   0  18   0   0  19   0   0   0   0   0   0   0   0   0   0   0   0   0   0   0   0   0   0  48   0   0   0   0   0   0   0   0   0   2   0   0  34   0  20   0   0   0   0   0   0  13   0   0   0  14   0   0  12   0   0   0   0   0   0
   0   0   0   3   0   0   0   0  26   0   0   0   0   0   0   0   0  20   0   0   0   0   0  14   0   0   0  26   0   0   0   0   0   0   0  38  29   0   0   0   0  16  28   0   0   0   0   0   0   0   0   0   0   0   0  13  44   0   0   0  28   0   0   0   0   0   0   0   0   0   0   0   0   0   0   0   0   0   0  16   0   0   0   0   0   0   0   0
   0   0   0  15   0   0   0   0   0   0   0   0   0   7   0  36   0   0   0   0   0   0   0  49   0   0   0   0   0   0   0   0   0   0   0   0   0   0   0   0  17   0   0   0   0   0  25   0   0   0  23   0   0  21   0   0   0   0   0   0   0   0  34   0   0   0   0   0   0   0   0   0   0   0   0   0   0   0   0   0   0   0   0  13   0   0   2
   0  21   0   0  14   0   0   0   0   0  44   0   0   0   0   0   0   0   0   0   0   0   0  41   0  13   0   0   0   0   0   0   5   0   0   0   0   0   0   0   0   0   0   0   0  12   0   0  48   0   0   0   0   0   0  25   0   0   0  27   0   0  12   0   0   0   0   0   0   0   0  24   0   0   0  43   0   0   0   0   0   0   0   0   0  27
  24   0   7   0   0   0   0   0   0   0   0   0   0   0   0   0   0   2   0   0   0  14   0   0   0   0   0   0   0   0   0  24   0   0   0   0   0   0   0   0  18   0  49   0   0   0   0   0  12   0   0   0   0   0   0   0   0   0   0   0   0   0   3   0   0   0   0   0   0   0   0   0  50  26   0  24   0   0   0   0  50   0   0   0   0
  17   0  19   0   0   0  50   0   0   0   0   0   0   0   0   0   0   0   0   0   0   0   0  22   0   0  30   0   0   0   9   0   0   0   0   0   0   0   0  30   0   8   0   0   0   0  21   0  17  17   0   0   0   0   0   0   0   0   0   0  38   0   0   0   0   0   0   0   0   0   0   9   0   0   0   0   0  29   0   0   0   0   0   0
   0   0   0   0   0  19  27  32  50   0   8   0  47   0   0  20   0   0   0   0   0   0   0   0   0   0   0   0   0   0   0  15   0   0   0  47   0   0  29   0   0   0   4   0   0   0  34  22   0   0   0   0   0   0   0   0   0   0   0   0  37  27   0   0   0   0   0   0   0  16   0   0   0   0  43  24   0   0   0   0   0   5   0
  20   0   0   0   0   7   0   0   0   0   0  21   0   0   0   0  40   0   0   0  16   0   0   0   0   0   0   0   0   0  20   0   0   0   0   0   0   0   0   0   0   0   0   8  37   0   0   0   0   0   0   0   0   0  42   0   0   0   0   0   0   0   0  31   0   0  26   0   0   0   0   0   0   0   0   0  44   0   2   0   0  39
   0   0   0   0   0   0   0   0   0   0   0  14   0   0  43   0   0   0   0   0  22   0   0   0  42   0   0   0  26   0   0   0   0   0   0   0  34  35   0   0   0   0  10   0   0   0  49   0   0  44   0   0   0   0   0   0   0  48   0   0   0   0   0   0   0  48   0   0   0   0  22  21   0   0   0   0   0   0   0  43  43
   0   0   0   0   0   0   0   0   0   0   0  34   0   0   0   0   0   0   0   0   0   0   0  30   0  47   0  20   0   0   0   0   0   0   0   0  49  31   0   0   0   0   0   0   0   0   0   0   0   0   0   0   0   0   0   0   0   0  34   0   0  48   0   0   0   0   0   0  13   0   0   0  11  19   0   0   0   0   0   0
   0   0   0   0   0   0   0   0   0   0   0   0   0   0   0   0   0   0   0   0   0   8   0  13   0   0   0   0   0   0   0   0   0   0   0   0   0   0   0   0   0   0   0   0   0  46  15   0   0  20   0   0   0   0   0  33   0   0   0   0   0   0   0   0   0   0   0   7   0  42   0   0   0   0   0   0   0   0   0
   5   0   0   0   0   0   0   0   0   0   0   0   0   0   0   0   0   0   0  32   0  38   0   0   0  29   0   0   0   0   0   0   0   0   0   0   0   0   0   0   0   0   0   0   0   0   0   0   0   0   0   0   0   0   0   0   0   0   0   6   0   0   0   0   0   0   0   0   0   0   0   0   0   0   0   0   0   5
   0   0   0   0  43   0  13  25   0   0   0   0   0   0   0   0  35   0   0   0   0   0   0   0   0   0   0   0   0  44   0   0   0   0   0   0   0   0   0   0   0   0   0   0   0   0   0   0   0   0   0   0   0   0   0  36   0   0   0   0  22   0   0   0   0   0   0  37   0   0   0   0   0   0  38   0   7
   0   0  37   0   0   0   0   0   0   0   0   0   5   0   0   0   0   0   7   0   0   0   0   0   0   0   0   0   0   0   0   0   0   0   0   0   0   0   0   0  26   0   0   3   0  42   0  32   0   0   0   0   0   0  19   0   0   0   0  23   0   0   0   0   0   0   0   0   0   0   0   0   2   0   0   0
   0   0  26   0   0   0   0   0   0   0  32   0  15  27   0   0   0   0   0   0   0   0   0   0   0   1   0  23   0   0   0   0   0   0   0   0   0   0   0   0   0   0  42   0   0   6   0   0   0   0   0   0   0  17   0   0   0   0   0   0   0   0   0   0   0   0   0  47   0   0   0   0   0   0   0
   0   0   0  39   0   0   0   0   0   0   0   0  37  43   0  22   0  42  37   3   0   0  37   0   9   0  50  30   0   0   0   0   0   0   0   0   0   0   0   0   0   0   0   0   7   0   0  34   0  30   0  37   0   0   0  24   0   0   0   0   0   0  16   0   0   0   0   0   0   0  35   0   0   0
   0   0   0   0   0  23   0   0  25   0   0  42   0   0   0   0   0   0   0   0   0   0   0   0   0   2   0   0   0   0   0   0   0   0   0   0   0   0   0   0  23  17   0   0   0  16   0   0   0   0  20   0   0   0   0   0   0   0   0   0  36   0   0   0   0   0  45   0   0   0   0   0   7
   0   0  29   0   0   0   0   0   0   0   0   0  33   0  43   0   0   0   0   0  26   0   0   0  30   0   0  16   0   0   0   0   0   0   0   0   0   0   0   0   0   0   0   0  11   0   0   0   0   0   0   0   0   0   0   0  23   0   0   0   0   0   0  46   0   0   0   0   0   0   0   0
  23   0   0   0   0   0   0   0   0   0   0   0   0  19   0   0   0   0   0   0   0   0   0   0   0   0   0   0   0   0   0   0   0   0  43   4   0   0   0   0   0   0   0  30   0   0   0   0   0   0   0   0   0   0   0   0   0   0   0   0   0   0   0   0   0  14  43   7   0   0   0
   0   0   0   0  19   0  13   0   0   0   0   0   0   0   0   0   0   0   0   0   8   0   0  29   0   0   0  17   0  18   0   0   0   0   0   0   0  42   0   0   0   0   0   0   0   0   0   0   0   0   0   0   0  12   0   0   0   0  34   0   0   0  46   0   0   0  50   0   0   0
  25   0  14  10   0   0   0   0   0   0  28   0   0   0   0   0   0   0   0   0   0   0   0   1   0  20   0   0   0   0   0   0   0   0   0   0   0   0   0   0   0   0   1   0  27   0   0   0   0   0   0   0   0   0  27   0   0   0  27   0  38   0   0   0   0   0   0   0   0
   0   0   0   0   0   4  11   2   0   0   0   0   0   0   0   0   0  43   0   3   0   0   0   0   0   0   0   0   0   0   0   0   0   0   0   0   0   0   0   0  50   0   0   0   0   0   0   0   0  49   0   0   0   0   0   0   0   0   0   0   0   0   0   0   0  49   0  23
   0   0  41   0   0   0   0   0   0  34   0   0   0   0   0   0   0   0   0   0   0  48   3   0   0   0   0   0   0   0   0   0   0   0   0  17   0   0   0   0   0   0   0   0   0   0   0   0   0   0   0  49   0   0   0   0  30   0   0   0   8   0   0   0   0  29   0
   0   0  20   0   0   0  32  11   0   0   0   0   0   0   0   0   0   0   0   0   0   0   0   0   0   0   0   0   0   0   0   0   0   1   0   0   7   0   0   0   0   7   0  26   0   0  42   0  50  31   0   0   0  49   0   0   0   0   0   0   0   0   0   0   0   0
   0  20   0   0   0   0   0   0   0   0   0   0   0   0   0   0   0   0   0   0   0   0   0   0   3   0   0   0   0   0   0   0   0   0   0   0   1  19   0   0   0  49   0   0   0  18   0   0   0  25   0   0   0   0   0   0   0   0   0  24   0   0   0   7   0
  37   0   0   0   0   0   0   0   0   0   0   0   0   0   0   0   0   0  29   0   0  29   0   0  13   0   2   0   0   0   0   0   0   0   0   0   0   0   0   0   0  44   0   0   0   0   0   0   0   0   0   0   0   0   0   0   0   0   0   0   0   0   0   0
   0  29   0   0   0   0   0   0  27   0   0   0  30  35   5   0   0  18   0   0   0   0   0   8   0   0   0   0   0   0   0   0   0   0   0   0  10   0   0   0   0   0   0   1  16   0  28   0   0   0   0   7   0   0   0   0   0   0  29   0   0   0   0
   0   0  40   0   0   0   0   0   0  26   6   0   0   0   0   0   0   0  16   0   0   0   0   0  31   0  41   0   0   0   0   0  28   0   0  39   0   0  36   0   4   0   0   0   0   0   0  44   0   0   0   0   0  13  34   0   0   0   0   0   0   0
   0   0   0   0   0   0   0  42   0   0   0   0   0   0   0   0   0   0   0   0   0   0   0   0   0  16   0   0   0   0   0   0   0   0  50   0   0   0  14  22  43   0   0   0  27   0   0   0   0   0   0   0   0   0   0   0   0   0   0   0   0
   1   0   0   0   0  24   0   0   0   0   0   4  25   3   0   0   0   0  29  26  25   0   0   0   0   0   0   0   0   0   0   0   0  35   0   0   0   0   0   0   0   0   0  46   0   0   0   0   0   0  45  38   0  45   7   0   0   0   0   0
   0   0   0   0   0   0   0  37   0   0   0   0   0   0   0   0   0   0   0   0  16   0   0   0   0   0   0   0   0   0   0   0   0   0   0   0  42   0   0   0   0  46   0   0   0   0  24   0   0   0   0   0   0   0   0   0   0   0   0
   0   0   0   0   0   5  48   0  12   0   0   0   0   0  17   0   0   0   0   0   0   0  13   0   0   0  28   0   0   0   0   0   0  15   0   0   0   0  28   0   0   0   0   0  35   0   0   0   5   0   0   0   0   0   0   0   0   0
   0   0   0   0  43   0   0   0  22  36   0   0   0   0   0   0   0   0   0   0   0   0   0   0   0   0   0   0   0  46  20   0   5   0   0   0   0   0   0   0  24  39   0   0   0   0   0   0   0   0   0   0   0   5   0   0   0
   0   0   0  27   0   0   0  21   0   0   0   0   0   0  24  24   0  37   0  16   0   0   0   0   0   0   0   0   0  28   0   0   0  38   0   0  43   0   0  34   0   0  16   0   0   0  45   0   5   0   0   0   0  39   0   0
   0   0   0   0   0  26   0   0   0   0   0   0   0   0   0  44   0   0   0   0   0   0   9  24   0   0   0   0   0   0   0   0   0   5   0   0   0  39   0   0   0   0   0   0   0   0   0  25   0   0   0   0   0   0   0
   0   0  36   0   0   6  33   0   0   0   0   0   0   0   0   0   0   0   0   0   0   0   0   0   7  32   0   0   0   0   0   0   0  18   0   0   0   0   0  26  45   0   0   0   0   0   0   0   0   0   0   0   0   0
   0   0   0   0   0   0  45   0   0   0   0   0   0   0   0   0   0   0   0   0   0   0  38   0   0   0   0   0   0  34   0   0   0   0   0  27   0  36   0   0   0   0   0   0   0   0   0  41   0   0   0   0   0
   0   0   0   8   0   0   0   0  18   0   0   0   0   0   0   0   0   0   3   0  48   0   0   0   0   2   0   0   0   0   0   0   0  47   0   0   0   0   0   0  35   0   0  39   0   0   0   0   0   0   0   0
   0   0   0   0   0   0   0   0   0   0   0   0   0   0  18  40   0   0   0   0   0   0  37   0   0   0  46   0   0  19   0   0  12   0   0   0   0   0   0   0   0   0   0   0  24   0   0   0   0   0   0
  45   0   3   0   0   0   0  20   0   0   0   0   0   0   0   0   0  35   0  44   0   0   0   0   0   0   0   0   6   8   0   0   0   0   0   0   0   0   0   0   0   0   0   0   0   0  38  16   0   0
   0   0   0   0  19   0   0   0   0   0   0   0   0   0   0   0  25   0   0   0   0   0   0   0   0   0  25   0   0   0   0   0   0   0   0   0   0   0   0   0   0   0   0   0   0   0   0   0  22
   0   0   0   0  49   0   0   0   0   0  38   0   0   0   0  49   0   0   0   0  43   0   0   0   0   0   0   0   0   0  50   0   0  17   0   0   0   0   0   0   0   0   0   0   0   0   0   0
   0   0   0   0   0   0   0   0   0   0   0  18   0   0   0   0   0   0   0  40   0   0   0   0   0   0   0   0   0   0   0   0   0   0   0   4   0   0   0   0   0   0   0   0   0   0   0
   0   0   0  20  22   0   0   0   0   0  43   0   0   0  18   0   0   0   0   0   0   0   0   0   0   0   0   0   0   0   0   0   0   0   0   5   0   0  48   7   0   0   0   0   0   0
  23   0  43   0   0   0   0   0   0   0   0   0   0  26   0   0   0   7  41   0   0   0  39   0   0   0   0   0   0   0   0   0   0   0   0   0   0  29   0  13   0   0   0   0  23
   0  27   0   0  23   0  19  48   0   4   0   0   0  24   0   0   0   0   0   0   0   0   0   0   0   0  15   0   0   0   0   0   0   0   0   0   0  39  35   0  46   0   0   0
   0  25   0   0   0   0   0   0  43   0   0   0   0   0   0   0   0  21   0  22   0  33   0   0   0   5   0   0   0   0   0   0   0   0   0   0  20   0  29   0   0   0  12
   0   0   0  25   0   5   0   0  44   0   0  24   0   0   0   1   0   0  50   0   0  23   0   0   0   0   0   0   0   0   0   0  19   0  33   0   0   0   0   0   0  20
   0   0  29   0   0   0   0   0   0  37   0   0  18  26   0   0   0   0   0   0   0   0   0   0   0   0   0   0   0  28   0  35   0   0   0   0   0  46  19   0   0
   0   0   0   0   0   0   0   0   0   0   0  48   9   0  24   0   0   0   0   0   0   0   0  46   0   0   0   0   0   0   0   0   0   0   0   0   0   0   0   0
   0  34   0   0   0   0   2   0   0   0   0   0   0  37   0   0   0   0   0   0   0  44   0  32   0   0  30   1   0   1  12   0   0   0  38   0   0  37   0
   0   0   0   0   0   0   0   0  50   0   0   0  31   0   0   0   0   0   0   0   0   0   0   0   7  43   0   0   0   0   0  29   0   0   0   0   0   0
   0   0   0   0  13  18   0   0   0  10   0   0   0   0   0   0   0   0   0   0   0   0  43   0  18   0   0  37   0   0   0   0   0   0   0   0   0
  45   0   0   0   0   0   0   0   0   0   0   0   0   0   0   0   0   0   0  39   0   0   0  27   0   0   0   0   0   0   6   0   0  46   0   0
   0  15   0   0   0   0   0   0   0   0   0  43   4   0   0   0   0   2   0   0   0   0   0   0  45  39   0  34   0   0   0   0   0   0   0
   0  27   0   0   0   0  33  34   0   0   0   0   6   0   0   0   0   0   0   0   0   0   0   0   0   0   0   0   0   0   0  12   0   0
   6   1   0   0   0   0   0   4   0   0   0   0   0   0   0   0   0  25   0   0   0   0   0   0   0   0  40   0   0   0   0  22   0
   0   0   0   0   0   0  22   0   0   0   0  36   0   0   0   0   0   0   0  36   0   0   0  28   0   0   0   0   0  14   0   0
   0   0   0   0   0   0   0   0   0   0   0   0   0   0   0  36   6   0  22   0   0   0   0  32   0   0   0   0   0   0   0
   0   0   0  29   0   0  20  36   0   0   0   0   0   0   0   0   0   0  11   0   9   0   0   0   0   0   0   0   0   0
   0   0   0  25   0   0   0   0   0   0   0   0   0   0   0   0   0   0   0  40   2   0   0   0   0   0   0  25   0
  14   0   0   0   0   6   0   0   0   0   0   0   0   0   0  23   0   0  22   0   0   0   0   0   0   0   0   0
   0   0   0   0   0   0   0   0  10   0   0   0   0   0   0   0   0   0   0   0   0  26   0   0   0   0   0
   0   0   0  18   0   0   0  50   0   0   0   0   0   0   0   0   0   0  35   0   0   0   0   0   0   0
   0   0   0   0   0   0   0   0   0   9   0   0   0   0   0   0   0  13   0   0   0   0   0   0   0
   0   0   0   0   0   0   0   0  40   0   0   0   0   0   0   0   0   0   0   0   0   0   0   0
   0   0   0   0   0   0   0   0   0   0   0   0   0   0   0   0   0   0  37   0  13   0   0
   0   0   0   0   0   0   0  24   0   0   0   0   0  42   0   0   0   0   0   0   0   0
   0   0  34   0   0   0   0   0   0  32   0   0   0   0   0   0   0   0   0   0   0
   0   0   0   0   0   0   0   0   0  13   0   0   0   0   0   0   0   0   0   0
   0   0   0   0   0   0  20   0   0   0   0   0   0   0   0  26   0   0   0
   0   0   0   0   0  48   0   0   0  24   0   0   0   0   0   0   0  18
   0   0   0   0   0  48   0   5   0   0   0   0   0   0  16   0   0
   0   0   0   0   0   0   0   0   0   0   0   0   0   0  34  19
  48   0   0   0   0   0   0   0   0   0   0   0  11   0   0
   0   0   0   0   0   0   0   0   0   0   0   0   0   0
   0   0   0   0   0  27   0   1   0   0   4   0   0
   0   0  11   0   0   0   0   0   0   0   0  22
   0   0   0  43  24   0   0   0   0   0   0
   0   0   0   0  35   0  34   0   0   0
   0   0   0   0   0   0   0   0  28
   0   1   0   0  21  14   0  43
   0  50   0   0   0   0   0
   0   0   0   0   0   0
   0   0   0   0   0
   0   0   0   0
   0   0   0
   6   0
  45

 1229
  11  23  11  24  20  11  10  21  22  22   1  23  25  25   8  14   6  17   3   8   5  22  17  18  25  10   2  19   5   4  25  23  18   5  13  12  10   9  19   7   6  14   5  20  20  16   8  12   9   3   2  17  21  23  21  18   7  16  11   9  17  19  16  17  22   6   6  23  22  12  13  18  12   3  17  16   3  13  13  13   1  19   2  24   1   3   7  14  22  23  13  11  15   2  10  14   1  16  24  23

