 120 
  14  49  43  41  28   4   3  20  48  36  31  11  39  27  24  35  38  29  40  38  21   6  50  38  43  10  44  29  21  38   2   5  12  31  28  31  28  45  36  32   4  49   7  49  28   4  49  41   1  40  30  11  36  34   5   7  18   5  15   9  29  11  33  27  40   3  14   2  29  35  41  28  36  40  38  20   1  19  37   3  16  41  38  36   9  42  46  49  45  21  20  18  18  11  21  28  32  43   1  11  43  35  26  46  34  19  36  48  22  20  19  32  16  32  10  24   4  34   6  46
  10   5   7  23  11  47  39  12  46  12  48  33  40  11  26  48  48  11  12   9   1  42  24   8  46  25  38  21  22  21  46  27  19  18   6  40  23  12   3  21   5  25   9  37   2  29  28  47  33   2  22   8  31  22  41  48  18  16  26  32  28  14  32  41   5  10  15  46  17  40  33  27  16  15  41   1  11  33  11  31   6  34  23  13  30  32   7  46  37  24   9  12  50  18   2  12  50   2  35  37  24  12  26  13   5  32   4  47  42  10   3  45  48   8   2  42  18   7   7
  31  34  42   2  48  37  47  10  22   1  18  44  25  15   6   3  31  20  30  47  30  30   1  17   4  28  48  33  46  46  14  39  37  45  44   7  10  48  37  13   6  39  39  23  15  19  49   7  46  14  11  50  38  26   7  35  37  19  30  49  46   5  29  28  19  36  35  16  25  34  19  15  43  18   8  34  42  32  44  35  22  19   1  12  17  16  11   4   3  19  22   9  42  42  37  49  22  25  25  48  10   3  11  21  10  41   4  28  26   6   7  45  45  39   5  19  12  35
  41   5  15  26  48   3  21  19  35   4  39  12  25  39  35  27  46  17  28  15  16  50  39   7  48  42  24  45  22  10  30  37  22   4  25  12  36  46  40  24   3  41  32  18   8   6  45  26   1  19  25  32  47  41  19  46  42  29  15  31  37  26  44  18  19  45  10  15  23   6  34   1  34  21  33  15  47  13  36  21   4  25  45  29  20  31  16   3  12  12  33  22  47  35  49  38  21   2  49  45  47  15  50  39  46  31  24  26   2  46  47  49  42  41  34   4  39
  42  25  39  19  39  16  45  26  25  48  23   3  39  46  27  10  22  50   8   1  33  36  33  43  35  37  33  16   4   3   7   9  20  15  18  38  15  18  33  30  37  37   9  36  35   7  22   2   4  11  41  36  31  25  13  44  45  34  37  44  48  12   7  13  31  40  19  37  27  19  26  30   7  33  36  12  42  50  40   6  13  24   6  34  11  38  19   5  46  37  46  49  11  25  49  15   9  27   3  10   2  13  15  20  39   7  33  15   6  35  17  20  41   6  28  46
  40  26  24  44  12  10  22  48   2  19  16  20  14   3  36  28  39  25  18  21  13  18   3  13  26  17  42  28  31  10  29   7  30  15  20  24   7  40  15  35  47  36  50  43  46   9  29  17  38   3  38  16  45  24  26  32  27   8  48  40  19  19  28  17  30   2  16  31  43  35  37  23  40  10   4  27  14  35  13  48   3  45   5  21  22  16  39  35  18  38  50  17  29  24  23  44  39  43  29  37  13  16  50  21  50  17  40  42  28   6  24  39  25  34  29
  30  48  21  43   5  23  30  48  31  32  28  37  29   8  13  45  43  21   2   8  21   3  18  38  38   3  36  35  29  44  12  12  30  45   4  50  20  49  18  43  30  39  11  34  33  26  35  15  43  23  26  38  28   1   1  31  12  19  50   4  23   7   4  34   1   6  13  49  23  44   3   1  15  13  34  35  22   7  12   8  26   6  43   8   9  17   3   6   1  47  35  32  14  32  35  28  30  28  18  22  26   1   6   3  36   4  27  40  31  31  47  37  17  46
   4  14  49  21   2  40  19  16  40  48  11  49  46  34  46  31  38  43  24  16   6  28   6  21  26  41  27  36  43  17  32   9  42  17  19  43  13   4  47  47  10  10   7  40  20  45  42  39  44  18  34  35   6   9   4   8  49  25  34  41  16  35  30  41  26  21  15  50  48  46  39   3  30  41  19   1  22  38  19  46  34  47  29  31  36  22   5  47  47  31  39  22  23  13  44  37   2  12  21  28  39  28  45  15  26  19   6  28  46  46  43  30  42
  44  10  33  36   7  50  27  20  36  45  28  49  19  36  42  38  37  28  29   5  34  44  48  43  37  26   8  37  13  41  24  23  10  41  44  26  45  23  43  18   4  13  45  46  37  41  10  41  46  25  46  39  33   6  11  22  28  47   2   3  22  41  23   3  40  36   3   6  39  48  49  39  45  11   4  16  32  49  36  36  43  20  37  18   1  26  48   9  18  48  32  27  42  14  13  22   3  23  30  23  44  20  13  32  35  36  16  21   1  21  38  17
  12  28   5   1  29  37  19  19  50  37  19  46  46  28  20  12  35  24   4  21  41  27   8  29  10  10  37  41  40  10  15  19  47  36  31  40  49  31  45   2   4  16  48  17   1  42  19  34  35  42  25  24  10  19  30   8  39  30  36   5   7  42  19  38  23  10  43  46  32  20  24   1  14  20  28   7  40   9  30   1  44  41  27  36  36  42  16  12   2  11  33  26  15   9  44   2  47   4  48  45  21  49  15  37  31  31  38   1  10  14   6
  33  11   6  34  48  38  37  47  35   7  12  26  36  16  43  15  21   9  32  45  26  48  49  15  44  43  40  28  43  37  13  15  20   1  14  22   2  48  31  46  42  25   5  32  41  20  24  43   1  14  33  17  45  39  11   6  37  21  23  33  12  11   6  13  19   3   9  24  46  37   5  36  22   3   3  37  24  25  30  48  27  44  44   4  20  47   5   3  49  22  11  22  49  20  45  33  25   9  34  19  50  48   9  25  11  14  15  47  36  50
  44  20  34  46   3  48  38  16  26   6  22  15   5  25  33   8  33   6  21  21  50  42   9  32  37  14   5  36  48  31  32   7  31  37  50  27  31  50  24  18  20  41  50   6  16   5  18  46   3   7  39   3  33  22  43  33  44  19  20  20  28  45  17  32  33   5  42  35  30  38   9   3  12  18  11  26  11  20  13  24   1   8  28  24   9  39  19   3   2  48  39   7  38  13  29   2   9  34   3  48  14  50   9   1  20  12  29  50  28
  14  49  17  44   2  15   3  45   3  43  47  37  14  25  50  37  49  33  14  20  37  25   4  23   1  13   8  27  26  14  11  15  10   8  21   5  34  33  35   1  17  13  42  44  15  14  17  10  21  17  33  50  37   4  27  45  47  14  40  23  34  26  19  43  41  23  35  18  36  29  44  28  25  42  21   3   1  41  27  22  31  14  41  41  17  27  21  28  30   2   2  37  41  28  24  34  18  42  43  35   7  19   6  14   6  32  15  49
  18  21  25  25  50  11  20  42  25  20  24  28  12  35  18   6  15   7   2   6  36  37  49  18  28   8  24  37  15  45  31   8  25   5  12  35  25  43  31  35  16   9   6  30  20   1  41  23  22  12  20  42  29  30  20  13  43   3   9   1   1  35  46  27  17  19  18  11  22  16   7  15  47  16  17  42  26   8   2   6   4  14  36  47  25  25  23  19  33   3  15  33  36  31  33  45  15  45  17   9  18   7   6  26  48   8  35
  44  50   5  42   2  14  35  42  28  38  20  26  38  44  33  30   8  50  21  37  46  46  44  17  10   8  40  35  22  11  31  43  35  46  49  48  11  11  17  23  30  11  13  24  50   1  44  15  38  50  12  17  15  14  13  18  17  21  41  49   8  50  22  27   9  38  22  45  47  36  19   3  38  17   6  24  28   8   1   6  26  50  18  49  41  23  50  26  47   5  21   2  29  20  39  27  41  15  45  22  10  12  10   4  29  19
  17  37  38  38  43  15   2  41  13   5   2  18  43  13  16  31  24  11   1  11  18  10  40  46  25  36   1  36  32  21  16   8   7   4  48  47  41  43  49  35  27   4  29  13  48   2   7  47  25  30   6  24  12  46  17  33  40  12  27  19  26  17   5  42  13  12   7  44  17  29  45  20   8   6  38  20  26  20   2  43  33  17  42  18   5  34  22  24  16  17  47   7  24  16   8  46  50  19  41  49  31  46  37  21  30
  45  45  49  11  44  42  46   1  15   4  32  34   4  43  39  35   6  49   1  45  47  41  23  27   6  23  32   5  37   2  31  34   8  27  34  42  19  23  28  45  15  41   6   9  31  50  43  47  25  47  15  45  27  41  23  27  47  31  31  45  43   9   6  31  27   5  46  13  24   7  20  25  42  28  20   9   7  50   6  12  49   6   8   4   2  17   5  25  39  41  12  44   2  28  42   7  19  16  27  21  35  48  43  35
  34  14  38   4  49  17  29   7  36  39  22  26  12  10  34  32  23   5   2  30  39  20  36  13  39   1   6  26  43  49  12   4   2  28  46  41  19  40  42  50  29  12  49  36  49  18  29  23  13  45  25   8  17  28  25  11  41  32  17  24  42  18  31  17   9  14  43  38   4  22   3  48  25  47   9  17  23   3  22  33  26  22  42   2   1  17  36  30  30  33  22  46  13   2  12  36  22  19  43  43  12  43  11
  50   7   4  24  13  37   1  46  31  24   3  27  28  21  26  15  40  32  20  44  36  37  46  17  22  25   2   3  39  38  13  44  36   8  38  30  37  40  11   4  22  33  28  43  37  39   4   6  38  29  15  45  36  50  19  10   4  11  21  23  46  48   2  12   2  28  35  39  22  48  37  22   8   8   2  48  35  11  10  18  12  44  18  11  33   8   8  13  13   5  10  29  45  11  14  30  13  40  34  10  30  36
   5  27  13  15  23  21   9  46  40  46   2   1  12  48   2  10  37  28  33  36  46  46  19  30   7  44  21  11  16   6  30   2  27   6  46  45  26  30  33  31  14  33   5  43  10  49  50  35  46  31  41   4  23  31  11  25  10   7  35  23  32  20  13   3   9  24  22  18  28   3  13   2  16  28  23  30  31  48  23  12  25  39  11  12  16  29  44  31  45  38   2  11  32  12  19  24   4  39  17  42  37
  26  21   1   1  11  13  26  15  42  41  40  10  43  34  38  38  29  14  48  25  34  21  13  15  23   3  38  21  15   9   8  18  28  48  30  21   3  14  11  14  20  13  42  49   2  22  36  46  28  49   5  37   1  39  40  25  14  26  35  22   7  38  14  37   3  15  39  50  13  34  26  23  34  42   6  19  39  21  33   1  37  41  27  42  49  12   2  24  32  25  14  20  48  44  12  18  44  47   1  24
  50  10  25  50  48  45  16  42   2  40  40  31  34  46  37  44  15  25   8  27  38  38  22   4  39  49  16  37  17  14  50  18  23  31  20  28   1  16  42   8  27  38   5  42   1  38  48  24  11  25  38  48  10  33  48   9  44  47  28  25  13  16  11  34   2   2  14  25  37  50  35  23   8  25  38  21  39  16   2  10   8   1  23   1  10  31  42  45  32  48  10  40  45   3  43  42  24  19   6
  26  11  14   8  36  44  21  14  46  22  28  31   3  18  41  28  15  21  41  27  48  17  44  46  35  35   1  40  46   7  47  50   6  31  31  10  46  11  14  17  13  40  11   5  49  25  29  42  13  44  46  28  43  22  18  20  34   5  43   7  33  24   1   9  15  17  33  13  35  31   3  45  26  18  14  21  14  43   5  13  27  34  35  33  47  20  35  27  46  24  15  43  12  37   5  24  26  21
  41  24  43   6  45  25  18  44  30  47  14  12  46   6  35  24  12  29  12  37  49  32  27  29  30   1  32  45  26   6  44   1  26  39  17  35  18  46  40  21  20  14   2  48  35  21  21  29  41   7  19  12  11  32  34   6  33  19  25  46  33   2   1   6  34  19  15  13  24  30  26  43  49  24  10  22  29  43  23  14   5  45  20  18  17  18  48   9  30  22  39  15  46  26  49  35  29
  15  30  50  26  32  21  50  13  41  34  48  33  23  11   9  11   8   1  13  50  25  40  41   2   6  21   7  19  42   3  21  21   1   5  42  35  50  33   7  45  42   5  45   7   3  32   9  19  29  30  18   8  33  38  14  15  22  48   1  46  16  24  22  36  16   8  34  32  46   3  15  23  19  46  29  27  50  20  15  22  29  38  28   6  35  39  34  20  10  35  26  21  45  14  41  14
  24  42   6  23  19  30  11  29  40  46  49  42  39  40  40  11   3   6  11  37  13  46  28  49  50  13  33   4  46  47  39   6  29  39  15  31  34  21   7  24   6   9  47  33  21  47  28  25  48  46  36   8  47   1  37  28   1  37  15  34  43  15  37   9  32  44  47  47   6   6  34  36  37  39   3  36  27  22  50  33  13  25  15  25  30  44   2   4  19  28  28  47  30   8  36
  33  42   2   9  13  20  41  33  41  47   2  12  11   7  20   6  40  50   8   3   5  33  17  17  17  30   3  18  23  20  39  32  10  47  18  22  34  33  50  29  17  37  20  27  16  17   4  25  44  25   9  42  43   8  23  18  27   8  10  34  42  10  34  21   8  13  36   3  27  22  11  23  12  38   9  38  48  31   9  22  41  46  39  36  37  13  40  47  21  12   7   9  37   7
   6  18  36  32  43  28   2   1  12  27   9  22   5   2  46  50  49  41  15  45   5  13  37  28  12  44  15  29  15  22  48  41   1  11  31  50  39   3  33  46  21  10  25   3  23   2   9  14  23  26  16  41  10  14  39   8  23  35  40  26  22  27  33  16  29  39   9  21  50   2  25  12  31  39  25  48  28  12  27  13  48  14  47  35   9  19   4  11   4  26  19  48  47
   9  18  28  39  10  47   9  28   6  31  35  10  12  17  27   4  21  12  28  33  44  40  42  48  46  37  14  33  35  32  35  48  19   1  46  49  42  41  34  33   6  50  39  50  47  48  41  47   1  23  17  32  47  47  34  27  24  10   9  41  47  39   4  36  12  31  43  19  21   2  37  10  16   9  49  44  13   2  21  33  42  27  41  11  10  17   2  16  20  26  43  36
  36  13  23   4  17  43  29  38  50  38  24   8   4   1  47  20   8   6  49  12  45  18  31  41  35  43  15  32  22   1  20  31  24  45  35  39  42   9  46  30  41  38  26   7  28  15  25  39  27  30  48   2  25  11  31  23  26   1   6  44   9  47  22  29  24  32  34  28  35  11  22  33  23   5  35  37   9  39  41  39  30  16  31  22  33  18  23  24  47   7  25
   9  22  33  13   6  47  29  47  15  34  43  22  44  34  23  28  19   3  21  33  32  26   8  11   4  37  19  26   5  34  11  25  16  39   5  34  11   3   6   4  13   8  15  23  36  36   4  18  26  23  32  44  13  26  45  35  17  48  25  50  23  32  24   5  44  44  31  44  26  36  12   5  13  33  42   2  27   3  16  46  28   7  36   9   6   6  14  45  44  21
  16   3  49  50  34   2   9  18  41  48  48   2  17  35  31  41  15  11  45  19  24  17  29  39  35  11  25  50  39   6  16   3   8  20  26  33  25  10  30  28  15  30   6  22  30  46   4  26  40  24  16  41  21  28  45   4  18  16  35  41  11  35  38  37  45  49   6  16  47  31  50  17  47   6  26  10  13  20  42  15  34  44   7  39  44  15   3   8   9
  43  31  39  32  44   2  11  28  32  42  44  44  21  10  48  44   2  38  14  20  12  26  15   9  42  34  17  19  15  26  39  34  22  40   4  49  37  19   4  27  49  15  40  11  46  35   4  25  46  28  40   7  46  25  10  18  35  21   9  43   7  40  28  46  10  38  45  39  28  50  45  21  26   6  49  29  10  35  47  41  21  46  50  46  40  47  34  38
  36  25  48  22  20  20  13  45  29  38   8  40  21  48  42  10  38  11  14  31  48  11  18  25  50  28  23  15  27  18  20   8  23  10  20  18  20  31  23  11  13   3  36  16  18   6  17  32  18  15  32  48  13   2  47  36  45  35  11  26  41  16  10  28  28  17  19  42  24  24  43  10  44  20  36  38  12   4  19  24   1  26  23  42  43   4  42
  48  25  29  29  44  42  36  15   1   1  50  18   2  17  10  18  23  20   9  37  12  43  41  31  17   4  45  32  11  14  12  33  37  27  23  24   3   9   5  13  32  10   3  16  15  14  34  15  36  41  18   8  19  50  15   5   7  37  40  35  50  50  20  49  48  16  36   1  15  13  28  13  10  15   2  29   9  26  38  21  41  30  18  24  36   4
   9  32  19  10  30  48   3  10  41  21  20  43   9  33  23  47  20  38  46  37   5   1  26   2  44  49  49  38  13  12  39  10  39   1   7  25  16  15  11  22  33  30  50  25   8  10  35  44   5  24  27  33   4  38  21  12  31  12  13  27  37  15  21  14  22  36  44   5  49  24  15  17  16  42  44  45  38  43   7  22  48  22  18   5  25
  18  39  24  13  26  44  20  22  28  50  12  35  10  22  35  39  28  22  45   5  24   8  19  39  22  21  34  10  39  50  34  19  34   8  20  49  18  37  43  21   6  10  22  11  12   4  48  35  19   9  27  20   5  43  30  19  50   3  45  19  42  10  38  46   8  10   6  25  25  45   5  41  49   6   4  46  40  14  25  31  24  45   4  35
  28  13  47  25   2  14  45  32   4  41  33  42  28  23  42  37  37  46  46  32  40  15  31  44  22  50  22  42   8  23  18  19  43   9   4  13  26  41  38  24  34  23  41   2  31  16  17  11   7  14  49   6  39  42  34  46  25  39  25  39  31  38   4  40  41  43  47   2  38   7  16  44  12  20  28  47   1  33  14  10  49  41  50
  47  23  20  45   5   1  24   8  26  27  30  41  35   3  11   1  41  38  10  33  49  49   8   2  19  16   4  30   9  49  43  49  30  11  32  23  29  25  38  44  21   5  10  21  50  29  29  26  40  48  33  40  14  48  34  31  15  20  18  21  25  30  39   4  21   2  33  43  11  25  32  20  38   6  17  39  49  21  45   3  23  47
  35  12  46  32  46  17   4  25   3  42   9  17  19  14  12  40  38  25  47  46  19  23  46  11  20  24   4  13  25   1  24  41  17  18   7  48   5  22  22  37  14  19  27   2  19  31  33  43  30  25  32  12  17  20  17  43  22  26   1   4  29  42  25   2  19   9  39  26  13  31  48   3  29  37   9   6   4  20  19  31  48
   7  25  18  28  11  18  39  36  22   7  23  15  48  15  11  30   8  18   2  41   5   7  26   3  43   2  39   1  20  47  18  30  17   2  47  13  36  10  36  18  26  49  34  42  50  46  17  39  21  11  25  29   3  30  17  24  18  27  18   3  22  34  40  18   1  47   7  38  17  45  42  39  31  15  21  31  33  26  45  37
   6  35  46  14  23  29  36   4  27   7  26  40  37   8  35   5  35  16  42  30  18  40  32  37  46  36  37  26  23  22  28  25  12   7  37  39  40  26  39   7  21  49  13  22  18  24  16  31  31  48  19  16   5  39  12  13  26   3   3  38  34   8  39  40  30  28  50  32  46  13   4  32  50  21   1   1  37  46   9
   1  36  11   7  22  48  35  22  45  27   8  26  31  11  23  50  42  47  23  29  18  49  35  25  11  24  38  35  36  25  49  22  11  27  24  17  48  37   3  19  30  46  42  33  39  12   5  31  16  33  39   5  19  38  39  38  22  38  50  32   6  28  38  34   8  45  46  35  24   2  25   8  24  30  29  37  26   2
  43   1  23  40  12  37  47   3  22  15   9  40  18   3  20  15  25   6   5   3  25  17  18  15  12   6  49  34  35  35  43  16  24  19  31  45  42   5  23   1  24  25  44  41  43  13   8  50   8  12  25  47   5  26   3  28  32  42   1   3  48  48  19  16  16   8  40  22  45  29  15  17  40  39  18  44  29
  34  49  29  32  37  39  38  25  25   6  23  32  30  42   5   4  46   2  11  47  45  48  44  40  14  27  38  29  38   9  24   3  12  12   8  20  46  10  34   7  46  24  46  35  12  49  32  16  29  37   4  38  15   3  41  45  31  23  24  15  43  18  26  20  34  46  46  22   6  44  13  15  17  21  28  10
  13  19  45  35  20   4  29  20  11  47  14   6   7   5  22   1  30  25  27  17  10  15   5  43  47   8  31  15  22  11  46  45   7  13  37  50  32  18  40  23  43  36  40  35  21  39  19  23  35  43  41   9  41  38  44  36  48  41   7  10  49  19  47  45  40  27  46  44  15  21  11  12  40  25  31
  23  47  15  50  30  15  36  49  49   3  16  23  46  20  50  29  11  15  39  13   7  45  50   5  28  35  48   6  14  41  33  40  26  16  50  47  41  21  31  37  29  32  15  31  16  15  14  31  42  19  19  14  37   6  50  48  12  12  39  46   3  14  19  13  15  46  21  29  22  20  17  49  24  19
  48  21  49  34  23  31  50  43  13  39  24  45  35  40  35   6  41  26  21  23  14   3  15   8  27  10  31  21   1  40  39   2  49  23   5  19  10  44   8  19  24  14  15  28  37  46  25  36  18  43   8  20   6  32  30  27  36  46  47  44   4  39   3  46  35  11  21   8  35  24  11  40  18
   3  41  23  19   8  39  21  50  47  31  19  19  27  20  41  40  49  14  13  17  20  35   7  18  25  32  20  23  10  33  24  34  31  30  20  41  21  45   1  43  36  28   4  45  16  19  29  49   7  50  33  37  36   6  42  31  49   6   9  42  24  30  28  12  45  18   7  17  12  13  36  43
  47  29  41   5  47   1  11  39   2  27  28  39   2  38  50  40  39  19  49  46   7   7  34  43  10   1  37  35  29   4  10  50  20  39  10  15  14  50  24  11  41  37  22  43  50  49  48  36  41  17  35   5  11  47  10  17   6  47   8  25  34  15  18   1  22  34  10   7  32  42  28
  10  39  24  43  39  47  27  16  32   5  23  38   8  25  15  27  13  48  36  10  42  20  14  49   2  26   4  35  37  48  21   5  37  21  39  15  10   7  12  48   4  49  14  32  39  13   9  40  42  36  33  46  45  27   7  31  15  39  17  14  47  14  26  38  12  12  11  26   8  48
   9  17  19  21  12  47  37   7  33   2  16  45  18  27  27  32  19   3  40  43  13  13  19  33  16  45  21  14  38  34  41  45  49   5   8  17   5  49  18   2  38  13  23   8  24  31  19  33  46  31  48  21  41  29  31  27  41   6  20  13  46  18  40   7  25  11  45  26  37
  30  46  34  33  28  14  39  39  29  25  36  47   9  14   8  16  13  17  24   7  31   8  19  48  27   9  18  21  28  27   6  23  14  20  23  10  49   9  25   2  11  22  15  11   3  37  35  43  21  25  14  18  26  31  47  17  27  43  43   2  28  26  38  49  29   1  33  42
  47  35  42  19  47  21  27  23  13  44  47  42   4  26  10  42  50  40   4   2  27  44  14  40  17  43  39  20   3  17  47  34  47  18  24  14  27  30  25   3  21  49  10  30   5  24  14  34  26  48   1  36  15  42  13  10  40  24  41  47  46  16   2   3  31  26  13
   8  43   7   7  48  22   1  40   5   2   6  44   1  25  46  20  35   6  11  46  11  20  49  25   6  31  46  19  26  44  19  47   3  15  40  12  36  17  31  34  14  26  17  20  46  26  36  13  35  27  32  22  28  47   8  31  35   5   2   4   6  30  30   4  46  21
  35  16   4   9  11  37  12  50  11  16  13  39  36   7  15  42   6  16   2   5  15  30  34  22   5  21   3  37  40  21  18  19  28  12  23   5  40  43  18  11  26   6  50  11  22  49  25  18   9  49  46  43  25   2  44  38   3  40  22  13  36  27  15  31  18
  26  33   7  39   5  19  39  48  16  20   8  25  30  25  24   4  46  34  11   9   1  47  31  19  44  19  11   4  50  48   4  34  18  12  38  32  30  20  38  12  22   8  17  23  31  38  16  17  13  36  36  28   6  17  28  48   1   1  45  25  26  36   9  40
   7   1  16  47  27  24  40  46   9  42  11   7  44  41  47  42  25  44  46  38   9   5  10  10  28  26  30  40   2  24  33   9  14  50  11  16  40   3  17  11  15  46  43   1  38  29   2  39  43  31  24  14  28  29  45  17  26  38  40  13   1  38  47
  49  35  30  20  12  30   2   5   7  17  22  29  20  11  39   2  49  48  35  28  27  48  32  40  21  32  46  23  23  41  47  46  45  40  26  36  31  14  42  22   3  17   6  40   8  10  43  25  25   1   7   3   6   2  24  34  17  30  24  38  40  38
   5  37  33  13  31  31  35  21  27  22  26  49  17  35  47  45  24  21  20   2  45   6  34  49  18  17   8  34  30  20   8  35  22  44  12  23  38   1  16  33  43  20   4   1  10   3  36   3  39   5   6  36   4  13  10  47  28  14  44  29  40
  20  32   7  25  19   7  26  20  47   3  12  48  43  19  32  11   5   9  35  29  27  15   5  13  43  40  34  30   1  28  19  22  21  17  18  50  32  45  19  43  18   3  40  43  29   5  28   2  29  21   6   6  35  19  19  18  44  47   8  14
  33   8  38  37  24   8  13   5  41  24  42  43  23  27   7   1  20  35   4  44   2  29  18  41  11  15  43   9  13  32  11  20  33  16  38  28  12  40  36   2  22  14  26  34   2  15  19  34   6  19   9  34  14  26   6  18   8  18  33
  13  47  35  13  42   9  37  20  10  37   5   6   8  39  42  15  38  43  42  36  10  18   9  35   6  30  47  10   3  29  14  36  14   2  22  21  36  31  43  29  28  11   6  45  34  28  14  46  32  35  10  50  41  36  14   3   5  46
   6   1  47  11  13  42   1  12  19  18  15  37  10   6  29  50  32   4  38  25  14  42  44  39   7  27  24   6  25  33   9   3  11  30  30   4  16  22  24  24  29   8  20  50  34  38  31  23   3  37  29   2  43   8  15  16   7
   9  37  33  15  43  23  36  25   5   3  17  14   7  19  34   2  32  39  20  34   9  12  44  31  12  22  37   2  44  41  26  37  15  20  17  27  30  47  23  16  23  44  30  16  28  37   2  32  24  33  16  32   2  43  10  26
  42  23  24   9  35   2  10  50  20  34  20  29  18   6   4  49  38  26  20  42  25  36  39  13  24  45  26  49  17  10  34  49  30  20  21  16  41   4   5   1  45  10   4  19  21  21  14  48  20   9  37  30  37  21  17
  43   7  43   1  21  10  25  30   1  46   2  24  40  10  33  40  40  49  43  37   4  12  20  31  26  41  47   9  24  24  43  20  17  19   9   4   5   6  33  31   9  10  27  33  50   1  17   4  27  13  17  18  36  36
   7  22  28  21  35  46  41   8  48   8   4  30  37  19  33  48  41  20  46   1  40  29  17  38  11  40  15  12  45  39  49  13   4  43  12  26  11  50  17  40  29  13  37  19   5  32  38   2  42  47  46  17  18
  15  43  23  30  33  41  30  28  45  48  27  21  32  18  11  12  24  18  33  21  42  34  47  20  33  18  36   9  29  23   1  40  10   7  29   3  50   7  28  19  36  46  25  18  42  45  37  32  15  49  50   8
   4   1  29  35  16  24   8  43  35  49   1  30  10  18  49  49  12   8  49  33  33  21  14  34   3  25  28  43  17  25   1  38  25  19   9  39   3   9  39  42  11  12   5  50  36  18  31  15  30   6  39
  18  23  11  19  30  33   8  21  35  12  45  49  41  40  30  36  49   1  14   2   3  35  42  28  16   7  32  22  46  20  10  18   5  34  14  28  34   9   5  50  37  14   8  45  27  39  26  24  20  29
   4   4  13  27  14  13  22  27  18  42  17  13  33  19  18  11  28  43  42  22  41   7  30   6  18   4  14  24   6  40   4  45  22  30  39  45  32  18  10  21  43   4  25  35  24  14  17  27  32
  28  37  10   8  30  18  28  22   8  27  43   7  26   1  11  31  12  44  34  17  34  34  43   7  41   6  13   6   8  22  35  33   7  10  49  10  20  19  27  49  26  20  18  47  48  28  12   6
   6  27  10  31   1   1  28  37  35  18  11   8   2  29  12  15  50  36   1  31   5  40  27  11  25  30  33  23  18  17  44  20   2  30   6  23  25  10   5  20  24  48  27  50  45  48  46
  35   3  26  22  14  47   9  24  23  11   2  16  44  24   4  48  27  49  43  28  36  30  25  50  10  25  34  40   5  44  14  10  10  34  37   8  39  34   7   8  44  43  49  12   7  13
  42  43  22   9  35  40   2  33  20  40   2  26  10  22  13  47  13  30   5   3  17  30  44   2  32  49  32  35  45  36  33  15  43  35  21  30  28  13  31  36  15  19   1  11  31
   8  45  30  21  11  39   7  47  33  16  39   6  22   3  36  40  36  10   3  35  45  49  20  36   7  49  17  44  48   2   5  47  19  37  35   9  21   4  44  34  32  16  27  38
   6  41  41  48  41  24  16  20  21  43  27  38  38  49  34  35  39   1  50  11   8  12  20   7  16  23  22  25  25  13   9   8   7  17  18  32  43  47  49   6   8  48  11
  50  36  45  36   1  47  27  14  21  33   3  19  30  35  33  18   2  27  44  19  19   8  50  18  15   1  50  19  45  44  36  45  17  39  13  47  39  17  46   5  36  25
  10  30  17  36  10  25  29  36  31  48  37   2  24  33  50   5  39  47  37  17   9  10  38  33  45  14   5  31  45   4  44  45  29   4  16  23   1   4  50  38  30
   5  26  48   2  19  38  19  41  31  13   2  46  27  15  38   6  23  36   5  47  32   7   6  39  17  31  29  11  30   4  17  39  20  46   6   5  26   9  26  42
  43  19  46   9  25   8  47  40   7  49  22  44  46  49  17  14  19  32  32  15  49   7  48  10   6   1  27  30   2  37  24   8  24   3  40  36  19  19  47
  49  18   6  38  32  18   3   2  28  36  47  50  42  21  20  35  22  35   8  26  36   5  47  20  39  13  13  27  44  48  35  25   8   7  46  22  10   7
  21   5   7   5  21  36  39   7  27  34  12  46  12  17  41  42   4  24  22  13  45   6  26  15   1  40  31  26  50  39  19  21   5  43  49  29  36
   8  20   3  16  40  47   5   3  28  18  33  22  20  47  38  45  39  17   7   6  16  22  10   9  28  37   6  48  45  42  10   7   7   6  37  35
  49   3  26   1   6  29   1  23  36  32  34  49   3  11  42  20  36  36   7  25  31  13  12  45  19  25  20  19  18  34  23  24  39  24  36
  31  46  45  18   4  13  33  13  26   2  24  44  15  27  14   3  21  17   4  35  10  10  45   5  38  43   5  48  25  12  15  45  49   8
   2  33  21  39   8   8  31  34  44  29  17   8  26  32  42   6  48  13  41   6  21   2  39  41  12  44   4  20  43   4  28  11  19
  22  38  42  49  34  26  17  22  38   4  38   5   1  32   2  22  13  45  17  23  14   4  46   3  49  41  21   9  23  38   6  31
  37  40  17  43  15  44  40   5  23  49  21  23   5  14  25   5  14   3  20  19  49  29  46   5  30   9  16  35  11  12  42
  14  49   6  32  11  39  10  24  42   5  23  19  47   5   3   4  23  23  36  29   9  13   4  16  46  40  32  11  15  49
  47  50   8  10   1   9  45   5  20   7  45  38  44  40  31  34  26   1  16  39  35   5  49   8   6  41  49  10  29
  28  22  37   4  30  10  28  12   6  42  17  44  46  45   4  33  33  39  38  27  15  16  33  27  28  42  40  26
  17   3  27   8  37  46  15  14  27  30   9   8  17  45  11  44  15  39  47  29  29   3  32  42  49   9  23
  29  33   6  29  27  19  23  31  40  27  28  44   3  18  22  50  17  35  17  44  10  14  22  47  34  15
  32   3  43   5  26  25  17  38  39  49  22  43  18   2  50  10  18   3  41  32  25   8   6  39  15
  38  35   5  45  45   9   3   4  33  40  42  46  25  15  12  39  50  26  48  30  41  11   8  18
   5  35  12  37   9   4  18   6  33  48  23   2  48  10  46  49  10  29  45  35   7  44  45
  21  33   7  50  15  30  34  40  45  34  34  40  33  14  28   8   9  35   4  44   6  25
  14   4  45  17  32  43  16  23  33  38  26   6  23  38  38  26  44   9   3   4  26
  35  22   4   3  18   5  32   9  38  24  24  26  27  15  37  16  44   5  45  17
  26  34   3  27  34  50   5   1  12  14  43  22  11  15  37   4  37  26  22
   2  43  47  29  38  17   3  37  46  43  17   6   7  36  39  47  29  43
   6  41  24  39   4  49  10  21  22   7  37  29  13  29  20  16   5
   3  42   3  40   6  49  20  14  40  13  23  17  48  49  35   2
  44  48  48  30  27  10  21  12  11   2  10  34  42  17  18
   7  34  34  20  44  49  49  40   6  43  39  42  21  47
  18  27  10  26  37   7  26  10  33  29  19  19  43
  39  44   7   6  14   6  47   2  15  40  14  12
   4  26   7  11   6  30  28  46  25  28  24
  37  19  13  12  44   9   4  29  47  21
  38  46  20  35  50  40   6  18  50
  49   5  16  35  23  29  20  50
   6  21   9   2  25  37  27
  42   4  20  43  46  46
  26  18   4  41  47
  12  26  27  18
  30  45  36
  34  33
  37

 483
   4  25   5  12  15  18  12   3  17   2  23   5  13  21  19  13  20  21  14  24  23  18  11  21  23   8  14  25   9   1  20  19   5  12  19   4   8   9  17   3  14   6  19   5   3   6  14  16   2  21  10  10   7  18  16   4  24  13  17  19   8  17   6  22   3   6  20  17  18   9  19   3  20   6  19  11  16   2   4   7   4  24  25   9   4  15  17  24   3   4  12  18  25  16  11  17   7  25  18   4  13   1  14  19  21   7  19   2  12   6  25  13  20   9  23  11  10  16   2  20
