 120 
   0  27  38   0   0   0   0   0   0   0   0   0   0   0   0   0  42   0   0   0   0   0   0   0   0   0   0   0   0   0   0   0  45   0   0   0   0   0   0   0  25   0   0   0   0  27  33   0   0   0   0   0   0  24   0   0   0   0   0   1   0   0   0   0  37   0   0   7  49   0   0   0  32   0   0   0   0   0   0   0   0   0   0   0   0   0   0  25   0   0   0  26   0   0  27   0   0   0   0   0   0   0  17   0   0   0   0   0   0  25   0   0   0   0   0   0   0   0   0   0
   0   0   0   3  18   0   0   0   0   0   0  18  33   0   0   0   0   0   0   0   0   0   5   0   0   0   0   0   0   0   0   0   0  14   0   0  42   0  42   0   0   0   0   0   0   0   0   0   0   0   0   0   0   0   0   0  14   0   0   0   0   0   0   0   4   0   0   0   0   0   0  19   0   0   0   0   0   0   0   0   4  33   0   0   7   0   0   0   0  35   0   0   0   0   0   0   0   0   0   0   0   0   0   0   0   4   0   5   0   0   0   0   0   0   0   0   0   0   0
  11   0   0   0   0   0   0   0  38   9   0  33   0   0   0   0   0   0   0   0   0   0   0   0   0   0   0   0   0   0   0   0   6   0   0   0   0   0   0   0   0  37   8   0   0   0   0   0   0   0   0   0   0   0   0   0   0   0   0   0   0   0   0   0   0   0   0   0   0   0   0   0   0   0   0   0   0   0  12   0   0   0   0   0   0   0   0   0   0   0   0   0   0   0   0   0   0   0   0   7   0  44   0   0   0   0   0   0   0   0   0   0   0   3   0   0   0   0
   0   0   0   0   0   0   2   0  46   0   0   0   7   0   0   0  46  10   0   0   0  44   0  13   0   0   0   0   0   0   0   0   0   0  11   0   0   0   0   0   0   0   0   0   0   0   0   0   0   0   0   0   0   0   0   0   0   0  14   0   0   0  43   0   0   0   5   0   0   0   0   0   0   0   0   0  13   0   0   0   0  46   0   0   0   0   0   0   0   0   0   0   0   0   0   0   0   0   0  24   0   0   0   0   0   0  20   0   0   0   0   0   0   0   0   0   0
   0   0   0   3  20   0   0   0   0   0   0   0   0  17   0   0   0   0   0   0  31  28   0   0   0   0   0   0  11   0   0   0   0   0   0   0   0   0   0   0   0   0   0   0   0   0   0   0   0   0   0   0   0   0   0   0   0   0   0   0   0   0   0   0   0   0   0   0   0   0   0   0   0   0  25   0   0   0   0   0   0   0   0   0   0   0   0   0   0   0   0   0   0   0   0   0   0  41   0   0   0   0   0  26   0   0   0   0   0   0   0   0   0   0   0   0
   0   0   0   0   0  28   0   0   0   0   0  48  32   0   0  47   0   0   0   0   0   0   0   0   0   0   0   0   0   0   0  43   0   0   0   0   0   0   0   0   0   0   0   0   0   0   0   6   0   0   0  20   0   0  12   0   0   0   0  24   0   0   0   0   0   0   0   0   0   0   0   0   0   0   0   0   0   0   0   0   0   0   0   0   0  43   0   0   0   0   0   0   0   0   0   0   0   0   0   0   0   0   0   0   0   0   0   0   3  35   0   0   0   0   0
   0   0   0   0   0  19   0   0  40   0   0   0   0   0   0   0   0   0   0   9   0   0   0   0  40   0   0   0   0   0   0   0   0   0   0   0   0   0   0   0   0  18   0   0   0   0   0   0   0   0   0   0   0   0   0  46  32   0   0   0   0   0   0   0   0   9   0   0   0   0   0   0   0   0  28   0   0   0   0   0  47   0   0   0   0  49   0   0   0   0   0   0   0   0  40   0   0   0   0   0   0   0   0   0   0   0   0   0   0   0   0   0   0   0
   0   0   0   0   0   0   0   0   0   0   0   0   0   0   0   0   0   0   0   0   0   0   0   0   0   0   0   0   0   0   0   0   0   0   0   0   0   0   0   0   0   0   0   0   0   0   0   0   0   0   0  22   0   0   0   0   0   0   0   0   0   0   0   0   0   0   0   0   0   0   0   0  32   0   0   0   0   0   0   0   0   0   0   0   0   0   0   0   0   0   0  22   0   0   0   0   0   0   0   0   0   0   0   0   0   0   0   0   0   0   0   0   0
   0   0   0   0   0   0   0   0   0   0   0   0   0   0   0   0   0   0   0   0   0   0  26   0   0   0   0   0  12   0   0   0   0   0   0  20   0   0   0   0   0   0  39   0   0   0   0   0   0   0   0   0   0   0   0   0   0   0  45   0   0  19  26  35   0   0   0   0   0   0   0   0   0   0   0   0   0   0   0  16   0  17   0   0   0   0   0   0   0   0   0   0   0  35   0   0   0  25   0   0   0   0  14   0  34   0   0   0   0   0   0   0
   0   0   0   0   3   0   0   6   0   0   0   0  17   0   0   0   0   0   0   0   0   0   0   0   0   0  39   0   0   0   0   0   0   0   0   0   0   0   0   0   0   0   0   0   0   0   0   0   0   0   0   0   0   0   0   0   0   0   0   0   0   0   0   0   0   0   0   0   0  15   0   0   0   0   0   0   0   0   0   0  39   0   0   0   0   0   0   0  18   0   0   0   0   0   0   0   0   0   0   0   0   0   0   0   0   0   0   0   0   0   0
   0   0   0   0   0   0   0   0   0   0   0   0   0   0   0   0   4   0   0   0   0   0   0   0   0   0   0   0   0   0   0  25  27  13  17   0   0   0   0   0   0   0   0   0   0   8   0   0   0   0   0  24   0   0   0   0   0   0   0   0   0   0   0   0   0   0   0   0   0   0   0   0   0   0  20   0   0   0   0   0   0   0  33   0   0   0   8  43  15   0   0  19   0   0   0   0   0   0   0   0   0   0   0   0   0   0   0   0   0   0
   0  13   0   0   0   0   0   8   0   0   0   0   0   0   0   0   0   0   0   0   0   0   0   0   0   0   0   0   0   0   0  17   0   0   0   0  32   0   0   0   0   0   0   0   0   0   0   0  14   0   0   0   0   0   0   0   0   0   0   0   0   0   0   0   0   0   0   0   0   0   0   0   0   0   0   0   0  18   0   0   0   0   0   0   0   0   0   0   0   0   0   0   0   0   0   0  21   0   0   0   0   0   0   0  32   0   0   0   0
   0   0   0   0   0   0   0   0   0   0   0   0   0   0   0   0   0   0   0   0   0   0   0   0   0   3   0   0   0   0   0   0   0  40   0   0   0   0   0   0   0  13   0   0   0   0   0   0   0   0   0   0   0   0   0   0   0   0   0   0   0   0   0  42   0   0   0   0   0   0   0   0   0   0   0   0   0   0   0   0   0   0   0   0   0  37   0   8   0   0   0   0   0   0   0   0   0   0   0   0   0   2   0   0   0   0   0   0
   0  31   0   0   0   0   0   0   0   0   0   0   0   0  21   0   0  30   0   0   0   0   0   0   0   0   0   0   0   0   0   0   0   0   0   0   0   0   0   0   0   0   0   0   0   0   0   0   0   0   0   0  18   0   0   0   0   0   0   0   0   0  41   0   0   0   0   0  28   0   0   0   0   0   0   0   0   0   0   0   0   0   0   0   0   0   0   0   0   0   0   0   0   0  26   0   0  22   0   0   0   0   0   0   0   0   0
   0   0   0   0   0   0   0   0   0   0   0   0   0   0   0   0   0   0   0   0   0   0   0  34   0   0   0   0   0   0   0   0   0   0   0  13  21   0  40   0   0   0   0   0   0   0   0   0   0   0   0   0   0   0   0   0   0   0   0   0   0   0   0   0   0   0  34   0   0   0   0   0   0   0   0   0   0   0   0   0   0   0   0   0   0   0   0   0   0   0   0   0   0   0   0   0   0   0   0   0   0   0  30   0   0   0
   0   0   0   0   0   0   0   0   0   0   0   0   0   0   0   0   0  22   0   0   0   0   0   0   0   0  20   0   0   0   0   0   4   0   0   0   0   0   0  37   0   0   0   0   0   0   0   0   0  34   0   0   0   0   0  32   0   0   0   0   0   0   0   0   0   0   0   0   0  16   0   0  24   0   0   0   0   0   0   0   0   0   0   0   0   0   0   0   3   0   0   0   0   0  13  50   0   0   0   0   0  14   0   0   0
   0   0   0   0   0   0   0   0   0   0   0   0   0   0   0   0   0   0   0   0   0   0   0   0   0   0   0   0   0   0   0   0   0   0   0   0  21   0  24   0   0   0   0   0   0  11   0   0   0   0   0   0  30   0   0   0   0   0   0   0   0   0   0   7   0   0   0   0   0  10   0  15  13   0   0   0   0   0   0   0   0   0   0   0   0   5   0   0   0   0   0   0   0   0   0   0   0   0   0   0   0  30   0   0
   0   0   0   0   0   0   0   0   0   0   0  37   0   0   0   0   0  47   0  40  26   0   0  26   0   0  14   0   0   0   0   0   0   0  44   0   0   0   0  14   0   0   0   0   0   0   0   0   0  44   0  24   0   0   0  26  15   0   0   0   0   0   0   0   0   0   0   0   0   0   0   0   0   0   0   0   0   0   0   0   0   0   0   0   0   0   0   0   0   0   0   0   0   0   0   0   0   0   0   0   0   0   0
  38   0   0   0   0   0   0   0   0   0   0   0   0   0   0  45  28   0   0   0   0   0   0   0   0  29   0   0   0   0  17   0   0   0   0   0   0   0   0   0   0   0  15   0   0   0   0   0   0  12  24   0   0   0   0   0   0   0   0   0   0   0   0   0   0   0   0   0   0   0   0   0   0   0   0  40   0   0  15   0   0   0   0   0   0   0   0   0   0   0   0   0   6   0   0   0   0   0   0   0  47   0
   0   0   0   0   0   0   0   0   0   6   0   0   0   0   0   0   0   0   0   0  38   0   0   0   0   0   0   0   0   0   0   0   0   0   0   0   0   0  19   0   0   0   0   0   0   0   0   0   0   0   0   0   0   0   0   0   0   0   0   0   0   0   0   0   0   0   0   0   0  29   0   0   0   0   0   0   0  13   0   0   0   0   0   0   0   0   0   0   0   0   0   0  44   0   0   0  46   0  11   0   0
   0   0   0   0   0   0   0   0   0   0   0   0  20   0   0   0  33   0   0   0   0  10   0   0   0   0   0   0   0   0   0   0   0   0   0   0   0   0   0   0   0   0   0   0   0   0   0   0   0   0   0   0   0   0   0   0   0   0   0   0   0   0   0   0   0   0   0   0   0   0   0   0   0   0   0   0   0   0   0   0   0   0   0   0  44   0   0  37   0   0   0   0   0   0   0   0   0   0  31   0
   0   0   0   0  35   0   0   0   0   0   0   0  28   0  50   0   0   0  19   0   0  49   0   0   0  17   0   0   0   0   0   0   0   0   0   6   0   0   0   0   0   0   0   0   0   0   0   0   0  36   0   0   0   0   0   0  43   0   0   0   0   0  11   0   0   0   0   0   0   2   0   0   7   0   0  28   0   0   0   0   0   0   0   0   0   0   0   0   0   0   0   0   0   0  50   0   0   0   0
   0   0  31   9   0   0   0   0   0   0   0   0   0   0   0   0   0   0   0   0   0   0   0   0   0   0  44   0  28   0   0  36   0   9   0   0   0   0   0  43   0   0   0   0   0   0   0   0  32   0   0   0   0   0   0   0   0   0   0   0   0   0   0   0   0   0   0   0   0   0   0   0   0   0   0   0   0   0   0   0   0   0   0   0   0   2   0   0   0   0   0   0   0   0   0   0  22   0
   0   0   0   0  26   0   0   0   0   0   0  17   0   0   0   0   0   0   0  22   0   0   0   0   0   0   0   1   0   0   0  14   0   0   0   0   0   0   0   0   0   0   0   0   0   0   0   0   0   0   0   0   0   0   0   0   0   0   0   0   2   0   0   0   0   0   0  49   0  24   0   0   0   0   0   0   0   0   0   3   0   0   0   0  27   0   0   0   0   0   0   0   0   0   0   0   0
   0   0   0   0   0   0   3   0  35   0   0   0   0   0  30   0   0   0   0  17   0   0   0  29   0  31   0   0   0   0   0   0   0   0   0   0   0   0   0   0   0   0  29   0   0   1   0   0   0   0   0   0   0   0   0   0   0   0   0   0   0   0   0   0   0   0   0   0   0   0   0   0   0   0   0   0   0   0   0   0   0   0   0   0  43   0   0   0   0   0  44   0   0   0   0   0
   0   0   0   0   0   0   0   0   0   0   0   0   4   0  44   0  13   0   0   0   0   0   0   0   0   0   0   0   0   0   0   0   0   0  13  47   0   2   0  33   0   0   0   0   0   0   0   0   0  16   0   0   0   0   0   0   0   0  48   0   0   0   0   0   0   0   0   0   0  20   0   0   0   0   0   0   0   0   0   0  33   0   0   0   0   0   0   0   0   0   0   0   0   0   0
  28   0   0   0   0   0   0  30   0   0   0   0   0   0   0   0   0   1   0   0   0   0   0   0   0   0  31   0   0   0   0   0   0   0   0   0  44  20   0   0   0   0   0   0   0   0   0   0   0   0   0   0   0   0   0   0   0   0   0   0   0   0   0   0   0   0   0   0   6   0   0   0   0   0   0   0   0   0  29   0   0  14   0   0   0   0   0   0   0   0   0   0   0   0
   0   0   0   0   0   0   0   0   0   0   0  30   0   0   0   0   0   0   0  11   0   0  36   0   0   0   0   0   0   0   0  35   0   0   0   0   0   0   0   0   0   0  11   0   0   0   0   0   0   0   0   0   0   0   6   0   0   0   0   0   0   0   0   0   0   0   0   0   0   0   0   0   0   0   0   0   0   7   0   0   0   0  43   0   0   0   0   0   0   0  24   0   8
   0   0   0   0  10   0   0   0   0   0   0   0   0   0   0   0   0   0   0   0   0   0   0   0   0   0   0   0   0   0   0   0   0   0  24   0   0   0   0   0   0   0   0   0   0   0   0   0   0   0  39   0   0   0  20   0   0   0   0   0   0   0  25   0   0   0   0   0   0   0   0   0   0   0  33   0   0   0  27   0   0   0   0  45  38  33   0   0   0   0   0   0
   0   0   0   0  39   0   0   0   0   0   0   0   0  12   0  37   0   0   0   0   0   0   0   0   0   0   0   0   0   0   0   0   0   0   0   0   0   0  18   0   0   0   0  12   0   0   0   0   0   0   0   0   0   0   0   0   0   0   0  15   0   0   0   0   0   2   0   0   0   0   0   0   0   0   0   0   0   0  23   0   0   0   0   0   0   0   0   0   0   0   0
   0   0   0   0   0   1   0   0  33   5   0   0   0   0  21   0   0   0   0   0   0   0  31   0   5   0  41  41   0   0   0   0   0   0   0   0   0   0   0   0   0   0   0   0   0  34   0   0   0   0   0   0   0   0   0   0   0   0  50   0   0   0   0   0   0   0   0   0   0   0   0   0   0   0   0   0  13   0   0   0   0   0   0   0   0   0   0   0   0   0
   0   0   0   0   0   0   0   0   0   0   0   0   0   0   0  32   0   0   0   0   0   0   0   0   0   0   0   0   0   0   0   0   0   0   0   0   0   0   0   0   0   0   0   0   0   0   0   0  29   0   0   0   0   0   0   0   0   0   0   0   0   0   0  18   0   0   0   0   0   0   0   6   0   0   0   2   0   0   0   0   0   0   0   0   0   0   0   0   0
   0   0   0  31   0   0   0   0   0   0   0   0   0   0   0   0   0   0   0   0   0   0   0   0   0  15   0   0   0   0   0   0   0   0   0   0   3   0   0  50  21   0   0   0  30   0   0   0   0   0   0   0   0   0   0   0   0  30   0   0   0   0   0   0   0   0   0   0   0   0   0   0   0  39   0   0   0   0   0   0   0   0   0   0   0   0   0   0
  41   0   0   0   0   0   0   0   0   0   0   0   0   0   0   0  49   0   0   0   0   0   0  44   0   0   0   0   0   0   0   0  17   0   0   0   0   0   0   0   0   0   0   0   0   0   5   0   0   0   0   0   0   0   0   0   0   0   0   0   0   0   0   0  32   0   0   0   0   0   0   0   0   0   0   0   0   0   0   0   0   0   0   0   0   0   0
   0   0  25   0   0   0   0   0   0   0   0   0   0   6   0  20   0  43   0   0   0  16   0   0   0   0   0   0   0  20   0   0   0   0   0   0   0   0   0   0   0   0   0   0   0  19   0  43   0   0   0   0   0   0   0   0   0   0   0   0   0   0   0  27   0   0   0   0   0  48   0   0   0   0   0   0   0   0   0   0   0   0   0   0   0   0
   0   0   0   0   0   0   0   0   0   0   0   0   0   0   0   0   0   0   0   0   0   0   0   0   0   0   0   0   0   0   0   0   0   0   0   0  49   0   0   0   0   0   0   0   0   0   0   0   0   0   0   0   0   0   0   0   0   0   0   0   0   0   0  12   0   0   0   0   0  29   0  13   0   0   0   0   0   0   0   0   0   0  44   0   0
   0   0  17   0   0   0   0   0   0   0   0   0   0   0   0   0   0   0   0   0   0   0   0   0   0   0   0   0   0   8   0   0   0   0   0   0   0   0   0   0   0   0   0   0   0   0   0   0   0   0   0   0   0   0   0   0   0   0  12   0   0   0   0   0   0   0  26   0   0  49   0   0  20   0   0   0   0   0   0   0   0   0   0   0
   0   0   0   0   0   0   0   0   0   0  19   0  22   0   0   0   0   0   0   0   0  50   0   0   0   0   0   0   0   0   0   0   0  47   0   0   0   0  46   0   0   0   0   0   0   0   0   0   0   0   0   0   0   0   0   0   0   0   0   0   0   0  49   0   0  36   0   0   0   0   0  23   0   0   0   0   0   0  29  34   0  20   0
   0   0   0   0   0   0   0   0   0   0   0   0   0   0   0   3   0   0   0   0   0   0   0   0   0   0  33   0   0   0  31  26   0   0   0   0   0   0   0   0  23   0   0   0   0   0   0   0   0   0   0   0  50   0   0   0   0   0   0   0  10   0   0   0  31   0   0   0   0   0   0   0   4   0   0   0   9   0   0   0   0   0
   0   0   0   0   0   0  26   0   0   0   0   0   0   0  22   0   0   0   0   0   0  28   0   0   0  48   0   0   0   0  24  17   0   0   0   0   0   0   0   0   0   0   0   0   0   0   0   0   0   0   0   0   0   0   0   0   0   0   0   0   0   0   0   0   0   0   0   0   0   0   0   0  28   0   0   0   0   0   0   0   0
   0   0   0   0   0   0   0   0   0   0   0   0   0   0   0   0   0   0   0   0   0   0   0   0   0   0   0   0   0   0   0   0   0   0  29  33   5   0   0   0   0   0   0   0   0   0   0   0  11   0   0   0   0   0   0   0   2   0   0   0   0   0   6  27   0   0   0  50   0   0   0   0   0   0   0   0   0   0   0   0
   9   0   0   0   0   0   0   0   0   0   0   0  40   0   0   0  23   0   0   0   0   0   0   0   0   0   0   0   0   0   0   0   0   0   0   0   0   0   0   0   0  48   0   0   0   0   0   0   0   0   0  22   0   0   0   0   0   0   0   0   0   0   0  22   0   0   0   0   0   0   0  38   0   0   0   9   0   0   0
   0   0   0   0   0   0   0   0   0   0   0   0  36   0   0   0  27   0   0   0  29   0   0   0   0   0   0   0   0   0  34   0   0  19   0   4   0   0   0   0   0   0   0   0   0   0   0   0   0   0   0   0   0   0   0   0   0   0   0   0   0   0   0  27   0   0   0   0   0   0   0   0  32   0   0   0   0   0
   0   0   0  49  24   0   0   0   0   0   0  31   0   0   0   0   0   0  21   0   0   0   0   0   0  27   0   0   0   0   0   0   0   0   0   0   0   0   0   0   0  31   0   0   0   0   0   0   0  30   0   0  39   0   0   0   0  13  38   0   0   0   0   0   0   0   0   0   0   0   0   0   0   0   0   0   0
   0   4   0   0   0   0   0   0   0   0   0   0   0   0   0  18   0   0   0   0   0   0   0   0   0   0   0   0   0   0   0   0   0   0   0   0   0   0   0   0   0   0   9   0   0   0   0   0   0   0   0   0   0  48   0   0   0   0   0  22   0   0   0   0   0   0   0   0   0   0   0   0   0   0   0   0
   0   0   0   0   0  30   0   0   0   0   0   0   0   0   0   0   0   0   0   0   0   0   0   0   0   0   0   0   0   0   0   0  47   0   0   0   0   0   0   0   0   0   0   0   0   0   0  27   0   0   0  36   0   0   0   0   0   0  28   8   0   0   0   0  41   0   0   0   0  45   0   0   0   0   0
   0   0   0   0   0   0   0   0   0   0   0   0   0   0  42   0   0   0   0   0   0   0   0   0   0   0   0   0   0   0   0   0   0   0   0   0   0   0   0   0   0   0   0   0   0   0   0   0   0   0   0   0   0   0   0   0   0   0   0  13   0   0   0   0   0   0   0   0   0   0   0   0   0   0
   0   0   0  38   0   0   0   0   0   0   0   0   0   0  23   0   0   0   0   0   0   0   0   0   0   0   0   0   0   0   0   0   0  50   0   0   0   0   0   0   0   0   0   0   0   0   0   0   0   0   0   0   0   0   0   0   6   0   0   0   0  18   0   0   0   0   0   0   0   0   0   0   0
   0   0   0   0   0  35   0  39   0   0   0   0   0   0   0   0  21   0   0   0   0   0  17   0   0   0   0   0   0   0   0  15   0   0   0   0   0   0   0   0   8  16   0  25  29   0   0   0   0   0   0   0   0   0   9   0  35   0   0   0   0   0   0   0   0   0   0   0   0   0   0   0
   0  10   0   0   0  10   0   0   0   0   0   0   0   0   0   0   0   0   0   0   0   0   0  42   0   0   0   0   0   0   0   0   0   0   4  11   0   0   0   0   0  31   0   0   0   0   0  10   0   0   0   0   0   0   0   0  47   0   0   0   0   0   0   0   0   0   0  36  44   0   0
   0   9   0   0  43   0   0   0   0   0   0   0   0   4   0   0   0   0   0   0  20   0   0   0   0   0  43   0   0   0   0   0  28   0   0   0   0   0  30   0   0   0   0  50   0  24   0   0   0   0   0   0   0   0   0   0   0   0   0   0   0   0   0   0   0   0   0  25   0   0
   0   0   0   0   0   0   0  16   0   0   0   0   0   5   0   0   0   3   0   0   0   0  18   0   0   0   0   0   0   0  34   0   0   0   0  18   0   0   0   0   0   0   0   0   0   0   0   0  15   0   0   0   0   0   0   0   0   0   0   0   0   0   0   0   0   0   0   0   0
   0   0   0   0   0   0   0  27   0   0   0   0   0   0   0   0   0   0   0   0   8   0   0   0  48   0  14   0   0   0   0   0   0   0   0   0   0   0  18   0   0   0   0   0   0   0   0  33   0   0   0  19   0   0   0   0   0   0   0   0  42   0   0   0   0   0   0   0
   0   0   0  20   0   0   0   0   0   0   0   0  14   0   0   0   0   0  23   0   0  48   0   0   0   0   0   0   0   0  23   0  18   0   0   0   1   0   0   0   0   0   0   0   0   0   0   0   0   0   0   2  42   0   0   0   0   0   0   0   0   0  47  22   0   0  45
   0   0  35   0   0   0   0   0   0   0   0   0   0  45   0   0   0   0   0   0   0  29   0   0   0   0   0   0   0   0   0   0   0   0   0  28   0   0   0   0   0   0   0   0   0   0   0   0   0  12   0  31   0  42   0   0   0   0   0   0   0   0   0   0   0   0
   0   0   6   0   0  48   0   0   0   0   0   0   0   0   0   0   0   0  30  27   0   0   0   0   0   0   0   0   0   0  44   0  16   3   0   0   0   0   0   0   0   0   0   0   0   0   0   0   0   0   0   0   0   0   0   0  41   0   0   0   0   0   0   0   0
   0   0   0   0   0   0   0   0   0   0   0   0   0   0   0   0   0   0   0   0   0   0   0   0   0   0   0   0   0   0   0   0   0   0   8   0  49  24   0   0   0   0   0  20   0   0   0   0   0   0   0   0   0   0   0   0   0   0   0  39  50   0   0   0
   0   0   0   0   0   0   0   0   0   0   0   8   0   0   0   0   0   0   0   0  18   0   0   0   0   0  21   0   0   0   0   0   0   0   0   0   0   0   0   0   0   0   0   0   0   0   0   0   0   0   0   0   0  48   0   0   0   0   0  12   0   0   0
   0   0   0   0   0   0   0   0  11   0   7   0  21   0   0   0   0   0   0   0   3   0   0   0   0  33   0   0   0   0   0   0   0  15   0   0   0   0   0   0   0   0   0   0   0   0   0   0   0   0   0   0   0   0   0   0   0   0   0   0   0   0
   0   0   0   0  16   0   0   0   0   0   0   0   0   0   0   0   0  19   0   0   0   0   0   0   0   0   0   0   0   0   0   0   0   0   0   0   0   0   0   0  39  32   0   0   0   0   0   0   0   0   0  46   0   0   0   0  47   5   0   0   0
   0  41  20   0   0   0   0   0   0   0   0   0   0   0   0   0  41   0   0  33   0   0   0   0   0   0   0   0   0   0   7   0   0   0   0   0   0   0   0   0   0   0   0   0   0  20   0   0   0   0  41  33   0  33   0   0   0   0   0   0
   0   0  43   0   0   0   0   0   0   0   0   0   0   0   0   0   0   0   0   0  19   0   0   0  10   0   0   0   0   0   0   0   0   0   0   0   0   0   0   0   0   0   0   0   0   0  23   0   0   0  23  17   0   0   0  11   0   0   0
   0   0   0   0   0   0   0   0  33   0  27   0   0   0   0   0   0   0   0   0   0   0   0   0   0   0   0   0   0   0   0   0   1   0   0   0   0   0   0  25   0  13   0   0   0   0  47   0   0   0   0   0   0   0   0   0   0   0
   0   0   0   0  15   0   0   0   0   0   0   6  43   0   0   0   0   0   0   0   0   0   0   0   0   0   0   0   0   0   0   0   0   0   0   0   0   0   0   0  49  23   0  44   0   0   0   0   0   0  12   0   0   0   0   0   0
   0   0   0   0   0  42   0   0   0   0   0   0   0   0   0   0   0   0   0   0   0   0   0   0   0   0   0   0   0   0   0   0   0  36   0   0   0   6   0   0  27   0   0   0   0   0   0   0   0   0   0   0   0   0   0   0
   0  48   0   0   0   0  12   0   0   0   0   0  18  19   0   0   0   0   0   0   0   0   0  49   0   0  48   0   0   0   0   0   0  27   0   0   0   0   0   0   0  45   0   0   0   0   0   0   0   0   0   0   0   0   0
   0   0   0   0   0   0   0   0   0   0   0   0   0   0   0   0   0   0   0   0   0   0   0   0  15   0   0   0   0   0   0   0   0   0   0   0   0   0   0   0   0   0   0   6   0  36   0   0   0   0   0   0   0   0
   0   0   0   0   5   0   0   5   0   0  20   0   0   0   0   0   2   0   0   0   0   0   0   0   0  34   0   0  36   0   0   0   0   0   0   0   0   0   0   0  48   0   0   0   0  35   0  46   0   0   0   0   0
   0   0   0   0  35  29  28   0   0   0   0   0   0   0   0   0  42   0   0   0   0   0   0  22   0   0   0   0   0   0   0  11   0   0   0   0  20   0   0   0   0   0   0   0   0   0   0   0   0  40   0  33
   0   0   0   0   0   0   0   0   0   0   0   0   0   0   0   0   0  43   0   0   0   0   0   0   0   0   0   0   0   0  49   0   0  21  36   0   0   0   0  40   0   0   0   0   0   0   0   0   0   0   0
   0   0   0   0   0   0   0   0   0   0   0   0   0   0   0  42   0   0   0   0   0   0   0  24   0   0   0  21   0   0   0   0   0   3   0  14   0   0  49   0   0   0   0   0   0   0   0   0   0   0
   0  21   0   0   0   0   0   0   0   0   0   0   0   0   0   0   0   0   0   0  39   0   0   0   1   0   0   0  18  37   0   0   0   0   0   0   0   0  25   0   0   0   0   0   0   0  11   0   0
   0   0   0   0   0  50   0   0   0   0   0   0   0   0   0   0   3   0   0   0   0   0   7  11   0   0   0   0   0   0   0   0   0   8   0   0   0  21   0   0   0   0   0   0   0   0   0   0
   0   0   0   0   0   0   0   0   0   0   0  14   0   0   0   0   0  24   0   0   0   0   0   0   0   0   0   0   0   0   0   0   0   0  28   0   0   0   0   0   0   0   0   0  37   0   0
  45   0   0   0  27   0   0   0   0   0   0   0  47   0   0   0   0   0   0   0   0   0   0   0   0   0   0   0   0   0   0   0   0   0   0   0   0   0   0   0   0   0   0   0   0   0
   0   0   0   0   0   0   0   0   0   0   0   0   0   0   0   0  34   0   0  42   0   0   0   0   0   0   0   0   0   0   0   0   0   0  31  35   0   0   0   0   0   0   0   0   0
   0   0   0   0   0   0   0   0   0   0   0   0   0   0   0  34  20   0   0   0   0   0  46   0   0   2   0   0   0   0   0   0   0   0   0   0   0   0   0   0   0   0   0   0
   0   0   0   0   0   0   0   0   0   0   0   0   0   0   0   0   0   0   0   0   0   0   0   0   6   0   0   0   0   0   0   0   0   9   0   0   0   0   0   0   0   0   0
   0   0   0   0   0   0  30   0   0   0   0   0   0   0   0   0   0   0   0   0   0   0   0   0   0   0   0   0   0  18   0   0   0   0   0   0   0   0   0  15   0   0
   0   0   0   0   0   0   0   0   0   0   0   0   0   0   0   0   0   0   0   0  16   0   0   0   0   0   0   4   0   0   0   0   0   0   0   0   0   0   0   0   0
   0   0   0   0   0   0   0  36   0   0   0   0   0  30   0   0   0   0   0   0  16   0  15   0   0   0   0   0   0  45  29   0   0   0   0   0   0   0   0   0
   0   0   0   0  29   0   0   0  36   0  18   0   0   0   0   0   0   0   0   0  15   0   0   0   0   0   0  25  18   0   0   0   0   0   0  45   0   0   0
  48   0   0  36   0   0   0   0   0   0   0   0   0   0   0   0   0   0  24   0   0   0   0   0   0   0   0   0   0  11   0   0   0   0   0   0   0   0
   0   0   0   0  43   0   0   0  34   0   0   0   0   0   0   0  43   0   0   0   0   0   0  42   0   0   0   0   0   0   0   0   0   0   0   0  24
   0   0   0   0   0   0   0   0   0   0   0   0   0   0   0   0   0   0   0   0   0   0   0   0  49   0   0   0   0   0   0   0   0   0   0   0
   0   8   0   0  49  46   0   0   0   0   0   0  30   0   0   0   0   0   0   0   0   0   0  46   0   0   0   0   0   0   0   0   0   0   0
  12   0   0   0   0   0   0   0   0   0   0   0   0   0   0   0  46   0   0   0   0   0   0   0   0   0   0   0   0   0   0   0   0  43
   0   0   0   0   0   0   0   0   0   0   0   0   0   0   0   0   0   0   0   0   0   0   0   0   0   0   0  19   0   0   0   0   0
   0   0   0   0   0  21  24   0   2   0   0   0   0   0   0   0   0   0   0   0   0   8   0   0   0   0   0   0   0   0   0   0
   0  16   0   0   0   0   0   0  36   0   0   0   0   0   0   0   0   0   0   0   0   0   0   0  18   0   0   0   0   0  24
  29   0   0  37   1   0   0   0   0   0   0   0   0   0   0   0   0   0   0   0  17   0  11  40   0   0   0   0   0   0
   0   0   0   0   0   0   0   0   0   0   0   0   0   0  11   0   0   0   0  41   0   4   0   0   0   0   0  20   1
   0   6   0  12   0  33   0  21   0   0   0   0   0   0   0   0   0  23   0   0   0   0   0   0   0   0   0   0
   0   0   0   0   0   0  18   0   0  11   0   0   0   0   0   0   0   0   0   0   0   0  41   0   0   0   0
   0   0   0   0   0   0  18   0   0   0   0   0   0   0  36   0   0   0   0   0   0   0   0   0   0   0
  50  22   0   0   0   0   0   0  44   0   0   0   0  38  43   0   0   0   0   0   0   0   0   0   0
   0  50   0  33   0   0   0  49  24   0   0   0   0   0   0  17   0   0   0   0   0   0   0   0
   0   0   0   0  36   0   0   0   0   0   0   0   0   0   0   0  17   0   0  28   0   0   0
   0  27   0   0   0   0   0   0   0   0  25   0   0   0   0   0   0   0  19   0  50   0
   0   0   0  49   0   0  48   0   0   0   0   0   0   0   0   0   0   0   0   0   0
   0   0   0   0   0   0   0   0   0   0   0   0   0   0   0   0   0   0   0   0
   0   0   0  38   0   0   0  15  26   0   0   0   0   0  26   0   0   4   0
   0   0   0   0   0   0  13   0   0   0   0   0   0   0   0   0   0   0
   0   0   0   0   0   0   0   0   0   0   0   0   0   0   0   0   0
   0   0   0   0   0   0   0   0   0   0   0   0  22   0   0  37
   0   0   0   0   0   0   0   0   0   0   0   0   0   0   0
   0   0   0  26   0   0   0   0   0   0   0   0   0   0
   0   0   0  29   0   0   0   0   0   0  16   0   0
   0   0   0   0   0   0   0   0   0   0  26   0
   0   0   0   0   0  47  49   0   0   0   0
   0   0   0   0   0   0   0   0   0   0
   0   0   0   0   0   0   0   0   0
   0  18   0   0   5   0   0  10
   0   0   0   0   0   0  37
   0   0   0   0   0  18
   0   0   0   0   0
   0   0   0   0
   0   0   0
   0   0
   0

 1401
  16  13  11  25  18  15   9   4   4  23  22   7  15   5  24  14  14  23   2  22   2  15  18   9  14  13   8   9  20  13   7  17  25  14  12  20  15  19  10  21  13  20  23  13  11  23   8   7   1   1  24   9   2  20   4  19  13  20  19  15  23  23  13  14  12  23   2  13   7  22  15  12   2  14   2  19  20  20   9  17  23  23  13   9   3  18  18   8   9   6  25  11  24  12   1   8  21  13   7  18  12  10  16  16  15   1  22   1   3  16   8   7   9  12   9  24  25   1  17   8

