 120 
  11   6  29   8   1  46   6  12  30  17  24  19  26  36   8  50   2  33  42  11  18  36  41  19   6  19  47   5  40  18  32  13   1  44   7  50  43  44  47  20  30  23  34  15   6  13  40  39  30  11  14  19  10  38   6   7  14  38  47  32  30   5  34   1  10  40   9  24  30  20  35  20  33  20  16  18  48  49   2  31  37  18  17  25  46  25  16   4  47  42  45  10  31   3   7  49  23  11   8  35  14  41  26  34  25   2  18  23  48  16   1  48  13  13   2  36  39  37   3  16
   3  47  44  24  30  20  47  15  28  13  49  34  23  15   8  31  31  26   8  11  18  40   4   3   5  24  38  10  20  50  49   7  10  31  43  11   5  15  15  28  22  12  37  24  40  44  47  11  19  46  21  44  42  26   7  41  31  37  16   6  31   4  22  29  48   9   3  47  50  28  28   2   8  44  17  22  50  45  42   6   2   2   9  14  28   1  45  29  39  17   4  30  10  48  49  41   2   6  35  44  31  35  29  34  23  33  43   5  35  20  49  35   9  22  17  11  34  38   9
  26  15  49  27   8  38  21  13  31  32  16   3  35  36   6   1  39  22  38   8   4  20   1   7  26   9  36  40  30  21  28  37  35  13  40  48  28  24  11   5   7  40  45  50  16  25  36  38  29   7  37  31  26  49   1   2  31  41  19  44  28  30   4  42  18  42  36  14  31  40  26  12  18  20  13  21  44  28  27  26   3  32  12  21  39  16   2  14  46  34   4   9  44   6  13  23  38  12  28  22   7  48   3  40  38  23  41  35   2  34  41  29  21  22  31  43  29  22
  43  42  26   7  45  19  48  43  47  17  44   3  31  10  34  30  32   3  43  17   7  31  30  22  43   1  38  17  34  45  33  30  48  26  31  15  22  31  30  42  41   3  41  39  42  44   8  13  47  18   3   8  48  41  45  46  10  46  27  16  23  44  14  20  24  44  11  19  37  37  21   6   7  30  48  42  35  28   7  17  31   1   1  41  34   8  22  16  48  48  18  31  44   3  21  40  49  22   1  18  45  39  22  22  33  24   8  10  23  21   8  30  18  43  31  38  12
  35  15  39  16   4  45   1  12  34   1  48  46  20  35  14   4   2  12   2  13  11  21  10  14  22  34   9  43  12  40  25  27  18  18   8  38  11  38  19  24  20  41   5  26  41   7  36  23   8  24  26  33   2  13  40  23   2  18  25   2  41   2  19  24  34  12  15  33  20  46  35  33  49  26  33  28  48  20  49  47   9  50  44  31   7  30  15  17  34  49   9  45  37  12   3  41   4   8  25  42  19   8   7   5  30  35  28  49  35  10  49  42   1  41  35  29
  17  37  47  28  42  30  50  19  23  26  28  30  50  28  18  36  15  14  27  28   5  46  35  20  35  49  47  22  20  42  47  20  41  38  47   3  32  24   6  47  30  37   4  41  10  30  43  15   2   9   9  28  12  20   3  31  45  12  19  40  26   8   3  25  43  15   5   9  28  33   6  10  45  29  10  41  36  24  19  16  24  49  23  49  13   3   4  47  29   6  39   7   4  21   7  47  17  48  29  23  18  50  23  45  48  12  30  10  33  47  16  22  35  49  45
  16  16  48   9  40  44  42  23  34  33  26  29  21  42  27  19  16   7  36  15  24  13  25  49  16  38  44  19   2  34   8  47   7  46   6  33  21  37  39  36   7  50  38  19  42  31  32  40  32  10  34   7  18  46   7  39  18  29  30  50  45  36   6  44  50   2  23  15  17  27  26   6   5  43  45  47  15  31   5   8  22  13  47  26  29   6   7   1  44  38  31  14   4   9  28  23  31  30  48  31   8  14  12  33  41  44  19  19   3  39  37  13  45  19
  39  16  30  44   2  49  26  21  28   6  19  48  13  23  37   9  50  31  49  37  11  35  38   7  20   2  24  20  14  46  13  14   2  39  36   9  35  11  27   6  27   5  16  42  13  16   9  46  24  47  12  44   7  25  30   6  46  23  45  10  33  19   8  30  39  14  35  11  47   8  20  21  36   6  48  38  43   9  30  28  43  24  43  47  27  41  49  26   4  33   9  28  40  39  19  16   8  20  19  31   4  19   9  20  25   6  30  11  11  34  16  30  40
  30   4  37  18   7  15  40  25  34  12  15  21  11  23  34  22   4  42  37  32  28  37  13   1  47  19  20  47  48  47   4   6  41  23  12  20  12   4  50  18  20  13  16  11   1  37  38  18   6  37  28  14  11  30  43  13  48   1  28  41  35  42   6   9  21  31  46  19   5  20  13  34  41  16  34  35  44   8  30  25   5  21  45  39  33  12  17  34  22   5  26  46  30  12  14  30  23  22  38  28   9  27  48  37  29  15  24  18  28  20  15  22
  19  20  49   3  48  29  30  49  24  45  20  38  32  39   3  15  49  15  31  34  10  16  46  47  15  13  14  35   6  32  42  22  15  26  37  42  29  17   9  40  28  36  15  28  21  14  14  46  30  26   6  15  16   2  17  41  24   3  50  34   1   3  47  18  18  32  24  16   6  14  30  49  10  22   2  32  24  39  48  35  40   4  40  35  42   6  33  29   1  38  31  10  32   1  17  49  20  47   3  17  43  39  31  17   2   7  29  32   7   4  26
  45   3  36  36  10  36  37  37  44  10  26  16  14   3  20   5  31  36  49  29  30  24  33   5  32  41   5   4  25  34  26  30  30  42  24  22  18  29  39   3  10  38  38  37  43  31  40  50  15   6  18  28  17  28  41  23  43  31  30   8  20  27  37   6  24  32   4  39  29   3   2  21   6  37   8  26  10  23   6  37  10  12  36   6  49  26  18  47  31  20   7   6  26  33  19  44  38  16  40  32  22  37  39  10  18  10  46  25  13  26
  34  47  14  39  25  14   4  14   5  11  28   1  37  32  26  29   5  16  42  24  21  50  42  16  43  28  20  36  48   5  39  24  26  46  33  31  43  20   3   7  36  36  43  30  40  37  25  13  50  31  44  10  14  33  10  41  46  10  44  30  40   2   4  36  42  50  36  32  24  40  42  44   1  46  28  47  25   8  30  36  28  21  12   4  42  16  34  39  29  33   2  39   9  28  18  10  46  49  48  19  31   1   3  27  17   1  43  50  35
  20  44  50  25  45  15  43  25  12   1  22  13  29   4  22  22   4   3  48  47  43  40  15   2  41  35  24  44  37  11  28  30  29  40  49  14  20  14   1  34  46  33  41  21  29  11  44  31  44  35  16  46  24   4  50  15  24  12   9  26   7   1  26  24   4  32  33  18  27  14  47  36  40  25  32  23  29  17  46   4  25  20  37  39  15  12  38  23   6   9   3   1   6  50  26  48  18  19  16  50   6   5  13  33  42  34  10  37
  24  19  26  11  38   9  12  31  28   7  43   8  49  38  25  29   4  19  14  36   6  23  33  41  37  24  42  41  46  50  24  40  49  19  11  43  18  40  34  39  38  41  40   2  38  34  19  49  46  43  43  21  47  38  40  24  31  48  49  20  33  14  29  16  20  31  23  17  37  22  39  43  36  23   9  23  46  25   2   2  28   8  18  45  34  50  14  12  18   8  32   9  16  31  18  41  41  25  14  39  41  25  34  31  40  21   7
   2  20   2  34  41  34  39   8  14  40  46  43  11  25  47  15   4  31  49  20   9  18  22   7   9  50  22  48  45   9  45  32  42  24  43  37   6  20  13  33  37   6   8  33  33  25  21  10  48  41  15   7  24   3   2  24  27  42  44   4  34  24  23  22   7  26  49  50  36  21   3  12  42  38  27  29  33   1   3  47  10  50  22  27  23  28  17  19   3  36  23  10  36  22  39  16  39   4  43  29  34  42   5  13  41  42
  44  39  19  33   7  31  21  42  17   9   3  47  15  29  15  42  32  45  21  31   5  38   8  42  49  32   1  30  28  32  46  27  25  26  14  33  16   4   9  48  27   7  18  50  37   5  12   2  40  17  15   5  24  39  40  29  45  27  27  21  48   4  39  29  39  19  42  42  25  49  35  46   9  19  39  42  41  48  28  21  21  20  32   2  40  46  39  47  32  32   9  48   7   4  34  33   4  25  17  20  20  36  29   6  46
  38  42  11   6  10  35   4  50  12  17  37  17  24   1   3   9   6  22  11  41  48  25  29  47  30  23  38  27   4  38  42  11  29  37  41  47  24  34   5  45   9   9  28  47  29   4  40  19   8  23   7  18  43  22  45  20  25   1  20  43   4  28  23  34   6  41  25   7  13  48  42   7  24  12  21  45  29  10   5  42  21  18   2  30  45   1   2  33  31  36  33  33  17  12  24  20  29   1  48   5  13  11  41  22
  41   6  31  36  26  35  44   4  43  12  23  47  23  37  24  50  45  24  41   6  36   5  30  42  28  26  20  24  24  31  14   3  21   6   6   5  28  33  29  17  48  36  11  16  35  22  49  41  37  48  11  29  21  19  41  16  14  50   8   1  44   1  45  17  34  30  37  23   7  45  38  35   7  25  33  16  12  19   4   2  16  12  21  13  33   8  33  38  33  15  44  29  47  10  15  15   3  34  18  11  32  23   4
   1  45  30  32   2   7  21  20  30  33  21   7  20   4  45  50  23  45  28   1  44  46  13   6  38  31   2  33  20  26  44  40  50  17  26   8   2  45   4  41  49  47   5  32  46  22  29   6  29  42  20  17  50  46  33  15  24  31  17   3  31  49  12  20  37  42  10  32  37  34  25   3  19  34  42  24  27  31  33  12  24   1  10   8  13   4  39  16  14  29  33  41   5  31  30  34   5  29  19  17  32  41
  50  25  14  22  34  24  40  28  18  14   5  25  36   2  14   1  34  34  20   7  34  34  47  23  35  26  46  44  42  46  31  48  40  29  18  31  14  30   4  13  34  39  24  23  28  26  30  49   5  47  12  15  36  47   5  20  38  20   5  30  41  49  17  39  30  15  42   3   2  18  32  17  33  14  36  35   1  39  30  11  50  29   2  31  18  43  31  43  14  13   8  45  45  19  20  29  24  38  32  14  23
  44  10  14  12  35  40  13  50  21   2  14  25  14  23   9   8   2  23  42  24  33   7  27  35  22  12  41  46  32  29   2  32  40  29   6  31  16  32  28  37  21  19  37   3  16  21   9   5  10  10  24  41  38  26  32  39  16  50  16  26  37  14   2  43  10  32   8  12  45  49  10  12   7  11  23   5  46  33  35  22  44  27  30  35  34  17   3  10  39  43  36  41  11  26  12  45  28  49  17  42
   4  48  11  31  34  49  32   2   5   8   1   5  11  16  35  40  28  14  18  30  29  47  31  33  11  16  44  33  24  25  25   4  45  33  25  19  50  41  10   8  47  30  46  44  19  39  31  26  15  24  21   7  42  30  18  43   3  24  32  39   5  28  27  19   1  10  24   9  36   1  17  28  32  17  35  38  18  35  45  17  19  19  28  45   4   7  25  19  33   5  14  20  11  37  37   6  41  35  48
  11  40  49   3   5  16  10  42   4  14  33  23  49  43   9  17  33  41   7  26  21  14   2  15  18  12  19  27  46  45  11  16   9  11  44  27  45  25  31  13  50   9  41  32   6  44   8  20  13  26   4  11   4   6  33  37  49  44  42  44  15  33  32  12   8   2  31  44  22   4  17   2  41   8   9  35  12  25   7  21  14  30  41  22  30  39  49  18  43  18  14  16  16  18  33  16  27  19
  19  20  11  34  36   4   7  25  16  17  43  19  22  22  29  48  34  28  39  22  45  16   7   5  38  33  28  12  11  38  14  50   3  34  16   4   2  22  50   4  22   4  12  26  39  38  42  18  47   4  30   3  49  25  30   8  22   3  15  40  48  10  27  23  11  33  23  23   5  26  15  40  35  10  49  31  30  39   1  25  21  10  22  46   8  29   9  50  30   2  49  32  44  33  19  23  26
  33  26  49   7   6  23  16  47  22  18  44   4   9   4   2  43  26  48  11   9  35  17  47  28  17  49  13  25  39  15  47  38  20   4  44   3  40  39   7  24   2  24  37  32   4  20   2  17  24  10  49  48  34  27  14  45  20   9  25  20  30  41  34   4  15  17  36  20  18  36  49  42  26   5   1  40  29  43  29   9  41   4  21  29  38  33   8  26  49  30  33  36  30  24  48   5
  18  21  28  18  23  28  36  34  49  10  49   9  15  36  50  34  16  44  25  40  23  47  49   3  17  13  23  11  36  31  31  49  47  16  22  34  35   5  21  46  40  47  19  34  29  36  11   9  26  37  17  50  45  49  30  50  16  11   5  38  41  34  47  19  33  49  10  25  23  29  46  23   9   7  38  45  37   3   8  36  22  39  17  49  13   9  24  48   9  38  46  32   4   4  25
  17   9  17  36  38  21  44  10  45  18  21  46  32  43  16  18  42  28   4  14  26  11  23  47  31  16  25  27  28  49  40  29   9  24  35  16  18  12  18  29  37  31  34   6  18  17  29  19  31  17  41  38  21  12  39  36  49  25  20  11  23  23  27  50  27  22  12   4  28  13  13   3   9  34  10  28   5  37  43  20  35  10  36  39  17   5  10  49  49  26   6  39   7  35
  13  42   4  25  39  11  29   8  28  20  25  32  41  27   1  39   9  16  47  19  22  41  13  25  30  10  43   2  13  29  13   1  12  28  38   5  17  13  13   9  15  41  35  36  20  41  20  42  47  41  37  37  44  14  32  24  10  40  16  12  38   2  35   9  10  39   6  19  28  22   2  35  41  20   9  11  47  18  17  39  16  12  47  41  43  18  49  47  26  11  14  24  19
  32  47   7   1  29  12  39  37  19  28   5  28  27  29  46  34  18  24  42  30  21  37  32  11  14   9  32   9  10  35  32  37  32   5  11   6  29  10  41  20  35  25  44  45  39  20   8  18  30  29  12  12  29  23  39  26   3  14  28  16  42  32  39   8   1  29  15  38  23  41  27  11  48  35  26  28  14  18  50  16  47  14   8  46  13  49  23   5  45  28  39  47
  40  25   2  12  33   6  40  39  40  16   1  48  30  16  18  14  41  35  30  21  32  47  48  10  45  19  34   1  32  11  23  19   7  36  49  15  49  36   7  26   4  34   1  35   4   4  48  44  16   7  44  49   6   3   8  19   9  42  32  33  43  30   2  12   6  30  48  29  50  44  28  21  47  41  10  47   1  28  44  42   6   7   5  33  13  26   2  43   4  20  47
  16  43  26  20   5  35  11  24  20  21   1  29  41  28  48  35  34  18  18  25  25  49  43  39  28  39  29  12  35   5  27  10  27   1   7  35  29  31  19  26  37  15  25   2   7  44  23  40  50  12  41  42  21  18  38  35  42  26  27  26  43   6  28  33  15  12  17  48  22  44  26  13  18  13  34  15  13  27  27  28  11  43  22  34  44  47   3  13  33  44
  44   7  31  30  25  44  12   2  29  25  33  44  11  43  50  15  25  41  32  23  25  12  25  38  40  46  36  49  41  24  24  30  21  16  25   3  18  38  12  11  48  20   1  27  14  39  39  38   3  17  12  41  17   4  15  41  19  14   6  35  14  48  17  10  49  33  17  29  39  34   8  48  20  43   9   1  24   4  40   7  22  20  21  33  42  38  28   9   8
  40   8   8  27  13   1   9   7  44  43  15   7  50   4  20   8  24  48   3  16  27  36  12   1  15  18  36  20  49  14  25  38  43  47  23  17  24  35  49  34   4   1  20  42  37  47  27  18  50  13  12   6  10  42  28   1   6   7  41  32  29  29  15  18  44   5  36  48  30   7  48  12  29  33   3  49   4  27  28  20   8  44  29  19  13   6  44  27
  29  45  38   3   4   7   2  33  34  33  28  36  45  47  32  26  41  27  43  23  50  21  47  49   7  23  33  13  39   2  45   7  15  18  22  18  43  47   5  24   6  17  23  14   1   1  27  43  15   9   2  36  47  47  28  46  31   7  41   2  34   8   5  32  33  25  40  46   4  37   5   9  21  43   9  11  37  16  33   6  44  11  10  19  21  11  35
  34  37  46  10  45  38  25  24  32  17  20  10  28   9  39  10  32   5  21  32  40   4  49  38   8  12  26  26   8  48  49  36  25  36  33   1  48  39  23   2  14  10  37  40   8  28  10  45  12  35   4  28  43  24  36   6  14   6   9  39   3  37  43   5  10  32  24  15  26  12  33  20  33  10  43  32  45  45  22  18  11  37  48  13  17  27
  33  24  24   8  25   3  24  46   4   8   7  18   4  47   8  28  17  24  37   1   5  31  33  42  31  35   4  46  23  41  10  32  46   9   9  13   6  38  24   2  12  22  17  19  27  31  40  12  49  47   1  47   9   3  35  32  23  26  14  20  28  10  10  18  29  43  44  41   5  15  15  23  23  49  44  16  44  22  21  48  15  48  35  48  49
  21   2  31  10  26  30  10  36  41  22  40  22  17  37  47  16  50   9  21   9   2   7  31  15  12   9  32  46  18   3  46   8   4  47  22  34  46  17  41  30  48  46  33  10  49  50  15  29  14  25  35  24  39  15  46  30  50   2  43  37  25  11  49  15  31  40  38  19  11   9  43  20   8  39  21  43  16  32  44  30  16  50  12   1
  23  11  32   6   1  35  34  40  46  49  32  33  19  38  38  39  14   8  45  19  25  29   5  10  41  17  39  17  10  26  41  29  15   3  23  19  32  10  11  45  22  25   4  15  12  31  30  50  17  19  28  38  16  38  10  27  25   1  13  20  47  20  29   7  24  30  34   2  46   4  34  11  35  14  48  16  29  22   2  25  37   5  47
  27  36  38   2  39  38   4   9  46  40  18  34  23   4  33  30   8  23  31  37  14  20  41  17   3  18  44  16  27   8  44  26  50   8  45  44  39  14  47  16  18  10   2  25  47  46  47   2   9  39  27  16  17  37  34  39  18  24  28   1  37  11   9  21  18  44   2  43  22   7  36  39  16  12   9  20  48   3  24  24   8  28
  22  49  43  16  14  27  46  29  19  38  47   3  22   5  24  40  46   8  12  17  45  35  15  22  10   2  32   6  27   4  22  50   1  24  26   2  10   9   4  45  13  35  42  34  36  13  31   4  44  42  48  35  34   7   3   8  32  24   7  36  19  19  17   7  19  33  38  17  49  34  17   8  19   1   7  19  29  20  38   7   7
  49  11  25  22  49  22  50  21  29  40  31  35  27  46  19  37  18  32   9  28  50  33  29   1  27  39  50  37  23  50  48  13  38   6   4  39   2  12   4   4  47  48  22  13  38  26  46  19  33  39  16   3  49  22  44  49  48   3  20   1  25  20  30   9  24   9  32  35  17   4  42  41  48  25  33  23  10  13  40  23
  49  37  46  45   4  40   5  36  41  48  22  25  47  10  19  17   1  36   3  36  38  15  43  11  13  27  37  17  12  23  45  18  37  26  23  11  14  11  20  13  22  19  47  40  14  12  21   7   5  48  31   6  17  39  39  25  20  21  35   5  35  22   7   1  35  37   5  26   2  50  21  27  42  20  49   5   7  24   6
   2  41  36   6  50   4  42  24  32  43  21  19  17  21  38   8  20  43  34  31   8  38  22  18   9  14  12  46  33  38  46  19  49  40  41  43   8  47  49  15   4   6  45  50  22   5  22  17  50  12  48   7  31  28  25   5  14  35  24  26  26  40  32   9  15   2   1  46  47  16  16   7  36  49  31  38  27  13
  28  42  31  25  16  48  45  17  31  39   5  16   9  33  31  12  24  40  42  27  25  38  20  23  50   8  26  43  47   1  22  20  38  42  34  20   3  40  45   4   5  48  37   3   5  29  20  10  12   9  37  42  41  38  37  25   8   1   1  33  39  18  31  47   9  19   1  25  46  20  50  27  44  15   4  10  34
  44  26   3  36   9  14  19   6  24  13  49  50  19  15  23  16  35  33  40   9  50  37  13  22  37   5  27   5  10  37  21  14   3   7  35  33   2   1  39  27  14   9   8  30  17  49  13  34  29  14  37  30  12  39  30  39  10  48  13  46  24  46   1  47  33   9  44   8  16  19  13  33  29  22  38  25
   2  15  43   7   9  10  17  18  26  20  11   4  20  23  46  18  16  32  28   9  48  13  17  47   8  36  16  46  18  26   7  28   4  48  15   1  38  48  30  42  26  28  33   6  46  11  40  35  15  49   6   1  29  24   2  21  42  14  21   8  17  38   4  26  14  38  28  23   9  45   3  17   7  42  10
  14  33  44  36  17   2  47  41  46   6  29  13  50  32  36  21  22  40  17  16  49   6  43  32  33  38  20  23  14   8   5  38  37  21  15  28   9  42  41  26  19  48  30  35  12  14   8  47  27  40  36   2  14  48  38  37  43  48   1  37  41  50  43  47  12  43  20   6  17  37  29  23  22  31
  32  29  36  11  45   1  18  22  24   5  41   7  17  43   8  13  17  29  50   1   9  11  44  32  42   4   2  18  50  41  42  14  46  50  14  42  10  44  15  34  38   7  46  34  42  15  32  26  11  34  24  27  44  17   7  49  38   4  11  41  49  41  10  30  21  40  32  18  38  19  33  48  31
  45  46  25  31  20  32  12  14  24   4  24  45   9  44  32  24   5  47  48  32  28  33   6  13  48  28  43  50   8  27  10  46  21  35  26  31  36  26  10  17  14  13   2   6  19  44  38  39  10  48  18  44  22  49  25  39  10  44  38  12  34  35   9  14  50  33  40  21  31  29  13  25
  13  40  28  26  21  28  44  17  33   4   8   7  10  28  31   9   2  44  24  42   9   4  28   4  44   2  31  45  43  48  31  20   3  13  30  45  42  21  48  20   4  32   6   5   4  27   4  47   7  18  31  17  38  26  45  17  11  31  12  44  40  30  48  10  25  19  46  45  26   6  21
  15  30   6   9  27  41  25   5  50  42  23  45   3  32   3   8  24  22   7  36  28  25  24  25  16  40  29  19  22  34  32   6   3  19  20  41  16  23  13  18  46  11  50  26  35   9   6  33  14   5  50  45  33  32  45  26  39  33  34  22  18  47  35  33  23  21  29   1  38  31
  36  26  32  43  12  21  23  44  47  38   4  35  33  45  46  14   6   6  40  36  26   7  38  35  24  49  10  50  29  44  28   1   5   5  14  24  33  11   1  16  18  27   6   7  40  46  42  34  40  45  38  17  25  10  49  16  42  33  24  14  19  18  37   2  21   1  50  45  39
  37  21  42   6  15  21  30  31  27  25  22  33  17  26  34  19  39   1  17  44  41   7  37  30  13  14   4  30  24  28  46  48  13  46   1  28  16  37  31  16  21   2   8  32  20  49  47  46  37  29  25  48  33  35  27   6  29   6  24  14   8   6   3  31  27  26   3  15
  22  46  20  31  42  42  32  36  10  43  36  50  46   3  19   5  42  26  20  25  24   8  45  40  43  24  48  43  18  18  16  15  41   2  21  38  13  42   1  26   4  42  11  46   2  26  30  29   2   1  10  42  37  24  18  31   4  33  50  38  50  18  21   7  15  34   9
  17   8  21  49  14  41  40   9  18   7  11  22  21  23  17  42  45  15  41   2  35  15   7   3  17  29  26  24  23   2  13  16   3  49   5  16  13  28  50  46   2   6  39  41  23  26  50  15  26  30   2  36  15  10  47  23  16  50   9  47   4  19  35  19  18   6
  36  34  34  33  47   3  32  38  32   6  45  25  10  37  20  36  38   7  10  13  11   2  45  39  25  30  21  18  33  16  23  28  27  19  46  10  22  41  30  10  13  20  15  29  30  28   7  39   1   2  44  25  38  18  18  25   8  28  10  47  29  10  33   1  25
  40   8  23  35   8   9  38  23  30  37  27   2  36  42  19  15   7  37  23  33  19  22  50  36  32  37  48  41  12  38  36   9  37  15  11  45   3   3  45  31  14   7   6  29  45  46   4  31  18  48   1  22  41   3   3   1  35  13  12  46  26  32  41  30
  46  21  24   7   2  20  15   2   8  13  18  45  38  48  40  32  42   2  36  47  32  26  43  48  46  14   8   3  12  21  49  23  11  37   1  35   4  44  22   7  34  44   8  15  47  34  12  34  17  39  13  10   3   9  12  32   2  17  11   8  35  40   2
  45  16   8  36  19  31  40  38  33   7  24  40  14  23  28  22  11  16   2  23  24  43  12  35  37  49  35   9  36  30   4  31   1  30  47  27   9  24  46  45  35  32   8  40  30  48  46  23  24  44  26  43  35  16   2  23  25  16  39  14  45  17
   2  32  23  41  24  23  13  10  44  43  32  42  29   3  29  19  28   8   6  34  42  29  37  16  44  40  23  44  43  10  13  28  21  48  36  16  40  36  31  29  31  35   1  46  13  41  19   5   2  40  48   6  47  46  50  42  41  32  41  29  12
  27   8  11  43  15  36  20   9   2  43  26  16  36   4  17  36  21  19  12  13  38  13  35  25   6  29  37  38  10  44  26  50  25  45  33  17  18  26   3  26   4  10  26  29  12  48  33  42   5  21   3   5  44  46  24  46  34  25  20  33
  35  26  40  30   8  42   8  50  27  29  41   9  44  11  25  40  27  37  46  46  10  22  29   8  42  40  23  12   3  24  43  12  36  37  39   1   2  12  34  22  39  47  41  48  28  12   6   8  18  31  16  50  39   4  40  26  35   9   8
   2  30  29  36   3   7  31  42  30  14   9  33  18  35  15  33  45   4  40  19  44   9  37  38  42  32  48  39   6  23   7  36  31  15  32  26  18  12  13  19  35  29  26  36  26  29  28  46  15  37  47  35  34  37  44  10  39   2
  11  36  24  29  23  14  38  33  45  17  33  20  10  39   9  21  36  15  40  29  43  26  43   3  15   1  12  10  16  31  10  36  25  29  44  18  14  41  34  17  42  48  41  50  21  22  38  22  18  44  10  31  27  23   3  26  27
   5   5  32  26  43  24  16   9  27  49  46  33  34   4  29  44  22  37   6   4  11   1  14  13  22  13  17  16  21  41  36  37  49  20  36   7  22  20   3  40  20  49  24   6  10  43  23  46  35  17  33  25  43  41  36  18
  48  42  10  29  15  26  36   6  25  41  42   7  31  24  38  37  21  14  47  25  36  23  23  49  21   7   8   8  13   2  10  27  44  35  19  33  21  35   5   2  37  33   2  30  32  40  46   7  26  33  16  16  40  12  42
   2   9  12  38  17  39  14  38  32  33   6  44  30  43  45  19  30  29  25   2   6  25  27  21  30   8  22  27  30   8  32  28  37   8  39  41  31  26  13  28  10  33  29  39   3  23   4  46   8  40  50  49  24  30
  38  47  29  12  21   4  12   5  28  21  47   3  23  24  36  21  35  28  33  36  30   7  22  13  43  21  43   3  19  20   6  36  40   2  30  44  45  14   9  24  28  24  26  39  37   4  30  16  14  39   3  37  44
  44  20  40  42  38  50   9  17  38  13  46  14  22  27  23  40  13  39  14  28  24  41  38   1  45  24  22  42  25  30   5   3  45  16  48   7  17  33   6   6  44  49  15  46  41  24  15  16  48  40   3  50
  19   8  50  49  46   5  35   4  39   5  43  38  17  40  45  49   3  36  10  43  42   8  26  45  13  32  45  47   2  20  36  26  28  23  30  47  46  17  43  46  25   8  29   1  34  11   9   8  29  42  24
  20   9  39   1  48  23  34  27  43   8  28  50   2  37  44  19  44  43  26  27  39   4  48  24  30  27  34  11  17  37  42  13   6  37  30  36  39  47  16  35  49   3  16  43  39  42   9  21  41  13
  11  30  46  30  44  27  14  39  37  10   4  39  27  12  39  24  23  40  48  14  26   1  10   7  33   5  27  34  23   1   5   3  20  42  27  27   8   3   8  50   5   2  34  23  46  40  11   4  37
  15  18  48  44  24   6  48  11  45   8   7   7   1  19  36  42  36   6  45  18  30  26  40  50  16  44  31  37   6   9  32   1  25   8  40   6  31  24   3  14   3  22  17  11  15  32  36  11
   7  31  34  26   4  23  31  37  43   2  38  42  12  39  50  15   2  42  12  22  46  28   2   5  17   4  39  27   1  35  25  43   5  25  14  14  37  26  29  49   2  32   7  27  37  34   4
  31  48   6  25   2  25  32  24  15  10  45  23  15  37  12  10   4  15   8   9  34  23  34  34  14  47  30  11  43  36  30  30  37  10  34   2  34  47  39   6  46  38  30   9  46  10
  42   4  15  14  31  11   4  14  16  22  39  24  28  50  38  20  34  44  23  21  18   3  22  44  19  39  24  17  44  20   4  20   5  39   3  29  34  45  41  21  29  30  33   2  50
   1  30  27   4  37   8  33  37  44   7  19   3  11  27  21  16  34   5  31   4  27   3  28  30  38  20  42  24  50  15  18  24   6  41  12  25  38   3   3  39  11  38  20   1
  43  32   3  34  36  35  35  30  27  38  24  50  48  12  35  10  18  30  22  13  28  48  40  21  22   3  14   5  43  36  30  20  31  28  45  24  15  21   5  12  36   2  34
  13  24  31  31  48  27  40  41   3  48  19   4  14  32  34   4  32  27  26   6  11  27  17  49  41   1  47  44   2  39  20  36  25  16  37  19  48   8  30  24  10   7
   2  26   7  47  33  49   8  15  19  48  14  36  40  42  49  21  39  22   4  41  32  15   3  35  17  11  23   5  26  27  27  20  25   4  44  39   8   7  22   4   9
  38  10  38  48  25  43   4  34  27  41  32  18   1   8  36  24  21  17  14  50  13   3  23  22  35   1  45  50  27  44  30  45  47   1  45  37  19  42  29  47
  33  28  15  23  21  34  26  29  10  34  33  15  24  49  19  44  50  19   1   8  27   7  18  16  22  47   6  13   4   7  15  44  44   5  10  45   3  47  45
   5  26  27  39   3   5  39  36  30  47   3  16  26  17  42  47  21  35   4  48  48  17   1  18  22  13  26   8  32   8  12  11  21   7  32   1  33  32
   4  36  31   9   6  31  31  43  13  44  43  37  50  47   7  43  24   3  36  25  46  14  25  22  20  29  49   2  18  40  33  45   3  27  49  41  21
   8  49  40   6  21  42  33  27  24  40  41  22  35  14  46  46  45  27  17  42  13   2  21  26  45   1  42  14  33  27  29  21  15  49  26  26
  21  24  29  39  32  43  39  43  30  47  38  14  25  42  35  18   4  12  14  23  50  18  18  14  13  21  27  17  10  37  50  16   9  11  36
  14  33  41  31  38  24  47   8  38  42   5  42  44   9  47  47  11  41   8  10  43  39  33   2  30  20  29   2  45  42  22  30  15  12
   2  36  36  16  27  28  21  14  14   6  34   8  38   5  19  26  19  23  39  28  23  10  29  48  30  24  34   4  15  44  40  13  25
  12  13  40  42  16  27  13  16  36  11  25  31   3   4  17  40  18  15  29  12  18  24  50  24   7  31  18  38  38  33  16  36
  28  33   3  26   8  23  31  15   5   9  27   4   8  25  38  20  38  47  20  10  22  34  18  15  47  43  46  43  22   2  24
  40  33  12  12  46  34  42   2   8   6  15   5  15  49  23   9   5   5   8  28  46  50  29  18  32  40   1  31  45  29
  43  15  22  36  50  15  11  27  23  30  37  30   3  18   1  45  27  43  20  25  16  40  28  40  46  47  21  16   7
  30   4  32  21  10  39  50  17  33  27  18   2   7  41   6  49   5  17  13  14  40  31  49  14  49  15   8  19
  33  26  33  33  46   7   8   9  25  46   7  19  45  48  31  32  33  19  47  13  31  22  26  28  39  19   1
  33  32  36  49  35  22  25  16  45  49  23  49  16  22  25  28  21   4  17  14  37  11   1  13  41  40
  49  42  12  29  30  24  14  34  50  32  22  48  18   3   9   4  35   1  22  49  46  22  12  15  46
  29   6   2   1  43  21  39  39  28  15  30  36  47  19  10  25  46  19  24  43  37  19  39  36
  45  42  39   5   7  28   3   5  34  47  31  23  21  11  12  33  20   6  33  22  45   3   6
   5  21  19  50  24  33  38  36  12  32  30  29  39  42  50  49  34  12   2  45  30  24
  27  20  48   6  36  28  22  50   6  22   7  17  40  25   8  48  43  18  30  14  28
   1  35   3  47  21  33   6  32  40  27  12  29  46  41  11  11  36  34  24  11
  27  33  39  48   9  50  49  29  21  13  24  44  19  17  14   8  45  23  32
  28  47  40  40  50  50   2  13  21  46  24  29  30  15  43  20  45  33
  46  49  10  21  16  11   1  24  30  25  40   5  45   8  42   7  36
  33  14   5  24  13  31  47  13  37   5   7  16  45   6  29  17
  38  30  39  35  25  29   4  42   2  13  34  22  36  42  13
  25  19  30   1  44  27   9  38  43  41   5   2  45   9
   3  43  29   1  26   2   2  32   3  24   9  24   3
  12  42  42  29   2  15  39  36  44  33  34  19
   1   2  18  23  36  39  45  22  48   1  47
  21  47  45  35  14  49   6  41   5   6
  47  27  34  26  15  45   9   9  46
  31  26  50  28  10  47  18  37
  27  17   9   4  34   6  17
  38  24  44  37  46   3
  29  33  32  11  30
  50  38  20  49
  43  43  50
  29  27
  41

 141
   6  16  18  25  25   3  17  10  24   2   2  14  16  12   1   8  11  19  20   7  25   2  11  15   1   4  15  14  23   4  17   1  14  16   2   6   1  11  22  11  24   2  12  25  25   8  22  16  22  20   8  25  24   9  13  25  12  15   1  24  21   5  20   4   7  11   4   2  22  15   4   3  12   7   8  14  25  10  22  13   9  23   6  12  17  16  18  12   8  24  10  11  22  20   8   5  15  18  16  23   5  14  20  11  20  10   4   9  21  11   1   2  10  24  10  11   7   6   5  21
