 120 
   0   0  42   0   0   0   0   0   0   0  12  36  14  38   0   5   0   0  41  30   0   0   0   0   0   0   0  25  38  48   0   0  44  33  45   0   0   0   0   0  40   0   0  31   0   1  20   0   0   0  19   0   0  41   0  34   0   0   0   6  10   0   0  40  30   0  44   0   0  34   0  47  50   0  43  34   0  35   0  35  49  41  16   0   0   0   0  19   0  49  17  50   0   0  10   0  24   3   0   0   0   0   5   0  10  44   0   0   0   0  46   0  50   0  49   0  29  12  10  12
  29   0   0   6   0   0  32  17   0   0  29   0  17   0   4  17  45  30   0  16   0   0   0   0  31  42  35   0  15   0   0  27   0  14  24   0  10   0   0   3   0   0   0   0   0  25   0  17  33   0  47  45   0  40   0   0  41   0   0   0   9   0  19   0  47   0   0  18  26  10   3   0  25  29   0  11   0  26  50   0  35   0   0  50  22  14  22   0   0   8   0  30   0   0  34   4   0  21   0  43   0   2  10   0   0   0   0   7   0  34  36  12  17   9   0   0  34  12   0
   0   0  48   0   8  23   0   0   0   0   0  37  36  50   0   0  17   0   0   0   0   0  47   0   0   0  27   0   0   2   0   0   1   0   0   0   0  24  23  27   0   7  11   0  23   0   0   0   8   0  39   0  13  19  28  45  50  45   0   1  31   0  49  27   0   0   0  28  34  43   0  30  22  46  47   0  27  42  22   0   0   0  41   0   0  20   0   6  20  39   0  38   0  39  20   0  20  17   0  22  35  13   0  29   0  25   0   0   0  50  47   0  35  13   0   0  48   0
  10  19  35   0   0  36   0   0   0   0   0   0   0   0   0  35   0  13   8   0  29   0   0  18  11  28  40  43   0   6   0   0  13  19  17  31  19  30   8   0   2   0  30  37   0   5  37   0   0   0   8   0   0  11   0  18  31   0   0   0   0  24  45  42   0  22  22   0   0  15  44   0  40   8   0   0   0   0   5  23   0   0   0  15   0  30   0  38   0  40  44  18   0  23   0   0  45   0   0   0   0   0   0  23   0  50   4   0  32   8   4  28   5   4  43   0  48
  48   5   0  20  11   0  39   0  46  50   0  12   0   0   0  30  37   9  38   0   3  18  41  21   0  12   0   0  35   2   0   0   3  14  21  44   0  17  23   0  35   0  17  21   0  16   0   0  45   0  13   0   0   0  41   0  23  39   0   0   0   0   0   0   0   0   0  50  14  12   0   0   9   0  16  45  13   9   0   0   0   0   0  39   0  15   0  49  14   5   0   0  16  24   0  49  23   0   0   0  15   0  47   9   0  42  27   0  13  49  17   0   0   0   0   0
   0  44   2  36   0   0   0   0  39   0   0   5   0  49  32  34   0   0   0   0   0  15  16  26   0  17   0   0  14  45   9   0  25  24  13   0   0   0  33   0  11  37   8  32   0  18   0  13   3  46  42  30   5   0   0   0  43   0  33   9   0   0  39  38  27  37  43   0  19  10   0   0  36   0  21  18  25  31  50  26   0  19   6   2   0  14   0  46   0   5   3  23   0   0  32  29   1   0  15   0   0   0   0  36   0  36   0  44  48   0   0  48   0   0  33
   0   0   0   0  18   0   0   0   0  47   0  45   0   0   0  28   0  25   0   0   0  33   0   0   0   0   0   0   0   0   7   0   0   0  15   0   0  46  35   0   0  47  32  48  33  15   0  43   0   0  19  50   0  15  44   4   7  32   0   0   0   0   0   3   0   0  46   0   0   0   0   0   0   0  15  28   0   0   0  23   0   0   0   0   6   0  36   0  50  45   0   6  37  10   0  38   0   0  49   0  37   0  15   4  21   1   0   0   0  15   0  27  32  35
   4   0  10  27  41  43  22   0  23  31   0   0   0   0  45   0   0   0   0   0  43  28  14  21   0   0   0   0   0   0  18  47   0   0  31   0   1   0  48  29  41   0  45  11   0  50   4   0   0   0   0  30  18  46  25   0   0  27   0  27   0  18   0   0  47   0   0   0   0   0  18   0  17  15   0  47  22   0   0   0   3   0  21   0   0   0  35   0  13  17  44  33  45   0   0   0   9   0  43  19  48   0   9   0  25   0   0  39  27  17   0   0   0
   0   0   0  41   1  37   0  48   0  32   0   3  25  15   0  37   0  44  14  26  10  39   0  17  32   9   0  26  10   0   0   6  36   0  27   0  46   2   0   0  41   0  22  48   5  11   0  13   1   0  32   0  12  26   8   0  41   6   0  37  37   0   0  27   0   0   0  22   0   0   0  27  14  31  39  44  35   8  17   0   0   0  19   0  18   0  28  15   0   0  48  36   0   0  25   0   0   3   0  17   0  32   6   0   0  27   0  10   0  34   0  49
   8  28   2   0   0  18  39  23   0   0   0  17  18  38  26  17  28   0   9  22   0   0  23  46   0  17   0   0  16   0   0   0  24   0  18  44   0  34   0   0  11   0  16  29  46   5   0  11   0   0   0  27  32   0   0   9  12   0   0   0   0  13   7  39   0   0   0   0   0   0   0  17   0   0  45  41   0   0   0   0  31  36   0  24  19   0   0  24  30   0  49  12   0   0   0   0  43   0  39   0  40  17  48  50  20   0   0   0   0  47  14
   0  14   0   0   0  47   0   0   0   3   0  15   0  17  42   0   0   0   0   0  26   0   0   3   0   0   0   9  23  44  32  13   3   0  19   7   0   0   3   0   0   4   0   0  26  32  48   0   0   0  13  18   0   0   0   0   0   0   0   0  11   0   2   0   0   0  27   0   5   0  30   0   7  35  48   0  50   0   0  18   0   8  20   0  31   0  32   0   0   0   0  13   0  23  44   0   0   0  32   0   0  46  35  38   0  18  16  37  21   0
   0   0   0   0   7  38  38   0   0   0   5  43   0  10   5   0   0  11  12   0  35   0  10   0   0   0  30   0  36   0   0   0   0  38   0  39  45  10  21  35   0   0  39   0  27   0  23   0  42   0  11   0   0   0  25  10   0   0  28   0   0   7  39  50   0  16  24   0   0  44   4   0   0   0   0  45  31  43   0   0  49   0   0   0  24  28  29  16  14   6  28  34   8  28   0   0   0   9   0  48   0  41  29   0   0   5  32   0   0
  18   0   0  22   0   0   0   0   0   0   0   0  22  22   0   0   0   0  42  19   0   0   0   1   0   0  49   0   0   0   0   0   0  19   0   0   0  11  22  10   0   0   0  16  10   0  35  30   1  39   0   0   0  35  16   2  13  50   0   0   4  27   0   0  43  30  31  27  32   0   0  13  12   0  27  36   8   0   0   0   0  26  46   0   0   0  19   0  36   0   0   0   4  31   0  22   9   0  18   0  23  38   9  40  32  20  40   0
   0   0   0  21   0  30   0   0   3  38  22  31   0  25   0   7   0   0   0   0  34   0   0   0   0  22  33  22  10   0   5   2   0   0   5   0  21  38  24   0   0  28   0   0  25   0   0   0  24   0  44   0   0  48   0   0   4   0  11   0  30   0   8   4   0  12  26  37  15   0   0   4  35   0   0   0   0   0   0   9   0   0   0   0   0  24  31   0   0  10  40  25   0  23  14   0  41  31   0   0   0   0   0   0   0   0   0
   0   0  45   0   0   0  16  34   0  17   0   0  28   0  50  41   0   0   0  20   0  20   0  16   0   0   0   0   0   0   0   2  14   0  50  18   0   1  13   0   0  41   0   0   0   0   0  38   0  38  12   0   0  19   0  27  33  45   0  19  13   0  25  15  30   0  48  13  13   0  20   0   0  41  21  44   0  39   0  22  39  37  23   1  37   0   0   0  39  36   0   0   0  44   0   8  34  17   0  14   0   0  46   0   0   2
   0   0  10   0  24  42   0   5   0   0   1   0   0  13   0  13   0  38   0  47   0  26   0   0   0  22  32   0   0   0  16  35  29  12   0  45   0  36  29   0  29  19  27   0   0   0  46   0   0   0   0   8   0   0  38  41  27  24  22   0   0   0  29   0   0   0   0   0  12   0   7   0   0   0   0  10  26   0  44   0   0   8   0   0   0  22  17  41  47   0   0   0   0   0  32   0  45  14  47   0  32  34   0  14   0
   0   0   0   0  19   0   0   0  23  26  23  21   0   0   7   6   0  11  28   0  44  42   0  17  15   0   2  49  49   0   0  19   0   5   5   0   0   0  46   0   3   0  37   5  11  24  18   0   9  38   0  24  38  15   0  22   0  38  46   0  33   0   0   0   9   0   0  27  23  30  14  15  10  43  36   0   0  34   8  50  24   0   0  47  18  37   0  28   0   0   0   0   1  17  18   0  33   7   0   0   0   0   0   9
   0  50  36   0  24   0   0  46  18  20  23   0   5  39   8   0  22   0   0  31  47  10  46   0  21   0  12  12  37  48   3   0   1   0  39   0   0   0   0   0   0   0   0   0  34  38   0   0   0   0   0  36  28   0  32   0   0  29   0  45   1  43   0   0  50   0   0   0  29  14  19   8  42  27  49   5   0  15   0  22   0   0  48   0   0  34  13   0  30   0   0   0   0  38   0   7   0   0   8  16  26  39   0
   0   8  40  33   0  50  39   0   0   0   0  30   0   0  24   0  15   0  41  50  35   0  28  41   0  24   0  37  14  38   0  12   0  43  15   0   0  30   0   0   0   0   8  16   6   0  48   0   0   0  25   0   0   0  38   0  40  38   0  37   0  27  45  39  20  36   0   0  44  15   0   0  19   0  40   0  10  43   0  15   6  49  27  36   0   0   0   5   0  33   7  44  22  29   0  19   0   0   0  50  45   7
   0  17  44  28  37   0   1   0  34   0   0  20   0   0  22   0  15  24  15  25   0  45   0   0   0   0  42   0  28   0  15   0   0  44  45   0   0   0   0  23  17  49   0   0   0   0   0   0  48   0  36  24   0  22  22   0   0  34  31  46   0  14   0   0   0   0   0  10  15   0   2  29   0   0  33  22   6  42   0   0  15  28  45   0   0   0  21  28   0   0   0   0   0   0   0  30   6   2  47   0  14
  28   0   0   0   0  27  48   3  23  11  39   6   0  41  26   5   0   0  27  14  49   0   0   0   0   0  49   0   0   7  18   0  10  33   0  10   0   0   0   0  43   0   0   0  12   0  18  26   0   0   9  49   0  28   0  14   0  42   0  16   7  10   0  15   0   0   0   0  31   0   0  18   0  45  44  22   0  11  21   0   3  38   0   0   0   0  38   0  47   0   0  47  40  30   0   0   0   0   0   1
   0   0   6   0  21   0   0  46  24   0  22   0   0   0   0   0   0   0   0   0  46   0  14  23  14   0   0   0  20  30  37  41   0  31  25  34  24  44  40  43  21   0   0  31   0   0   0   7  33   0   3   3  45   9   0   0   7  33  45   0  34  44   0  22  26   0  42   0   0   8   0  21   0   0   0  23   0  46  36   9   0   0   0  19   0   0   5  39  11   0   0  10  46   0  39   0  13  37  37
  43   4   0  10  18   0  47   0   0  15   0   0  32  21  47   0   0   0  36  31  13   0   3   0   9   8   0   0  22  32   0   0  13   6   6   0   0  25   1   0  32  12  25   0  45   0  32  50   9  41   0  41  30   0   0  17  24  35   8   0  19   0  41  48   0  36  23   0   0   0   0   0   0  44  43   0  46  14   0  18   0   0   0   0   0   0  33   0   0   8  14  23   0   0   0   0  49   0
   0  38   0  19   0   0   5   8   4  20  25   0  49   0   0  47  20  41   0  14  50  20  38  20   8  43   0  44   0   0   0  47   8   2  14  17   0   5   9   0  12   0  49  31  28   0  31   0   0  30   0   0  11   0   0  39  15   1   0  46  42  38   0   0   0   7   0   5   0  28   0   0  37  36   0  31  22  16  44  21  29  13   0  10  46   0   0  41   0  28  47  14   0   0   0   9   4
   0   0  41   0  38   0   0   0   0   0  30   7   0  25   0   0   0   0  44  13   0   0  45  29   0   0   0   0   0   3   0   0   0  17   9  34  49   0   0   9  30   0   0   0   0  40   0  46   0   0   0   0   0  13   0   0  21   0   0   0  25   0  34   3   1   7  44   0  34   0  14   0  10  19   0  48  12   0  21   0  32  37  50  49  49   7   2  41   0   0   0   0   0  16  24  17
   0  47  13   0   0   0   0  12   0  42   0   0   0  19   0  26   0  47  31  34   0  47   0  11   0  24   0   0  34  50  21   9  48   0  30  23   0   0   3  30  17   0   0  31   0  36   0   0   0   0  22   0   0   9  36   0   0  15  15   7   0   0  43   0  19   0   0  30   0   0   7   4  44  18   2   0   0   0  35   0  21  48  47  30   0  44   0   2   0  20  48   0   3  32  47
   0  28  25  24   0   1   0  37   0  36  14   7  26   4   1  26   8  20   0   0  31  41  15  44  30   0   0  19  42   0   0   0   0   8   0   0   0  21  40   9   3  34   8   7   0   0   0  21  38  28   0   0   5   0   0  43   9   0  32   0  35   0  39   0   0   0   0   0   0   0   7   0   0  15  46   0   0  36  43   1   0   0   3   0   0  38  47  18  28   0   0  40   0   0
   0   0  31  10   4   0   0  23  20   0   7  30  37   0   0   0   0  41   0   0   0   0  13   0   0   0   0   0   0  46   0   0  30   5   0  40  36  12   0  17  39   0   0  45   0   0   0  16  12  47  35   0   0   0  19   0   0   0  39  19   0   0   0  46  39   0   0   0   0   0  46   0  12   0  46  24  25   0   0   0   0   0  10  38  31   0  48  20  27  27  41   0   0
   0   0  24   0   0   0  34   7  42   0   0   0  31  49  49  14   0  41   0  18   0   0  43   0  44   0   7   0   0  25  50   0  30   0  38   0   0   7  21  15  15   0   0   0   0  17  43   0  25  34  36   0  19   0   0  11   0   3  17   5  13   0  36   0   0   0   0   0   0   0   0   0  22   0  41   0   0   0   0  22   0  10  40   0   0   0   0   0  29  20   0  21
   0  46   0   0  17   0  44   0   0   0   0   0  16   0   0   0   0  21  29   0  17  37   0  13  49   0   0   0  44   0   0   0  19   0  48  49   0   0   0  49   0  29   7  41  46   0   0   0   0  47   0  31  39  22   0  45   0  18  45  35   0   0  26   0   0  15   0   0  35  39  14  50  16   0   7  36   0   0   0   7   0   9  19   0   0   0  28   0  27  33  41
  27   0   0   2  11  43  30  39  21   0   0   0  25   0  33  11  27   0   0   0   5   0   0   0   0  39   0   0   0  28   0   0   0  44  23  40  30  33  50   0   0   0  37   8  40   0  14  36  28   9  45   0   0  26  31   0   5   0   0  28  35  45   0   0   0  20   0  11   0   0  30   0   0  35   0  18   0   0   1   0   0   0  47  11   6  35   0  28   0   0
  31  39   0  32  17   0   0  41   0   0   0  17  50   0   0  27   0   0  50   0   0  49   0   0   0   0  15   0   4   1   0   0   0   0  49   0   0  37   0  10  19  20  45   0   6  10  26   0   5   3  33   8   8  29  20   0   0   0  30   0  50  23  13   9   0   0  44   0   0   0   0  45  10   0   0   8   0  25  46  32   0  37   0  24   7  33  18   0   0
  35  39  16   0   0   0  36   4  10   0   0  49  25   0   0   0  14  20  28   0   6   0   0   0  37  22   0   0  20   0  45   0   0  43   0   0   0   0  13  21   6  13  40   0   0  43   0   0  25   0   0  41  34  48  12   0   0   0   0   9  17  39   0   0   0   0  11   0  40  43   8  22   0  46   0  10   0  50   0   0   0   0   1  41   0  33  45   0
  19   0  25   3  13   2   0   0  27   0   0   0   0   0   0   0   0  25   0   1   0  22  25  24   0   0   3   0   0   0  13   0  35  43   0   0  30   0  38   0   0   0   0  33  15   0  39  45   0   5   0  47  17   0  34   0   0   0   0   0   0   0   0   0  47  32   0   0   0  38   0   0   0   0   5  21  13   0  36   0   0  21  39   0   0  30   0
   7  27   0   0   0  10  16   0   0   0   0  33   0   8   0  50  42   0  35   0   0   0   0  42  50   0   0  42   0   0   0   0  50  43   0   0   0  12  34  22   0  20   0   0   0  31   0  41  50  28  48   0  12   0  39   9  11   0   5  27  17   0   0  37  35  43  36  50  31   0  36   0   7   0  21   0   1   0  45   0  40  10   0   0   0  10
   1  21   0   0   0  24   0   0  37   0   0   0  50  12  17   9   0   0   0   0   9   0   0  11  19  11  19   0   0  28   0  16   1   0   0  41   0   0   0  31   0   0   0   0  17  10  33   0   0  33   0   0  33  18  39   0  31   1  45  38  46  14   0   0  24   0   0   0  39   0   0   0   1   0   0  28   0   0   0   0  43  15  40   0  24
   0   0   0  27   0   0   0  36   0  15  49   0   0   0  45   0   0  13   8   0  47  48   7  47   0   0   0  21   7   0   0   0  15   0  43   0  38   0  27   3   0   0   7  50   0  49  44  20   0  34   0   0  25   0  18  42   0  36  42  16   0  38  20   0   0  40   0  48  35   0   0   0  17  28   0   0   0   0   0  48  13   0   0  27
  31   0   0  50   0   0   0  17  45   0   0  39  33   0  29   0   0  13  36  34   0  39   0  11   0  14  36  16  39   0   0  41  21   0  16   0   4   5   0   4   0  18   0  19  13  45  26   0   0  16   0   0   0   0  47  31  22   0   0  32   0  20  44   0   0  36  48   0  23  19  40   0  16  14   0   0  12   0  48   0  34  20  37
  14  33   0  32  17   3   0   0   0   0   7  11   0   1   9   0   0   0  10  37   0  45   0   0   0  10  38   0  14   0   0   1  36  19   0   3   0  49   0  43   0   0   2   0  17   0   0  42   0   0   0  47   0   0   0   0   0   0  38  34  13   0  27  47   5   0   0   0   0  25   0  49  33   1  24  37   0   0  50  21   0   0
   0  30   0   0  21   0   0   0   0  18   8   0   0   0  33   5  36  14   8   0  50   6   0  39  19  30   0  15  15  48  14   0   0   0   0   8   0   0   4   6  13   0   0  36  28   0  22  17  42   0  45   0  30  15   0   0  23   0   0   0   9   0   0   0   0   0  28   2  15   0   0   0   0   0  23   0   0  18   0   0  37
  22  14  15  36  46   0   0   0  27   0   2   0   8  43   0  43  28   7  44  22   0   0   0   0  46   0   0   1  16  36   0   0  10   0   0  46   0  18   0  15  16   0  42   0   3  18   0   0   0  42   6  15  33   0  36   0   1  34  25   0   0   0   0  37   7  35   6  30   0   0  41   0   0  32  50  46   0  17  41   0
   0   0   0   0   0   4  28  29   0   8   0  42   0   0   0  49   0   0   0  25   0  30   0   0   0   0   0  20  19   0   0   0   0   0  37  25   0   0   0   0   1  33   0   0  32  37  37   0   1   0   6  38   0   0   6   0   2   7   0   0   0  24  24  29  49   0   0   0   0   3   5  40  47  26   0   0   0  16   0
  44   0  32  38  41   0  46   0  25   6   0  50  16   0   0  41  41  22  35   0  35  38  48   0  11   0   1   0   0   0  46  25   0   0  42   8   2  42  17   0  30  22   0  21  14  15  37   0   9  27   0   0  11   9  38   0   0  43  46   0   0  28   0  29   0   0  10  13   0   0  44  23   0   0   0   5  41   0
   0   0   0  48  37  45  44  49  49   0  22   0  15   0   0   0  17  13   1  17   0   0   0  26  11  28   0   0   0   0   2   0  45  11   0  35  31  26   0   0   0  45   0   6   0  14   0  48   0   0   0   0   0   0   0  32   0   0   0   0   0   0  25   0   0   3   0   0  28   0   0  35  25  42  39  19   0
  33   0   0  12   3  18  28  42   0   0  31   0  28  45   0   0  41   0  26  50  20  35  47  41   9  48  46  30  38  11   0   0   0   0  17  23  30   0   0   2   9   0   0  11   4   0  46  21   0  26  33  20  26   0   5   4  36   1   0   0   0  46  21  14   4   0  22  33   2  12   0  35   0  16   0   0
  30  14   0  31   9   0   0   0   0   0   0  39   3  11   0   0  40  12   0  37  12  35   0   0  28  38  47  14  46  24   0   4  16  45  28   1   0   0  32  32   0   0   0   0   0  48   0   0  41  44   0   6  21   0   0   0  43  17  36  40   0  49   0   0   0  50   0   0   0   9  33  29   5   0  40
   0  46   9   0   5   0   4   0  17  19  19   0  25  17  38   0   0   0   0  44  41   6   0   0   0  14  11  10   0   0   0   0   7   0  30  46   0   0  14   0  16   0   0   0   0  50   0   0   0  37  11   4   0   0   0   0   0   0  14   0   0   0  35  41  12   0   0   0   0  43   6  18   0  39
   0   0   9   0   1   0   0   0   0   0   0  26   0  12  38   0   0   0   0   0  35   0  24   0   0  13  46   0   0   0   0   0   7  19   0   0  48   0   0   1   0  19  33   0  48   0   0  28   0   0  49   0  26   0  48   6   0  22   0   0   0  48   0   0   0  35   9   0   9  24  45   6   0
   0   0  21   0   0   0   0   0  15   0   0   0   0  22  22   8   0  14  14  25   2  40  21   0  40   5  30  32   0   0   0   0  13  41   5   0   0  42   3  33  36  48   0  23   0   4  13   0  31   0   0   0   0   0   0  30  44   0   0  37   0   0  30   0  46  18   5  29   0   0   0  40
   0   0   0  26   0  50   0   0  45   0   0   0   0   0   2   0  11   0  15  45   4  38  22  17   4  47  39  17  45   4  32  31  24   0   0  17  14   0  24   0  14   6   3  35   0  50  50  44  39  35   0   4   0   0   0   0   0  17  38   0  35   0   3   3   0  16  17  31   0   0  33
  49  26   0   0  47  50   0   0   0  14  31   3  37   0  25  32   0  41   0  45   9   0  13  31   3   0  14  23  44   0   0  27   0   0  17   0  42   0  40   0   0   0  16   0   0   0   0   0  21  29  37  46   0  30   0   0   6  26   0   0   9   0   0  31   8  32   0   6  42   0
   7   0  35  36   0   0   0  24   0   0  41  18  19   0  22  49  13   7  29   0   0   0   0  20   2   0  32  45  19  39   0   0   0  41   0  25  43   0   0   0   0   0   0  15   0  34   0   0   0  10  21  10  45   7  45  20  10  36   0  24  50  49  24  21  21   0   0   0   0
  33   0   2  17   0   0   0  24  19   0   9  49   2   0  31   0   0   8   0   0  14  19  22   4   0  10  49  11   0  11   0   0   0  41  34   0  18  49  39  49  46  44   0   0  15   0  30   4   0   0  25  48   0   0   0   0  12   0  23   0   0   0   0  25  16  32  40   0
   0   4  43   5   0   0   0   0   4   0  39  14  21   0   0   0  45  18  33   0   0   0   0  38   0   5  43  16   0   0  17   0   0   0   0   9  38   0  27   0   8   0   3   0   0  35   0  39  16  21  49   0  37  13   0  36  19   0  15   0  30   0  41  32   0   0  28
   0   0   7   0  28  42   0   1   2   0   0   0   0   0   0  17   7   0  33   0  30   2   0   1  18   0   8   0   0   8   0   9   0   5   0   0  11   0  46  33  50  49   0   0  20  25   1   0   0   0   0   0  33   0   0   0  30  37  45   9  20   0  41  43   0   1
  35   9   0  18   0   0  48  42   0   1  29   0  14   0  36  16   8   0  45  20   3   0   0   9   2  18   0   0  50   0  40   0  44   0   0  41   2   0  47   0  50   0  13   0  27  11  16  24  17   0  28  33  41   0   0   0   0   0  50   0   0   0   0   0  50
  30   7   0   0   0   0   0   0  28   0   0   0  18  22  15  21   0  14   0   0   0  13  46  38  23  34   0   0   0   5  16   0   0   0   0   0   0   0  13  11   0   0   0  11   0  14   0  23   0  35  28   0  45   0  22  35  42  42   0   4   0   0   8  27
   0   0  42   0  10  46  33   0   4  37  11  43   0   0  36   0  43  43  38   0   0   0   0   4   0   4  43   0  37  29   0  20  46   1  12   0  15   0   0  24   1  41  38  32   0  34  28   0   0   0   0  42  12  45  28  31  45   4  39  13   0   0   7
  35   0  34   0  27   0   0   0   0  34   1  11   0   5  41   0   0   0  13   0  24  40   2   6  35  27   0  11   0  48  19  34   0   0  36  42   8   0  47  50   0   0  47   0   2  12   0   0  20  15  15   5   9   0  30  37  13   0  40  31   0   1
   0  29   0  41   0   0   1  43  32   0   0  14  42   0  22   0   0  23   9  14  26  17   0  19   0   8  14   0   0   0   0   0   2   0  11  18   0   6   0  33  26  39   0   0  15  41   4   0  42  23   0   0  27   0  19   0   0  13   0  45  42
   0  39  43   0   0   0   0  38   0  12  41  13   0  23  36   0  27  39  14   4  50  27   0   0   0   0  21  14  40   0  23   0  21   0   0   3   0  28  46   0   0  48  11  50  10   0   1   0   0   9   0  14  47   0   0   0  20  47   0   0
   0   0  34  29  13   0   0  37  31   0   0   8  48  40   0   0   0   0  34   0   0   0   8   0   0  12  28   0   0  50   4  20  30   0  35   0  19   0  33  49  22  47   0  16  29   0  20   4   0  25   0  18  23  22   0   0  11  22  37
   0  29  12  32  49   0   0   0  18   0   7  14   9   0   3  45   0   0   0   0  13   0   0  33   0   9  39   0  11   4   0   0  49  22  20   0   4   3  40   0  20   0   0   0   0   0  29   0  23  26  46  20  37  25   0   0   0  44
   0   0   0  26   3   0   0   0   0  13  39  14  26  37   0   0  30  36  33  32  32  44  39  38   0   0   0   3   0   0   0   0   0   0   3  42   0   0   8  35  30  39   0   0  49  40  28   0   0   0   0   0   0   3   0   0  50
   0   0  13   0  34   0  23  39   0   0  47   0   0   7   0  37   0   0   0  41  16  25   0   0   0   9   0  48   0  48   0  30  47  15  30   0   0   0  12  45  46   0   0   0   0  25  20  37   0   6   0   0   0   0   0  21
   0   0   0  46  42  43   0  50  34  24   0   0   0   0  19   0   0   0   0   0  43   3   0  24   0  24   2   5   6   0  27  12  40   0  41  21   0  46  47   0   0  28  16   0   5  28  25  39   4   0  46   4  37   0  45
   0   0  24   0  13  38   0   0  44   0   0  43   0   0   0  39   7  42   0   0  24   0  27   0   0   0   0   1   0  43  32  26   0   8  31  27  32  42  27  37  11   0   0  37  11  36  18   0   0  33   0   0  47   0
   0   0  22  46   0   0   0  15   0  19   0  35   0   0   0   0   0  17  37  38  36  45   0   0  31   4   0  44   8   0  11  17  18  22  34   0   0  25   1  41  14  30  18  21   0  48  49  17  11   0  15   0   0
   0   0   0  18   0  16   0   0  11  14  34   0  36   0  50   5   0  31   0  25  11  17   0   0  21   0   0   0  46  39   0   0   0  17   0  22   0   0  27  13   0   4  50  15   0   0  32   0  10  18   0   0
   0   0   0   0   0   2   9   0  26   0   0  49  49  38   0  36   0   2   0   0   0   0   0  34   0   0  42  39  20   0   6   0   0  10   0   9   0   0  14   0   0   0   0  42   8  26   9   3   0   0  37
   0   0  34   0   0   0   0  37   0  46   0   0   0  31   0  17   0   0  29   0   2   0  45   0  28   0  28   0   0   0   0   0   0  48   3   0   0   0   0   5   8  48  23  46  34  23  43   0   7   1
   0   0   0   0   0   0   0  31   0   0  33  38  18   0   0  18  34   0   0  46   1   0  27  45   0   0   0  43   0  35  36  20   1   0   0  35  42   0  38  26   0   9  23   0  34   0   0  12   0
   0   6  15  14   0   0  33   0  26  44  43  17   0  46   0  40   0  49  47   3   0  24   0   0  49  45  32   0   0   0  50  29   0   2   0  11   0   0  10  36   0  35   0   0   0  48   0   0
   0   0   0  46   3   0   5  41   0  41   0   0   0  22  45   0  34   0  42   1   0   0  10   0  14  34  28   0  47   8   0   0  27   0   0   5  21   0   0  16   0   0   0   0   0   0   0
  35   0   0   0   0   0   6  15   2  44  38  13   0  41   0   9   0   0   4   0   0   0  19   9   0   5  26  28   0  29   0   0  34  24   0   0  45   0   4  36   0   0  22   8  25  20
   0  48   0  24   0   0   0  49   0  45   0   0   0   0  15   0  46  14  29   0   0  37  41   0   0   0  31   0   0   0  20  47  11  11   0   0   0   0   1   0   0   0  33  47  35
  21  48  11   0  31  48   0  16   0  17   0  25   0   0   0  36   0  27   0  46   0   0   0  29   0  21   7  15   0  20   0  22   0   0   0   0  13  27  18  49  48  31  22   0
   0   0   7   0  14   2  43  13  21   0   0   0   0   0  18   0   0   8   0   9   0   0   0   0   0  27   5   7  10  17  45   5   0   0   8  40   0   0   0   0  29   0   0
  45   0  35   0   0   0  47   3  35   0   0  20  37  47   0   0   0   0  15   0   0  34   0   0   0  20  16   0   0   0  47   0   0   0   0   0   0  44   8   0  38  16
   0   0  19  34  30  37   0   0  10  30   0   0  29   9   0  35  15   8  33   0   0   0   0  35   7  45  12   8   0  23  23   5  22  28  38   0   0   0   0   0   0
  44  45   0   0   2   0   0   0   0   5  42  11   0  29   0   0   4   0   0  41  38   0  32   0   0  41   0   0   7  15  29  38   0   0   0  22   0   0  47  31
   0   0   0   2   0   0   0  29   0   0   0   0   0  12  28   0   0  28   5   0   0   0  47   0  37   0  43   0   0   0   0   0  42  13  42  15   6   4   0
  38   0   0   0   0   0   0   0   0  23   0  20  38   0   0  39   0   0   0   0  21   1  14   0   1   0   5  19  48   0  34  17   0   0  11  14  25  48
   0   0  36   0  33   0   0   0  36   0   0   0   0  50  31  16  49  27   0  25  37   4   0   0  23   3   0   0   0   0  41   0   6  15   0   0  13
  31   0   0   0  23  19   0   0  30   0   0   0   0  14   0   0  32   7  44   0   0   0  47  41  41  44  22   3   0   0   0   0  27   0   0   0
  40   0   0  11  40  35  13   7   0   0   0   0  11  44   0  46  36  47   7  29  31   0   0   8  11   0  26   0  32  20   0  18   0  45   0
  38  20   0  46  27  46  22   0   0  33  30   0   0   0   0   0   0   0   0  32  13   0  37   0   0   0  30  17   0   0  43   0   0   8
  17   0   0  12   0   7   0  16  46  24  43  23   0  33  46   4   3   0  36   0  33   0  17   8   0   0  18  46   0  30  39  12   0
   0  22   5   0   1  22  38  31   0   6   0   0  19   0   0  23  49   0  38   0  17  33   4  32  23   0   0   0  24   0   0   0
   0   0   0  14   0  12   0   0   0   0   0  12   6  32  12   6  39   0   3  24   0   0  33   8  30  11   0   0  35   4   0
  25   0   0  47  32   0   6   0  16   0  43  27   0   0  30  34   0  39  39   4   0  11   2   0  33  16   0   0  25  34
   0   0   0  28  27   0  28  10   0   0  30   3  24  21  27   3   8   0  41  33   0  48   0   0  33  14   0  15   0
   0  20   0  20  43   0   0  17   5   3   0  42  47   0   0   7  20  38   9   0   0  33  22  17  17   3   5   8
   0  11   0  15  19  39   0   0  10  10   0   0   0   0   0   0  36   0  42   0   0   0  49  13  10  36  17
  36  41   0   0   0   0  17   5  37   0  10  12   0   0  41   0   0   0   0   6  48   0  20   0  15  41
  46  34   0  35   5   0   0   0   0   0  13   0   0  46   0  33  46  11   0   0  25   0   0   0  26
  49   0  39   0  10   0   0   0   0  39   0  16   0   0  17   0   0   1   0  32  30   0   0  15
  22   0   0  44   0   0  35   0  46  23  12   0  44   0  25  22  27   0  40   0  11  21   0
  23   0   3   0   0   0   0   0  18   0   0   0   0  30   0  37   0   0   0   0   0  17
   0  31  50   3   0  16  47   0   1   0   0   0  49  39  43  13  46  42   0   0  20
  13   2  39   0  19  48   0  34  36  23  18   5  45  29   0   0   0   0   8   0
   0   0  38  24   0   1   0  34   0  43   0   0  47   0   9  34   0  29   0
  21   0   0   0   0   2   0   0  26  25  11  13   6  37  19   0   0   0
   0  49   0   0   0  50   0  14   0  42   0  11   0   0   0   0  34
  14   0  24   0   0   0  42  20   9  44  35  14  28  48  23   0
   2   0   0   0   0  25  37   0   0   0  49   0   0   0   0
  41   0  48   0  43   0   0  30   7   0   0   0   0   0
   0  40   1   0   0  34  42  43   0   0  39   9  46
   0  50   8   0  13   0   0   0  24  43   0   0
   0  13   0  44   0   0   0  23  43  39   0
   0   0  13   0   0  24   0  49   0  16
  13  46  37  37   1   0  25   8   0
   0   0  50  14  25  41   0  18
  46  36  19   0   0   0   0
  10   0   0  12  20   0
   0   0   0   0   0
  35  31   1  22
   0  36   0
   0   0
   0

 1078
  22  24  16  24  18   4  10  16  14  24  15   3   2  20   8   3  11  12  23   1  16  16  14  19  17   4  24  25   7  20   3   3  21  13  10  24  20  10  19  11  25  15  10  18  23  20  10  11   7  16  23   4  10  12  17  13  23  13   1   7  18  11  10   9   8  17  24  23  14  10  13  19   8  20  13  14  24  21  25  24   8  11  25  12   5  25  23  18  14  14   3   7  11  19  17  14  14  19  16   1   3  12   8  18  24  12   5   2  18  16  24   2   3  15  19  11  12   7  18   4
