 120 
  18  38  49   7  32  29   0  10  17  43  36   0   0  15  25  43  41  40   0  12  45  31  16  33  41  45  46   3   2  28  22  29  30  37   4   0  36  40  29   0  15   0  28   0  40   0  34   0  28   0  19  44  28  36  34  12  22   0   0  46  28  37  46  44  37   0   6  44   4  11  11   0  45   0  47  27   0   1  14  19  34   0  39  20  33   0  25  49   8  38  36  26  46  14  44  15  19  50   0   6  18  39   2   6  29  26  28  40  45   2  33  23  38  32  34   0   9  45  38  37
   0  24  37  34  48  20   3   0  45   0   0  25  39  32   3  12  37   0  21   0  36  41   0  30   0   2  41   0  36  48   0  15  20  40   8  28  43  32   0  45  12   0  13  44  20   0  42  18  27  15  47  38   6  14  46   0  36   0  21   0  30   9  21  45   0  26  18  33  34  41  11   0  25  10  42  50  17  28   6   0  44  35   0   0  32  27   0  31   0   0  38   3  41  18  41  35  32   2  31  13  47   9   7  36  36   4   8  10  10  28  41  11  16  19  47   0   0  14  36
  25  42   0  30  18  15  40  12  32   0  24  35   2  38  23  12  19  40  38  36   0  16  42  15  11   6   0  10   0   0  16  10  17  11   0   0  50   0  32  18  12   9  47  12  46  27  34  14   0  41  27  26  12  33  20  45  34  40   0   4  40  24   9  35  34   0  11  16   0  41  48   0  23   0  44  25  14   8   0   0   0  43   0  34  29  24   0  48   1   9   0  24  47  38   0   0  40  22  22  31  11   0  23   0  36  35  21   3  19  49  35  45   9  21  16  38  12   0
   4   0  34  23  25   0  14  10  41   8   2  30   1  31  17  41  50   4  15  20  37   0   1  21  27   0   0   2  14   0  46   9  14  26  40  15   0   7   0  17   6   0  25  17   0   0  15  31   0  16   0   0  21  24   0  49   0   9  23   0   0  10  26  46  11  42   0  40  46   3   0  14   8  13  32   0  47  47  23   8  35  49   5   8   0   5  12  21  43  11  41  20  49   0   0  50  41  36  47  50  49  12   0  41   3  15  50  44  14   0   0   0  22  44  30   0   0
  26  41  38  15  31  26   6   0  48   0   0   0   0  31  27  40  31  37   0  27  23  30   0  10  21  35  19  30  22   0   5   9  22  43   0   1   0  50  25   1  35  30  47   0  26  10  18   1   6   0  41  42   8  18   0  45  16  14   6  35  15   0  26  22  50   7  25  27  14  29   0   0   0  42  22   0   0   5   6   0  36  22  44  48   4  24  49  18   0  20   0  43  39   0  50   0  50   0   5  47   9  28  10  33  11  18   3  30   0   0  19  44   0  25   0  33
   0  42  25  38   0   0   0  31   6   0   0  27  49   1   0   5  34   1   0  20   0  18   2  36   0  31  41  16  13  12  20  39  28  46   0  43  28   0   0   0   4  33  41   0  47  10  28   0  46   9   0  31   9  31   0  19   9  49  38   0   0   0  50  47  39   0  17   0  33  47   0  40  50   0  21  20  16  20   7   0  25  35  41  43  16  26   1  32  15   0   5   0  18   1   0  22  43  38   4   0  22  28  30   0  36  24   0  19   0  14   0  44  11  22  22
   0  16   0  26  16   5   2  36   1   4  32  40  44  12  29   9  20   7   0   0   6  50  11  35  28   0  31  36   0  42   0  20  26   1  10  12  31  46  25   3   9   6  34  34  39   0  32  22  15  50   0  20  19   5   4  25  23  48   0  17  34   0   0  22  33  13   2  17  20   1   0  37  30  18  41   1  47  19  25  41   0  34  18   0  38   6   0   0   2  46  19   5   0   0  12  17  23  38  44  21  48  16   7  43  46   1  42  18  37  49  25   0   0   1
  33   8  14  50   0   0  30  24   0   0   4  33  36  45   9   0  45   0   0  10   0   5  15   0   0   2  18  27   0   0  10  39   0   0  10   9   0  19   2   0  17   7  12  48   0  25   0  41  14  43   0  27  28   3  19   2  25   0  34  27  50   2  10  26  47   6  28   5  41  45  43  41  27  11  25  45  15   0  12  17   0  46  49  40  27   0   0   0  30  18  18  25  44  23  35  15  32   0  28  19  29   2  42  21   0  16   5   0   9  50  17  19  11
  29  37   0  23   0  29  35   0  31   0  26  44  46  36   0  12   0  21  36   5  27  34   0   0   0   0  49  43  17  15  35   8   6   0   2  24  17   0  29  29   0   8  48   6   4  27   0  21   0  31  48   0   0  42   9  30   0  29   3   1   9  32  23  29   0  30  31   0  28   8   0   3  35   0   3   0   0   0  28   0  48   0  16   0  44   0  30   0  24  38   0   4   1  42  26   3   0  43   0  12   9  22  26   5  10   4   0  16  47  39   9  26
   0  50  31  25   0   5  25  30  17  29  21  33   0  26  14   4  47  11  25  40  31   4   0  21   0  49   0  23   0  45  11  24  48  11  45  10  20   7  35  35   0   0   7   9  39   0  24  19  13  49  21   8  38   0   0  14  29   2  41  21  22  27  41  12  20  40  32   3   8  40  20  38   0   0  37   0  22   4  37  24  40  50  38  13   2  23   0  40   0   0   0  10  13  13   0  29  16   1   6   2   0  22   0   0   3   9  50   0  50  43   0
   0  25   0  11  39  25   0   0  40  29  38   5  35   0  41  38   0  44   0  30  35  50   3  46  36  48  11  29  14  20  14  33  34   0  20  28  12  14  44   3  50  39  48  20   9   0  22  41  18  10  20   5  34  37   0  11  45  12  22  22  26   0  12   0   3   2  10  49   0  30  23   0  39  31  41  36  26  23  33  50  49   0  30  20   0   9  22   8  35  50  33   0  17   0   0   0  30  37  14   0   0  20   0   0  23   6  10   0  47  48
   0  26   0   6  18  46   2   0   0  24  12  16   0  26  46  38  12   0   7   6  38  15  10   0  26  49   5  26   1  37   0  21   0   0  34  13   0   0  48  31   0  19   1  17  29  39   0  36  20  39  44  43  18  18  29   0  37  23   0  30  18   6   1  13  10  35  31   0  46  12  29   0  10   0   0   1  23   8  34  37  49  14  21   0  50   0  37  15  11  18  39  20   6  31   9   0   0  16  41  28   0   5   1  19  25   0  12   8  32
   1  38   0  29  25   0   2  46  42  23  15  39   0   1   2  27   3  33  11  26  50   0   0  12   9  43  31  17   4   0   2   0  27  37  17  18  26  35  11   0  38  18  39  13  29   0  34  50  43  40  30  35  37  25   0   4  50  15   0  43  19   0  28  25   3  24   0  20   0  10  34   0  22  44   0  39  29   0   8   1   0   8   0  20  45  21   0  23  34   3  41   0   0  41  27  35  17  34   0  11  42  48  15  40  24  41   0  29
   0   0  25   0   2  27   0  42  32  25   0  28   0  30  19  36   3  26   0  39   0  12   3   0   2  37  48  15  18  43   0   7   0  35   7  22   2  13  40  50   0   0   2  40  20   0   9   0  36  22  13  32   0  39   0   0   0  22   7  26   5   0  44  32  31  45  20   0  44   0  13  28   0   0  12  27  20  49  14   0  16   0  22  32  23  26  17   8  20   0   0  38  11  10   0   5  14  47  37  29  18   5  28  37  13  39  18
   0  28  47   0   0  25  26   0  30   0   3   0  49   0  29  18  17  37  16   9   0  21  25  17  48  45  24   9  24  44   2  32  43   0  28  13  29   0  15  33  43   0  16   0  23  19   0  38  47   1   2  11  24   6  43   0   3  46   3  42   0  25  16   0   0  37   1  45   3   0   7  17  37   0   5  20   9  40   0  11  22  25  36   3  23  38   7   0   5   0  49   8  46   0  42  37   0  17   0   0  25  35   4   6  45   9
  36   0   5  32  41  20  35  28   0   2   0  19  44   0  46   0  10  23   7  36  40   0  10  16  26  32  48   0  37   0  32   0   1  38  15   3  15  17   4  14   0  43   0  27  48   0   0  34   0  26  33  41  15  33   0  18   0   0   0   0  31   0  33  21   0  38  22   9  18  48   0   2  38  46   0   0  50   0  42  31  16  16  45   0   0   0  35  49  19   0  12  44  39  18  38  27  34  43   0   0   0   4   0  48  25
  17  34  11  33  12   1   0  36  18  29  25  32   0  23   6  27  48  12   1  29  49   9   0   7   8  13   0   0  23  28   7  14  14  45  26   4  13  32  48   0   9  46  17   0  30  47   0  48  45   0   9   0   0  21  35   6  30  26  43   0   3  29   1   5   0  44  48  30   0  11  16   0   0  44  32  43  20   2   0  27   8   0  49   0  33  26   0  45  34  14   7  45   0  46   0  49  26   0   0  38  30  47  47  49
   0   0   0  17   0  46  27  32  39   5  30  16   0  33   0  41  27   0   0   0   0  14   9  34  22   8  17  11  39   1  28  17  38  37  49   0   0   1   0   5  20  22   0   9  35  29   6   8  28  28   0   0  33  35  38   0  40  35  22  15   3  37  10  27  14   5   0   4  18  25  25  11  35   0   0  29   0  27  31  44  37  12  45  36   4  11  34   0  21   0   0   3   0  43   3  29  24  11  16  46   0  18  12
  37  25  25   0  29  19  21  26  13  25  22  41   0  21  32  44  19  38   0   0   0   0  14   0   0  25  47  18  16   0   7  42  31   9  16   2  19   0  10  31   1   0  38  13   0  43  11   0   0  41   2   3  19   0  41  37   0   6  17   9  46  16   0  40  17  10  12  23  14  14   0   0  46  15  39   7   0   3   0  47   0   0   0  12   0   0  12   0   0   0  47  10   7  34  12  32   0   0  37   0  14  10
  45   0  27  19   0   0   4   0   0  33  39   0   9   0  32   0  35  31  44  47   0  25  41  32   0  41   0   0  12   9  26  32  31   1   0  16   0   0  21  17  23   0  38  29   6  25   0  15  24  10   9  43   0   5  22  10  30   0  18   0   7  21  39   2   0  11  42  24   9  17  22  27  12  35  20  19  42   0   0  17   7   0  41  35  28  40   0   9   0  45  42   0  50  41  25   0  29  46  14   5  36
  29   0   0  17   0  10  48  17  48  10  14  18   0  35  12   7   2  20  13   0  23   0  49   0   2  14  48   0  17   0  23  22  35  19   6   8  37   4  12  25   0  34   9   6  23  28  37  49  48   0  34  43   0  26  38  26   0  41   0   0  17   0  22  32   0  31  31   0  28   0  12   0  45   0  45  25  29  26  25  13  38  10   2  27  21  39   7   1   0   0  34  40   2   0   0   5  29  30   3  32
   0  31  46   0   0  12   1  13  19   6   0  40  17  15  35   0  31  15   0   3  15  36  34   0  43   0  38   0  11  14  37  29   0  49   3  49   0  11  14   0  38  38  26  50   0  11  25   6  16  11   0   1  36  26   8   0  24   1  28  33   7   0  32  24  45  10  24  35  15   5   0  42  46  23   0  34  24  22  34   2  33  31  38  12  23  23  26   0  26  30   0   0  33  45   6   9  10   0  12
   0  15  43   0  39  50  13  33  21  38  47   0   9   0   0   0   7  44   0  28  48  12  37  33   0  21  42  14  30  45   2  12   2   5  16  47   0   0  10   0   4  26   0   4  47  29   0  31   1  24   0  12  41  31  11  18  19  40   4   0  10   8   0  13  12  40  32   0  18   0  36  50   1  42   1  12   6  15  46  10  43  10   9   0  34   0  36  13  36  43   0  33   0   0   8   4  18  31
   0  38   4  31   9  13   0   2   0   0  12   0   9  23  36  34  34   0  29   0  23  22  10   0   0  16  15   1  41   1  32   6  31  16   2  20  19   0  42   0   8  34   0  10  36  32   4  23   3   9   0  45  23   0   0  26   1  40  37   0  18  31   0   0  21   6  13   2  12  41   9  31   0  48   0  50  28  19  31   0  38   5  17   5   0  32   0  23  14   0  18  43   5  27  21   0  34
  40  15   0   6   3  10  36   2   3  32   0  21   4  42  11  34  25  36  45  29  33   0   0   8   2  35   8  33   0   0  31  24  19  45  10  36   0  25   5  45  42  43  20  46  26   0   0   2  37   0   8   0  37  43   2  33  41  31  20   3   0  22  11  18  43   3   0   0   0  36   0   0  11  17   7   0   0  21   0   0   0  17  48  30  15   0  50  13  29  15   0  16  40   6  39  23
   0  49  35  14   0  12   7  38  23   0   0   0   0   0  33  16   2  16   0   2  29  33   6   0   0   0  40  47   0  28   0  50  18   0  14  44  33   3  33  50  34  39   0  38   4  41  20  36  16   6  37   0  39   2  33  20   8  15  32  37  14  50  40  47  26   0  43   0   9   0  19  45  44   0   0   7  17   0  29   0   0   9  36   0  25   0  24   0   0   0  29  40  38   0  28
  50   0  11   4  39  22  50  14  13  35   0   4  25   0  15  30   0  29  31   0  14  50  50  18   0   3  25   0  44   0   0  34   9  35  22  25  22  38   0  26   5  34  30   0   8   0  18  19  31  18   0  16   0  18   6  50  25   0  33  38   5   5   0   0  38   0   0  39  31  31  30   0   0  35  20  23  50   0   0   2   0   0  11   0  44   0   0   0   0   0  47   0   0  41
  31  14  32  47  13  20   5  25   1  13   9   0  27  11  40  29   0   2  16  39   0   3  22   2  36   0  22   0  24   0   0  48  23  22   0   7  48   0  30  12   4  10  41  42  25  34   0  29  50  18   0  18   0   0  42  45  17  47   0  48  42  21  48  19  11   0  18   0  16  19   6  36  18  29  20   9  27   0  33  25  32   0  40  14  35  41   0   0   0  38   7  23  37
   0   0   8  44  12   4  44  14   1  49  15   0  12  41  28  14  48   0   1   5  43  26   0  49   0  19  41  49   0   9   0   1   7   1  22   7  42  44   3   0   0  14   5  33   9  20  21  42  32   0   0  44   9  38   0  49  26  32   0   7   0   5  23  12   0   0  12  17   4  39   0  14  39  14   0  30   0  44   0  10   0   0  19  31  40  21  37   0   0  34  40   0
  12  17  12  46   0  18   0  24  27   0  27  26  19   5   5  21  18  12   0  12  30  46   2  22  23  15   8   2  26  50  23  33  38  23  10  35   0  49  35   0  16  30   0  48  12  39  47  49   0  24  15  13   8   0  47  10   4  48  10   4   0  11  38   0   0  35   7   9  11  18  37   0   0  12  42  47  40  36   0  18   2   0  37  32  39  18  34  42   0   0   1
  36  36   0   4  24   0  49   0  29  31  32  36   1  45  20  19  25   0   3  11  46  16  10   2  44  26   0   0   0   6   0   2  42  17  33  36  18  12  41  23   7   0  50  21  21   0  43  44   0   4  14  26  21  29  18   0  31  21   0  11  19  34   0  29  42   0  16   9   4   6  37  23  45   0   5  28   0  18  40   0  33  40  26  19  22   0  11  10  35   0
  25  50  24  42  36   0  43  39   9   0   2  13   0  10   3   0   0   3   8  43  35  21   7  36  37   0   5  37   3  48   0   0   2  13  43   4  29  49   7  19  45  46  35   7   0  24  47  12   0  43  45  24   0  22  12  27  14  48   0  45  20  23  14  28  10   1  16   0   0  48   0  38  44   5  18   6   0  36   0  37   0  48  13   0  34  20  14  38   0
  44  13  17  19  27   8   4  26   7  36  10   0  49  46  50  34   0  17  26  44  43  21   0  35   0   2   0  27  26  29  14  11   0  24   0  16   0   2   0   0  29  49  50  25  30  14   2   0  36  27  39  29  47   3   4  42   0   0  41  20  48  38  40   7   0   0  17   0   0  26  46   0  33  44  31  14  19  11  41  44  47  25  17  44   0  35   0   5
   5   0  40  40   0   0  10  14  13  28   0   0  30  43  11   0   0  34   0  48   0  48  32  14  46  20  50  31  15   1   0  11   0  41   0  39   5  20  12  24  12   0  26  33  50  17   0   0  45  48  25  13   5  15  10  25  20   1   9  11  27   1   6  32  37  10  20   0  10  50  37  35  23   4  32   8  48  47  33  19   0  17  37   0   8  28  32
   0  17   9  27  31  16  11   0  45   2   0  20   9   0   4   0   0  20  22   0   6  47  30  48  27   0   0  25  11   7  47   9  32  19   0   0   2  35   0  43   0  34  39  32  30   0  45  44   4   0  43   0   0  31  23  39  36  38  34  39  27  45  50  29   1  39   9   0  36  35   0   0   0   3   0  47  31  47  45   0   0  30   0  21   9  49
   7  29  40   0   0  24  18  15   0   0  50  33   0  11  39   0  12  39  35   3  47  16  50  15  21  11  22  48   1  25   0   6  13  43   0  40   0   0   0   0   0  49   0   0  14   3  36  43   0  41   1  16  10  13  41   8  44  32  50  10  15   6  16   0   0   0  13   0  46  34   0  48   0  25  19  45  35  14  28   0  27  33  18   0  32
  23  46  50  26   0  22  35  29  39  23  42  32   4  39  10   7  44  42   0  25   6  20  41  15   0   8   9  23  13  49   0   0   0   7   6  37   2  31  42  10  43   0   6   9  36   4  46   0  20  35  40  28   0  49  37   8   0   8  35   0   0   0  32   0   0  13  21  34   3  45  49  30  38  29   0  17  27  24  24  33   0   5  39  33
  49   0  33  10   0  18   0   0  36  40   0  28  38  35  24   4  28  43   0   0  38  10   0   7  37  28   5  35  50  22   2  47  13  20  36   0  30   1  14  35  41   6  50  43   0  48  50  10   1  40  37  14  13   0   0  14  45  38  21  39  42  32   0   1   0  13   7   0   0   0  48   9   0  12  30  15   5   6   6  40  46  10  16
  49  50   0   0  19  30  49  20  32   0  44  17  46  15  40  29  46   0  39  42  16  48   3  26   1  22  42   5  22   4  28  20   0  16   0  22  25  46   0   0  14  24  18  36  48   3   8  13  36  12   0   0  43   0   0  34  32  27   0  46  49  47   5  22  28  38  47  17   0  47  26  27   9  26  19   0  21  33   9   0   0  35
  38  36  42   0  25  27  14  12   1  23  49  31  23  29  29  34   1  26  32  18  39  32  41  25  25  19  14  26   5  38  37   1   2  39   0  49  32  13   5  49  21  15  19   0   5   0  14  33  16  15   1  24  41   0  23  47   8  48  41  47   0  10  36  25  41  40  19  26   4   7   0  17  28   4   4  50  44  37  49  20  34
  31  11   6   0   0   0   4   0  17  49  14   0   1  43  11   0   0   8  19  19   0   0   6  13  42  16  49  22  19   0  12   0   0  19   9  18   0   0  41  42  43  29  37   6   0  24  12   0  26   0   0   0  21  31   2  19  30   0   0  37  44   0  46  36  49   0   0   9  45  32  21  48  26   2  19   1  20   5  30   0
  17  29   8   8   0  36   8   5  41   4   7   0  46  14   0   2   0  14   1  37  15  35   0   9   0  18  18   6  10   0  22   5  46  18  42  50  19  24  10   0   0   0   5   0   0   0   5   5  27  50   5   7  27   0  30  19  27   0  32   5  37  36   7  42  32  44  21  20  24   9   1   0   7   0  16   0   0  45   0
  11   9  39  12  44  44   0   1   6   0   0  34  45  25  12   0   0  20  41   8   0   0   2  10   0   0  44  35  37  31   0   0  23  15  31   4  30  33  19   7  50   0  12  24  13   0  26  16   0   4  20  36   1   2  24  48  36   3  26   2  49  43  39  11   7   9  30   0   0  42   0   0  44  31   3  19  10   0
  15  16   8  41  12  46  27  19  34  38   4   3  43  47  27  12  20   2   0   0  48   0   7  19   9   0  44  11  32  32  30   0   5  37   0  39  50   4  26  43  37   0  19  49  31  24  36  43   0  13  50  37   4  10   2   0  46   3   0  16  23   0   0  31  34  29  14   0  50  10   8  21   0  43  50   0  30
  33   0  48   0   4  16  35  47  41  33  43  27  16  31  45   0  50  32  37   0   4  45   9  23   6  47   0  45  39  16   6  15   5   0  39  18  25  43  31  19  21  38  12  14   5  18  41   7  13   0  23   0  23  41   0  25   0   0  45  31   0   0  22  43  32  42  14   1   0  30  47  21  20  23   0  33
  16   0   6   3   0   0  17   0   6   6   9  25  45   0   0   0  43   9  24   0   0  23   5  34  47  11  10  44   4   0  23  38   0  35  12  11  48  50  13   7  39   3   0  15   0  40  12  35  40  35  46  48  39  45   0  41  27   0  46   9  34  26   3  33  30   0   0   6  29  42  40  40  27  16   1
   0   4  48   0   4  17   0  23   0  13  17  40  30  28  39  32   0   0  33  14  46  34  24   2   4   2  25  44  13  30   0   0   0  20   7  19  45   0  38   0   0  30  10  16   0   1   0   0  28   8  16  25  44   0   0   6  41  25  39   0  31  16   2  17  29   0   9  21   0   3   0   1  15  49
   7  49   0   1   0   0  33   2  43  48  50  38  33  15   0   0  27   0  24  50  46  18   8   0  28  49  26  39   7  11  47  41   2  43  36  25  22   6  30  32  27  23   3   0   0  10   3   5   0   0  43  33  11   0  50   7   0  35  32  20  48  27  38  32  27  13   8  39  17  12  18  17   8
  34   0  31   7  13  16  39  33   8  27  35   0   0  26   0  38  12  18  13   0  50   0  27  23  19   6  33   0  25  38  47   0  15   6   0  25  45  26  29   0  25  17  29  16   0  18  36   0  25  46   0   0   4   0  45  25  19  30   0   2  43   0   1  25  38   7  29   9   0  20   2  19
   0  49  48  36  19  44  46  34  48   0  46  48  33  29  21   3   0  48  19  40  16  35  29   9   0  33  35  10  23  38  37  41  19  19  50   0  26   2   9  41  18  21  46  33  43   0   0  31   0  26  11   6  19   4  25   0   0   0   9   0   7   0  34  15  14  10   0   0  29  46   0
  42  40  47   8  31  50  35   0  20   0   2  15  21   0  12  42  11  17  44  27   0  19  49  34  26   4   0   0  27   2  41  20   3   3  23  46   0  33   0   0  26  45   2  16   6   0   0  37   0  15   0  32  45  23  14  45   0  45  46  36  41  48  19   0  17   0  27   7   0   0
  47  43  45   0  42   0  46   0  11  19  10   9   0   6   0  46  43  20  49  13  36  35   6  36   3   7   0   7  13  27  11  41  30  13  26  32   0   5  13  29   2  36   0  31  27   0  15  38  45   0  21  25  19   0   0  34  46  40  21  46  32  15   8  14  48   8   0  33  46
  48  30  48  20  13  19  37  15  11  37  24   9  27   5  24   7  12  35  38   4  28  26  43  37   7  23  30  34  25  17  41  28   0  18  26  17   0  47  27   5   0  42  36   0  26   0   0  31   0   1   5   0  27  21  23   1  18   6   0   0   0  47  27  13  36   5   0   0
   0   0   0  38   0   0   0  26   9   9   1  47  21  47  22   0   0  21  26  21   3  11  26  43  26   4  11   8  27   0   0  42  46   0  35  45  13  13   0   1   1   0   4   1   5  35  35   0   0  48   0  34  45  14  37  45  26  39  46   7  15  46  18  22  21  20   0
   4  30   0   0  35  35   2  45   9  38   0   0  39  28  18  10   0  11  40  14  18  36  14  18   0  13  40  37  27  45  29  16  34  30   0  22  20  12   4  33   0  31   0   0  19  29   1   0   8  23  15  48   1  21  33  13   0  20  30   0   0  14  12   0  24  24
  27  45  50   8  23  18  26   9  21  38   9   9  48   0  41  16  31  25  13   5  18  23  30  29   0   0  34   0  14  17   0  23  26  44   0   7   0   8  32   0  27  44  17  48  45  49  28  47  23  37  38  13  18   0  31   1   1  24   0  29  28   0   6   0  24
  14   1  19  46  13   8   0   0  26  28  48  39   0  45  41   7   0  23  22  25  45  28   0   2  31   2  31  18  34  38  20  50  47  11   7  27   0  48  42   6  11   0  22  44  12  18   0  27  45  25  15  48  29  19   9   1   6  25   0   0  32   0  14  49
  46   4  15  23   8  31  31   0  44   5  28  30   5   0   0  50   0  49  29  25  50   0   0   8   2  41  43   0   0  47  16   6  32   4  22  21  40  47  13  28  46   0  23  20  27  19  35   2  50  12   0  32  32  25  49   0   0  16  27  22  32   0   0
   0   7  11  37   5   0   0  46   0  31   0   0   4   5   0  15   0  17  47  29  14  20   0  21  32  15   5  23   0   0  15  28  48  22  20   0  36  42   0  13  24  31   0  45  44  50   0   0  16   0   2  17  28   8  16   7   2   0   5  12  18  18
  15  37   8  36  27  35  21  36  29   6   0  21   0  32  39   1   0  28  17  27  32  19  44  12   0   7  39  33   0  31  39   3  42  36  49   0  42  32  36  24   3   0  48  37  48  41  39   0  25  46   7  24  12  22  12   0  16  33  43  44  18
  50   1  23   0   0  19  19  49  36   0  25   5  17   0  13  40  32   9  30  36  16   0  37   4   0  11  39   0  27  17   0  27  39   0  37   6  45  30  17  49  10  31  49   0  23  18  30   3  27   0  47  23  50  40  25   0   0  23  17   0
   0  18  42  35   4   0   0  30   0  17  31   0   3  23  34  34  24  26  38   9  44   2  32   7   0   0   8   0  34  11  20  42  36   6  24   0  30   7   0  36   0  44   0   0  33   0  25   7  31  50   0  12  44  12   0  29  19   1  25
   0   0   7  49   2   0   0   0  18  32   6   7  27  38  11   0   0   0   5   0  47  11   6  11  17  46  23   0  16  12  15  29  40   6  36  41  24  39  13   0  30  22   0  15  30  36   0   0  30  18  38  40   1  24   0   0   1   9
  19  35  30   0   0  13   6  18  31   0  46   2  10  14  49  38  12   5   0   7  19  46   6  47  44  36   4   0  45  18   0   5   0   0   0  24   0  35   0   0   0  37  27  11  21   0   0  33   0  22  11  44   0  38  50   4  26
  36   0  35  25   0   0   0   0  11  18   0  22  27   0  38  39  11  29  21   3  16  21  16  26  21  26   0   0   8  22  37   9   0  14   0   0  13   0   1   3  37  34  12   0   4  32  12  33   0   0   2   7  11   0  25  39
   0   0  46   0  29  49  38  20  22  13  42  29  48   0   3  13  13  14   0  14  14  42  44   9  38  20  32   0  28  17  10  29   0  27  16   8   0   0   0  27  13  45  13  29  21  44  42  16  22  11  48  40  41  16   0
   0  30  25   0  20  18  36  30  26  41  44  50  23  29  23  36   0   0  47  30  16  44   2  45  11   3  20  32  25  29   1  14  12  43   0  42  38  11   0  20  18   9  13   0   0   0  25  23   0   0  15   0  43   0
  39  47  10  41  19  12   4  36  26  35   3  45  49  29   9  11   0  27   0   0   6   0  10  41   0  21   5   7   0  16  14  50  30   0  22  17   4   8   0  31  15  28  44   5   0  21  39  34   0   0   0   0  35
   1  26   5   0  12   0   5  35  21   0  36  19  27   0  31   0  35   0   0   0  29  47  42  24  37  26   5  43  10  27  22   8  23  38   0  32  50   0  10   0  24  49  42  14   0   7   0  12   0  14  21   6
  34  32   1   0   0  49  13  27   0  39   0  29  50   0  27  17   7  11   0  31   0   0   6   0  30  14   1  18  21  26  45  18  45  22  19   0  33  35  23   0  11   0   0   2  22  22  48  10  32   0  40
   3  41  12  13  50   7  47   3   9   0  30   0  23   0   5  18  22   0   3  33   0  20  16  28   0  41  15   2  41   0   0   1   0  22  28  18   9  21  41  47  44  37   0  29   4  30   0  39  50  48
  14  22  32  42  17  41   5  36  26   1  12   0   9  14  45  14  43   0  29  44   6  38   0   9   0   0   2  42  21  45  21   0   0   4   0  40  25  33  50  15  12  35  12   0   0   7  16  36   2
  39   0  25  30  46  44  17  44  11  39   0  37  32  44  33  14   0   0   0  31  11   7  21  34  30  27  38   0  48  50  40  27  13  44  12  16  21   0  11   0  32  50   0   0  29   0   0  16
  21   0  38  34   0   2  27  40  46   0  41   0   0  50  14   0   8   0  28  37  47   0   2  39   0  31  13   0   8   3   0  12  44  28  28  50  40  46   0  37  42  48  47  14  33  35   0
  11  12  23   0   1  38  31  47  16  41  16   0  43  35  18   0  38   0  31  41  50   1   0  44  34  40  37  30   2  35  20  11  36  28   0  22  41   0  40  22  20  20   8   8   1  28
   7   0  17  36   0  43  20  47  27  49  29   6  34  47  29   0  18   0  43  22  33   8   4   3   4   6  26   3  49  28   0  49  37  25   5   0  23  38   1   0  24   5  11   0   4
  38   3   0   0  39  21  32  24  41  46  16  47  23   0   0  25   9   0   0   0   8  37  35  34  24  30   4   5   0  17  21  31  31  10  35  26  38  20   0  33  14   3  37  16
  16  47  24  35  25   0  46   0   0  50   0  39  29  39  26   7  10  13  19  22   0  32  21  30  17  28  35   0  41   0  43   0  29   5  39   5   4  36   0  13  18   9  32
   0  43  18   0  28  48  30   0   7  17  36  21   0  11  27   1  32  26   9  27   0  14  48  48   0  10  11  43  35  16   0   0  19  48  24   1  12  49   6  44   9   0
   9   0   0  43  24   0  35   4  13  15  19  27   0  18   3  34   0  32  20  13  49   0  45  32  29  42  50  16  34  45   0   0  38  41   2  45  42   3  16  49  28
   0  27  44   0  13  22  45  39  41   0   0  50   0  36   4   0   0   0  12   0   0  31  21  26  20  49  44   0  12  12  35  43   0  37  42  27  26  29  15  12
   6  31  32   0  33   0  10   0  43   0  43   2   0  41  19  14  42  44   2   0  22  11  13   7  40  37  29   0   8  24   0  14  33  28   6  32  18  14  35
  49  39  46   9  22   0   5  38  18   0   0   0   5   4   0   0   8  13  44   0  31  44   0  24  14  26  24  33   8   7  19  48  15   0  13  13  11  19
   0  43  30   2  44  14   0  27   0   0  32  22   7   7   0  28  43  21  30  27  25  25   0  48   0  39   2  11  49  19  24   9  48   0  36  31  14
  23   0  37  39   0   0   4   1   0  39  38   0  48   0  31   0  36   0  11   0  27  13  16  15  32  31   0  18  20   0   0  39   2   0  30  12
  36   0  36   0  10  22   0  43   0  13   0   0  44   0   0   5  45  26   2  44  15  36  14   0   3   0  33  17  41  22  45  30  37  22   0
   9  32  39  20  33  11  45  30   0   7  24  50   0  21   5  32   1  34   5  21  32   5  46   0  25   0   0   0  40   0   0   0  16  30
   0   1  42  24  13   0  24  47   8  26  30   0   1   0  39  44  47   0  23   3  26  27  11  48  22  16  43  24  29   9   5   6  44
  13  10  40   0  22  13   0  38  26  21   8   0   8   0  41  31  40  20  27   0   0  49  12  32  25  23   9  25  37   3   4  38
   9  48  21   0  27  23  31  17  17   5  33   0  19  48  11  24  27  32   1   0  36  28  38  41  11   0   1  28  20  33  25
  37   7  25   1   1  37  13  13  33  48   0  38  10  38   0  26  19  37  19  15  48  32   0  17   0  24  21  36   0  24
  31  24  35  15  35  21  41  21   0  30   0  29  40  36   0  45  44   0   0  25  29  42  23   5  28   0  45  13  50
   0  21  49   4  29  48   7   0   0  26  16   0   1   4  44  37   0  43  37  27   0   0  37   0  14   0  20   0
  31  19   0  48  31  18   6  11   0   0  46  21  28   2   0  15  23   0  32   6   3  18  24   0  21   0   0
   0   0   0   0   0  27   0   2  14  20   0  19  21  49   0  22  45  32  46   0  30  26  15   1  45  40
   0   0  22  48  34  50  39  36  36  22   0  37   0   7   5  31   0   0   0  16  24  34  30  28   0
  23   0  23  38  36  46  27  35  21   0  24   0  29  26  44   9   0   0  32  23   0   0  34   0
  49  46  35  26  27  32  41  26   0   0  31   0  26   0   0   3   0   7   0   6  31  18   1
  26  42  33  20  45   0   0  48  16  19  20   5  20   0  33  47  33  42  30   0  17   0
  40   0  23  40   0   0   0   0   0   0  45  22  41   2  50  39   4  47  21   2  48
  47  34   2   0  17  31   1   9  41   3  35  37  40  26  42  49  33  12  46  27
  28  46   0   0  15   0   0  22  40   6  46  50  36   0  50   0  24  26   0
   0  31  48   0  21   0   0   0  40  38  45  30  12  34   0  23   0  21
  40   0   0  34  12  48  47   0  31  12   0  34   9   0   0   0  47
   8  20   7  41  21   7  40   0  26   0  39  49  45  18  22  26
  34   0  41  41  11  27  23   0  40  46   0  17  13   0  50
   2   0   0  26   4   0  39  31   0  33  24  34   0   0
  43   1   0  47   0  37  14  27  23   0  47  37  38
   0  45   0  31   1  40   0  28   0   0  11  28
  33  38  12  49   7  41  10  39   0  42  43
  20   0  12   3   0  30  35  21  27  30
   0   0  36  45  41  38  26  24  40
   3   6  17  43  20  33  20  50
   0   2  46  16  23  22   0
   0  49   9   0  11   0
  46  45   0   0  42
   0  37  38  36
   5  33  42
   0  24
  11

 187
   1   7   5  14  23  18  11  16  24  19  22  20  13  24   8   5   9  20   9  16  24   6   4  10  19   4  24   6  10  11  23   2  14   6   7  21  24   1  12  24   3   4  13   7  13  14   7   2  16   5   1  10  23  11  15  25  10   2  11   6   5  18   3  14  11  23  14   4   4  16  15   2   9  13  18  24   7  23  17  19  17  19   5   1   9  15   2  12   8   8  24   9  15   5   5  23  17  24  16  22  17  13  17  14   3  12   5   2  10   2   8  11  17  19   6  18  25   6  17   9
