 120 
   0   0   0   0   0   0   0   0  50   0   0   0   0   0   0   0   0   0   0   0  50   0   0   0   0   0   0   0   0   0   0   0  40   0   0  23   0  32   0  18   0   0   0   0   0   0   0   0   3   0   0   0   0   0   0   0   0   0   0   0   0   0   0   0   0   0  44   0   0   0   0   0   0   0   0   0   0   0  24   0  42   0   0   0  25   0   0   0   0   0   0   0   0   0   0   0   0   0  42   0   0   0   0   0   0   0  36   0  17  16   0   0   0   0   0   0   0   0   0   0
   3  33  22   0   0   0   0   0   0   0   0   0   0   0   0   0   5   0   0   0   0   0   0   0   0   0   0  19   0   0  28   0   0   0   0   0   0   0   0   0   0   0   0   0   0   0   0   0   0   0   0   0   0   0   0   0   0   5   0   0   0   0   0   0   0   0   0  13   0   0   0   0   0   0   0  15   0   0   0   0   0   0   0   0   0   0   0   0   0   0   0   0   0   0   0   0   0   0   0   3   0   0   0   0  16   0   0   0   0   0   0  37   0   0   0   0   0   0   0
   0   0   0  39   0   0   0   0   0   0   0   0   0   0   0   0   0  16  31   0   0   0   0   0   0   0   0   0   0   0  41   0   0   0   0   0   0   0   0   0   0   0   0   0   0  47   0   0   0   0   0   0   0   0   7   0   0   0   0   0   0   0   0   0   0   0   0  13   0   0   0   0   0   0   0   4   0   0   0   0   0   0   0   0   0   0   0   0   0   0   0   0  31   0   0   0   0   0   0   0   0   0   0   0   0   0  13   0   0   0   0   0   0   0   0   0   0   0
  32   0   0   0   0   0   0   0   0   0   0   0   0   0   0   0   0   0   0   0   0   0   0   0   0  18   0   0   0   0   0  16  29   0   0   0   0   0   0   0   0   0   0  27  35   0   0   0   0   0   0   0   0   0   0   0   0   0   0   0  27   0  39   0   0  13   0   0   7  42   0   0   0   0   0   0  33  19   0   0   0  15   0  25   0   0   0   0   0  32   4   0   0  34   5   0   0   0   0   0   0   0   0   0   0   0   0   0  48  19   0   0   0   0   0   0   0
   0   0  24   0   0   0   0   0  22   1   0   0   0   0   0   1   0   0   0   0   0   0   0  23   0  11   0   0   0   0   0   0   0   0   0   0   0   9   0   0  21   0   0   0   0   0   0   0   0   0   0   0   0   0   0   0   0   0   0   0   0   0   0   0   0  35   0   0   0   0   0   0  13   0   0   0   0   0   0   0   0   0  15   0   0   0   0   0   0   0   0   0  20   0   7   0   0   0   0   0   0   0  40   0   0   0   0   0   0   0  17   0  31   0   0   0
   0   0   0   0   0   0   0   0   0   0   0   0   0  37   0   0   0   0   0   0   0   0   0  37   0   0   0   0   0   0   0   0   0   0   0   0   0   0   0   0   0  38   0   0   0   0   0   0  40   0   0   0   0   0   0   0   0   0   0   0   0   0   0   0   0   0   0   0  12   0   0   0   0   0   0   0   0   0   0   0   0   0   0   0  47   0   0   0   0   0   0   0  18   0   0  46   0   0   0   0   0   0  18   0   0  16   0   9   0   3   9   0   0   0   0
  30  35   0  38   0   0   0   0   0   0   0   0   0   0   0  50   0   0   0   0   0   0  39   0   0  16   0   0   0   0  28   0   0   0   0  44   0   0   2   0   0   0   0   0   0  50  43   0  45   0   0  43   0   8  32   0   0   0   0   0   0  49   0   0   0  37   0   0   0   0   0  35  46   0   0   0   0   0   0   0   0  20   0   0   0   0  24   0   0   0   0   0   0   0   0  12   0   0   0   0   0   0   0   0   0   0   0   0   0   0   0   0   0   0
  35   0   0   0   0   0  20   0   0   0   0   3   0   8   7  27  13   0   0   0   0   0   0  25   0  32   0   0  17   0   0  24   0   0   0  37  28   0   0   0   0   0   0   0   4   0   0   0   0   0  47   0   0   0   0   0   0   0   0  31   0   0   0   0   0   0   0   0   0  23  14   0   0   0   0   0   0   0   0   0   0   0   0   0  37   0   0   0   0   0   0  16   0   0   0   0   0  45  12   0   0   0   0   6   0   0  41   0   0   0   0   0   0
   0   0   0   0   0   0   0   0   0   0   0   0  13  39   0   0   0   0  34   0   0  18   0   0   0   0   0   0   0   0  46   0   0   0   0   0   0   0   0   0   7   0  24   0   0   0   0   0   0   0   0   0   0   0   4   0   0   0   0   0   0   0   0   0   0   0   0   0   0   0   0   0  50   0   0   0   0   0   0  22   6   0   0   0   0   0   0   0  50   0   0   0   0   0   0   4   0   0   0   0   8   0   0   0   0   0   0   0   0   0   0   0
   0   0   0  47   0   0  29   3   0   8  26   0   0   0   0   0   0   0   0   0   0   0   0   0   0   0  35   0   0   0   0   0   0   9   0   0   0  49   0   0   2   0  22   0   0  40   0   0   0  29   0  25   0   0   0   0   0   0   0   8   0   0   0   0  30   0   0   0   0   0   2  16   0  33   0   0   0  24   1   0   0   0   0   0   0   0   0  24   0   0   0   0   0  31   0   0   0  24   0   0   0  18   0   0   0   0   0   0   0   0   5
   0   0   0   0  48   0   0  33   0   0   0   0   0   0   0  33   0   0   0   0   0   1   0   0   0  44   0   0  23   0   0   0   0   0   0   0   0   0   0  34   0   0   0   0   0   0   0   0   0   0   0   0  22   0  43   0   0   0  45   0   0   0  12   0   0   0   0   0   0   0   0   0  49  25  24   0   0   3   0   0   0  12   0   0   0  43   0   0   0   0   0   0   0   0   0   0   0   0   0   0   0   0  32   0   0   0   4   0   0   0
   0   0   0   0   0   0   0   0   0   0  31   0  21   0   0   0   0  31   0   0   0   0   0   0   0   0   0   0  32   0   0   0   0   0   0   0   0   0  39   0   0   0   0   0   0   0   0  32   0   0   0  27   0   0   0   0   0   0   0   0   0   0   0   0   6   0   0   0   0  39   0   0   0  43   0   0   0   0   0   0  33  37  10   0   0   0   0   0   0   0   0   1   0   8   0  34   0   0   7   0   0   0   0   0   0   0   0   0   0
   0   4   0  44   0   0   0   0   0   0  35   0  15   0   0  25   0   0   0   0   0  14   0   0   0   0   0   0  22   0   6   0   0   0   0   0   0   0   4   0  10   0   0   0   0   0   0   0   0   0  21   0   0   0   0   0   0   0  15   0   0   0   2  40   0  46   0   0   0   0   0  43   0   0   0   0   0   0   0   0  29   0   0   0   0   0   0   0   0  29   0   0   0  33   0   0   0   0   0   0   8   0  40   0   0   0  14   0
   6  17   0   0   0   0   0   0   0   0   0   0   0  31   0   0   0   0   0   0   0   0   0   0   0   0   0   0   0   0   0   0   0  46   0   0   0   0   0   0   0  38   0   0   0   0   0   0   0   0   0   0   0   0   0   0   0  35   0   0   0   0  35   0   0   0   0   0   0   0   0   0   1   0   0   0   0   0  37   0   0  11   0   0   0   0   0   0   0   0   0   0  23   0   0   0   0   0   0   0   0   0   0   0   0   0   0
  15   0   0   0   0   0   0   0   0   0   0   0   0   0   0   0   0   0  24   0   9   0   0   0   0  36   0   0   0   0   0   0   0   0   0   0   4   0   0  33   0  15   0  47  27   0   0   0   0   0   0   0   0   0   0  10  33   0   0   0   0   0   0   0   0   0   0   0   0   0   0   0   0   0   0  12   0   0   0   0  12   0   0   0   0  29  12   0   0   0  18   0   0   0   7   0   0   0   0   0   0   0   0   0   0   0
   4   0   0   0   0   0   0   0   0   0   0   0   0   0   0  20   0   0   0   0   0   0   0   0   0   0  45   0   0   0   0   0   0   0   0   0   0  13   0   0   0  31   0   0   0   0   0   0   0  25   0   0   0   0  30   0   0   0   0   0   0   0   0   0   0   0   0   0   0   0   0   0   0   0   0   0   0   0   0   0   0  39   0   0   0   0   0   0   0   0   0   0   0   0   0   0   0   0  15  47   0   0   0   0   0
   0   0   0   0   0   0   0   0   0   0   0   0   0   0   0   0   0   0   0   0   0  49   6   0   0   0   0   0   0  14   0   0  34  31  40   0   0   0   0   0   0   0   0   0   0   0   0   0   0   0  34  50   0   0   0   0   0  15   0   0   0  18   0   0   0   0   0   0   0   0   0   0   0   0   0   0   0   0   0   0   0   0   0   0   0   0   0   0   0   0   0   0  34   0   0   0   1   0   0   0   0   0   0   0
   0   0   0   0   0   0   0   0   0   0   0   0  41   0   0   0   0   0   0  10   0   0   0   0   0   0   0  32   0   0   0   0   0  32  20   0   0  39   0   0   0   0   0   0   0   0   0   0   0   0   0   0   0   0  38   0   0   0   0   0   0   0   0   0   0  26   0   0   0   0   0   0   0  21   0   0   0   0   0  19   0   0   0   0   0   0   0   0   0   0   0   0   0   0  44   0   0   0   0   0  43   0   1
   0   0   0   0  49   0   0   0   7   0   0   0   0   0   4   0   0   0   0   0   0   0   0   0   0   0   0   0  32   0   0   1   0   0   0   0   0   0   0  39   0   1   0   0   0   0   0   0  26   0   0   0  11   0   0   0   0   0   0   0   0  32   0  22  21   0   0   0   0   0   0   0   0   0   0   0   0   0   0   0   0   0   0  19   4   0   0   0   0  44   0   0   0   0  29   0   0   0   0   0  39   0
  50   0  39   0   0   2   0   0   0   0   0   0   0   0   0   0   0   0   0   0   0  49   0  21   0   0   0   0   0   0   0   0   0   0   0   0   0  38   8   0   0   0   0   0   0   0  40   0   0   0   0   0   0   0   0   0   0   0   0   0   0   0   0   0   0   0   0   0  26   0   0   0   0   0   0   0   0   0   0   0   0   0   7   0  40   0   0  49  50  19  13   0   0   0   0   0   0  49   0   0   0
   0   0   0   0   0   0   0   0   0   0  15   0   0   0   0   0   0   0   0   0   0   0   0   0   0   0   0   0   0   0  39   0   0  19   0   0   0   0   0   0   0   0   0  28   0  48  39   0  17   0   0   0   0  45   0   0  47   0   0   0   0   0   0   0   0  22   0   0   0   0   0   0   0   0   0   0   0   0   0   0   0   0  25   0   0   0   0   0   0   0   0  40   0  37   0   0   0   0   0   0
   0   0   0   0   0   0   0   0   0   0   0   0   0   0   0   0   0   0   0   0   0   0   0   0   0   0   0   0   0   0   0   0   6  15   0   0   0   0   0   0   0   0   0   0   0   0   0   0   0   0   0   0   0   0  41   0   0   0   0   0   0   0   0  25   0   0   0   0   0   0   0   0   0   0   0   0   0   0   0   0   0   0   0   0   0   0   0   0   0   0   0   0  41   0  12   0   0   0   0
   0   0   0   0   0   0  20   0  33   0   0   0   0   0   0  19   0   0   0   0   0   0   0   0   0   0   0   0   0   0   0   0   0   0   0   0   0   0   0   0   0   8   0   0   0   0   0   0   7   0   0   0   0   5   0  15   0  23   0   0   0  11   0   0   0   0   0   0   0   0   0   0   0  18   0   0   0   0   0   0   0  18   0   0   0   0   0   0   0   0   0   0   0   0   0   0  41   0
  32   0   0   0   1   0   0   0   0   0   0   2  32   0  21   0   0   0   0   0   0   0   0   0  34   0  48   0   0   0   0   0   0  30   0   0   0   0   0   0   0   0  17   0   0   0   0   0   0  47   0   0   0   0   0   0   0   0   0   0   0  14   0   0   0   0   0   0   0   0  11   0   0   0   0   0  19  10   1   0   0   0   0   0  26   0   0   0  34   8   0   0   0   0   0   0   1
  36   0   0  17   0   0   1   0   0   0   0   0   0   0   0   0   0   0   0   0   0   0   0   0   0   0   0   0   0   0   0   0   0  21   0   0  17   0   0   0   0  50   0   0   0  22   0   0   0   0   0   0   0   0   0   0   0   0   0   0   0   0   0   0   0   0   0   0   0   0   0  32   0   0   0   0   0   0   0   0   0   0  28   0   0   0   0   0   0   1   0   0   0   0   0   0
   0   0   0   0   0   0   0   0  23   0   0   0   0  25   0   0   0   0   0   0   0   0   0   0   0   0   0   0   0   0   0   0   0   0   0   0   0   0  10  18   0   0   0   0  17   0  49   0   8   0   0   0   0   0   7   0   0   0   0   0   0   0  35  32   0   0   0   0   0   0   0   0   0   0   0   0   0   0   0  26   0   0   0   0   0   0  17  22   0   0   0   0   0   8  25
   0  13   0   0   0   0  14   0   0   0   0   0   0   0   0   0   0   0   0   0   0   0  13   0   0   0   0   0   6   0   0   0   0   0   0   0   0   0   0   0   0   0   0   0   0   0   0   0   0   0   0   0   0   0   0   0  13   0   0   0   0  36   0   0   0   0   0   0   0   0  36   0   0   0   0   0  17   0   0  25  40   0   0   0  23   0  20   0   0   0   0   0   0   0
  50   0  18   0   0   0   0   0   0   0   0   2   0   0   0   0   0   0   0   0   0   0   0   0   0   0   0   0   0   0   0   0   0   0   0   0   0  22   0   0   0   0   0   0   0   0   0   0   0  17  29   0   0   0   0   6   0   0   0   0   0   9   0  31   0   0   0   0  45   0   0   0   0   0   0   0  50   0   0   0   0   0   0   0   0   0   0   0   0   0   0   0  41
   0   0   0   0   0   0   0   0   0   0   0   0   0  17   0   0  49   0   0  19   0   0   0   0   0   0  11   0   0   0   0   0   0   0   0   0   0   0   0   0   0  19   0   0   0   0   0   0   0   0   0   0   0   0   0   0   0   0   0   0   0   0   0   0  36   0   0   0   0   0   0   0   0   0   0  22   0   7   0   0   0   0   0   0   0   0   0   0   0   0  31   0
   0   0   0   0   0   0   0  29  50   0   0   0   0  42   0   0   0   0   0  29   0   0   0   0   0   0   0   0   0   0   0  44  33   0   0   0   0   0   0   0   7   0   0   0   0   0   0   0  49   0   0   0  20   0   0   0   0   0   0  24   0   0   0   0   0   0   0  24   0   0   0   0   0   0  22   0  21   0   0   0   0   9   0   0   0  48   0   0   3   0   0
   0   0   0   0   0   0  21   0   0   0   0   0   0   0   0   0  46   0   4   0   0   0   0   0  48   0   0  48   0   0   0   0   0  39   0   0   0   0   0   0   0   0   0   0   0   0  41   0   0   0   0   0   0   0  48   0   0   0   0   0   0   8   0   0   0   0   0  27   0  50   0   0   0   0   0   0   0  23   0   0   0   0   0   0   0   0   0   0   0   0
  14   0   0   0   0   0   0   0   0   0   0   0  13   0   0   0   0   0   0   0   0   0   0   0   0   0   0   0  22   0   0   0   3   0   0   0   0  47   0   0   0   0   0  26  44   0  35   0   0  10   9   0   0   0   0   0   0   0   0   0   0  29   0   0   0   0   0   0   0   0   0   0   0   0   0   0   0   0   0   0   0   0   0  37   0   0   0   0   0
   0   0   0   0   0  31   0   0   0   0   0  46   0   0   0   0   0   0   0   0   0   0   0   0   5   0   0   0   0   0   0  23  45  13   0   0   0   0   0   0   0   0   0   0   0   9   0   0   0   0   0   0   0   0   0   0   0   0   0   0  30   0   0   0   0  45   0   0   0   0   0   0   0   0   0   0   0   0  33   0   0   0   0   0   0   0   0   0
   0   0   0  23   0   0   0   0   0   0   0   0   0   0   0   0   0   0   0   0   0   0   0   0   0   3   0   0   0   0   0   0   0   0   0   0   0   0   0  24   0   0   0   0   0   0   0   0   0   0   0   0   0   0   0   0   0   0   0   0   5   0   0   0   0  33   0   0   0   0   0   0   0   0  18   0   0   0   0   0   0   0   0   0   0   0   0
   0   0   0   0   0   0   0   0  38   0   0   0   0   0   0   0   0   0   0   0   0   0   0   0   0   7   0   0   0   0   0   0   0   0   0   0   0   0   0   2   7   0   0   0   0   0   0   0   0   0   0   0   0   0   0   0  44   0   0  50  36   0   5   0   0   0   0   0   0   0   0   0   0  46  34   0   0   0   0   0   0  32   0   0   0   0
   0   0   0  11   0   0   0   0   0   0   0   0   0   0   0   0   0  10   0   0   0   0  33   0   0  19   0   0   0   0  49   2   0   0   0   0   0  47   0   0   7   0   0   0   0   0   0   0   0   0   0   0   0   0   0   0   0   0   0   0   0   0   0   0   7   0   0   0   0  44   0   0  25   0   0  42   0   0   0   0  24   0  48   0   0
  14   0   0   0   0   0   0   0   0   0   0   0   0   0  19   0   0   0   0   0   0   0   0   0   0   0   0   0   0   0   0   0  36   0   0   0   0   0   3   0  36   0   0   0   0   0   0  49   0   0   0   0  35   0  25   0   0   0   0   0   0   8  16   0   0   0   0  49   0   0   0  30  41   0   0   0   0   0   0   0   0   0   0   0
   0   0   0   0   0   0   0  40   0   0   0   0   0   0   0   0   0  12   0   0   0   0   0   0   0   0   0   0   0   0  47   0   0  25   0   0   0   0   0   0   0   0   0  46   0   0   0   0   0   0   0   0   0   0   0   0   0   0   0  32   0   0   0   0   0   0   0   0   0   0   0   0   0   0   0   0  24   0   0  29   0  26   3
   0   0   0   0   0   0   0   0   0   0   0   0   0   0   0   0   0   0   0  18   0   0   0   0   0   0  41   0   0   0   0   0   0   0   0   0   0  16   0   0   0   0   0   0   0   0   0   0   0   0   0   0   0   0   0   0   9   0   0   0   0   0   0   9   0   0   0   0   0   0  38   0   0   0   0   0   0  45  40   0   0   0
   0  34   0   0   0   0   0   0   0   0   0   0   0  43   0   0   0   0   0   0   0   8   0   0   0  38   0   0   0   0   0   0   0   0   0   0   0   0  17   0   0   0   0   0   0   0   0   0   0   0  42   0   0   0   0   0   0   0  50   0   0  14   0   0   0   0   0   0   0   0   0  38   0   0   0   0   0   0   0   0   0
   0   0   0   0  38   0   0   0   0   0   0   0  45   0   0   0   0   0  26   0   0   4   0   0   0   0   0   0   0   0   0  43   0   0   0   0   0   0   0   0   0   0   0   0   0   0   0   0   0   0   1   0   0  33   0   0   0   0  11   0   0   0   0   0   0   0   0   0   0   0   0   0  38   0   0   0  23   0   0  39
  36   0   2   0   0   0  25   0   0   0   0   0   0   0   0   0   0   0   0   0   0   0   0   0   0   0   0   0   0   0   0   0   0   0   0   0  30   0   0   0   0   0   1   0   0  21   0   0   0  43  12   0   0   0   0   0   0   0   0  46   0   0   0   0   0   0   0   0   0  50   0   0   0   0  41   0   0   0   0
   0   0  44   0   0   0  34   0   0   0   0   0  25   0   0   0   0   0   0   0   0   0   0   0   0   0   0   0   0   0   0   0   0   0   0   0   0   0   0   0   0   0   0   0   0   0   0   0   0   0   0  46  23   0   0   0   0   0   0   0   0   0  43   0   0   0   0   0   3   0   0   0   0   0   0   0   0   0
   0   0   0   0   0   0   0   0   0   0  28   0   0   0   0   0   0   0   0   0   0  17   0   0   0   0   0   0  11   0   0   0   0   0   8  27   0   0   9   0   0   0   0   0   0   0   0   0   0   0   0   0   0   0   0  34   0   0   0   0   0   0   0   0  32   0   0   0   0   0   0   0  23   0   0  16   0
   0   0   0   0   0   0   0   0   0  42   0   0  23   0   0   0   0   0   0  47   0   0   0   0   0   0   0   0   0   0   0   3   0   0   0   0   0  24   0   0   0   0   0   0   0   0   0   0   0  33   0   0   0   0   0   0  29   0   0   8   0   0   0   0   0   0   5  47   0   0   0   0   0   0   0   0
  32   0   0   0   0   0   0   0   0   0   0   0  50  36  37  38   0  45   0   0   0   0  20   0   0   0   0   0   0   0   0   0   0   0   0   0   6  47   0   0   0   0   0   0   0   0   0   0   0   0   0  16  30   0   0   0   0   0   8   0   0  41   0   0   0   0   0   0   0  24  20   0   9   0   0
   0   0   0   0   0  49   0   0   0   0   0   0  21   0  31   2   0   0   0   0   0   0   0   0  20   0   0   0   0   0   0   0   0   0   0   0   0   0   0   0   0   0   0   0   0   0   0  23   0   0   0   0   0   0   0   0   0   0   0  20  42   0   0   0   0   0   0   0   0   0   0   0  22   0
   0   0   0   0   0   0   0   0   0   0   0   0   0  36   0   0   0   0   0  34   0   0   0   0  39   0   0  27   0   0   0   0   0   0   0   0   0   0   0   0   0   0   0  23   0   0   0   0   0   0   0   0  48   0   0   0  24   0   0   0   0  29   0   0   0   0   0   0   0   9   6   0   0
   0  30   0   0   0   0   0   0   0   0  50   0   0  28   0   0   0   0   0   0  13   0  12  29   0   0   0   0   0   0   0   0   0   0   0   0  26   0   2   0   0   0   0  47   0   0   0   0   7   0   0   0  27   0  13  25   8  48   0   0   0   0  42  19   0   4   0   0   0   1   0   0
   0   3   0   0   0   0   0   0   0   0   0   0   0   0   0   0   0   0   2   0   0  28   0   0   0   0   0   0   0   0  36   0   0   0   0   0  43   0   0   0  42   0   0   0   0   2   0   0   0   0   0   0   6   0  33   0   0  11   0   0   0   0   8  20   0   0   0   0   0   0   0
   0   0   0   0   0   0   0   0   0   0   0  30   0   0   0   0  13   2   0   0   0   0   0  34   0   0   0   0   0   0   0  47   1   0   9  13   0   0   0   0   0  46  34   0   0   0   0   0   0   0   0   0   0   0   0   0  27   0  27   0  11  41   2   0   0   0   0  43   0   0
   0   0   0   0   0  19   0   0  41   0  19   0   0   0   0  25   0   0   0   0   0   0   0   0   0   0   0   0   0   0   0   0   4   0   0   0   0   0   0  46   0   0   0   0   0   0   0   0   0   0   0   0   0   0   0   0   0   0  22   0   0   0   0   0   0   0   0   0   0
   0   0   0   0   0   0   0   8   0   0   0   0   0   0   0   0   0   0   0   0   0   0   0   0   0   0   0   0   0  46   0   0   0   0   1  46  47   0   0   0   0   0   0   0   0  35  32   0   0   0   0   0   0   0   0  33   0   0  13   0   0   0   0  45   0   0   0   0
   0   4   0   0  24   0   0   0   0   0   0   0  16   0  25   0   0   0  50   0   0   0   0   0   0   0  25   0   0  28   0   0  13   0   0   1   0   0   0   0   0   0  38   0   0   0  26  21   0   0   0   0   0   0  13   0   0  16   0   0   0   0   0   0   0  15  17
  16   0   0   0   0   0   0   0   0   0   0   0   0   0   0   0   0   0   0   0   0   0   0   0   0   0   0   9   0  34   0   0   0   0   0  44   0   0   0  21   0   0   0   0   0   0   0  49   0   0   0  50  17   0   0   0   0   0   0   0   0   0   0   0  30   0
   0   0   0   0   0   0   0   0   0   0  38   0   0   0   0   0   0   0   0   0   0  35   0   0   0   0   0   0   0   0   0  48   0  27   0   0   0   0   0   0   0   0   0   0   0   0  16   0   0   0   0   0   0   0   0   0  12   0   0   0   0   0   0   0   0
   0   0  38   0   0   0   0   0   0   0   0   0   0  47   0   0  42   0  16   0   0   0   0   0   0   0   0   0   0   0   0   0   0   0   0   0   0   0   0   0   0   0   0  49   0   0   0  19   0  32   7   0   0   0   0   0   0   0   0  28   0   0   0   0
  45   0   0   0   0  45   0   0  29   0   0   0   0   0   1   0  48   0   0   0   0   0   0   0   0  49  27   0   0   0   0  26  22   0   2   0   0   0   0   0   0  17   0   0   0   0   0   0  42   7   0  40   0   0   0   0   0   0   0   0   0   0  22
   0   0   0  13   0   0   0   0   0   0   0   0   0   0  42  36   0   0   0   0   0   0   0   0   0   0   0   0   0   0   0   0   0   0   0   0   2   0   0   0   0   0   0   0  15   0   0   0   0   0   0   0   0   0   0  49   0   0  47   0   0   0
  38   0   0   0   0   0  27   0   0   0   0   0   0   0   0   0   0   0   0   0   0   0   0   0   0   0   0   0   0  28   0   0   0   0  37   0   0   0   0   0   0   0   0   0   0   0   0  41   0   0  39  25   0   0  13   0   0  18   0   0   0
   0   0   0   0   0   0   0  10   0   0   0   0   0  12   0   0   0  43   0  36   0   0   0   0   0   0   0   0   9   0   0   0   0   0   0   0   0   0  11   0   0   0   0  25  39   0   0   0   0   0   0   0   0   0   0   0   0   0   0   0
  49   0   0   0  47  40  42   0   0   0   0   0   0   0   0   0   0   0   0   0   0   0   0   0   0   0   0   0   0   0  39  42  19   0  38   0  29   0   0   0  43   4   0   0   0   0   0   0   3   0  12   0   0   0   5   0   0   0   0
   0   0   0   0   0   0   0   0   0   0  35   0   0   0   0   0   0   0   0   0   0   0   0   0   0   0   0   0   0   0   0  14  50   0   0   0   0  32   0   0   0  40   0   0   0   8   5   0   0   0   0   0  47   1   0   0   0   0
   0   0   0   0   0   0   0   0   0   0   0  34   0   0   0   0   0   0   0   0   0   0   0   0   0   0  17   0  23   0   0   0   0   0   0   0   0   0   0   0   0   0   0  41   0   0   0   0  26   0   0   0   0   0   0   0  38
   0  24   0   0   0  30   0   0   0  25   0  19   0   5   0   0   0   0   0   0   0   0  31   0   0   0   0  35   0   0  47   0   0   0   9   0   0   0   0   9   0   0   0  45   0   0   0   0   0   0   0   0   0   0   0   0
   0   0   0   0   0   0   0   0   0  46   0   0   0   0  21   0   0   0   0  37   0   0   0   0   0   0   0   0   0   0   0   0   0   0   0   0   0   0   0   0   0   0   0   0   0  44   0   0   0   0   0   0   0   0   0
  19   0   0   0   0   0   0   0   0   0   0   0   0   0   0   0   0   0   0   0   0   0  30   0   0   0   0   0   0   0  34  17   0   0   0   0   0   0   0  31   0   0  48   0  35   0   0   0   2   0   0   0   0   0
   0   0   0  50   0   0   0  17   0   0   0   0   0   0   0   0   0  21   0   9   0   0  23   0   0   0   0   0   0  46   0  33  36   0   0   0   0   0   0   0   0   0   0   0   0   0   0   0   0   0   0   0   0
   0  42   0   0   0   0   0   0   0   0   0   0   0   0   0   0   0   0   0   0   0   1   0   0   0   0   0   0   0   0   0  43   0   0   0   0   0   0   0  45  30   0   0   0   0   0   0   0   0  47   0   0
   0   0   0   0   0   0   0   0   0   0  14   0   0  38   0   0   0   0  49   0  37   0   0   0  49   0  43   0   0   0   0   0   0   0  21  22   0   0   0   0   0   0   0   0   0   0   0   0   0  13   0
   0   0   0   0   0   0   0   0   0  19   0   0   0   0  18  15  28   0   0   0   0   0   0   0   0   0   0   0   0   0   0   0  29   0   0  32   0  14   0   0   0   0   0   0  13   0  21   0   0   0
  13   0   0   0   0   0   0   0   0   0   0   0   0   0   0   7   0   0   0   0   0   0   0   0   0   0   0   0  45   0   0   0   0  15   0   4   0   0   0   0   0   0   0   0   0   0   0   0   0
   0   0   0   0  34   0   0  25   0   0  50   5   0  12   0   0   0   0   0   0   0   0   0   0   0   0   0   0   0   0   0   0   0   0   0   0   0   0   0   0   0   0   0   0   0   0  11   0
   0   0   0   0   0   0   0   0  21   0   0   0   0   0   0   0   0   0   0  40   0   0   0   0   0   0   9   0   0   0   0   0   0  11   0   0   0   0   2   0   0  44   0   0   0   0   0
   0   0   0   0   0   0   0   0   0   0  42   0   0   0   0   0  14   0   0   0   0   0   0  28   0   0   0   0  33   0   0   0   0   0  31  12   0   0   0   0   1   0  39   0   0   0
   0   0   0   9   0   0   0   0   0  40   0   0   0   0   0   0   0   0   0   0   0   0   0   0   0   0   0   0   0   0   0   0   0  17   0   0   0   0   0   0   0   0   0   0   0
   0   0   0   0   0   0   0   0   0  50   0   0   0   0   0   0  21  13   0   0   0   0   0   0   0   0   0   0   0   0   0   0   0   0   0   0   0   0   0   0   0  38  49   0
   0   0   0   4   0   0   0   0  12   0   0   0   0   0   0   0   0   0   7   0   0   0   0   0   0   0   0   0   0   0   0   0   0   0   0   0  49   0   0   0   0   0   0
   8   0   0   0   0   0   0   0   0   0   0   0   0   0   0   0   0   0   0   0   0   0   0   0   0  26  10   0   0   0   0   0   0   0   0   0   0   0   0  10  38  46
   0   0   0   0   0   0   0   0   0   0   0   0   0   0   0   0  18   0   0   0   0   0   0   0   0   0   0   0   0   0   0   0   0   0   0   0   0  42  38   0   2
  27   0   0   0   0   0   0   0  19   0   0   0   0   0  18   0   0   0   0   0   0   0   0   0   0  29   0   0   0   0   0   0   7   0   0   0   8  46   0   0
   0   0   0   0   0   0   0   0  48   0   0   0   0   0   0   0   0   0   0   0   0   0   0   0   0   0   0   0   0   0   0   0   6   0   0   0   0   0   0
  40   0   0   0   0  21   0   0   0   6   0  37   0   0   0   0  27   0   0  44   0   0   0  49   0   0   0   0   0  45   0   0  25   0   0   0   0  32
   0  39  20   0   0   0   0   0   0   0  17   0   0   0   0   0   0   0   0   0   0   0   0   0   0   0   0   0  12   0   0  44   0   0   0   0   0
   0   0   0   0   0   0   0   0   0   0   0  46   0   0   0  37   0   0   0   0  50   0   0   0   0   0   0   0  41   0   0   0  42   0   0   0
   0   0   0   0  29   0  20   0  45   0   0   2   0   0   0   0   0   0   0   0  10  24   0   0   0   0   0   8   0   0   0   0  24   0   0
   0  20   0   0   0   0   0   0   0   0   0   0   0   0  40   0  36   0   0   0   0   0   0   0   0   0   0   0   0   0   0   0   0   0
   0   0   0   0   0   0   0   0   0  48   0   0   0   8   0  38   0   0   0   0   0   0   0  50   0   0  44   0   0   0   0  49  12
   0  21   0   0   0   0   0   0   0   0   0   0   0   0   0   0   0   0   0   0   0   0  43   0   0   0   0   0   0   0   0  19
   0   0   0   0   0   0   0   0   0   9   0   0   0   0   0   0   0   0   0   0   0   0   0  44   0  21   0   0   0   0   3
  42   0   0   0   0   0   0   0   0   0   0   0   0   0   0   0   0   0   0   0   0   0  21   0   0   0   0   0   0   0
   0  36   0   0   0   0   0  25   0   0  47   0  12   0   0  49   0   0   0   0  28   0   0   0  43   0  49   0  39
  21   0   0  50  50   0   0   0   0   0   0   0   0  35   0   0   0   0   0   0   0   0   0   0   0   0   0   0
   0   0   0   0   0   0   0   0   0  35   0   0   0   0   0   0   0   0   0   0   0   0   0   0   0  11   0
   0   0   0  40   0   0   0   0   0  35   0   0   0  40   0   0   0   0   0   0   0   0   0   0   0   0
   0   0  30   0   0   0   0   0   0   0   0   0   0   0   0   0   0   0   0   0   0   0   0   0   4
   0   0  32  26   0   0  22  21   0   0   0   0   0   0   0   0   0   0  49   0   0  38   0   0
   0   0  35   0   0   0   0   0   0   0   5   0   0  42  28  21   0   0   0   0   0   0   0
   0  27   0   0  40   0   0   0   0   0   0   0   0   0   0   0   0  28  48   0  38   0
   0   0  10   0   0   0  27   0   0   0   0   0   0   0   0   0   0   0   0   0  22
  30   0   0   0   0   0  37   0   0   0   0   0   0   0  16   0   0   0   0   0
   0   0   0   0   0   0   0   0   0   0   0   0   0  13   0   0   0   0  42
   0   0   0   0  45  16   0   0   0   0   0   0   0   0  20   0  48  11
  36   6   0   0   0   0   0   0   0   0   0   0  28   0  38  12   1
  30   0   1  36   0   0   0   0   0   0  28   0   0   0   0   0
   0   0   0   0   0   0  12   0   0   0   0  48   0   0   0
   0   0   0  41  16   0   0   0  35   0   0   0   0   0
  29   0   0   0   0   0   0   0   0   0  10  19   0
   0   0   0   0   0   0   0   0   0   0   0   0
   0   0  11   0   0   0   0   0   0   0   0
   0   0   0   0   0   0   0   0   0   0
   0   0  34   0   0   0  49   0   0
  30   0   0  27   0   0   0   0
   0   0   0   0   0   0   0
   0   0   0   0   0  30
  10   0   0   0   0
   0   0   0   0
   0  34   0
   0   0
   0

 1442
  24   8   5   5  16  22   7  17  21  12  13  16  10  22   9  13  22  15   8  13  10  23   4   4  24  25   2  23  16   4  24  25   8   7  23   5  12  22  17  25   1  11  18  15  25  24  22   2   6   5  13  17  10  21  15  24   9  12   8  11   8  15   7  12  22  18   2  24  10   4   3  25  11   2  15   3  21  16  17  19  24  24   8   2   7  16  18   7   5  24   9  17  14   8  10   7  22   3  10   2  25   4   2   3  24  12   3  25  25   7  13   1   2   2  16  25   5  22  15  23

