 120 
   4   0   0   0   0   0   0   0   0   0   0   0   0   0   0   0  18   0   0   0   0   0   0   0   0   0   0   0   0   0  27   0   0   0   0   0   0   0   0   0   0   0   0   0   0   0   0   0   0   0   5   0   0   0   0   0  41  41   0   0   0   0   0   0   0   0   0   0   0   0   0  43   0   0   9   0   0   0   0   0   0   0   0   8   0   0   0   0   0   0   0   0  21   0   0   0   0   0   0   0   0   0   0   0   0   0   0   0  10   0   0  16   0   0   0   0   0   0   0   0
   0   0   0   0   0   0   0   0   0   0   0  32   0   0   0   0   0   0   0   0   0   0   0   0   0   0   0   0   0   0   2   0   0   0   0   0   0   0   0   0   0   0   0   0  36   0   0   0   0   0   0   0  44   0   0   0   0   0   0   0   0   0   0   0   0   0   0   0   0   0   0  28   0   0   0   0   0   0   0   0   0   0   0   0   0   0   0   0   0   0  15   0   0  13   0   0   0   0   1  43  46   0   0   0   0   0  16  29   0   0   0   0   0   0   0   0   0   0   0
   4   0  32   0   0   0   0   0   0   0   0  40   0   0   0   0   0   0   0   0   0   0   0  20   0   0   0   0   0   0   0  35   0   0   0   0   0   0   0   0   0  20   0   0   0  14   0   0   0   0   0   0   0   0   0   0   0   0   0   0  42   0   0   0   0   0   0   0   0   0   0   0   0   0   0   0   0   0   0   0   0   0   0   0   0   0   0   0   0   0   0   0   0   0   0   0   0   0   0   0   0   0   0   0   0  25   0   0   0   0   0   0   0   0   0   0   0   0
   0   0   0   0   0   0   0   0   0   0   0   0   0   0   0  38   0   0   0   0   0   0   0   0   0   0   0   0   0   0   0   0   0   0   0   0  19   0   0   0   0   0   0   0   0   0   0   9   0   0   0   4   0   0   0   0   0   0   0   0   0   0   0   0   0   0   0   0   0   0   0   0   0   0   0   0   0   0   0   0   0   0   0   0   0   0   0   0   0   0   0   0   0   0   0   0   0   0   0   3   0   0   0   0   0   0   0   0  41   0   0   0   0   0   0   0   0
   0  42   0   0   0   2   0   0   0   0   0   0   0   0   0   0   0   0  45   0   0   0   0   0  31   0   0   0   0   0   0   0   0   0   0   0   0   0   0   0   0   0   0  35   0   0   0   0   0   0   0   0   0   0   0   0   0  17   0   0   0   0   0   0   0   0  12   0  22   0   0   0   0   0   0  32   0   0   0   5   0  18  18  35   0   0   0   7  42   0  32   0   4   0   0   0   0  10   0   0   0   0   0   0   0  34  46   0   0   0   0   0   0   0   0   0
   0   0   0  28   0   0   0   0   0   0   0   0   2   0   0   0   0   0   0   0   0   0  45   0   0   0   0   0   0   0   0  42   0   0   0   0   0   0   0   0  26   0   0   0   0  20   0   0  30   0   0   0   0   0   0   0   0  47   0   0   0   0   0   0   0   0   0   0   0   0   0   0  22   0   0   0   0   0   0   0   0   0   0   0  10   0   0   0   0  23   0   0   0   0   0   0   0   0   0   0   0   0   0   0   0   0   0   0   0   0  27  36   0   0   0
   0   0  18   0   0   0   0   0  42   0   0   0   0   0   0   0  25   0  10   0  38   0   0   0   0  28   0   0   0   0   0   0   0   0   0   0   0   0   0   0   0   0   0   0   0   0   0   0   0   0   0   0   0   0   0   0   0   0   0   0   0   9   0   0   0   0  35   0   4  33  32   0   7   0   0   0   0   0   0   0   0   0   0   0   0   0   0   0   0   0   0  19   0   0   8   0   0   0  30   0   0   0   0   0   0   0   0   0   0   0   0   0   0   0
   0   0  38   0   0   0   0   0   0   0   0   0  29   0  50   0   0   0   0  35   0   0   0   0   0   0   0   0   0   0   0   0   0   0   0   0  41   0   0   0   0   0   0   0   0   0   0   0   0   0   0   0   0   0   0   0   0   0   0   0   0   0   0   0   0  43   0   0   0  15   0   0   0   0   0   9   0   0   0  40   0   0   0   0   0   0   0   0  33   0   0   0   0  19   0   0   0   0   0   0   0  17   0   0   0   0   0   0   0   0   0   0   0
   0   0   0   0   0   0   0   0   0   0  29   0   0   0   0   0   0   0   0   0   0   0  50   0   0  40   0   0   0  14   0   0   0   0   0   0   0   0   0   0   0   0   0   0   0   0   0  27   0   0   0   0   0   0   0   0   0   0   0   0   0   0   0  35   0   0   0   0   0  14   0   0   0   0   0   0   0  22   0   0   0   0   0   0   0   0   0   0   0   0  35   0   0   0  30   0   0   0   0   0   0   0  22   0   0   0   0  23   0   0   0   0
   0   0   0   0   0   0   0   0   0   0   0   0   0   0   0   0   0   0   0   0   0   0   0   0   0  39   0   0   0   0   0   0   0   0   0   0   0   0  40   3   0   0   0  17   0   0   0   0   0   0   0   0   0   0   0   0   0   0   0   0  25   0   0   0   0   0   0   0   0   0   0   0   0   0   0   0   0   0   0   0  12   0   0   0   0   0   0   0   0   7   0  38   0   0   0   0   0   0   0   0   0   0   0   0   0   0  45   0   0   0   0
   0   0   0   0   0   0   0   0  19   0   0   0   0  11   0   0   0   0   0   0   0   0   0  18   0   0   0   0  44   0   0   0   0   0   0   0   0  16   0   0   0   0   0  33  30  43   0   0   0   0   0   0   0   0   0   0   0   0   0   0   0   9   0   0   0   0   0   0   0   0   0   0   0  25   0   0   0   0   0  18   0  15   0   0   0   0  23   0   0   0   0   0   0   0   0   0   0   0   0   0   0   0   0   0   0   0   0   0   0   0
   0   0   2   0   0   0   0  50   0   0   0   0   8   0   0   0   0   0   0   0  28   0   0   0   0   0   0   0   0   0   0   0  48   0  29   0   0   0  19   0  30   0   0   0   0   0  40   0   0   0   0   0   0   0   0   0   0   0   0   0   0   0   0   0   0   0   0   0   0  44   0   0   0   0   0   0   3   0   0   0   0   0   0  19   0   0   0   0   0   0   0   0   0   0   0   0   0   0   0   0   0   0  33   0   0   0   0   0   0
   0   0   0   0   0   0   0   0   0   0   0   0  39   0   0   0   0   0   0   0   0   0   0   0  36   0  14  31   0   0   0   0   0   0   0   0   0   0   0   0   0   0   0   0   0   0   0   5   0  33   0   0   0   0   9   0   0  42   0   0   0   0   0   0   0   0   0  37   0   0   0   8   0   0   0   0   0  36  11   0  16   0   0   0   0   0   0   0   0   0   0  15   0   0   0   0  43   0   0   0   0   0   0  10  13   0   0   0
   0   0   0   0   0   0   0   0   0  20   0   0   0   0   0   0   0   0   0   0   0   0   0   0   0   0   0   0   0   0   0  35   0   0   0   0  33   0   0   0   0   0   0   0  16   0   0   0   0   0   0   0   0   0   0   0   0   0  11  36   0   0   0   0   0   0   0   0   0   0  33   0   0   0   0   0   0   0   0  46   0   0   0   0   0   0   0   0   0   0   0   0   0   0   0   0  45   0   0   0  24   0  16   0   0   0   0
   0   0   0   0   0   0   0   0   0   0   0   0   0  17   0  31   0   0   0   0   0   0   0   0   0   0   0   0  45   0   0   0   0   0   0   0   0   0   0   0   0  32   0   0  35   0   0   0   0  49   0   0   0   0   0   0   0   0   5   0   0   0   0   0   0   0   0  18   0   0   0   0   0   0   0   0   0   0   0   0   0  23   0   0   0   0   0   0   0   0  11   0   0   0   0   0   0   0   0   0   0   0  15   0   0   0
   0   0   0   0   0   0   0   0   0   0   0   0   0   0   0   0   0   0   0   0   0   0   0   0   0   0   0   0   0   0   0   0   0   0   0   0   0   0   0   0   0   0   0   0   0   0   0   0   0   0   0   0   0   0   0   0   0   0   0   0   0   0   0   0   0   0   0   0   0   0   0   0   0   0   0   0   0   0   0  45   0   0  32  37   0   0   0   0   0   0   0   0   0   0   0  12   0   0   0   0   0   0   0   0   0
   0   0   0   0   0   0   0   0   0   0   0   0   0   0   0  37   0   0  46   0   0   0   0   0   0   0   0   0   0   0   0   0   0   0   0   0   0   0   0   0   0   0  39   0   0   0   0   0   0   0   0   0   0   0   0   0  22   0   0   0  20  30   0   0   0   0   0   0   0   0   0   0   0   0   0   3   0   0   0   0   0  37  36   0   0   0   3   0   0   0   5   0   0   0   0   0   0   0   0   0   0   0   0   0
   0   0   0   0   0   0   0   0  29   0  45  27   0   0   0   0  12   0   0   0   0   0   0   0   0  18   0   0   0   0   0   0   0   0   0   0   0   0   0   0   0   0   0   0   0   0  25   0   0   0   0   0   0   0   0   0   0   0   0  11   0   0  38   0   0   0   0   0   0   0   0   0   0   0   0   0   0   0  15   0   0   3   0  39   0   0   0   0  45   9   0   0   0   0   0   0  45   0   0   0   0   0   0
   0   0   0   0   0   0   0   0   0   0   0   0   0   0   0   0   0   0   0   0   0  10   0   0   0   0   0   0   0  48   0   0   0  37   0   0   0   0   0   0   0   0   0  34   0   0   0   0   0   0   0   0   0   0   0   0   0   0   0   0   0   0   0   0   0   0   0   0   0   0   0   0   0   0   0   0   0   0   0   0   0  18   0   0   0   0   0   0  24   0   0   0  29   0   0   0   0   3   0   0   0   0
   0   0   0   0   0  27   0   0   0   0   0   0   0  30   0   0   0   0   0   0   0   0   0   0   0   0   0   0   0   0   0   0   0   0   0   0  17   0   0   0  40   0   0   0   0  13  10   0   0  33   0   0   0   0   0   0   0   0   0   0   0   0   0   2   0   0   0   0   0   0   0   0   0   0   0   0   0   0   0   0   0   0   0   0  30   0   0   0   0   0   0   0   0   0   7   0   0   0   0   0   0
   0   0   0   0   0   0   0   0   0   0   0   0   0   0   0   0   0   0   0   0   0   0   0   0   0   0  37   0   1   0   0   0   0   0   0   0   0   0   0   0   0   0   0   0   0   0   0  23   0   0   0   0   0  33   0   0   0   0   0   0   0   0   0  17   0   0   0   0  37   0   0   0   0   0  45   0   0   0   0   0   0   0   0   0   0   0   0   0   0   0   0   0  41   0   0   0   4   0   0   0
   0   0   0   0  26   0   0   0   0   0  13   0   0   0   0   0   0   0   0   0   0   0   0   0   0   0   0   0   0   0   7   0   0   0   0   0   0   0   0   0   0   0   0   0   0  50   0   0   0   0   0   0   0   0   0   0   0   0   0   0   0   0   0   0  11   0   5   0   0   0   0   0   0   0   0   0   0   0   0   0  14   0   0   0   0   0   0   0   0   0   0   0   0   0   0   0   0   0   8
   0   0   0   0   0   0   0   0   0   0   0   0   0   4   0   0   0   0   0   0   0   0   0   0   0   0   0   0   0   0   0   0   0   0   0   0   0   0   0   0   0   0   0   0   0   0   0   0   0   0   0   0   0   0   0   0   0   0   0   0   0   0   0   0   0   0   0   0   0   0   0   0   0   0   0   0  19   0   0  12   0  24   0   0  10   0   0   0   0   0   0   0   0   0   0   0   0  47
   0   0   0   1   0   0   0   0   0   0   0   0   0  17   0   0   0   2   0   0   0   0   0  46   0   0   0   0   0   0   0   0   0   0   0   0   0   0   2   0  21   0   0   0   0   0   0   0   0   7   0   0   0  22   0   0   0  12   0   0   0   0   0   0   0   0   0   0  31   0   0   0   0   0   0   0   0   0   0   0  33   0   0   0  31   0   0   0   0   0   0   0   0   0   0   0   0
   0   0   0   0   0   0   0   0   0   0  27   0   0   0   0   0   0   0   0   0   0   0   0   0   0   0   0   0   0   0   0  28   0  26   0   0   0   0  39   0   0  22   0   0   0   0  23   0  40   0  32  27   0   0   0   0   0   0   0  48   0   0   0   0   0   0   0   0   0  29   0   0   0   0   0   0   0   0   0   0   0   0   0   0   0   0   0  16   0   0   0   0   0   0   0   0
   0   0   0   0   0  48   0   0   0   0   0   0   0   0   0   0   0   0   0   0  33   0   0   0   0   0   0   0   0   0   0   0   0   0   0   0   0  14   0  42   0   0   0   0   0   0   0   0   0   0   0   0   0   0   0   0   0   0   0   0   0   0   0   0   0  50   0   0   0   0   0   0  45   0   0   0  48   0   0   0   0   0   0   0   0   0   0   0   0   0   0   0   0   0   0
   0  47   0   0   0   0   9   0   0   0   0   0   0   0   0   0   0   0   0   0   0   0   0   0   0   0   0   0   0  36   0   0  13   0   0  30   0   0   0   0   0   0   0   0   0   0   0   0   0   0   0   0   0   0   0   9   0   0   0   0  34   0   0   0   0   0   0   0  50   0   0   0   0   0   0   0   0   0   0   0   0   0   0   0   0   0   0   0   0   0  50  34   0  33
   0   0   0  29   0   0   0  18   0   0   0   0   0   0   0   0   0   0   0  27   0   0   0   0   0  50   0   0   0   0   0   0   0   2   0   0   2  43   0   0   2   0   0   0   0   0   0   0   0   0  38   0   0   0   0   0   0   0   0  46   0   0   0   0   0   0   0   0   0   0   0   0  48   0   0   0   0   0   0   0  11   0   0   0   0   0   0  32   0   0  22   0   0
   0   0   0   0   0   0   0   0   0   0   0   0   0  13   0   0   0   0   0   0   0   0   0   0   0   0   0   0   0   0   0   0   0   0   0   0   0   0   0   0   0   0   0   0  41   0   0   0   0   0   0   0  43   0  37   0   0   0   0   0   0   0   0   0   0   1   0   0   0   0   0   0   0   0   0   0   0   0   0   0   0   0   0   0  36   0   0   0   0  41   0   0
   0   0   0   0   0   0   0  45   0   0   0   0   0  17  45   0   0   0   0  16   0   0   0   0   0   0   0   0   0   0  19   0   0   0   0  31  49   1   0   0   0   0   0   0   0   0   0   0   0   0   0   0   0   0   0   0   0   0  16   0   0   0   0   0   0   0   0   0   0   0   0   0   0   0   0   3   0   0   0   0   0   0   0   0   0   1   0   0   0   0   0
   0  48   0  45   0   1   0   0   0   0   0  25   0   0   0   0   0   0   0   0   0   0   0   0   0   0   0   0   0   0   0   0   0   0   0   0   0   0   0   0   0   0  47   0   0   0   0   0   0   0  23   0   0   0   0   0   0   0   0   0   0   9   0   0   0   0   0   0   0   0   0   0  12   0   0   0   0   0   0   0   0  15  34   0   0   0   0  33   0   0
   0   0   0   0   0   0   0   0   0   0   0   0   0   0   0   0   0   0  22   0   0   0  19   0   0   6   0   0  30   0   0   0   0  38   0   0  35   0   0   0  25   0   0   0   0   0   0   0  17   0   0   0   0   0   0   0   0   0   0   0   0   0   0   0   0   0   0   0   0   0   0   0   0   0   0   3  13  16   0   0   0  42   0  41   0   0   0   0   0
   0   0   0   0   0   0   0   0   0   2  24   0   0   0   0  10   0   0   0   0   0   0   0   0   0   0   0   0   0   0   0   0   0   0   0   0   0   0   0   0   0   0   0   0   0   0  18   0   0   0   0   0   0   0   0   0   0   0   0  35   0   0   0   0  33   0   0   0   0   0   0   0   0   0   4   0  45   0   0   0   0  39   0  26   0   0   0   0
   0   0   0   0   0   0   0   0   0   0   0   0  27   0   0   0   0   0   0   0   0   0   0   0   0   0   0   0   0   0   0   0   0  36   4   0   0   0   0   0   0   0   0   0   0   0   0   0  21   0   0   0   0   0   0   0   0   0   0   0   0   0  11   0   0  28   0   0   0   0   0   0  40   0   0   0   0   0   0   0   4   0   0   0   0   0   0
   0   0   0   0   0   0   0  15   0   0   0  46   0   0   0   0  32  38  49   0   0   0   0   0   0   0  41   0   0   0   0   0   0   0   0   0  46  25   0  37  23   0  48  48   0   0   0   0   0   0   0   8  40  46   0   0   0   0   0   0  26   0   9   0   0   0   0   0   0   0   0   0   0   0   0   0   0   0   0   0   0   0  11  40   0   0
   0   0   0   0  12   0   0   0   0   0   0   0   0   0   0   0   0   0   0   0   0  41   0   0   0   0   0   0   0   0   9   0   0   0   0   0   0   0   0   0   0   0   0   0   0  37   0   0   0   0   0   0   0   0   0   0   0   0   0   0   8  18   0   0   0   0   0   0   0  11   5   0   0   0   0   0   0   0   0   0  11   0   0   0   0
  35   0   0   0   0   0  11   0   0   0   0  50  14   0  40   0   0   0   0   0   0   0   8   0   0   0  40   0   0   0   0   0   0   0  41   0   0   0   2   0   0   0   0   0   0   0   0   0   0  47   0   0   0   0   0   0   0   0   0   0   0   0   0   0   0   0   0   0   0   0   0   0   0   0   0   0   0   0   0   0  46   0   0   0
   0   0   0   0   0   9   0   0   0   0   0   0   0   0   0   0   5   0   0   0   0   0   0   0   0   0   0   0   0   0   0   0   0  17   0   0   0   0   0   0   0   0   0   0   0   0   0   0  10   0   0   0   1   0   0   6   0   0   0   0   0   0   0   0  50   0   0   0   0   0   0   0   0   0   0   0   0   0   0   0   0   0   0
   0   0   0   0   0   0   0   0   0   0   0   0   0   0   0   0   0   0   0   0   0   0   0   0   0   0   0   0   0  19  45   0   0   0   1   0   0   0   0   0   0   0   8   0   0   0   0   0   0   0   0   0   0   0   2  12   0   0  34   0   0   0   0   0   0   0  24   0   0   0   5   0   0   0   0   0   0   0   0   0   0   0
   0   0   0   0   0   0   0   0   0   0  30  23   0  41   0  37   0   0  29   0   0   0   0   0   0   0   0   0   0   0   0   0  25   0   0   0   0   0   0   0   0   0   0   1   0   0   0   0   0   0   0   0   0   0   0   0   0   0   0   0   0   0   0   0   0   0   0   0   0   0   3   0   0   0   0   0   0   0   0   0   0
   0   0   0   0   0   0   7   0   0  17   0  16   0   0   0   0   0   0   0   0   0   0   0  22   0  41   0   0   0   0   0   0   0   0   0   0   0   0   0   0   0   0   0   0   0   0   0   0   0   0   0   0   0   0   0   0   0   0   0   0   0   0   0   0   0   0   0  29   0   0  44   0   0   0   0  48   0   0   0   0
   0   0   0   0   0   0  12   4   0   0   0   0   0   0   0   0   0   0   0   0  43   0   0   0   0  13   0  26   0   0  44   0   0   0   0   0   0   0   0   0   0   0   0   0   0   0   0   0   0   0   0   0   0   7   7   0   0   0   0   0   0   0   0   0   0   0   0   0   0   0   0   0   0  40   0   0   0   0  33
   0   0   0  29  44   0   0   0   0   0   0   0   0  35   0   0   0   0   0  46   0   0   0   0   0   0   0  44   0   0   0   0   0   0   0   0   0  25  36   0   0   0   0   0   0   0   0   0   0   0   0   0   0   0   0   0   0   0   0   0   0  38   0   0   0   0   0   0  43  21  12   0   0   0   0   0   0   0
   0   0  17   0   0   0   0   0   0   0   0   0   0   0   0   0   0   0   0   0   0   0   0   0   0   0   9   0   0   0   0   0   0   0   0   0   0   0   0   6   0   0   0   0   0   0   0  34  45   0   0   0   0   0   0   0  31   0   0   0   0   0   0   0  47   0   2   0   0   0   0   0   0   0   0   0   0
  36   0   0   0   0   0   0   0   0   0   0   0   0  40   0   0   2  47   0   0   2  37   0   0   0   0   0   0   0   0   0   0   0   0   0   0   0   0   0   0   0   0   0   0   0   0   0   0   0   0   0   0   0   0   0   0   0   0   2   0   9   0   0   0   0   0   0   0   0   0   0   0   0   0   0   0
   0  43   0   0   0   0   0   0   0   0   0   0   0   0  39   0   0   0   0   0  13   0   0   0   0  39   0   0  16   0   0   0   0   0   0   0   0   0   0   0   0   0   0   0   1   0   0   0   0   0   0   0   0   0   0   0   0   0   0   0   0   0   0   0   0   0   0   0   0   0  36   0  23   0   0
   0   0   0   0   0   0   0   0   0   0   0   0   0   0   0   0   0  35  10   0   0   0   0   0   0   0   0   0   0   0   0   0   0   0   0  13   0   0  33   0   0   0   0   0   0   0   0   0   1   0   0   0   0  27   0   0   0   0   0   0   0   0   0   0   0   0   0  35  12   0  43   0   0   0
   0   0   0   5   0   0   0  46   0   0   0   0   0   0   0   0   0   0  25   0   0   0   0   0  12   0   0   0   0   0   0   0   0   0   7   0   0   0   0   0   0  21   0   0   0   0  24   0   0   0   0   0  31   0   0   0   0   0   0   9   0   0   0   0   0   0   0   0   0   0   0   0   0
   0   0   0   0   0   0   0   0   0   0   0   0   0   0   0   0   0   0   0   1   0  45   0   0   0   0   0   0   0   0   0   0   0   0   0   0   0   0   0   0   0   0   0   0   0   0   0   0   0   0   0   0   0   0   0   0   0   0   0  37  17   0   0   0   0   0   0   0   0   0   0   0
   0   0  10   0   0   0   0   0   0   0  48   0   0   0   0   0   0   0   0   7  36   0   0   0   0   0   0   0   0  33   0   0   0   0   0   0   0   0   0   0   0   3  40   0   0   0   0   0   0   0  34   0   0   0   0   0   0   0   0   0  50   0   0   0   0   0   0   0   0   0   0
  32   0  50   0   0  49   0   0   0   0   0   0   0   0   0   0   0   0   0  29   0   0   0   0   0   0   0   0   0   0   0   0   0   0   0   0  14  28   0  28   0   0  40   0   0   0   0   0   0   0   0   0   0   0   0   0   0  50   0   0   0   0   0   0   0   0   0   0   0   0
   0  30   0   0   0   0   0   0   0   5   0   0   0   0  19   0   9  14   0   0   0   0   0   0   0   0   0  25   0   0   0   0   0   0   0   0   0   0   0   0   0   0  18   0   0   0   0   0   0  37   0   0   0   0   0   0   0   0   0   0   0   0   0   0   0   0   0   0  27
   0   0   0   1   0   0   0   0   0   0   0   0   0   0   0   0   0   0   0   0   0   0   0   0   0   0   0   0   0   0   0   0   0   0   0   0  43   0   0   0  46   0   0   0   0   0   0   0   0   0   0   0   0   0   0  28   0   0  14   0   0   0   0   0   0   0   0   0
  30   0   0   0   0   0   0   0   0   0  39   0  35   0   0   0   0   0   0   0   0   0   0   0   0   0   0   0   0   0   0   0   0   0   0   0   0   0  44   0   0   0   0   0   0   0   0   0   0   0   0   0   0   0   0   0   0  33   0  21   0   0   0   0   0   0   0
   0   0   0   0   0   0   0   0   0   0   0   0   0   0   0   0   0   0   0   0   0   0   0   0   0   0   0   0   0  48   0   0   0   0   0   0   0   0  42   0   0   0   0   0   0   0   0   0   0   0   0   0  41   0   0   0   0  13   0   0   0   0   0   0   0   0
   1   0   0   4   0   0   0   0   0   0   0   0  27   0  23   0   0   0   0   0   0   0   0   0   0   0   0   0   0   0   0   0  18  22   0   0   9   0   0   0   0   0   0   0   7   0  14   0   0   0   0   0  35   0  34   0   0   0   0   0   0   2   0   0   0
   0   0   0  18   0   0   0   0   0   0   2   0   0   0   0   0   0   0  46   0   0   0   0   0   0   0   0   0   0   0   0   0   0   0   0   0   0   0   0   0   0   0   0   0   0   0   0   0   0   0   0   0   0   0   0   0   0   0   0   0   0  32   0   0
   0   0   0   0  43   0   0   0   0   0   0   0   0   0   0   0   0   0   0   0   0  10   0   0   0   0   0   0   0   0   0   0   0   0   0   0   0   0   0   0   0   0   0   0   0   0   0   0   0   0   0   0   0   0   0   0   0   0   0   0   0   0   0
   0   0   0   0   0   0   0   0   0   0   0   0   0   0   0   0   0   0   0   0   0   0  28   0  23   0   0  48   0   0   0   0   0   0   0   0   0  18   0   0   0   0   0   0  46   0   0   0   0   0   0   0   0   0   0   0   0   0   0   0   0   0
   0   0   0   0   0   0   0   0   0   0   0   0   0   0   0   0  41   0   0   0   0  32   0   0   0   0   0  44   0   0   0   0   0   0   0   0  34   0   0   0   0   0   0   0   0   0   0  46   0   0   0   0   0   0   0   0   0   0   0   0   1
   0   0  43   6  16   0   0   0   0  50   0   0   0   0   0   0   0   0   0   0   0   0   0   0   0   0   0   0   0   0   0   0  40   0   0   0   0   0   0   0   0   0   0   0   0   4   0   0   0   0   0   0   0   0   0  50   0   0   0   0
   0   0   0   0   0   0   0   0   0   0   0   0   0   0   0  17   0   0   0   0   0   0   0   0   0   0   0  48   0   0   0   0   0  17   0   0  20   0   0   0   0   0   0  50  34   0   0   0  40   0   0   0   0   0   0   0   0   0   0
  12   0   0   5   0   0   0   0   0   0   0   0   0   0  12   0   0   0   0   0   5   0   0   0   0   0   0   0   0   0   0   0   0   0   0   0   0   0   0   0   0   0   0   0   0   0   0   0   0   0   0   0   0   0   0   0   0   0
   0   0   0   1   0   0   0   0   0   0   0   0   0   0   0   0   0   0   0  45   0   0   0   0   0   0   0   0   0   0   0   0   0   0  17   0   0   0   0   0   0   0   0   0   0   0   0   0   0   0   0   0   0   0   0   0   0
   0   0   0   0   0   0   0   0   0   0   0   0   0   0   0   0   0   0   0   0   0   0   0   0   0   0   0   0   0   0   0   0   0   0   0  26  12   0   0   0   0   0   0   0   0   0   3   0   7   0   1   0   0   0   0  30
   0   0   0   0   0   0   6   0   0  13   0   0   0   0   0   0   0  29   0   0   0   0  34   0   0   0   0  38   0  37   0   0   0   0   0   0   0   0   0   0   0   0   0   0  36   0   0   0   0   0   0   0   0   0   0
   0   0   0   0   0   0   0   0   0   0   0  42   0   0   0   0   0   0   0   0   0   0   0   0   0  35   0   0   0   0  14   0   0   0   0   0   0   0   0   0   0   0   0   0   0  39   0   0   0   0   0   0   0   0
   0   0   0   0   0  21   0   0   0   0   0   0   0   0  49   0   0   0   0   0   0   0   0   0   0   0   0   0   9   0   0   0  45   0   0   0   0   0   0  39   0   0   0   0   0   0   0   0   0   0   0   0   0
   0  25   0   0   0   0  46   0   0   0   0   0   0   0   0   0   0   0   0   0  22   0   0   0   0   0   0   0   0  49  36   0   0   0   0   0  31   0   0   0   0   0   0   0   0   0   0   0  39   0   0  29
   0   0   0   0   0  31   0   0   0   0   0   0   0   0   0   0   0   0   0   0   1   0   0   0   0  47   0   0   0   0   0   0   0   0   0   0   0   0  27   0   0   0   0  44   0   0   0   0   0   0   0
   0   0   0   0   0   0   0   0   0   0   0   0   0   0   0   0   0   0   0   0   0   0   0   0   0  28   0   0   0   0   0   0   0  40   0   0   0   0   0   0   0   0   0   0   0   0  13   0   0   0
   0   0   0   0  48   0   0   0   0   0  49   0   0   0   0   0   0   0   0   0   0   0  21  32  16   0  23   0   0   0   0   0   0   0   0   0   0   0   0   0   0   0   0   0   0   0   0   6   0
   0   0   0   0   0   0  19   0   0   0   0   0   0   0   0   0   0   0   0  22   0   0   0   0   0   0   0   0   0   0  18   0   0  26   0   0   0   0   0   0   0   0   0   0   0   0   0  15
   0   0   4   0   0   0   0  45   0   0   0  33   0   0   0   0   0   0   0   0   0   0   0   0   0   0   0   0   0   0   0   0   0   0   0   0   0   0   0   0   0   0   0   0   0   0   0
   0   0   0  35   0   0   0   0   0  49   0   0   0   0   0   0   0   0   0   0   0   0   0   0   0   0   0   0   0   0   0   0   0   0   0   0   0   0   0   0   0   0   0   0   0   0
   0   0   0   0   0   0   0   0   0   0   0   0   0   0   0   0   0   0   0   0   0   0   0   0   0   0   0  17   0   0   0   0   0   0   0   0  43   0   0  35   0  49   0   0   0
   0   0   0   0   0   0   0  23   0   0   0   0   0   0   0   0   0   0   0  22   0   0   0   0   0   0   0   0   0   0   0   0   0   0   0   0   0   0   0   0   0   0   0   0
   0   0  35   0   0   0   0   0   0  24   0   0  47   0   0   0   0   0   0   0   0   0   0   0   0   0   0   0   0   6   0   0   0   0   0   0   0   0  44  13   0   0   0
   0   0   0   0   0   0   0   0   0   0   0   0   0   0   0   0  13   0   0   0   0   0   0   0   0   0   0   0   0   0   0   0   0   0   0   0   0   0   0   0   0   0
   0   0   0   0  38   0   0   0   0   0  17   0   0   0   0   0   0   0   0   0   0  12   0   0   0   0   0   0   0   0   0   0   0   0  17   0   0   0   0   0   0
   0   0   0   0   0   0   0   0   0   0   0   0   0   0   0   0   0   0  26   0   0   0   0   0   0   0   0   0   0   0   0   0   0   0   0   0   0   0   0   0
   0   0   0   0   0   0  22   0   0   0   0   0   0   0   0   0   0   0   0   0   0   0   0   0   0   0   0   0   0   0  26   0   0   0   0   0   0   0   0
   0  25   0  22   0   0   0   0   0   0   0   0   0   0   0   0   0   0   0   0   0   0   0   0   0   0   0   0   0   0   0  42   0   0   0   0   0   0
   0  29   0  46   0   0  18   0   0   0   0   0   0   0   0   0   0   0   0   0   0   0   0  37   0   0   0   0   0   0   0   0   0   0   0   0  13
   0   0   0   0   0   0   0   0   0   0   0   2   0  32   0   0   0  35  20   0   0   0   0   0   0   0   0   0   0   0   0   0   0   0   0  47
   0   0   0   0   0   0   0   0   0   0   0   0   0   0   0   0   0   0   0   0   0   0  22   0   0  10   0   0  39   0   0   0   0   5   0
   0   0   0   0   0   0   0   0   0   0   0   0   0   0   0   0   0   0   0   0   0   0   0   0   0   0   0   0  27   0   0   0   0  20
   0   0   0   0   0   0   0   0  23   0   0   0   0   0  44   0   0   0   0   0   0   0   0   0   0   0   0   0   0   0   0  38   0
   0   0   0   0   0   0   0   0   0   0   0   0   0   0   0   0   0   0   0   0   0   0   0   0   0   0   0   0   0   1   0   0
   0   0  20   0   0   0   0   0   0   0   0   0   0   0   0   0   0   0   0   0   0   0   0   5   0   0   0   0  10   0   0
   0   0   0   0   0   0   0   0   0   0   0   0   0  48   0   0   0   0   0   0   0   0   0   0   0   0   0   0   0   0
   0   0   0   0  13   0   0   0   0   0   0   0   0   0   0   0   0   0   0   0   0   0   0   0   0   0   0   0   0
   0   0   0   0   0   0   0   0   0   0   0   0   0   0   0   0   0   0   0   0   0   0   0   0   0   0   0   0
   0   0   0   0   0   0   0   0  26   0   0   0   0   0   0   0  14  39   0   0   0   0   0   0   0   0   0
   0   0   0   0   0   0   5   5   0   0   0   0   0   0   0   0   0   0  37   0   0   0   0  22   0   0
   0   0   0   0  39   0   0   0   0   0   0   0  29   0   0   0   0   0   0   0   0   0   0   0   0
   0   0   0   0   0   0   0   0   0   0   0   0   0   0   0   0   0   0   0   0   0   0   0   0
   0   0   0   0   0   0   0   0   0   0   0   0  43  50  41   0   0   0   0   0  48   0   0
   0  22   0   0   0  41   0  23   0  29   0   0   0   0   0   0  14  30   0   0   0   0
   0   0   0   0  40  24   0   0   0   0   0   0   0   0   0   0   0   0   0   0   0
   0   0   0   0   0   0   0   0   0   0   0   0   0   0   0  21   0   0   0   0
   0   0   0   0   0   0   0   0   0   0   0   0   0   0   0   0   0   0   0
   0   0   0   0   0  33   0  25  37   0   0   0   0  21   0   0   0   0
   0   0   0   0   0   0   0   0   0   0   0   0   0   0   0   0   0
   0   0   0   0   0  49   0   0   0   0   0   0   0   0   0   0
   0   0   0   0   0   0   0   0   0   0   0   0   0   0   0
   0   0   0   0   0   0   0  47   0   0   0   0   0   0
   0   0   0  10   0   0   0   0   4   0   0  18   0
  19   0   0   0   0   0  42   0   0   0   0   0
   0   0   0   0   0   0   0   0   0   0   0
   0   0   0   0   0   0   0   0   0   0
   0   0   0   0   0   0   0   0  13
   0   0   0   0   0   0   0   0
   0   0   0   0   0   0   0
   0   0   0   0  44  39
   0   0   0   0   0
   0   0  21   0
   0   0   0
   0   0
   0

 866
   5  21   1  18  17  22   7   6  23   2  23  16  10  23   5  17   4  25  21   5  17   4  23   3  23  14   6  18  21  25  22  10   1   8   4   5  13   8  14  11  25  15  10  22   5  22  19  13   4  22  24   5   1  15  21  17   1  17  21  24   3  11   6  10   3   7   4   1  17  25  13  22   6  17  17  16  13  21  11  23   2   9   5  21   4  14   6   2  23   6  23  25  20   5   9   7  25  20  22  18  18  21  14  25  14   2   5  24  12  22   4  17  17   2   5   5  20  12  18  14

