 120 
  14  43   8  23   4  11  49  29  15   2  35   4   3  19  43  17  23  26  37  12  23  25  10   8  27  50  38   4  49   7  25  46  24  17  50  13  14  45  26  45  29  28  31  36   1  42   7  46  19  16  47   2  11  29   5   8  21  23  34  37  25  18  33   4  21  15  18  33  25   1  46  39  38  11  13  23   3  40  19  24  46  13  10  48  21  10  27  45  46   1  42  25   6  20  36   8  42  26  43  38  21  30  29   7  44  35   5  22  47  27  38  19  20   2  17  13  20  32  10  27
  16  12  21  19  43  23  32   8  13  10  46  33   4  10  43  14  12  45  15   6  33  45  43  14  38  25  39  29  23  41  44  50  27   4  18  20  40  10  42  15  35  35  34  49  17  11   8  36  46   7  20  25  21  19  24   4   2  42  39   7  24  25  45   4  11  10  30  42  35   1  37  49  25  33  14  29  19  20  27   5  13  19  38  11  33  12  22  12  36  32  11  43  41  39   6  34  49  47  36  31  14  40  22  43  40  28  14  42  48   1   6   4  36  47  36  22   1  23   6
  35   2  36  26  37  35  24   8  12  19  23  32  16  43   9   6  24  21  23  37   7  39   2  26  35  44  11  27  15  20   1  44  38  30  49  13  43  23  12  22   2  35  34  43  13  12  11  23  14  22  34  20   1   2  14  19  46  48  40   5  17  27   3  15  19  31  31  21  20  29  11  17  19  19   2  46  41  37  10  43  42   5  41   2  48  17  19  45  11   1  39  12  39  31  12  26   7  37  21  23  10   7  22  49  33  12  16  20   1  31  24  12  20   5  32  48  44  45
  42  19   3  44  48  40  43  46  24  38  35  20  22  17  33  21  11  30  12  14  24  18  47  43   4  32   9  22  13  26  24  45  47  33  22   6   1  12   1   5  16  30  22  48  27  19  31  38   8  21  48   5  47  44  44  45  25  11   6  43   2   9  25  19  15  45   6  14  10  24  46  47   8  11  17  35  10  49  16  28  24   2  42  18   7   3  11  37  27  27  47  12  49  18  26  39  42  33  48  21  48  42  29   5   8  39  43  41  28  20  33  17  15  40  38  21  17
  50  36  40  19  25  36  42  41  13  44  47   9   9   6  39  15  43  37  13  42   8   2   5  19  49  39   8  38  49  17  38  42  23  11  29  37  20  47  48  37   3  36  14  47  28   6  11  32   1  47   5  38   7  38  33  14  37   1  48  37   6  25  44  49  27  19  24  44  33  41  16  24  16  39  36  47  37  31  32  14  18  49  21  36  16  45  26  44   9  26  32   6  34  37  48  40  15  45  32  29  34  15  26  36  45  30  35  32  26  11  36  49  32  20  22  12
  14  16  48   9  31  43  43  26  28  13   7  11  29  27   5  21  16  37   8  11  22  43  20   5  16  36  38  35  43  29  12  45  16  41  42  42  29   5  25  22  13  34  45  46  35  37  14  20  27  48  14   5  25  29  48  30  12   3  26  39  13  29   4   8  14  38  24   4   7  36  19  33  34  40  49  12  41  47  10  31  31  42  36  46  32  28  21  22   6  23  12  28   5  26  40  38  12  37  32   4   9  35  28  46   3  21   3  25  20  12  33   5  16  20  14
  47  31  43  28  19  49  21  22  29  30  31  48  36  25  50  22  21  38  19  48  19  46   8  28  11  17  29  50   7   5  15  26   2  41   1  16  18  14  48  49  50  25  35  48  25  18  35  37   3  35  19  18  39   7  44  24   7  10  21   7   4  25   3  23   1  13   6  32  32  12  31  45  26  34  24  26  28  36  18   9  31  46  42  41  40  25  48  10   5   5  42  49  25   4  41  32  26  29  41  12  45  37   3  22  28  13  36  12   8  26   6  14  38  24
  16  11  17  49   5  28  11  12   3  39   2   1  28  44   2   4  27   8  50  46  50  20  23  34  31  31  31   5  21  39   2   3  31  48   1  28  40  48  18  39  40  12  47  39  26  23  26  29  17  40   5  27   2  42  31  11   3  30  22  21  48   2   3   1  12  25  46  38  48  37   7  34  25  23  39  13  50  16   5  17  24  19  18  18  42   4  12  19  39  30  22  19   5  38  16   9  47   5  24  24  25  34  32   7  26  31  35  46  30   7  19  31  47
  11  19  28   5   8  36  15  14  37  29  38  28  28  46   1   3  19  15  22  27  39  50  32  38  28  32  47  30  27  36  47  37  30  12  27  33  27  39  33  19  37  12  25  30  26  46  35  13  39  12  13  15   6  33  32  30   9  44  27  16   8  41  41  46   8  40   7  42  26  25  38  43  50   7  25  48  23  37  43  44  30  16  30  46  22  41  30  31  15  40  39   5   5  17  13  15  34  23  21  17  26  10  25  24  42   6   9  21  23  19  10  13
   4  37  12   2   9  44   7  42  25  32  19   5  13  18  36  10  24  34  24   7  23  37  21  10   4   4  11  48  25  39  37  15  30  49  26  39  20  48  32  17  33  47  30   7  34  21  21  21  37   9  41  32   7  35  42  24   1   6  23  25  16  30  42  11  27  37  11  29  11  29  19   2  21  17   3  29   9  30  13  18  49  29  13  34  33  29  50  44  50  31  36  43  49  18  20   6  25  10  42  24  50  10  50   8   9   6  44  17  12  25  39
  22  20  25  33  37  39  38   8  23   5   1  39   9  26  17  26  10  33  14  10  25  25  16  26   9  48  24   1  12  39  47   1  11  11   5  23  35  16  24  38  25  11  23  26  40   8   9  35  40  23  47   3  26   1  34  40  32  10  15   5   5  46  22  19  13  23  11  10  10  24   5  50  41  18  47  47  39  28   5   8  41  27   3   5  40  19  41  12  16  27  18  39  23   6  22  21  11   1  27   5  29   6  30  39   3  21  33  20   6  25
   7  42   5   2  32  31  25  19  44  48  17  30  22  19  41  36  10  47  49  17  28  35  23   1  32  49  41  35  47   6  24  39  35  27  18  24  20  29  42  28   3  45   6  35  45  26   8  26   3  36  33  45  49  10  25  26  43  27  49  13  19  37  27  27  23   7  49  37  37  37  25   9  22  41  45   2  48  33  47  13  23  46  47  43  23  11   5  18  26  14  25  26  18  45  37  45  21  18   5  26  46  48  14  28  22  22  18  49  20
   7   3  31  14   8  18  14  16  43  36  23  12  48  45  29   1  41  16  33  44  32   7  42  43  14  42  43   7  14  18  43  49  38  27  44  45  49  49  22  17  39  46  42  18   2  16  39  36  47  48  47   5  47   5   1  28  19  19  20  19  12  50   9  11  27  13  36  17  46  43  40  21  11   8   9  34  22  16   5  41  38   9  46  44  20  41   3  34   5  42  50  26  25   7  23  21  17  16  17  19   9  32  46  46  23  31  17  10
  13  26  21  40  11  14  31   4  23  32   4  49  24  31  12  30  25  46  41  25  19   2  18  46  18  45   5  32  33  37  35  27  50  44  12  28  29  43  29  34  45  28  23   9   1  19  14  48  49  30  46  12  12  23  49   1   8   7  20  31  22   5  10  39  15  10  12   6   6  13  24  40   9   8  26  12   7  42   3   9  29  19   5  50  15  49  31  27  49  45  49   6   9  32  47  48  42  16  17  30  44  40  31  20   5  44  14
  39  31   7  49  12  45  32  25  45  35  45   6  16  14  22  46  13  18  46   3  34  27  19  28   8  15   9  21  50  14  18   3  27  21   6   8  17   3  22  14  22  15  17  16  16  28  14  19  29   8   8  28   5  24  21  11   8  47  37  41  31  29  18  33  12   1  44  37   7   2  38  43  35  43  34  16  24  14  50  14  43   1  15  22  12  17  34  32  42  23  18  43  23  19  42  39  46  27  48  14  35  33  12  46  16  47
  39  36   8  40  30  50  30  39  10   2  50  38  20  48  14  17  15  28  30  44  32  35  25  49  50  41  50  43  37   9  39  38  40  35  31  14  15  31  42  21  28  50  39  25  10  50   1  41   9  42  46  40   1  50  43  38  32  46  28  16   7  29  20   4  38   2  21  45   8  12   6  45   8  42  36   1   8  43  29  16  46  13   3  35  19  21   6   2  49   1  38  13  42  31  33   8  49  16  14  25  41   9  46  33  15
   1  47  36  13  29  46  37   1  17  40  26  50  37  38  26  14   9  23  42   2  45   8  16   6  33  24  25  34  17  15  19   8  36  20  26  36  13  13  48  46  22  22  35  20  34  49  47  26  41  24  26  19  14  11   2  33  18  12  43  48  31  39  36  25  47  20  16  22  34  13  49  44  13  43  20  22  36  41   4  31  28  47  15  29   6  34   5  18  46  43  42   4  36  43  13  43  12  32   7  38   8  34  44  47
  24  25  42  25  21  48  13   7  28  15  22   6   2  32  47  15   2  35  12   5  43  32  41  31  49  27  41  29   9  18  11   6  30   1  37  30  11  44   4  34   9  39  38   5  12  15  12   4  38  43  40  36  12  38  12   7  19  17  25  46  41  34  18  18  35  47  50   2  50  48  19  12  46  18  36  19  31  36  39  13  37  31  14  38  20  25  38  23  28   2   1  12  28  43  10   6  40   3  19  24  41  16  17
  48  20  29  15  21  18  32  25  29  14  36  46  35  39   8  29   6  18  15  36  29  27  30  27   5  22   1  24   9  49  31  47  23  50   3   3  23  36  17  16  42  20  50   1  25   3  28   5  48  13   7  24  21   7   8   2  37  42  26  44  10  46  45   3  16  15   9  43   4  13   2  38  44  33  11  21  42  42  34  25   1  36  25  15   6  13  26   7   9  32  38  20  38  42  49  25  22   2  50   2  27  28
   9  30   9   5  11  15  27  15  11  27  50  28  37  43  43  16  39  25  45  14   9   9  44  38  28  13  47  25  41  15  26   9  13  34  25  10  37  29  11   2  43  30  33  14  45  21  21  22  36  16  17  42   9  16  16  29  33  41  16  15  22  42  10  16  37  30   5  30   3  37  43  36  50  41   9  24  12   4  15  12  49  50  17  44  15  14   8  18  25  14  47  28  18   4  15  20  33  39   3  19  50
  11  31  37  41  38  35  40  31  14  29  15  44  21  46  14  21   5   6   5  23  32  34   2  46  23  43  34  45  45  40  15   3  17  14   5  10  41  45  45  42  20   8  48  46  39  20  10  34  45  37  37  34  15   1  47  10  11   3   3  21  28  15  27  32  45  47  17  37  34  16  41  35   8  22  36  36  33  10  34  29  29   6  21  48  13   6  50  39  24   8  41  48  34  13  15  42  11  48  36   7
  47  25  38  18  13  40   3  33  50  21  28   8   4  29  40  49  49  35  49  21  44  28  10  24  18  31  41  42   9   2  24  33   2  28  16  36  49  40  25   9   8  49  11  41  32  34  12  21  10  27   6  38  31  35  29  24  34  17  25  14  20   5  44  50  50  45   7  40  37  46   2  17  35  32  38   5   7  44   8   2  46  32  19   6  17   6  10  20  30  40   7  13  28  20  48  29   6   6  15
  42  31  26  12  18  23  29  37  39  31  22  42   8  40  24  40  48   2  26  27  26  17  35  26   3   7  36   2  49  22  32  35   2   2  17  42  46  50  46  20  25  20  32  29  41   5  49  15  12  13  39  42  29  41   2  50  18  15  41  19   2  14  21   7  19  31  36  33  47   7  40  35   8  31  18   8  19  12   2   6  37  41  28  45  11   2  22  35  48  29  13  19   9   5  30  31  24  22
  16  27  26  31   1  45  28  12  45  28  32   4  23  39  44   3  41  29  36   1   2  49  46   6  23  18  37  27  40  25  23  49  50  43  19  13  37  19  31  39  21  25  43  23  34   3  47  37  36   9   5  22  24  38  37   5  45  34  34   3  17  43  24  36   6   6   8   2  44  35  36  47  14  39  18  10  27  50  46   2  42  31  19  41  27   6  36  19  31  45  32  47   1  20  30  46  33
  50  35  50  44   9  22  35  32   9  49   5  11  36  17  15  28  41   1  14  38  14  12  36  27  44  44   2  16  44  44  44   5  33   5  41  18  11  26  10  15  31  35   6  33  49  43  13  22  33   1  38  19  31  48  13  34  25  36  26  23   5   6  11  19  16  46  33  47  23  19  32   1  13  36   6  11  22  46   2  34  18  23  32  30  29  46  11  15  18  39  18   3  11   3  33  24
  31  12  35  27  14  33  37  23  30  31  50  22  14  45  31  37  37  21  50  31   6  42   6  46  34  16  44  48   9  16  50  10  10  11   9  27  32  38  44   3  21  20  26  31  12   7  46  40  23   4   4  19  50   6  41   9  37  12  24  31  46  45  28  50  30  36  31  18  36  34  23  48  16  22  15  28  18  40  43  27   3  12  12  50  46  30  29  11  30  17   9   9   7  13  46
  50  24  34  31  37  16  37   5  38  23  32  29  37  22  25  43  39  25  11  39  33   8  14  38   6  45  32   8  15  42  39  36  12  19  50  29   1   3  35  30  48  44   5  49  13  18  28  34   4  34  28  49  16   7  10  49   6  40   1   6   8  46  38  41  38   3  11   1  23  32  10  44  14  43   9   1  42  26  28  27  46  33  43  32   8  22  21  46  42  47   9  30  18  30
  48  43  19  36  46  44  22  43  45  31  44  13  18  26  38  10  38  13  36  24  37  36  12  32  47  31  38   5  20  16  32  30  41  43  25  44  12  46   6  32  28  26  18  19  23  12  49  37  50  10  46  44  29  15  45  41  37  31  13  39   7   3  32  22  49  40   9  24  21  31  49  38  20   7  40  34  10   9  38  38  31  19  50  30  26  21  10  24  33  40  23  25  28
  35  36  50  28  38  31  30  20  44  33  16  43  48   4   9  23  23   1  13  37  16  42   3  34  29  16  45  10   9  26  37   8   5  48  30  43   6  19  28  45  26  24  35   6   8  25  25  25  21  16  23   1  18  20  30  27  46   5  37  17   1  47  16  15  22  32  24  49  20  14  50   8  35  34  23  13  11  37  43  47  38  41  23  25   6  38  32  26  44  25  50  22
  33   2  45  49   4  29  19  36  11   9  46  17  29  35  25  25  24  26  17   4   9  38  13  21  28  20  45  10  13  44  16  44  38   3  20  16  36  29  34  35  25  45  50  30   5  25   1  33  35   4   5   6  43  20   3  30  42  11  33   6  24  11  43  47  41  37  23  24  19  27  15  48  50  20   9  28  20  49  37  35   3  24   8  12   6  13  43   4  39  43   4
   3  48  37   5   6  12  50  19   7  46  38  14  46  39  49  20   3  35  23  40  40   2  22  36  33  34  10  39  26  10  46  37   2  28   4  30  44  28  42  35  40  50   4  41  14  29  34  49   5  33  20  47   6  37  49  36  39  19  24  27   6   7  23  28  22  29  48  41  31  29  49  48   7   4   1  38  42  28   2  15  44  22   1  35  19  16  26  26   2  49
  41   2  20  19  40  11   3  35   4  20  14  11  26  26  11  20   8  34   5  14  22  23  34  39  27  23  13  48  38  39  11  25  44  23  24  12  29  33  47  46  31  41  10  16  47   2  16  17  24  32  19  42  28   1  26  18  16  21  13  50   7  21   8  13  44  18  42   2   8  27  43  33  21  18  42  18   1  37  43  26  45  17  44  44  45  39  25   6   7
  45   1  19  36  24  50  14  48  21  42  22  30  39  17  29  29  31  31  22  25  48  17  15  20  20   1  45  17  34  39   6  31  50  32  34  34  49   6   8  17  41  30   9  31   2  24  32  31  43  42  19   7  33   7  45  36  11  34  30   3  36   2  42  27  27  20   3  27  27  42  39  27  24  26  46   8  19  46  13  11  33  49  20  20  16  37  23  46
  42   6   9  42  37  34  25   8  21  40  39  43  50  48   5  45  36  44  36  42  45   4  38   2  44  32  12  18  14  37  44   6  34   5  19  21  44  16  40  45  19  40  50  17  36  10   8  22  18  24  11  11  30   6  13  25  10  12  30   1  49  25  16  27  22  10  47  41  43  10  34   8  16  48  12  14  38  45   8  41   7  40  33  14  16  48  48
  15  12   9  49  44  49  48   5  19  36  33  29  27  26  28  29  13  34  46  41  35  31  32  23  25  47  13  39  13  29  26  27   2  17  14  46   7  32  36  25   1  11  22  41  21   1   9  36  11  50  35  39  46  25  43   1  49  15  22  32  46  14  46  46  35   1  49  38   5  13  22   5  34  19  12  25  24   4   5  23  20  22  41  32   2  30
  38  41  11  13  36  44  29  23  27  31  32  19  13  22  37  17  22   1   2  24   8  20  20  11   6  16  43  31   4  32  15  39  31  44   4  38  27  39  47  41   3  39  32  30  40  38  29  27  10   2   4  20  46  22   8  43  40  49  11  31  45  19  33   9  14  30  45  20  42  34  18  12  10  34  45  23  33  15  44  47  32  45   2  11   4
  14  25  18  15  25   9  31   9  14  29  37  47   4   6  24   9   7  34  20   4  49   8  10  14  35  34  39  25   9  48  21  31  15  20  19  13  43  10  48  11  17  23  10  11  24   7  28  42  25  46  18  15  24  22  13   7  49   3  50   2   8   8  26  26  36  31  25  32  42  34  20   9  39  22  36  48  13  47   5  33  31  37  45  20
  30  18   9  45   4  42   5  25  15  34  31   2  36   7  47  36   7  35  44  44   2   2  10  31   4  32   6  18   5  21  42  10  22  14  36   6  23  23  14  50  49  22  25  40  49   2   3  19  50  10  17  25   9  47  11  14  28  28  38   7  16   5  30  20   7   7  11   1  31   9  49  26  40  25   7  29  24  41  27  44  12  26   4
  16  11   3  37  24  13  45   6   7  13  43  47  46   3  38  19  23   2  38  32  31  27  26  36  36  15  17  45  42  39  41  21  11  11  18   3  22  33  26  23  23  49  17  18   2   9  10  49  22   8  38  15  10   8  35  24   9  17  11  42  16  48  20  38  25  13  11  44  49  46  31  48  11  49  24   7  49  42  15  31  35  15
  47  26  50  47  29   8  15  22  40  45  20  32  17  24  49  43  31  41  31  24  44  10  26   1  31  47  27  19  22  49  27  33  32  13  39  47  47  34  41  32  16   2   9  21   1  48  36  33  17   9  17  36  47  34  30  27  13  29  46  21  40  16  34  44  20  34  39  36  30  27  28  49  40  24  12  42  28  23   1   6  40
  16  40  10  35  26  17  29  48  12  21  18  48  18  33   2  22  49   5  46   1   7  32  20   6  10  12  25  16  14  43  37  46  45  49  37  36  23   9  17  31   2   1  45  18  13  19  37  10  10  36  35   8   8  39  39  48  39   2  17   6  20   1   1  28  25  36  31  40  16  35  41  36  15   6  10  40   5  38  49   2
  12  36  47  32  41  15  16  25  12  15  33   4  26   7  50  44  22  47  30  25   1  16  18  12  30  44  38  34  31  18   8  29  34  37   2  18  17  42   7   2  19  30  28   5  23  37  10   4  10  49   8  27  44  38  34   4  35  36  24  20  34  43  24  26  22  20  44  39  41  25  36  34  11  21   6  48  16  21  11
  49  28  37   5  45  41  27  19   7  14  46  34  44   4   5  43  15   2   9  28  29   9  45  29  14  33  17  25  38  11   3  24  24  13   8  42  41  28   8  22   7  35  40  13   5  18  39  46  31   5  29   6   8  49   2  22  31  42  27  41  35  15  43   6  48  37  40  23  50  41  33   8  15  12  26  37  24  40
   5   9  16   4   7  23  48  40  10  44  14  15  26  26  10  17  25  25  17  30  26  47  15  10  25   7  19  26  24  20  15  15  13  43  27  19  30  17   2  49  40  49   2  32  32  48  49  39   7  14  14   3  20  15  18  30   5  32  50  24   4  29   8  32  22  48  28  18  41  39  29   8  39  14  33  27  25
  27  23   4  29  16  15   6  45  27  46  50  15  40  18  40  45   8  18  31  36  39   8  24   9  40  50  48   6  19  34  28  39  22  14  32   6  41  18  28  38  29  38  33  41   6   2  50   1  28   9  22  49  15  20   3   2  49  45  34  33  11  43   2  44  32  32   1  37  47  16  12  46   6  21  19  46
  23  24  48  16  28  49  42  23  45  21  14   7  41  38   1  35  45  17  23  28  25  16  44  42  37  31  45  33  27  45  34  13   9  29  10  50  27  37   3   5   9  43  46  15  47  20  47  10   6  36  27  16   2   5  39  50   5  17  42  15  32  49  41  13  17  15  15  14  22  48  18   4  22   7   1
  31  10  35  13  42  25  24   6   1  49   2  36  43  11  15  38  49  39  12  11  16  33   6  27  24  31  27  40  17  23  10  41  12   8  34  17  26  49  20  47  42  17  49  26  21  15  21  16   6  49  49  25  11  17  13  10  28  27  28   2  18  29  44  30  17  46  21  49  28   2   8  28  27   8
  15  16   9   8  50  12  35  15  49  24   8  36   4  38  13  48  14  22  43  46  18  46  33  33  11  17   9  23   1  40  33  41  49  47  47  43  11  47   2   3  11  20  33  23  31  28  19  49  24   3  45  10  21  46  50   6  37  39  36  46  10  36  45  15   2  31  11  47  31  28  42  35   6
  14  33  22   6  47  45  27  37  19   9  13  44  46  47   1   7  44  30  29  49  11  36   5  22  49  37  48  43  13  40  39  23  44  26  17  50   5  13  41  20   7  42   9  35  10  41  19   8   3   5  47  29  49  12   8  26  39  19  29  21  17  26  46   9  39   2  23  16  42  48   8  10
  32  19   3  31  22  23  25  12  18  49  49  22  45  47  16  18  25  43  23   3   6   7  41  29  27  47  46  28  14  11  38  31  36  14  41  34  39  30   1  49  27  41  41  32  47  22  43  24  28  15  42  42  33  15  24  18  48  12   5   7  27  49  41  41  18  48  23  20  39  29  32
   6  45  43  28   4   2  28  28  17  15  22  30  10  17  30  47   1  25  16  35   7  14   7  24  41  15  28   4   3  13  11   3  22  26   7  40   5  42  10  31  11  38  29  39  42  18  11  48  19  16  17  46   8  23  20  33  42  44  49   7  25  28  16  42  50   2  46  48  29  16
  31   7   7   2  11  24   2  21  22  17  31   6   2   8   7  49  31   1  41  49   1  18  47  34   9  40  33  29  46  25   1  38  44   8   1   9  30  38  34  41   9   2  39   8  11  17  45  31   3  16   9  24   8  49  14  39  37  30  19  13  20  19  42  11  30  22  41   8  36
  20  18  25  11  42   4  47  46  34  26   1  14   2   1  33  12  38  36  30  21  22   6  50  15  42   3  33  11  33  25  17  49  14  45  44  43  29  32  18  41   4  43  19  39  33  26  24  39   6  20   4  41  18  26  20  29  26  29  11  41  49  47  22  16  30  23  14  20
  23  23  15   6   1  49  21  11  15  42   5  35  13  48   2  28  11   3  39  30  29  31  32  41  42  13  29  44  37  17  27   4   4  35  24  43  42  19  48  29  37   5  10  13   7  23   1  40  49  44  43  29  46  11   7  36  27  16  33   5  41  17  32  48  50  19  18
  50  25  44  18  33   2   9  20  43  48   2  15  32  30  22  49  26  46  34  43  40  24  42  48  42  32  15  13  28  37  26  27   4  32  22   9  10   7  11  23  29  47  46  48  16  27  21  14  45  23  15   9  42  33  20  42   5  11  42  12   7  40  22  38  25  33
  33  49  25  34  28  24  43  13  39  25  32   2  15  28  11  47  25  24  45  50  18  11  24   6  36   9  36   5  46  25  10  11  28   6  49   1   7  44   7  13  36  43  32  44  15  19  42  46  20  47  49  14  13  37  19  48  49   1  37  30  42  43  50  12  10
  13   7  44  46   3  32  41  22   5  50  40  47  23   7  26  42  36  28   2  36  32  19  13   1   7  50  23  16  41   7  21  10  46   6  16  18   8  34  28  42  33   8  27  18  16  29  27   4   9  25  22  35  20  34   2  46  18  40  27   3  25  41  30   3
  17  32  11  40   1  29  14  41   7  18   3  18   3  31   1   5   9  39   9  28  37  33  26  25  13  37   1  26  41  26  16  44  16  14  24  48  27  11   9  18  45  49  29  36  28  21  43  43  18  22  36  19   4  48  25  49   1   8  16  15  20  37  41
   6   3   3   3   6  26  17  19  34  28  23  15  29   2  49  31  36  29  15  30  27   4   5  46   6  12   8  40   7   1  39  12  42   1   2  42   4   5  39  46  22   3   5  41  37  23  41  26  27   9  37  16  26  39  47  44   8  47   8  15  34   6
   5  41  44  34  37  42   6  29   7  48  21   5   4  16  14  24  21  35  37  19  45  32  30  29  45  43  40  23  16  31   4  41  20  41  39  27  37  17  50  40   4   4   6   3   6  16  50   2  25  19  15  17  12  29  21   3  12  47  46  30  17
  12   5   4   6  22  29  33  30  41  14   1  31  49  33  48  33  40  50   7  44  13  20  24   2  31  50  28  23  39  13  11  45  18  40  50  32  45  11  36   7  33  45   7   8  47  13  22  15   4  20  10   8  25  41  15  39   5  18  47  44
  30  41  37  43  41  27  15   9   6  18  40  26   1  42  42   9  12  34  13  41  43  33   8  21  27  39  14   5  24  41  28  27  29  44  36   2  23  17  39  33   2  30  10  21  27  19  33  13  43   6  49  19  36  49  23  11  30  26   9
  23  11  42  39  30  12  46  49  43   9   2  26  49  44  18  48  30  31  43  50  27  24  32  31  21  29  45  32   1  34  18  39  46  38  13  13   3  49  22  38  22  46  35   1  43  26   1  47  48  34  20  14  45  34  35  47  22  41
  50  15  19  44   2  21  13  40  46  18  48   5   9  22   2  28  29  42  35  22  36  11  46  26  50   4  39   1  33  36   5  19  48  32  15  43  19   4  15  30  13  19  48   3  48   3  25  23  35  27  47  20  10  40  30   7  36
  14  22  31   1  42  19   9  40  34  10  37  46  31  33  40  11  43  40  37  15   8  22  27   2   3  30  10  41  14  40  17  38  32  23  47  46  39  23  42  43  25  40  37  27  49  30  32  21  10  50  48  40   8  44  33  35
  37   1  39  42   6  31  35  45  12  26   1   2   2  39  21  12   4  39  42   8  13  48   4  26  26  34  47  41  24  19   7  22  19   4  22  48  14  24   4  47   4  36   7   9   9  49  31  36  17  38   5  45  33  29  41
  31   8  23  13  26  28  33  23  17   6  49   3   3  26  20  10  49  20  12  21   3  48  12  42  21  25  19  40  21  43   3  11  48  31  30  16  30  35   4  33   7  36  24  30  48  28  29  15  47  35  33  38  49  41
  25  46  26  29   2  39  17  10  19  44  10   6  50  15  31  26  48  13   8  17  49  50   9  14  28   8  40  20  22   7  41  39  21  33  47   9  26  39  26   9  29   1  47  50  26  11  49  41  19   6  36  48  43
  35  13   7  17  27  33  50  38   1  30   7  27  45  10  50  37  34  46   1  13  11  26   7  36  22  15   3  25  34  13  48  26  22  45   7  48  32  30   1  31  31  40  36  41  42  15   8  49  29   7  46  15
  38  43   9  24  37  40  30  31  32  42   8  25   4  49   4  50  18  31  37  24  23  33   3  22  44  19  10  42  31  27  15   1  21  16  37  32  11   2  38  39  46  19  30  48  39  22   4  21  30  21   3
  19  38  34  40  11  42  31  16  28  19  11  47  31  42  19   2   3  12   3  24  18  13  35  33   1  36  31  30  22   2  29  22   1  28  49  19  28  24  41  14  28  24   1  50  16  33  44  28  50  48
  44  29  31  23  35  48  31  14  48  25  29  38  42  25  48  49  32  45  39  31   5  16  49   4   4   4  50  15  40  28   4  36  25  21   2  14   9  30  13  43  30   7  15  48   1  37  24   1  24
  42   7  23  23  35  33   7  32  20  43  32   6   2  34  35  21  37  31  22  13  37  43  43  15  13  19  46  24  11  34  39  16  40  11   9  17   8  13  50  31  46  19  20  36  30  23  39  50
   2  24  37  33  45  28  26  40  30  33  33  23  43  20  25  16  49  31  39  41  15   1   3  18  36   7  30  20  34  48  12  44  48  36   1  31  14  47  30  40  45  17  50  20   6  13  39
  40   9  49  20  25  20  37  25  30   9   8  10  22  10  47  35  47  36  29  46  39  36  17  19   7   4  37  16  18   3  47  39  30   7  37  13  43  20  28  13  45  47  17  14  17  17
  43  29  26   1  42  18   1   1  25   9  14  29  45  45  35  23  41  17  38  38  15   6  17   9  44  10  39   6  45   5  11   7  32  30  40  32  21  32  24  48   4   7  20  19  11
  14   9  30  39  38  19  32  10  21  26   8   8  32  30   2  13  41  16  26  17  12  44  11  41  23  27  39  15  45  38  43  17  29  36   5  44   3   4  34  30   2  45  35  22
  18   1  32  13  47  10  46  11  18  45  29  29  29  35  32   9   9  19  29  10  41  27   3  42  11  46  29  48   8  39  39  45  36   3  38  39  24  22  44   1  31  47  37
  36  47   8  38   3  18  11  36  40  17  38  31  49  37  33  31  23  26  13  33  28  36  32  36  40   2   2  45  37  48   5   5  12  11  40  26  29  25  15  35  15  44
  17  37  28  24  36   2  47   8  46  49   9  19   9  23   2  40  42  19  17  46  35   2  22  30  22  18  36   8  13  32  10  19  34   3  39  10  43   2  31  23  48
  19  45   9   7  14  32  35  47  34  38  23  27   4  21  43  39  26   2  45  43  48  14  38   3   2  14  14  21  32  17   3  32  40  40  18  24  32  23  22  38
   6   9  24  46  30  31  17  50   3  11  10  24  21  50  16  35  35  42  10  19  24   6  31   7  41   8  47  46   3  18  30  21   5  50  21  26  36  42  48
  42   9  34  36  10  30  16  21  25  22  44  33   9  26   1  24  20  38  11   7  23  44  42  21   3  14  47  45   7  39   5  40  42   6  11  44  38  31
  39  23  36   4  37  38  46  24  42  23  28   6  25  38  26  42  37  42   9  50  43  47  28   7  31   2  14   1  31  37   8  46  10  12  50  18  50
  11  40  13  29   6   1  26  30  35  49  28  25   4  29  29  45  36  10  48  21  20  43  48  41  10  24  21  35   8   6  40  42   2  14  45  43
  26  31  20  16  31  16  14   2  43  14  31  33  34  29  48  23  19  11  49  26  13   7   7  27  26  30  12  24  25  30  43  33  20  36  35
  47   6  48   4  21   1  18  15  15  11  40  45  35  48  30   8  34  44   1   9  26  30   8   7  47  17  34  47   8  33   7   7  32   5
   3  29   3  11  36  41  42   3  27  49  49   7  15   6  16  39  28   2  46  35  20  47  50  35  45  17  23  37  22  15  17  12  14
  33  14  43   7   1  24  20  31  39  48  50  28  50  11  34   7   5  28   6  31  13  35  43  31  42   2  21  29   9  44  47  23
  45  46  32   7  23  12  48  46  42  40  16  39  49   2  13  37  43   8  21  25  27  21  25  44  14  24  39  28  49  23   9
  37  14   1   5  23  45  31  45  27   5  32  36  30  10  36  48  42  42  13  29  21  23  28  15  11  43  14  40  34  20
   4  34  45  33   1   2  32  32  16  33   2  45  34  15  10  22  24  12  13   4   3  17  19  25  19  36  26   5   2
  25  39  41  36   3  32   5   8  28   4  17  35  34  48   1  18  14  10  14  39  41  50  20  37   6  16  25  32
   4  29  22  32  29  34  21  18  30  15  12  46  40  39  44   9  48  10  48  46  28  35  39   7  10  50  44
  26  31  27  10  22  17  20  43  34   6  34  36  39  13  18  23  14  15  18  25  30  14  42  32  24  37
  14  13  23  30  25  25  19  45  27  13  25  37  17  48  40  17   2   6   9  14   1  43   1  12  35
  46  13   7  38  46  48  20  18  37  14   7   7   6  12  15   2   5  32  23  16  48   2  28   1
  14  27  32  20  14  31  32   8  33  50  16  30  22   8  33  16  49   1   8  47  18  34  35
  36  46  46   1   7  24  31  47  27  39  39  50  26  39   7  14  33   5   5  42  33  23
  48  39  39  27  31   5  13  45   9   7  44  44   7  50  17   7  42  49  25  47  25
  20   6   4   8  14  28   9  33  37  18  39  22   7  38  12  18   3  27  15  22
  26  34  20   5   8  49  10  24   2  14  11   1   6  14  11   1  32  30  13
  25  40   1  17  25  33   5  10  22  39  11  32  33   6  36  23  14   2
  17  36  39   8  45  40  16  19  17  40  33   4  32  47  49  24  21
  22  21  50   7  46  20  40  16  40  24  42  19  48  41  42  36
   3  15   6  24  32  40  39  35  19  38  37  47  49  41  24
  40  48  39  38  43  24  38  45  20  46  24  33  46  36
  32  12  38   2  49  11  49  39  14  33  30  13  34
  15  45  21  32  29  46   8  19  33  48  45   2
   8   1  45   2  25  22   8  19   3   4   2
   4  42  34  38  25  18   1  18  40  35
  26  14   7  41  32  32   2  28   7
  20  31  33  39  37  14  25  12
  32  24  10   1  13  17  36
  47  33  45   2  47  40
  20  50  25  22  15
  23  15  33  34
  16  50  25
  38  42
  34

 830
   1   6  16  23   4   7  10  24  11   3  18  22  11   4  13  21   7  22   5  17  22   8  12   3  21  13  12  14  19  24  22  11  20   9  12   3  14   4  11  19   3   9  25   9   5   5   5  17   4  23   9  17  16   3  20   9  10   8   9  13  17   5  16  14  21  25  10   6  11   2  10   2   2   4   6   7   8  18  10  25  25  24  18   5  17  17  17   8   1   8  17  24   2   9  15   5  23  10  19  11  20  14   9  24  23   3  10  21  25  25  23  23   4  18  14  12  16   4  23  16
