 120 
   0   0   0   0   0   0   0   0   0   0  36   0   0   0   0   0   0   0   0   0   0   0   0   0   0   0   0   0  24   0   0   0   0  18   0   0   0   0   0   0   0  11   0   0   0   0   0   0   0   0   0   0   0   0   0   0   0   0   0   0   0   0   0   0   0   9   0   0   0   0  32   0   0  40   0   0   0   0   0   0   0   0   0   0   0   0  26   0   0   0   0   0   0   0   0   0   0   0   0   1   0   0   0   0   0   0   1   0   0   0   0   0  12  24  41   0   0   0   0   0
   0   0   0   0   0   0   0   0   0   0  14   0   0   0   0   0   0   0   0   0   0   0   0   0   0   0   0   0   0   0   0   0   0   0   0   0  12   0   0   0   0   0   0   0   0   0   0   0  30   0   0   0   0   0   0   0   0   0   0  42   0   0   0  19   0   0   0   0   0   0   0   0   0   0   0   0   0   0   0  16   0   0   1   0   0  12   0   0   0   0  16   0   0   0   0   0   0   0   0   0   0   5   0   0   0  12   0   0   0   0   0   0   2   0   0  30   0   0   0
   0   0   0   0  43   0   0  11   0   0   0   0   0   0   0   0   0   0   0   0   0   0   0   0   0   0   0   0  20   0  43   0  19   0   0  36   0   0   0   0   0   0   0   0   0  15   0   0   0   0   0   0   0   0   0   0   0   0   0   0   0   0   0   0   0   0   0   0   0   0   0   0   0   0   0   0   0   0   0  44   0  12   0   0   0   0   0   0   0   0   0   0   0   0   0   0   0   0   0   0   0  31   0   0   0   0   0   0   0  47   0   0   0   0   0   0   0   0
  13   0   0   0   0   0   0   0   0   0   0   0   0   0   9   0   0  24   0   0   0   0   0   0   0   0   0   0   0   0   7   0   0   0  23   0   0   0   0   0   0   0  46   0   0   0  29   0   0   0   0   0   0   0   0   0   0   0   0   0   0   0   0   0   0   0   0   0   0   0   0   0   0   0   0   0   0  21   0   0   0   0   0   0  42   0   0   0   0   0   0   0   0   0   0   0   0   0   0   0   0   8   0   0   0   0   0   0  50   0   0   0   0  29   0   0   0
   0   0   0   0   0  30   0   0   0   0   0   0   0   0   0   0   0   0  17   0   0   0   0   0   0   0   0   0   0   0   0   0   0   0   0   0   0   0   0   0   0   0   0  37   0   0   0   0   0   0  47   0   0   0   0   0   0   0   0   0   0  15   0  13   0   0   0   0   0  33   0   0   0   0   0   0   0   0   0   0   0   0   0   0   0   0   0   0   0   0  16   0   0   0   0   0   0   0  27   0  31   0   0   0   0  29   0   0   0   0   0   0   0   0   0   0
   0   0   0   0   0   0   0   0   0   0   0   0   0   0   0   0   0   0   0   0   0   0   0   0   0   0   0   0   0   0  12  26   0   0   0   0   9   0   0   0   0  29   0  26   0   0   0   0   0   0   0  42   0   0   0   0   0   0   0   0   0   0   0   0   0   0   0   0   0   0   0   0   0  23   0  29   0   0   0   0   0   0   0   0   0   0   0   0   0   0   0   0   0   0   0   0   0   0   0   0   0   0   0   0   0   0   0  40   0   0   0   0   0   0   0
   0   0   0   0   0   0   0   0   0   0   0   0   0  17   0   0   0   0   0   0   0   0   0   0   0   0   0   0   0   0   0   0   0   0   0   0   0   0   0   0   0   0   0   0  43   0   0   0   0   0   0   0   0   0   0  32   0   0   0   0   0   0   0   0   0   0   0   0   0   0   0  12   0   0   0   0   0   0   0   0   0   0   0   0   0   0   0   0   0   0   0  48   0   0   0   0   0   0   0   0  12   0   0   0   0   0   0   0   0   0   0   0   4   0
   0   6   0   0   0   0  16   0   0   0   0   0  29   0   0   0   0   0  46   0  23   0   0  39   0   0   0   0   0   0   0   0  42   0   0   0   0   0   0   0   0   0   0   0   0   0   0   0   0   0   0   0   0   0   0  34   0   0   0   0   0   0   0   0   0  31   0  28   0   0   0   0   0  26   0   5   0  41   0   0   0  20   0   0   0   0   0   0   0   0   0   0   0   0   0   9   0   0   0   0   0   0   0  23  43   0   0   0   0   0  44  22   0
   0   0   0   0   0   0   0   0   6   0   0   0   0   3   0   0  11   0   0   0   0   0   0   0  36   0   0   0   0   0   0   0   0   0   0  14   0   0   0   0   0   0   0  17   0   0   0   0   0   0   0   0   0   0   0  42   0   0   0   0   0   9  19   0   0   0   0  21   0   0   0   0   0   0   0   0   0   0   0   0   0   0   0   0   0   0   0   0   0   0   0   0   0   0   0   0   0   0   0   0   0   0   0   0   0   0   0   0  38   0   0   0
   0   0   0   0   0   0   0   2   0   0   0   0   0   0   0   0   0   0   0   0   0   0   0   0   0   0   0   0   0   0   0  38  49   0   0   0   0   0   0   0  49   0   0  21   0   0   0   0   0   0   0   0   0   0  27   0   0   0   0   0   0   0   0   0   0   0   7   0   0   0   0   0   0   0   0   0   0   0   0   0   0   0   0   0   0   0   0   0   0   0   8   0   0   0   0   0   0  33   0   0   0   0   0   0   0  14   0   0   0   0   0
   0   0   0   0   0   0   0   0   0   0   0   0   0   0   0   0   0   0   0   0   0   0   0   0   0   0   0   0   0   0   0  30   0   0   0   0   0   0   0   0  16   0   0   0   0   0   0   0   0  40   0   0  19   0   0   0   0   0   0   0   0   0  24   0   0   0   0  21   0   0   0   0   0   0   0   0  11  22   0   0   0   0   0   0   0   0   0   0   0   0   0   0   5   0   0  24   0   0   0   0   0   0   0   0   0   0   0   0   0   0
   0   0   0   0   0   0   0   0   0   0   0   0   0   0   0   0   0   0   0   0   1   0   0   0   0   0   0   0   0   0   0   0   0   2   0   0   0   0   6   0   0   0   0   0   0  17   0   0   0   0   0   0   0   0  45   0   0   0   0   0   0   0   0   0   0   0   0   0   0   0   0  45   0   0   0   0   0   0   0   0   0   0   0   0   0   0   0   0   0   0   0   0   0   0   0   0   0   0   0   0   0   2  24   0   0   0  19   0   0
   0   0   0   0  18   0  14   0   0   0   0   0   0   0   0   0   0   0  11   0   0   0   0   0   0   0   2   0   0   0   0   0   0   0   0   0   0   0   7   0   0   0   0   0   0   0   0   0   0   0   0  49   0   0   0   0  19   0   0   0   0   0  31   0   1   0   0   0   0   0   0   0   0  18   0   0   0   0   0   0   0   0   0   0   0   0  34   0   0   0   0   0   0   0   0  23   0   0   0   0   0   0   0   0   0   0   0   0
   0   0   0   0   0   0   0   0   0   0   0   9   0   0   0   0   0   0   0   0   0   0   0   0   0   0   0   0   0   7   0   0   0   0   0   0   0   8   0   0   0  29   0   0   0   0  49   0   0   0   0   0   0   0   0   0   0   0   0   0   0   0   0  19   0   0   0   0   0   0   0   0   0   0   0   0   0   0   0   0  16   0  30   0  21  18   0   0   0   0   0   0   0   0   0   0   0   0   0   0  26   0   0   0   0   0  49
   0   0   0   0   0   0   0   0   0   0   0   0   0   0   0   0   0   0   0   0   0   0   0   0   0   0   0   0   0   0   0  40   0   0   0   0   0   0   0   0   0   0   0   0   0   0   0   0   0   0   0  38   0   0   0   0   0  45   0   0  27   0   0   0   0   0   0   0   0   0   0   0   0   0   0  11   0   0  33   0   0   0   0   0   0   0   0   0   0   0   0   0   0   0   0   0   0   0   0   0   0   0   0   0   0   0
   0   0   0   0   0   0   0  23   0   0   0   0   0   0   0   0   0   0   0  38   0   0   0  10   0   0  36   0   0   0   0  15   0   0   0   0   0   0   0   0   0   0   0  47   0   0   3   0  37   0   0  49   0   0   0   0   0   0   0   0   0   0   0   0   0   0   0  50   0   0   0   0   0   0   0   0   0   0   0   0   0   0   0   0   0  28   0   0   0   0   0   0   0   0   0   3   0   0   0   0   0   0   0   0   0
   0   0   0   0   0   0  48   0   0   0   0   0   0   0   0   0   0   0   0   0   0  44   0   0   0   0   0   0   0   0   0   0   0   0   0   0   0   0   0   0   0   0   0  50   0   0   0   0  11   0   0  16  35   0   0  44   0   0   0   0   0   0  19   0   0   0   0   0   0   0   0   0   0   0   0   0   0   0   0   0   0   0   0   0   0   0   0   0   0   0   0   0   0   0   0   0   0   0   0   0   0  47   0   0
   0   0   0   0   0   0   0   0   0   0   0   0   0   0   0   0   0  22   0   0   0   0   0   0   0   8   0   0   0   0   0   0   0   0  11   0   0   0   0   0   0   9   0   0   0   0   0   0  14   0   0   0  20   0   0   0   0   0   0   0   0   0   0   0   0   0   0   0   0   0   0   0   0   0   0   0   0   0   0   0   0  22   0   0   0   0   0   0   0   0   0   0   0   0   0   0   0   0   0   0   0  14  10
   0  45   0   0   0   0   0   0   0   0   0   6   0   0   0   0   0   0   0   0   0   0   0   0   0   0   0   0   0   0   0   0   0   0  42   0   0   0   0  25   0   0   0  23   0   0   0   0   0   0   0   0   0   0   0   0   0   0   0   0   0   0  24   0  25   0   0   0   0   0   0   0   0   0   0   0   0   0  22   0   0   0   0   0  19   0   0   0   0   0   0   0   0   0   0  45   0  14   0  21   0   0
   0   0   0   0   0   0  39   0   0   0   0   0   0   0   0   0   0   0   0   0   0   0   0   0   0   0   0   0   0   0   0   0   0   0   0   0   0   0   0   0   0   0   0   0   0   0   0   0   0   0   0   0   0   0   0   0   0   0  14   0   0   0   0   0   0   0   0   0   0   0   0   0   0   0  50   0   0  49   0   0   0   0   0   0   0   0   0  27   0   0   0   0   0   0   0   0   0   0   0   0   0
   0   0   0   0   0   0   0   0   0   0   0  30   0   0   0   0   0   0   0   0   0   0   0   0   0   0   0   0   0   0   0   0  27   0   0   4   0   0   0   0   0   0   0   0   0   0   0   0   0   0   0   0   0   0   0  39   0   0   0   0   0   0   0   7   0   6   0   0   0  43   0   0   0   0   0   0   0   0  41   0   0   0   0   0   0   0   0   0   4  21   0   0   0   0   0  24   0   0   0   0
   0   0   0   0   0   0   0   0   0   9   0  22   0   0   0   0   0   0  49   0   0   0   0   0   0   0   0   0   0   0   0   0  45   0   0   0   0   0   0   0   0   0   0   0   0   0   0   0  37   0   0   0   0   0   0   0   0   0   0   0   0  30   0   0   0   0  40   0   0   0   0   0   0   0   0   0   0   0   0   0   0   0   0   0   0   0   0   0   0   0   0   1   0   0   0   0   0   0   0
   0   0   0   0   0   0   0   0   0   0   0   0   0   0   0   0   0   0   0   0   0  46  36   0   0   0   0  23  25   0   0   0   0   0   0   0   0   0   0   0   0   0   0   0   0   0   0   0   0   0   0  17   0   0   0   0   0  44   0  18   0   0   0   0  19   0   0   0   0   0   0   0   0   0   0   0   0   0   0   0   0   0   0   0   8   0   0  22   0   2   0   0   0   0   0   0   0   0
   0   0  17  23   0   0   0   0  41   0   0   0   0   0   0   0   0   0   0   0   0   0   0  19   0   0   0   0   0   0   0   0   0   0   0  36   0   0   0   0   9   0   0   0   0   0   0   0   0   0   0   0   0   0   0   0   8   0   2   0   0   0   0   0   0  36   0   0   0   0   0   0   0   0   0   0   0   0   0   0   0   0   0   0   0   0  43   0   0   0   0   0   0   0   0   0   0
   0   0   0   0   0   0   0   0   0   0   0   4   0   0   0   0   0   0   0   0   0   0   0   0   0   0   0   0   0   0   0   0  39  33   0   0   0  20   0   7  14   0   0   0   0   0   0   0   0   0   0   0   0   0   0   0  36   0  34   0   0   0   0   0   0   0   0   0   0   0   0   0   8   0   0   0   0   0   0   0   0  28   0   0   0  42   0   0   0   0   0   0   0   0   0   0
   0   0   0   0   0   0   0   0   0   0   0   0   0   0   0   0   0   0   0   0   0   0   0   0   0   0   0   0   0   0  27   0  25   0   0   0   0   0   0   0   0   0  45   0   0   0   0   0  18   0   0   0   0   0   0   0   0   0   0   0   0   0   0   0   0   0   0   0   0   0   0   0   0   0   0   0   0   0   0   0   0   0  17   0   0   0   0   0   0   0   0   0   0   0   0
   0   0   0   0   0   0   0   0   0   0   0   0   0   0   0   0   0  26   0   0   0   0   0   0   0   0  31   0   0  29   0   0   0   0   0   0   0   0   0   0   0  40   0   0   0   0   0   0   0   0   8  33   0  46   0   0   0  38   0  16   0   0   0   0   0   0  28   0   0   0   0   0   0   0   0   0   0   0   0  17   0  29   0   0   0   0   0   0  15   0   0   0   0   0
   0   0   0   0   0   0   0   0   0   0   0   0  22   0   0  10   0   0   0   0   0   0   0   0   0   0   0   0   0   0  26   0   0   0   0   0   0   0   0   0   0   0   0   0   0  39   0   0   0   0   0   0   0   0  16   0   0   0   0   0   0  45   0   0   0   0   0   0   0   0   0  16   0   0   0   0   0   0   0   0   0   0   0   0  17   0   0   0   0   0   0   0   0
  27  20  39   0  49  48   0  36   0   0   0   0  37   0   0   0   0   0  30   0   0  41   0   0   0  34   0  47   0   0   0   0   0   0   0   0   0   0   0  49   0   0   0   0   0   0   0  25   2  11   0   0   0   0   0   0   0   0   0   0   0   0   0   0   0   0   0   0   0   0   0   0   0   0   0   0   0   0   0   0   0   0   0   0   3   0   0   0   0   0   0   0
  38   0   0   0  25   0   0   0  24   0   0   0   0   0   0   0   0   8   0   0   0   0   0   0   0   0   0   0   0   0   0   0   0   0   0   0   0   0   0   0   0   0   0   0   0   3   0   0   0   0   0   0   0   0  41   0   0   0   0   0   0  20   0   0   0   0   0   0   0   0   0   0   0   0   0   0   0   0   0   0  19   0   0   0   0   0   0  15  16   0   0
   0   0   0   0   0   0   0   0   0   0   0   0  36   0   0   0   0   0   0   0   0   0   0   0   0   0   0   0   0   0   0   0   0   0   0   0   0   0   0   0   0   0   0   0   7   0   0   0   0   0   0   0   0   0  24   0   0   0   0   0   0   0   0   0   0  34   0  16   0   0   0   0   0  12  45   0   0   0   0   0   0   0   0   0   0   0   0  40   0   0
   0   0   0  31   0   0   0   0   0   0   0   0   0   0   0   0   0   0   0   0   0  30   0   0  47   0   0   0  29  49   0   0   0  29   0   0   0   0   0   0   0   0   0   0   0   3   0   0   0   0   0   0   0   0   0   0   0   0   0   0   0   0  40   0   0   0   0   0   0   0   0  33   0   0   0   0   0   0   0   0   0   0   0   0   0   0   0   0   0
   0   0   0  45   0   0   0   0   0   0  41   0   0   0   0   0  46   0   0  28   0   0   0   0   0   0   0  21   0  40   0   0   0   0   0  50   0   0   0   0   0   0   0   0   0   0   0   0   6   0   0   0   0   0   0   0   0   0   0   0   0   0   0   0   0  34   0   0   0   0   0   0  40   0   0   0  47   0   0   0   0   8  16   0   0   0   0   0
   0   0   0   0   0   0   0   0   0   0   0   0   0   0   0   0   0   0   0   0   0  50   0  21   0   0   0   0   0  48   0   0   0   0   0   0   0   0  27   0   0   0   0   0   0   0   0   0   0   0   0   0   0   0   0  39   0   0   0   0   0   0   0   0   0   0   0   0   0   0   0   0   0   0   0   0   0   0   0   0   0   0   0   0   0   0   0
   0   0   0   0   0   0   0   0   0   0   0   0   0   0   0   0   0   0   0   0   0   3   0   0   0   0   0  24   0   0   0   0   0   0   3   0  21   0   0   0   0   0   0   0   0   0   0   0   0   0   0   0   0   0   0  13   0   0   0   0   0   0   0   0   0   0   0   0   0   0   0   0   0   0   0   0  32   0   0   0   0   0   0   0   0   0
   0   0   0   0   0   0   0   0   0   0   0   0   0   0  45   0   0   0   0   0   0   0   0   0   0   0   0   0  18   0   0   0   0   0  29   0   0  26   0   9   9   0   0   0   0   0   0   0   0   0   0   0   0   0   0   0   0   0   0   0   0   0   0   0   0   0   0   0   0   0   0   0   0   0  17  35  27   0   0   0   0   0   0   0  34
   0   0   0   0   8   0   0   0  37   0   0   0   0   0   0   0   0   0   0   0  23   0   0   0   0   0   0   0   0   0   0   0   0   0   0   0   0  11   0   0   0   0   0   0   0   0  40  38   0  11   0  16   0   0   0   0   0   0  14   0  28   0   0   0   0   0   0   0  38   0   0  16   0   0   0   0   0   0   0   0   0   0   0   0
   0   0   0   0   0   0   0   0   0   0   0   0  43   0   0   0   0   0   0   0   0   0   0   0   0   0   0   0   0   0   0   0   0   0   0   2  20   0   0   0   0   0   0   0   0   0   0   0   0   0   0   0   0   0   0   0   0   0   0  37  48   0   0   0  50   0   0   0  26   0   0   0   3   0   0   6   0   0   0   0  27   0   0
   0   0   0   0   0   0   0   0   0   0   0   0   0  13   0   0   0   0   0   0   0   0   0   0   0   0   0   0  42   0   0   0   0   0   0   2   0   0   0   0   0   0  31   0   0   0   0   0   0   0   0   0   0   0   0   0   0   0   0   0   0   0   0   0   0   0   0   0   0   0   0   0   0   0   0  32   0   0   0   0   0   0
   0   0   0   0   0   0   0   0   0   0   0   0   0   0   0   0   0   0   0   0   0  45   0   0   0   0   0   0   0   0   0   0   0   0   0   0   0   0   0   0   0   0   0   0   0   0   0   0   0   0   0   0  25   0   0   0   0   0   0   9   0   0  26   0   0   0   0   0   0   0   0   0   6   0   0   0   0   0   0   0   0
   0   0   0   0   0   0   0   9   0   0   0   0   0   0   0   0   0   0   0   0  42   0   0   0   0   0   0   0  15   0   0   0   0   0   0   0   0  37   0   0   0   0   0   0   0   0   0   0   0   0   0   0  28   0   0   0   0  18   0   0   0   0   0   0   0   0   0   0  28   0   0   0   0   0   0   0   0   0   0   0
   0   0   0   0   0   0   0   0   0   0   0   0   0   0   0   0   0   0   0   0   0   0   0   0   0  46  37   0   0   0   0   0   0   0   0   0   0   0   0  36   0   0   0   0   0   0   0   0   0   0   0   0   0   0   0   0   0  33   0   0   0   0   0   0   0   0   0   0   0   0   0   0   0  34   0   0   0  40   0
   0   0   0   0   0  42   0   0  39   0   0   0   0  50   0   0   0   0   0   0   0   0   0   0   0   0  11   0   0   0   0   0   0   0   0   0   0   0  17   0   1   0   0   0   0   0   0  20  38   0   0   0   0   0   0   0   0   0   0   0   0   0   0   0   0   0   0   0   0   0   0   0   0   0   0   0   0   0
   0   0  40   0   0   0   0   0   0   0   0  47   0   0   0   0   0   0   0   0   0   0   3   0   0   0  17   0   0   0   0   0   0   0   0   0   0   0   9   0   0   3   4   0  35   0   0   0   0   0   0   0   0   0   0   0   0   0   0   0   0   0   0   0   0   0   0  46   0   0   0   0   0   0   0   0   0
  44   0   0   0   0   0   0   0   0   0   0   0  48   0   0  45   0   0  39   0   0   0  17   0   0   0   0   0   0   6   0   0   0   0   0   0  47   0   0   0   0   0   7   0   0   0  17   0   0   0   0   0   0   0   0  35   0   0   0   0   0   0   0   0   0   0  13   0   0   0   0   0   0   0   0   0
   0   0   0  11   0   0   0   0   0   0   0   0   0   0   0   0   0   0   0   0   0   0   0  48   0   0   0   0   0  26   0   0   0   0   0   0   0   0   0   0   0   0   0   0   0   0  39   0   0   0   0   0   0   0   0   0   0   0   0   0   0   2   0   0  35   0   0   0   0   0   0   0   0   0   0
   0   0   0   0   0   0   0   0   0   0   0   0   0   0   0   0   0   0   0   0   0  17   0   0   0   0   0   0   0   0   0  11  49   0   0   0  15   0   0   0   0   0   0   0   0   0   0   0   0   0  44   0   0   0   0   0   0   0   0   0   5   0   0   0   0  41   0   6   0   0   0   0   0  28
   0   0   0   0   0  22   0   0   0   0   0   0   0   0   0  23   0   0  35   0  18   0   0   0   0   0   0   0   0   0   0   0   0   0   0   0   0  28  16   0   0   0   0   0   0   0   0   0   0   0   0  18   0   0   0   0   3   0   0   0  12   0   0   0   0   0   0   0   0   0   0   0   0
   0   0   0   0   0   0   0   0   0   0   0   0   0   0   0   0   0   0   0   0   0   0   0   0   0   0   0   0   5  45   0   0   0   0   0   0   0  31   0   0   0  36   0   0   0   0   0   0   0   0   0   0   0   0   0   0   0   0   0   0   0   0   0   0   0   0   0   0   0   0   0  49
   0   0   0   0   0   0   0   0   0  14   0   0   0   0   0   0   0   0   0   0   0   0   0   0   0   0   0   0  12   0   0  44   0   0   0   0   0   0  25   0   0   0   0   0   0   0   0   0   0   0  21   0   0   0   0   0   0   0   0   0   0   0   0   0   0   0   4   0   0  42   0
   0   0  17   0   0   0   0   0   0   0   0   0   0   0   0  48   0   0   0   0   0   0  43   0   0   0   0   0   0   0   0   0   0   0  29   0   0   0   0   0   0   0   0   0   0   0   0   0   0  15   0  48   0   0   0   0   0   0   0   0   0   0   0   0   0   0   0   0   0   0
   0   0   0   0   9   0   0   0   0   0   0   0   0   0   0   0   0   0   0   0   0   0   0   0   0   0  10   0   0   0   0   0   0   0   0   4   0   0   0   0   0   0   0   0   0   0   0   0   0   0   0   0   0   0   0   0   0   0   0   0   0   0   0   0   0   0   0  28   0
   9   0   0   0   0   0   0   0   0   0   0   0   0   0   0   0  47   0   0   0   0   0   0   0   0   0   8   0   0   0   0   0   0   0   0   0  41   0   0   0   0   0   0   0   0   0   0   0   0   0   0  35   0   0   0   0   0   0   0   0  32   0   0   0   0   0   0   0
   0   0   0   0  48   0   0   0   0   0   0   0   0   0   0   0   0   0   0   0  31   0   0   0   0   0   0   0   0   0   0   0   0   0   0   0   0   0   0   0   0   0   0   0   0   0   0   0   0   0   0   0   0   0   0   0  37   0   0   0   0   0   0   0   0   0   0
   0   0   0   0   0   0   0   0  25   0   0   0   0   0   0   0   0   0   9   0   0   0   0   0   0   0   0   0   0  48   0   0   0   0   0   0   0   0   0   0   0   0   0   0   0   0   0   0   0   0   0   0   0  34   0   0   0   0   0   6   0   0  11   0   0   0
   0   0   0   0   0   0   0   0   0   0   0   0   0   0  17   0   0   0   0   0   0   0   0   0   0   0   0   0  33   0   0   0   0   0   0   0   0   0   0  35   0   8   0   0   0   0   0   0   0   0   0   0   0   0   0   0   0   0   0   0   0   0   0   0   0
   0   0   0   0  24   0   0   0  47   0   0   0   0   0  11   0   0   0   0   0   0   0   0   0   0   0   0   0   0   0   0   0   0   0   0   0   0   0   0   0   0   0   0   0   0   0   0   0   0  45   0   0   0   0   0   0   1   0  17   0  48   0   0   0
   0   0   0   0  32   0   6   0   0   0   0   0   0   0   0   0   0  14  31   0   0   0   0  16   0   0   0   0   0   0   0   0   1   0   0   0   0   0   0   0  28   0   0   0   0   0   0   0   0   0   0   0  18   0   0   0   0   0   0   0   0   0   0
   0  36   0   0   0   3  10   0   0   0   0  19   0   0   0   0   0   0   0   0   0   0   0   0   0   0   0   0   0   0   0   0   0   0   0   0   0   0   0   0   5   0   0   0   0   0   0   0   0   0   0   0   0   0   0   0   0  43   0   0  21   0
   0   0   0  36   0   0   0   0   0   0   0   0   0   0   0   0   0   0   0   0   0   0   0   0   0   0  31   0   0  41   0   0   0   0   0   0   0   0   2   0   0   0   0   0   0   0   0   0   0   0   0   0   0   0  37   0   0   0   0   2   0
   0   0  47   0   0   0   0   0   0   0   0   0   0  16   0   0   0   0   0   0   0   0   0  41   0   0   0   0   0   0   0   0   0   0   0   0   0   0   0  22   0   0   0   8   0   0   0   0   0   0   0   0   0   0   0   0   0   0   0   0
   2   0   0   0   0   0   0   0   0   0   0   0   0   0   0   0   0  25   0   0  32   0   0   0   0   0  41   0   0   1   0   0   0   0  35   0   0   0   0   0   0   0   0   0   0   0   0   0   0   0   6   0   0  25   0   0   0   0   0
   0   0   0   0   0   0   0   0   0   0   0   0  50   0   0   0   0   0   0   0   0   0   0   0   0   0   0   0   0   0   7   0   0   0   0   0  45   0   0   0   0   0   0  40   0   0   0   0   0   0   0   0   0   0   0   0   0   0
   0   0   0   0   0   0   0   0   0   0  21   0   0   0   0   0   0   0   0   0   0   0   0   0   0   0   0   0   0   0  48   0   0   0   0   0   0   0   0   0   0   0   0  11   0   0   0   0   0   0   0   0   0   0   0   0   0
   0  38   0   0   0   0   0   0   0   0   0   0   0   0   0   2   0   0   0   0   0   0   0   0   0   0   0   0  18   0   0   0   0   0   0   0   0   0   0   0   0   0   0   0   0   0   0   0   0   0   0   0   0   0   0   0
   0   0   0  12   0   0  18   0   0   0   0   0  31   0   0   0   0   0   0   0   0   0   0   0   0   0   0   7   0   0  36   0   0   0   0   0   0   0   0   0   0   0   0   0   0   0   0   0   0   0   0   0   0   0  11
   0   0   0   0   0   0   0   0   0   0   0   0   0   0  12   0   0   0   0   0   0   0   0   0  43   0   0   0   0   3   0   0   0   0   0   0   0   0   0   0   0   0   0   0   0   0   0   0   0   0   0   0   0   0
  37   0   0   0   0   0   0   0   0   0   0   0   0   0   0  41   0  44   0   0   0   0   0   0   0   0   0   1   0   0   0   0   0   1   0   0   0   9   0   0   0   0   0   0   0   0   0   0   0   0   0   0   0
   0   0   0   0   0   0   0   0   0   0   0   7   0   0   0   0   0   0   0   0   0   0   0   0   0   0   0   0   0  48   9   0   0   0   0   0   0   0   0   0   0   0   0   0   0   0  35   0   0   0   0   0
   0   0  32   0   0   0   0   0  32   0  26   0   0   0   0   0   0   0  33   0   0   0   0   0   0   0   0   0   0   0   0   0   0   0   0   0   0   0   0   0  31   0   0   0  34   0   0   0   0   0   0
   0   0   0   0   0   0   0   0   0   0   0   0  29   0   0   0   0   0   0   0   0   0  36   0   0   0   0   0   0  49   0   0   0   0   0   0  37  49   0   0   0   0   0   0   0   6   0   0   0   0
   0   0   0   0   0   0   0   0   0   0  34   0   0   0   0  32   0   0   0   0   0  26   0   0   0   0   0   0   0   0   0   0   0   0   0  12   0   0   0   0   0   0   0   0   0   0   0   0   0
  27   0   0   0   0   0   0   0   0   0   0   0  38  14   0   0  13   0   0   0   0   0   0   0   0   0   0   0   0   0   0  19   0   0   0   0   0   0  10   0   0  21   0   0   0   0   0   0
   0   0   0   0   0   0   0  29   0   0   0   0   0   0   0   0   0   0   0   0   0   0   0   0   1   0   0   3   0   0   0   0   0  19   0   0  45   0   0   0   0   0  34   0   0   0   0
   0   0   0   0   0   0   0   0   0   0  11   0   0   0   0   0   0   0   0   0   0   0   0   0   0   0   0  12   0   0   0   0   0   0   0   0   0   0   0   0   0   0   0   0   0   0
   0   0   0   0   0   0   0  31   0   0   0   0   0   0   0   0   0  40  28   0   0   0  20   0   0   0   0   0   0   0  19  39   0   0   0   0   0   0   0   0  42   0  21   0   0
   0   0   0   0   0   0   0   0   0  30   0   0   0   0   0   2   0  28   0   0   0   0   0   0   0   0   0   0   0   0   0   0   0   0   0   0   0   0   0   0   0   0   0  28
  23   0   0   0   0   0   0   0   0   0   0   0   0   0   0   0   0  47  40   0   0   0   0  32   0   0   0   0   0   7   0   0   0   0   0   0   0   0   0   0   0   0   0
   0   0   0   0  25   0   0   0   0   0  45   0   0   0   0   0   0   0   0   0   0   0   0   0   0  39   0   0   0   0   0   0   0   0   0   0   0   0   0  24   0   0
   0   0   0   4   0   7   0   0   0   0   0   0   0   0   0   0   0   0  18   0   0   0   0   0   0   0   0   0   0   0   0   0   0   0   0   0   0   0   0   0   0
   0   0  46   0   0   0  12   0   0   0   0   0   0   0   0   0   0   0   0   0   0   0   0   0   9   0   0   0   0   0   0   0   0   0   0   0   0   0   0   0
   0   0   0   0   0   0   0   0   0   0   0   0   0   0   0   0  42   0   0   0   0   0   0   0   0   0   0   0   0   0   0   0   0   0   0   0   0   0   0
   0   0   0   0   0   0   0   0   0   0   0   0   0   0   0   0   0   0   0   0   0   0   0   0   0   0   0  34   0   0   0   0   0   0   0   0   0   0
   0   0   0  17   0   0   0   0   0   0   0   0   0   0  39   0   0   0   3   0   0   7   0   0   0   0   0   0   0   0   0   0   0   0   0   0   0
   0   0   0   0   0   0   0   0  38   0   0   0   0   0   0   0   0   0   0   0   0   0   0   0   0   0   0   0   0   0   0   0   0   0   0   0
  48   0   0   0   0   0   0   0   0   0   0   0   0   0   0   0   0   0   0   0   0   0   0   0   0   0   0   0   0   0   0   0   0   0   0
   0   0   0   0   0   0   0   0   0   0   0   0  15   0   0   0  37   0   0   0   0   0   0   0   0  48   0   0   0   7   0   0   0   0
   0   0   0   0   0   0   5   0   0   0  43   0   0   0   0   0   0   0   0   0   0   0   0   0   0   0   0   0   0   0   0   0   0
   0   0  47   0   0   0   0  15   0   0   0   0   0   0   0   0   0   0   0   0   0   0   0   0   0  37   0   0   0   0   0   0
   1   1   0   4   0   0   0   0   0   0   0   0   0   0   0   0   0   0   0   0   0   0   0   0   0   0   0   0   0   0   0
   0   0   0   0  29   0   0   0   0   0   0   0   0   0   0   0   0   0   0   0   0   0   0   0   0   0   0   0   0   0
   0   0   0   0   0   0   0   0   0   0  33  13  27   0   0   0   0   0   0   0   0   0   0   0   0   0   0   0   0
   0   0   0   0   0   0   0   0   0   0   0   0   0   0   0   0   0   0   0  38   0   0   0   0   0   0   0   0
   0   0  18   0   0   0   0   0   0   0  26   0   0   0   0   0   0   0   0   0   0   0   0  43   0   0   0
   0   0   0   0   0   0   0   0   0   0   0  29   0   0   0   0   0   0   7   0   0   0   0   0   0   0
   2   0   0   0   0   0   0   0   0  44   0   0  26   0   0   0   0   0   0   0   0   0   0   0   0
   0   0   0   0   0   0   0   0   0   0   0   0   0   0   0   0   0   0   0   0   0   0   0   0
   0   0   0   0   0  37   0   0   0   0   0   0   0   0   0   0   0   0   0  27   0  12   0
   0   0   0   0   0   0   0   0   0   0   0   0   0   0   0   0   0   0   0   0   0   0
   0   0   0   0   0   0  38   0   0   0   0   0   0   0  27   0   0   0   0   0   0
   0   0  35   0  34   0   0   0   0   0   0   0   0  49   0   0   0   0   0   0
  13   0   0   0   0  13   0   0  46   0   0   0   0   0   0   0   0   0   0
   0   0   0   0   0   0   0   0   0   0  39   0   0  34   0   0   0   0
   0  36   0   0   0   0  47  45   0   0   0   0   0   0   0   0   0
   0   0   0   0   0   0   0   0   0   0   0  32   0   0   0   0
   6   0   0   0  45   0   0   0   0   0   0   0   0   0   0
   0   0   0   0   4   0   0   0   0   0   0   0   0   0
   0   0  37   0   0   0   0   0   0  25   0   0   0
   0   0   0  29   0   0   0  25  37   0   0   0
  46   0   0   0   0   0   0   0  20   0   0
   0   0   0   0   0   0   0   0   0   0
   0   0   0   0   0   0   0   0  19
   0   0   0   0   0   0   0   0
   0  19   0   0   0   0   0
   0   0   0   0   0   0
   0   0   0   0   0
   0   0   0   0
   0   0   0
   0   0
   0

 1006
  21  21   3  19  19  20  16  11  17   2   6  21  22  19  19  22   2  19  15  16   8  17  23  18  18   6  17   2  21   8  19  10  22   9  21   9   3  21   8   4  22  16   8  14  10  11  23  11  15   4  23  18  24  16  13  15  19   1  15  16  24  17   6  25  24   9   5  15  22  19  17  25   7  25  13  10   8  22  11  11  15  23   1   7  11  25   9  13  22   8  24  11  25  18   1  24   4  10   3   1   2   1   8   7   5   7   7  19  19  13  13  11   2  18   4  22  19   1  20   7

