 120 
  27   0  11   0   0   0   2  43   0  18   6   0  18   7  34   0  47  38   0   0  28   3   0   0   0   0  26  44   0   0   0   0  21  50  36   3   0   0  39   0  11  30   7   2  35   0  30  31  19  30   0   0   0  29   0   9   0   0   5   5   8   2  27  18  32   0  17  37  21  14   0   0  16  25   0   0  17   0  27   0   0   0   0   0   0   0  42  16   0   0  11   0   0   0  40  39   0  46   0  22  39   0   0  30   2  28   0   0   0   0   0  43  38  42   0   0  11   0  26   0
   0   0   9  45   0   0  26   0   0   0   0   0  12  27  28  36   0  45   3   0  32   0   0   0  18  36   0   0  21  46   0   0  28  23   0   0   0   0  49  33   0  13   0   0   0  14  45   0   0   0  22   0   0   0   0  34   0   0   0   0   0  30   0   0   0  33  45  10   0   0   0   0  45   2  21   0   0  41   3  20  10  23   0  24  25   0   4   0  30   0   0  34   0  50  35  35  36   7  46   2   0   9  29  18   0   0  42  40   0  29   0   0  13  13   0   0  14   0   0
  41  37  36   0   0   0   0   0  34   0   0   0   0   0   0   0  28  36   0   0   0   0  22   0   0   0  27  17   0  47   0   0   0   9   0   9  11  47   0   0   0  47   0   0  35   0   0  36   0   0   0  16   0  34   2   0   0   0   0   0  27   8  40   0  19   0  27  42   9   1  30  49   0   9   0  27   0   0  31   0   0   0   0   0   0  23   0  34   0   0  45   0   0  11  48   0  40   0  48   0   0   0  34  47  37   0  36   8  21  32   0   0   0   0   0  37   0   0
   0  45  36   0  47  39   0   0  36  41   0  25  36   0   0   0   0  10   0  40   0   0   0   0   0   0  37   5   9   0  30  33   0   0  49   0   0   0   0  18   0   4   0   0  19   0  47  33   0  28  10  36  22   0  43   0  33   0  47   0   0   0   7   0  24  11  19  44  29  43   2   2   0  38   0   1  44   0   0   0   1   0  29   0   0   0   0  27  13   0  28  49   0  14   3   0   0  20   0   0   0  42   0   3  35   0   6   0   0   2   0   0   0   5  26   9  36
  13   0  49  31   0   0   0   7  37   0   0  28   0   4  42   0  11   0   0   0   0   0   0  11  49   7   8  48  42  49   0   0   0   0   0   7  44   4  27   3  29   0   0   0   0  33  30   0  49   0  24   0  26  33   0   0   0   0  17   0  13  12   5  22   0  48  37   1   0  41  21  13   0  42   0  15  19   0  28   0   0   0   0   0  20   0   0   3  24  35   6  35   0   0  23  49  46  25   0  28   0  25  16  39   0  42   0  47   0  34  23  22  26   8  10   3
   0  20   0   0   6  32   0  32  49   0   0  24   6  14   0   0  27   0   0   6   3   0  41   0   0   0   0   0  22   0   0   0   0   0   0  17   0   0   7  44   0  43  41  41  23  49   0   8   0   6   0   0  27   7   0   2   0  23   0   0   0  49   0  42   9  38  34   0  19  19   0   0   0   0  29  22   0  20  40   4  34  21   0   0   0  17  31   0  29   0   0   1   0   0   0  12  18   0   0  22   0   0   0  12   0  11   0   0   4  39   0   0   0   9  23
   0   0  15   0   0   0  24   3   0  35  48   0  36   0  13  15   0  22   0   0   0  33   0   0   6   0   0  50   0   0  35  32   0   1   4   0  22   1   0   0   1   0  18   0   0   5   0   0   1   0   0  15   0   0  37  24   0  11  20  44   0  34  35   0  44  27  20   0   0  41   0  16  28   4  41   0   0   0   6   0  18   9  22   0   0  21   0   9   0  30  25   9  40  33  12  29   0   0  48  32   0   0   0   0  22  27  47   5  45  40  35   0  16  12
  38   4   0   0   0   0  42  24   0   6   0  26   0   0  36  10  23   0   8   0  45   5   0  27  49  41   0  42   0  38  34  38   0   0  45   0  26   0   0  11  17  47   0   0   0  50  24   7   0   0   0  40   0   0  30   4  44   0   1   0  27  16  31  21   0   0  39   4  48   0   0   0   0  17   0  28   0  43  50  13  28   0   0   0   0   0   0  34  31  35   0  40   0  17   0  42   0  35   0   0   0   0   0  12   9  35   6  15  32  37   0   0   0
   0  25  19  27   0  17   0  46  50   5   0  31   0  24  16   0   0   0   0   0  41  22   3   0   0  48   0   0  20   8   0  12  33  34   0  40  15  23  20   0   0  18   0  10   0   0  17  11   0   8   0  39   5  46   0  28   0   0   0   0  35  39   0   0   0  19  37  26  50   0   0   0   0   3   0   0   0   0  28   0   0   8   0  46  29  13   0   0   0   0  28  35  47   0   0  24   0   0   0  23  22   0   0   2   0   0  22   0  19  45  12  31
   0   0  11  13  29  39  15  20   0   0   0   0   0  15   0   0   0   8  20   0  32   0   0  10  17   0   0   0  50  44   4   0  30   0   0   0   0  25  26   0  34   0   7  44   4  30   0   0   7  38  17  41   0   0   0  37   0  20   0  40   0   0   1   0   0   0  43   0   0  28  20  34   0   0  48   0   0  28   0   2   0  43   2  28   0   0   0  24   0   0  36   0   0   0   0   9   0   2  17   0   0   0  46  35   0  32   0   0   0  41  22
   0   0  42   0   0  44  50   0   0  26  32   0  43   0  43  26   0   0  38  37  37  45  12   0   0   0  45  34  26   0   0   0  42   0  27  22   0   0  11  25   0   0   0  16  34  19   0  17  28   0   7  48   0  38   0   0   3  47  32   0   0  10   0   0  39   3  41  45   0  22   0   0  25   0  33   7   0   0   2  28   1   0  37  35   0  48   7   0  12  13   0   0   0   0   0   0   0   0   0   8  12  14  49   0   0   3   1   0  29  42
   0  49   0  38  24  32   0   8   0   0  13  42   0  47   0   0  24  14  17  47   3   0   0   0  30  30   0  11   0   0  31   0  49   0   0   0   0  16   9  17  10  37   0  44   0   0   0  29  13   0   0   4   0  39   0   0  32  19  26  47  41  28   0   0  45  25   0   0  21  44   5   9   0   0   0  40   0  24  14   0  44  40  47   0   0   0  21   9   5   0   0  35  42   0   0  32   0  22   6  24  26   0   0  45   0  23  30   0   0
  38  29   0   0  16   0   0  28  32   0   0  17  19   0  24  30   0  24  30   0  25   0  17  46  42   6   0   0   0   0   0   0  48  18  40  16   0   0  41   0  16  48  19  24   0   0   0   0  20  34   0   4   0   0   0   0   0  20   0  48  46  22  48  42  40  15  44   9  31   0  29  36   0   7  22  18   0   0   0   9   0   0   0   0   0  35  30  31   0   0   0   5   0  48   0   0  20   0  40  44  20  23   0  18   0  32   0   0
  49  38   0   0  16   0   0   0   0   0   7   0  26   8  39  48   0   0  24   0   4   0   0   0  23   0  22  20   0   0  17  43   4   0  37   0  12   1  25   0   2   0  44  49  16   0   0  24   0   5   0   0   0  48  48   0   0   0   0   0   5   0  32  40   0   0   0   0  34  26   0  41   0   0  49  29   0  19  23   0  32   7   0   0  28  18   0  44  17  50   0   0   0   0   0  27   0  24   0  45  17   0   0   0  46   0   0
  23   0   0  47   4  35  45  45  18  37  45   4  45   0   0   0  46   0  45  40   0   0  37   0   5   0   0  24   0   0  34   0  12   0   0   3   0   0   0  49   0   0  24   0  15  45   0  41   0   0  21  20  38   0   0  32   0  34   0  38  22   0   0   0   0  50  44   0  50   0   0   0   0   0   0  15   3  25  14   1  48   0  17  14   0  46  47   0   0   0   2   0  34  27   0  29  45  14   0   0   0   0   4   0  20   0
   0  10  20   8  50   0  25  28  20  19  37  28   0   0  47   0  13  32   0   0  40   0   0  37   0   0   0  36  18   4  12   6   0   1  36  43   0   2   0   0  31  50  32   0   0  36   0   0  32  21  10  43   0   0   0  38   0  10   0   0   0  13  12   0  17   0   7   0  44   0   0  37   4  27   0   0   0   0   0   0  45   0  11   0   0   0   0   0   0  37  34  13   0   0   0  26  35   5   0  38   0   6   6  14   0
   0   1   6   8   0   0   0  46  41   0  14   4   4  16   0   0  15   0  44  36   1  32   0   0   0   2  33  33   0  44   0   0   0   0  41  45  27  43  16  12   0  21   0  16  13  50   0   0  20   0   0  42  44  41   0  45  32   7   0   0   0  26   0   0  15   6  15   0   0  44  23   0  47   0  47  12   0  49   0   0   0  38   0   0   0   0   0   9   0  15  13   0  17   0  49   0   0  12  21  41   0   0   2  20
   0  30  24  44  21  49   0   0   0  30   1  49  33   0   0   0   7  26   0   0   0  48   0   0   0  36   6  42   0   0  45  29   0   0   0   0  40   0   0  26   0   3  25  25   0   0   0   1  33   0  48  25   0   0  46  30  10  13   0  13  28  16   9   0  44  24   0  42   0  47   5   0   0  12  45  50  17  35  23   0  18  12   4  26   0   0   3  43  38  21   0   0  31  15  30   0   0   3  30  45   0  45  43
  32  40  22  10   0  47   0   0   0  10  18   0   0  29  18   2   0  10   0   0   0   0  50  26   0   7   1  34   0   6  48   0   2  36   0  44   4   0   0  12   2  19   3   0  14   0   0  36   0  10   0   0  32   0  15   0   5   0   0   0   0   3   8   0   0  38   0  15   0   0  43   0  26   0   0   0  49   0  50   0   0   3  20   0   0   0   0   0   2  20   2   0  24  16   0  37   8  25  15  23   0   0
   0  35   0   0  42   0  50   0   7  38  44  41  18   0   0   0   0  46   0   0   0   9   0   0   0   0   0  50  43   0   0   0  19   0   0   0   6   0   4   0   0  36  23  33  41   0   0   0   0   0   0  37   0  22  26   0   0  46   0  41  17   0   0   0   0   4  22  23   0  22   0   0   0  16  10   0   0   0  18  33  13  17   0   4   0  32  22  18   0  22   0   0   0  14   0   0   0   1  29  36   5
   0   0   1  49   0  36   0  15   0  12  40   0  45   0   0   0   1   0   5   0  15   0  26   0   0  22   9   0   0   0  39  30  26   0   0   0   0   0   0   3   0   0  42   0   1  32  45   0   0   0   0   0  20   0  39   0   0   0  14  24   0   0  25  30  44   0  50  20   0   0  38  32   0  44  30   0   0   0   0   0  27   0   0   0   0   0  32  15   0   0   0  34   5   0   0  17  35  45   0   0
   0   0  50   0  20   7   0   0  50  18   1   0  10   0   0   0   0  48   0   0   0   1  21  33   0  43   0  45  25  39  18  32  26   0   7  42  48  35   0   0   0   0   0   0  28   0   7  23  48   0   0   0   0   0   0   0  14  19  24   0   0   0   4   0  18   0   0  48   0  36   0  44  35   0   0   0  43  50  18   0   0  42   1   0  32   0  14  24   0   7  34   0   9   0  33  21  40   0  46
   0   0   0   9   0  37  25  13   0  37  18   3   0  11  15  25   0   0   0  40   0  50   7   0   0   0   0   0   3  48   9   0   0   0  47   0   0   0   0  25  37   0  18   0   2   0   0  32   0   0   0   0  30  21  28  14   0   7   0   0   0   0   0   0   0  34   0   0  33  36  39  32   0  31  19  13  13  22   0  26   0  45  27   0   0   0   0   0  20  33  33   0   8  19  31  39  12   0
   0  42  44   9  11  44   0  50  31  20  28   0   0   0   0   0  42   0   3   0  15   0  34   0  23   0   2  26   0   0  50  38  20   0  46   0  33  25  28   0   0   0   0  19   0  10   0   0   0  17  44   3  12  10   0   1   0  45   0  29  23   3   2   0   5   0   0   0  27  40  48  38  19  10  35   0  49   0   0  16  42   0   0  28   0  28   0   0   0  15  31   0   0   0   0   0  12
   7  21   0   0  48   0   0   0  33   3   0  25   0  27   0   0  10  19  11   0  39   0  20   0   0   1  32   0   0  37   0   0  34  50   0   0   0  20  14  35  17   0   0  35   0  39  20  22  12   0  11  23   0  46  50   7  30   0   0   0   0   4  40   0   0  33   0   0   0   0  34  48   0   0  48  28   7   0   0  34  12   0   0   0  21   0  35  38   0   9   0   0   0   0   0  21
  20   0   0   0   0   0  25  45  36  30  15   0   0  22  12   0   0   0   0  18   0  15  27   0   0   0   8   0  47  39   0  26   0  15  17   0  12   8   0  31   0   0   5  45  41  17   9  45   0   0   0   4  34  42   3  49  50  31   9   9  35   7  21  15   0   0  17  29   0  38   7  31  40   0  50  50  37  31   0   0   0   0  32   0   0  36   7  28  43   3   5  39  49  42   0
  27   0   2  41   0   0  19   0  49  43   0   0   0  32  17   0   0  38  22   0   1  16   0   4  20   0   0  14   0   0   0   4   0   0   0   0  26  39   0  47   0   0  47  29   0  36  27  39   0   0  22   0  38  11  46   0   0  27   0  37  27  35  40  22   4   0   0  37   0   0  45   0  48  22   0  23   0   1   0   3   0  28  27   7   0   0   0  11   0  21  21  10   0   9
   0   7   0  27  50   0   0   0  37   0   0   0  23   5   4   0   9  23  26   0  17   0   0   0   0  18  32  14   3  31  17  30   0   0  17   0   0  21  38  20   0   0   0  33  38   0  34   0   0   0   0  41  29   0   0   0   0  29  29   0  18   3   0  39   0   0   0  42  26   6   0   0  22   0  20   0  19  31  42   0   0   0  26   6   0   0  14   0   0  28   0   0  24
   0  13  44  14  25   0  44   0   0  16  44  11  24   0   0   0   0   0  12  41   0  23   0   0   0   0   0   0  16   0   0  17  21   0   4   0  18  25   0  36   0   0   0   9  17   0   0   0  27  20  20   0  27   3   0   0  10  19   0   0   0  31   0   0   0   0   2   0  24  37   0   0  17   0  46  10   9  39   0  49  17   0   0  49   6   0   0   0   0  45  20   0
   0   0   0  17  23   0   0   0  34   0  45   0   0   0  48   0  36   7   0  27   0   0   0  21   0  31   5  12  20   0   0  50   0   0   0   0  44   0   4   0   0   0   0  40   0   0  33   0   0  17   0   0   0   0   7   0   0  20   0   0   0   0  33   0  17   0   0   0   0   0  12  20   0   0   0  43   0   0  31   0   9  18   0  37  16   0  19  10   0  39   0
   3  25   7  25  10   0  35   0   0   0  35   0   0   0  28   0  20   0   0   8   0   0   0  31  14  10   4   0   0  25   0  29  24   0   0  29  30  13   0  48  44   0  24   0   0   0   0  24   0   0   0   0   0   0   0  31   0   9   6  14   0  49  17   0   0  23  25   0   0  31   0   0   0   0   0  32   0   0   0   0   0   0   0  29  12  42   0  34  14   0
   0  42   0   0   3  46   0  29   0  34   0   0   0   0   0   0   0  35   0   4   0   0  46  23  12   0  38   0   0   0  27   0   0   3  40   0   0   0   0  10  15   0   0   0   0   0   0  47  41   0  45   7   6   0   0  24   0  19   0   0   0  50   6  15   0   0   0   0  34   0   0  50   0   0  41  39   0   0  13   0   0   0  36   0   0   0  19   0  30
  45  45   8   0  49   0   0   0   0   0   7   0   1  12  34  35  26   0   0   0  33   0  37   0  20  47  29   0   0  12   0  15  27  38  49  32   0  13  25  15   0   4  21  18  16   0   0  18   0   7  46  27  45   0   0  38   0   0  25  36   0   0   0   0   0  18  26   0   0   0  50   0   0   0  41  15  50   8   0   0   0   4  35   0   4  40   0  14
  33   0   0   0   5  43  23  46  48   0   0  41  16   0  47   5   7  47  36   0  31   0  33   0   0  32   0   0  32   0  22   0   2   0  15   0  15   0   0   0   0   0   0   0   0  15   0   4   1  19  39   0  25   0   8  38   0   3  17   0  20   0   0  28   8  37  28  23  26  49   0   6  25   0   0  16   0   0   0   0   0  17   0  16  25   0  39
  37  22  35  11   0  39   4  50   0  12  21  16  24  44   0  17   6  26   0  28  20   0   0   0   0  32   0   0  26  48  36   5  31  50  15   0  34   0   0   0   8   1   0  32  34  33   0   0   0  16   0   0  11  23   0   0  15   2   0   0   9   0   9  33   0  17  25  17  25   0   0  37  41   0  28   0  17   0   0   0   8   0  35   0   5   6
  29   0   8  13   0  23   0  40   4   0   7  39  33   0   0   0   0  38   0  43   0   0  48  13   2   0  37   0   0  44   0   0   0   0   2   0   6  19   0   0   0  29   0   8   0  39   0  22   0   0   0   0  34  40   0  27   0   0   0  41   0   0  37  19   0   0  16  27   0   0   0   0   0   0   0   9   0  12  27   0   0   0  36   0  27
   0  22  12   0  40  46   0  36   0  22  48   0   0  15   2   0   0   0  11   0  14   8   0  41   0  48   0  17  47  13  39   0  12   0  27   0   0  25   5  22   0  37  39   0  35  20  13   0   8   0  30   0  43   0   0  30   0  24  49   0   0   6  12   0   0   0   0   0   6   0   0  37   0   7   0   0   4   0   8  14  50  25   0   0
   0  23   0   0   0   0   1  32   0   0  31  10  26   0  46  15  29   0   0   0   0   0   0  30   0   7  29  24  13   0   0  37  40   0   0   0   0   0   0   0   5   0   0   0   0  45   0   0   0  40  24  35  11  15  20  36   0   0  42   0  26   0   0   0   0   0   0  30   0   0  16   0  47  24   0   0  36   0   0   0  46  37  20
  12  25   0  34   0   0  46   0  47  42   0   0   6   0  12  33  46  42   6  47  34  20   0   7   0   0   0   0  19  36   0  27   0  19   0   0   0  21   0  12   0   0   4   0   0  26  23   0  18   0   0  12   0  13  39  42   0  13  32  49   0   0   0   0  40   0   0  40   0   0  43  18   0   0   0   0  16  48  10   0  10   0
   0   0   0   4  36   7  50  36  38   6  44   0   4   0   3   0   0  37   0   0  22   0  24   0   0  49  40  46  27   8  47  26  50  46   0  38   0   0  42   0  17  39  35   0   0  41   0   0  11   0   1   0  41  45   0   0  18  32  46  25  43  31   0   0   0   0  12  14   0   0   0   0  26   0   0  26  32   0   0   0  29
  23   0   0   0  32  47  44   0   0  49   0   0   9  12  39  34  28  40   0   0  19   0   0  41   0   0   8   0   0  17   7   0  41   0   0  31   6  46  13  26   0  50   0   0  26  26   0   7   0   0   0  40   0   0   0  44   0   4  43   0   0  37  46  27   0   0  11   0  47   0   0   7  46   0  43  31  48   5   0  42
   0   0  25   0  29   0  21  36  33   0   0  14   0   0  17  27   3   0   0   0   0  33   0  44  49   0  50   8   0   0  44   0   0  38  35  46   0   0   0   0   0   0   0   0  20   0   0   0   8   0  29  21   0   0   0   3  49   0  33   0   0   0  22   8   0   0  19  20   0  10   8  43  38   0   0  36   3   0  35
   0   0   0   4   0   0   0   0   0   0   0   2  30   0   5  40   0   0  34   7   0   0   0  14   0   4   0   0  22  38  22   0   0  33  25   0   7   0   0   7  24   0   0  16   0   0   0   0  45   0  16  30  19   0   0   4   0  12   0   0   2   0   0  30   0   0   0   0   3   0  41   0  43  19   0  35   0   0
   9   2  43   0  39   0   7  17   0   7   0   0  32  10   0  41   1  47  48  32   0  28   0   0  36   0   3   6   0   0  47  38   0  35   0   0   0  35  39  25  30  14   0   0  49   9  22  44   0  26   0   0  29  10   0  36  34   0  22   2   6   0   0   0   9  28   0   0  11   0  22  12   0  33  20   0  28
   0   0   0   0  10   3  24   5   0   0  12  15  26   0   0   0   1   0   0   0   0  30   0   0  21   0  16  27   0   0  50   0   0  23  34   0  28   0  47  15   0   0   0  14   0  15   0   5   0   0  23  20  43  24  47   0   0   0  18   8   0   0   0   0   0   0   8  20   5  21   0  45   7   0   0   0
  11  39   0  21   0  23   0   0  44   0  16  29  50  12  24   0  14   0  31   0   5   0   0   5   0   2   0  14   0   0   0   0   0   8   0  33   0  20   9   1   0   7   2   0   0  28  47   0   0  23   0   0   0   0   0   0   0   0   0   0  30  50   0  28   0   3   0   0   0   0  25   5  10  20   0
   0   0  46   2   0   0  20  14   0   0   2  32   0  45  48   0  36   0   0   0   0   0   0  32   0  17  24   0  31   0  21   0   0   0   0   3  50   0   0  50  26   0   0   0   0   0  15  12  46   0  34   8  15   0  25   0   0   0   0   0   0   1  20  38  33   0  35  23  49   0   0  45  36   0
  27   0  24   0   0  39  15   7  25   0  13  10  21   0   0   0  16   1  43   0  47  17   0   0  48  43   0  47   0   0   0  35   0   0   0   0   0  12  36   0  23  32   9   0  49   0   0  27  48  40   0   0   0   0   7  49   0  18  11  26   4  24   6  12   0   0   4  43   7   0  19  28   0
  48  42  11  12   0   0  44   1   0   0   0   0   0  12  15   0   0  23  18  21  22  36   0  12   0   0  47  36   0  31   0   0   0  34  33   0   0   0   0  15   0  43  43   0  35  29  47   0  25   0  49   0   0   0  17  42   0   0  47  49   0   0   0   9   0   0  15  22   0  37   0  40
   1  18   0   0  19   0   0  23   0   0  12  37   0   0   0   0   0   0  36   0  30   0   0   0  13   0  35   0   0   0  14   0   0  40  25   0   0  43  20   0   5  25  36   0  16  21  44  32  20   0   0   0   0   0   0   5  12  24   0  10  26   0  47   0  10  44  42  16   3   0  33
  28   0  28  28  42  47  24  45  48   0   0  33  29  22  31  25  39   4   0  44  24  49  16  10   0   0  32  14  36   0   0   0  23   0   5   9  29   0  39   0  15   0   0   8   0   0  20  41   0  16  31  14  20   0   0  17  33   8  31   0   2  21   9   0   0   0   0   0   0  20
   0   0   0  21  30   0  42   0   6   0  13  22   7  18  36  41   0  26   0   0  47  14  13   0   0  30   0   6  46  21  37  10   0  42  12   0   0   7   0   0   0   0  33   0   0   0  35   0  23  33  48   0  31   0   0   4   0   0   0   0  27   0  24  26   0   0   0   0  40
  48  11  42   0   0   0   0   5  44   0   0   4  36  20   0   0   0  35  20  49   0   0  42  12   0   0   0  30   0   0   0  17  31   0  46   0   0   0   0   0   0  38  31   9   8  16   0  18   2  37  35   0   0  27   0  10   0  26   0   0  30  33   5   0   0  18   0   0
  28   0   3  41  41   0   3   0  38   6  48   0   0   0   0   0  43   7   2   0   0   0   0   0   0   4   0   0   0   0   0  29   0   7  13  46  10  21  24   0  50   0   0   0   0  49   0  48   0   7  45   0  49  28  35  25  26   0   0  33   0  25   2  50   0   0  39
  34   0   0   0  39   0   0   0   0   0   0  19  33  24  21  26   1   0   0  44   0   0   0  41   0  17   0  27   0   0   0   0  27  36  41  40  12  24   4   0   4  36   0  31   0  12   0   0   0  30  29   0   0   0  26   0   0   0   0  38   0  14   7   9   0   0
   0   0   0   0   0  24   0  37   0   0  28  49   0   0   0   0  36   3  25  25   3   0   0  42   0   0   0   0  22   0   0   0  11   0   0  12   0   5   0  22  33   0   3   2  12  33   0  44  38   7   0   0   5   0   0   3   5   0   1  10   2  25  33  18   7
  19   0   9   0   0   0  46   0   2   0   3   0  42  48  33   0  18   0  16  10   0   0  10  34   0  10  26  38   8   6   0   0   4   0   0   0   0  32   0  19   0   3   0   0   0   0   0   0  23  35   0   0   0   0   0  12  33   0   0   4   0   6  37  20
  40   0  39   0  23  12   0   0   3  11   1   1   0   9  10  26   0   0   0   0   0  15  23  28  23   4   2  47   0   0   0   5  29  33   0  42  29  41  38   5   7  50   0   0   0  40   3  32   0   0  39  49   0   0  14   0   0  36   0  47  20  22   0
  17   0  48   0  17  25   0  37   0  31   0  40   0  36  44  30  30   0  45   0   0   0   0  30  33   0   0   0   0  43   7   0  27   0   0  32  39   0   1  36   0   0   0   0  26  17   0   0   0  17  14   0  29  20   0  29   0   0   0  34  14   0
  11   0   0   0  25   0   0   0  16  10  37  36  48   0   0  26   0  32  20  23  50   0   0  40  45  50  25  33   0  40   8   0   0  23   3   1  34   0   0   0  22   0  16   0   0   3   0   0   0   0   9   0   0   0   0  36   0   0   0   0  37
   0   0  37   0   4  36   5   0  17   0  42   0   0  16  33   0  27   0   0  22   4   0  37   0   0   4   0   0  10   1   0   0  30   0   0  37   0   0   0  35  26   0   0  47  34  34   0   0   0   0   0   9  43   3  41  25   0  38  13   0
   0  46   0   2  22  30  40   0   0   0   0  31   0   0  13   0   0   0  43   0   0   0  34  32   0  43   9   0  15   0   0   0   0   2   0   0  35   0   0  32   0  49   0  15  34   0   0  38   0   8   0   0   0   0  13   0   0  12  24
   0  11   0   0   0  40   2  36  23   7   0  46  36  34   7   0   0  38   1   0  44  49   0  40  43   0  32   4   5   0   0   0   2  22   0  35  22  42   0  25   0   0  36  38  18  14  26   0   0  12  47  11   0  15   0   4   0   0
   0  26   0  35   0  16  43  26   0   0  13   0   0  20  43  17   0  18  13  41   0   0   0   0   0   0   0   0  44   0   0   0   0   0   0   0  32   0  16   0  22   0  46  19   0  34   0  15  50   0   0   0   0   0  48  22   0
   0   0  28   7   8  35   0  39   0   0   0  48   0   0   0  33  15  40  22   0  42  22   0   0  31  33  14  26  18  29   0   0  26  50  48   0   0  23   0   4  38   0  41  40   0  32   0  42   0  26   0   0  17   0  18  32
  32  29   0  32   0  44   0   0  26   0  24  16   0   0  13   0  24  18  32  18  34  31  33  13   0   0   0   2  49   0  28  40   0   0  21   0   0  31   0  40   0   0  26   0   0  19  41  47   0   0   0  48  25  44   0
  23   0   0   0  10  33   0   0  46   4   8   0  14   0  18   0   0  36  48  36  23   0   0  18   0  40   0   0   1   3  48   0  12   0   0   8   0   0  30   0   0   0   2  23  43   0  37   0   3   0   0  19   0   2
   0   0   0  32  42  46  13  21   0   0   0   0   0   8   1   0   0  26  49   0  30  50   9  24   0   5   0  17  45   8   0  18  19   0   0   0   0   8   0   0   0   0   0   0   0   0  28   0   7   2   0   0   0
   0   0  39   0   5   0   0   0   0  29   0   0   0   5   0  32   0   0   5   0  21  34   0  36   6  24   0  28  43  13  15   0  42   0  11  14  22  10   0  24   4  26   0   0  14   0  23   0  27   0   0   0
   0   0   0  49  13   0  40   0  31  48   0   8  20  14   0   0  18   0   3   0  45   5   0   0  42  23  41   0   0   0  18   0   0   0   1   0  24  37   0   0   0  10  47  23   0   0   0  39  38   0  44
   0   0   0   0   0  21   0  46  11   0   0  42   0  37   0   0   0   0   0  29  16  19  12  49   0  44  39  37   0  14  14   0   0   0   0  11   0   0   2  17   0   0  31   0   0   0   0  25   0  37
  31  44   8   0   0  41  41   1   0  19   0  27  40  15  26  14  44  46   0   0  40  37  30  26  40  35   2   0  40   0   7   0   0   0   0   2   0   2   0   0  12   0   0   0   8   0   0  35   0
  35   5  41   8   0  36  46   0  37   0   0  20  13   0   0   0   0  31   0  35  32  27   0  27  23   0  10  29  15   0   7  28  34  19   0   0   0   0   0   0  15  11   0  25  30   0   0  48
   0   0  14   0   0  18  47  32   0  33   0   9   0   0   0  50  34   0   0   0  14   0  17  42   0  36  40  37  17  35  46  35   0  43  28  22   0   0   0   0   0   0   0  29  39   0   0
   0   0  34   0  16   0  50  14   0   0   0   0   0   0  38   4  42  26   2  18   6   1  24   0   0   0   0   0   0  26  27   0  18   9   0  23   0  44  43  43   0   0   0   5  31  11
   0   0   0   0  11   0  23  19   0   0   1   0  14   0  49  41  26   9  36   0   0   0   0  43   0   8   0   0   0   0  38  44   0   0   0   0   0  48   0  27   0  18   0   3   0
   0  10   0   0   0  16   0  31   0   0  45   0   0   0  10   3   0  17  38   0   0   0   0   0   0   0  15   0   0  37   0   0   5   0   0   3   3  43   0  30   0  37  35   0
  19  10   0  31   0   0   0   0   0   5  26  24   0   6   6   6   0  22   0   1   0   0   9  15   0   0  29   9   6   0  42  18   0  19  29   0  43  41   0  50   0   0   0
   0   0  20   4  29   0   0  29  24  34   0   0   2  28   0   6   0   5  19  31   0   7   0   0   0  46   0  14   0   0  34   0   0   0   0  21   0  25   0  23   0  45
   0   0   0   0  36  20  44   9  25  50   0   0  21   0   1  26   7  25   0   0  33  10   0   0  32  26   0   0   0  39   4   0  21  37   0  29   0   0   0  49   0
   0  42   0   0  38   0  35   0   0   0   0  41   6  43   8   0  43  48  13  28   2   0   0  18  35  14  12   4   3   0   7   0   0  39   0   0   0   0   0   0
  41   0  25   2  15   0   1   0   0  39  17   0   0  34   0  42  26   0  33   0   0   0   9   3  37  12   0  12  28   1  35  17   4   0   0  40   0  12   0
  16  47   0  44  32   0   0   0   0  31   0  42  43   0   0  41   0  41  14  18   0   0   0   0   0  26  46   0  48   0  42   0   0   0  15  30  27   0
   0   0  19  27  37   0  43  12   0   0   0   0  23   0   0  33   0  29  24   0  47   1  22   0  36   0  13   0  24   0  38   0  35   0  47   4  23
  21   6   0   0   0   9  32   0   0  28  16  27   0   0  14  12  24   0  16  17   0  43   0   0   1   0  13   0  46   0  47  22  49   8   0  19
   0   0  16  48   0  15  20  39  33  17   0  37   0   0  29   8   0   0   0  18   0   6  29   1  45   0  14   0   6   0   0  30  50   0  48
   0   0   0  17  41   0   0   0  15   0  16   0  46  38  29  36   5   0  41   4   0   0  23  19  47   0   1   0   0  20   0  29   8   0
   0   8  10  36  33   9  15   0   0   0   0   0  46   0  37   4  16   0   0   9  27   0  17   0   0  28  15   0   0   0  43  27   0
   0   0   0   0   3  49  26   0   0   0  15   0   0   0  33   0   3   8   0  31  19   8   0   0  31  40  35   0  33  29   2  13
   0   0  28  50  31  13   0   6   0   0   0  49   0   0  29  26   0   0  43   0   0  20  29   9  25  37  26   0  38   0  22
   0   0  39   0  20   0   0  33   0  32  11   0   2  18  38   0   0   2  27   6   0  32   0  48   0   0  50   0   0  16
   0   1  17   0  31   3  11  36   0   7   0   0  39  14   0  38   0   0  15  44   0  23  16   0  17   0   1   0  33
   0   0  38  27   1  28  13  36   0   0  49  18   0  37   0   0   0  13   0  49   3  28   0   0   0  14  22   0
  29   0   0  14  50   0  14   0  40  32   2   6   0   0  24   0   4   0  38  27  11   0  29   0  20   0  34
   0  21   0  23   0   0  42   0  49   0   0   0   0  10  27   0   0   0  14   0  47   0   4   0   2   0
   0   0  24  29   0   6  12   0   0   0   4   0   0   0  36   0   0   9   9  11  30   5  40   9  38
   0   0   7  15  39   0  14  12   0   0   0  17  28   0   0   0   0  35  31   0   0   0  46   0
  38   0   0  29   0   8  29  27  48   0  45   9   0   0  25   0  12   0   6   0   0   0  27
   0  18   0  31  33  44  39  29  50  46   3  49  14   0  31   0   0  33  10   0  20   8
   0   0   0  14   4   0   0   0   0   0   0  15  36  23   0  10  21   7  34  22  44
   0  42  29   4  40   0  49   0  19   0   0  22   0  21   7  29   0  32  23   0
  50   8   0   0  27   0   0  32  49  27   0  24  19   6  24   0   0  43   0
  13   0   2   0  29   0   0   0   0   0   0   0  30  34   0  42   0  27
  30  48  26   0   0   0  22   0  46  46  32  30   0  49   0  49   0
   0   0   0  49  11   0   0  43   3   0  28  24   0  42  48   0
  37   0   0  32  28   0  16   0   0  33   0  15  14  37   0
   5   0   0   0   0  11  17   0   0   0  22   0  38  28
  11   4   8   0   0   0   0  42  25  17   0  11   0
   0  30   0  35  25   0  34   0  30  10   0  24
  27   0   0   0  18  30   0  13   0  42  37
  37   4   0   1   0  15   0   0   0   0
   0  13   1  22   9  25   0  26   0
   0  12  46  49   7   6   0   0
  39   0  29   0  25   3   0
   0   0  32   0   0   6
   0   0   8  13  15
   0   0   0   0
  35  46   0
  35   0
   0

 1475
  15  10   8  18  25   5  11  10   4  23  20   8  24  18  16  13  10   6  17   1  15   1  24  18  22   7  21  17  16   8  10   4  13  17   5   8   6   1  25  17  25  14  25   3  23  10   1   8  14   5  22   7   4  11  10  17   6  22  13  15  18   1  19   6  21   3  12  22  12   3   7   7   1  15  18  19  14  13   3  25  14  24   2  16   1  21   8   2  22  12   6  19  24  25   4   3   4  16  17  15  18   3  19  25  10   4  15  24   6  11  23   5  19  18  20   2  11   3  25  22
