 120 
   0   0   0   0   0   0   0   0   0   0   0   0  34   0   0   0   0   0   0   0   0   0   0   0   0   0   0  40   0  35   0   0   0   0   0   0   0  19   0  18  41   0   0   0  38   0   0   0   0   0   0   0   0   0   0  50   0  33   0   0   0   0   0   0  25   0   0   0  12   0   0   0  40   0   4   0   0   0   0   0   0   0   0  27   0   0   0   0   0  46   0   0   0   0   7   1  11   0   0   0   0   6  43  40   0   0   0   0   0   0   0   0   0   0   0   0  15   0   0   2
   0   0   0   0   0   0   0   0   0   0   0  47  33   0   0   0   0   0   2   0   0   0   0   0  31   0   0   0   0   0   0   0   0   0   0  49   0   0   0  30   0   0   0   0  12   0   0   0   0   7   0   0  18   2   0   0   0   0   0   0   0   0   0   0   0   0   0   0   0  37   0   0   0   0   7   0  50   0   0   0   0   0   0   0   3   0   0   0   0   0   0   0   0   0   0   0   0   0   0   0  49   0   0   0   0   0   0   0   0   0   0   0   0   0   0  25   0   3   0
   0   0   0   0   0  39   0   0  45   0   0   0  32   0  50   0   0  21  35   0   0   0   0   0  39   0   0   0   0   0   0   0   0   0  34   0   0   0   0  41  33   0   2   0   0   0   0   0   0   0  38   0   0   0  47   0   0   0   0   0   0   0   0  41   0   0   0   0   0   0   0   0   0   0   0   0  15   0   0   0   0   0   3   0  27   0   0   0   0   0   0   0   0   0   0   0   0   0   0   0   7   0   0   0   0   0   0   0   0   0  30   0  40  16  48   0  49   0
   0   0   0   4   0   0   0   5   0  13   0   0   0   0   0   0   0   0   0   0  44   0   0   0   0   0   0   0   0   0   0   3   0   0   0   0   0   0   0   0   0   0   0   0   5  50   0   0   0   0   0   0   0   0   0  21   0   0   0   0   0   1   0   0   0   0  28   0   0   0   0   0   0  32   0  14   0   0   0   4   0  50   0   0   0  28   0  36   0   0   0   0   0   0  31   0   0   0   0  16   0   0  25   0   0   0   0   0   0   0  15   0   0   0   0   0   0
   8   0   0   0  50   0   0   0   6   0   0   0   0   0   0   0   0   0   0  29   0   0  13  36   0  17   0   0  35   0   0   0   3   0   0   0   0   0   0   0   0   0   0   0   0   0   0   0   0   0   0  18   0   0   0   0   0   0   0   0   0   0   0   0   0   0   0   0   0   0   7   0  43   0   0   0   0   0   0   0  28   0   0   0   0   0   0   0   0  13   0   0   0   0   0   0   0  31   0   0   0   0   0   0  17   0  14   0   0  32   0   0   0   0   0   0
   0  40   0   0   0   0   0   0   0   0   0   0   0   0  19   0   0   0   0   0   0   0   0   0  47  41   0  44   0   0   0  35   0   0   0   0   0   0   0   0  36   0   0   0   0   0   0   0   0   0   0   0   0   0   0   0   0   0   0   0   0   0   0   0   0   0  31   0  33   0  12   0   0   0   0   0   0   0   0   0   0   0   0   0   0   0   0  28  27   0  46   0  38   0   0   0   0   0   0   0  20   0   0   0   0   0   0   0   0   0   0   0  41   0   0
   0  30   0   0   0   0   0   0  15   0   0   0  49   0   0   0   0   0   0   0   0   0   0   0   0  29   3   0   0   0   0   0   0   0   0   0   0  14   0  41   0   0   0   0   0   0   0   0   0   0   0   0   0   0   0   0   0  45   0  41   0   0   0   0   0   0   0   0   0  20   0   0   9   0  15   0  39   0   0   0   0   0   0   0   0   0   0   0   0  32   0   0   0   0   0   0   0  31   0   0   0   0   0   0   0   0  28   0   0   0   0   0   0   0
   0   0   0   0   0   0   0   0   0   0  33  43   0   0   0   0  45   0   0   0   0   0   0  10   0   0  17  45   0   0   0   0  33   0  46   0   0   0   0   0   0   0   0   0   0   0  32   0   0   0   0  29   0   0   0   0   0  11   0  40   0   0   0   0   0   0   0  15   0   0   0   0   0   0   0   0   0  17   0   0   0   0  21   0   0  22   0   0   0   0   0   0   0  12   0  48   0  31   0   0   0   0   0   0   0   0   0  12   0   0   0   0   0
   0   0  12   0   0   0   0   0   0   0   0   0   0  37   0   0  46   0   0  15   0   0   0   0   0   0   9   0   0   0   0   0   0   0   4   0  20   0   0  13   0   0   0   0   0   0   0  45   0   0   0   0   0   0   0   0  29   0  23  33   0   0   0   0   0   0   0   0   0   0   0   0   0   0   0   0   0   0   0   0   0   0  41   0   0   0   0   0   0   0   0   0   0   0   0   0   0  27   0   0   0   0  21  37   0   0   0   9   0   0   0   0
   0   0   0   0   0   0   0   0   0   0   0   0  39   0  10   0   0   0   0   0   0   0   0   0  10   0   0   0   0   0   0   0   0   0   0   0   0   0   0  47   0   0   0  36   0   0  48   0   0   0   0   0   0   0   0   0   0   0   0   0   0   0   0   0   0   0   0   1   0   0   5   0   0  48  34   0   0  36  26   0   0   0   0   0   0   0   0   0   0   0   0   0   0   0   0  14   0   0   0   0   0   0   0   0   0   0   2   0   0   0   0
   0   0   0   0   0  38   0   0   0  46   0   0  23   3   0   0   0   0   0   0   0   8   0   0   0  39   0  43   0   0   0   0   0   0   0   0   0   0   0   0   0   0   0   0   0   0   0   0   0   0   0   0   0   0   0   0   0   0   0   0   0   0   0   0  48   0   0   0  35  36   0   0   0   0   0   0   0  30   0   0  10   0   0   0   0   0   0   0  48   0   0   0   0   0   0   0  10   0   0   0   0   0   0   0   0   0   0   0   0   0
  11   0   0   0   0   0   0   0   0   0   0   0   0   0  49   0   0   0   0   0   0   0   0   0   0   0  30   0   0   0   0   0   0  16   0   7   0   0   0   0  41  44   0   0   0  42   0   0   0   0   0   0   0   0   0   0   0   0   0   0   0   0   0   0   0   0   0   0   0   0   0   0  48   0  22  48   0  28   0   0   0   0  28   0   0   0   0   0   0   0   0   0   0  22   0   0   0  50   0   0   0   0   0   0   0   0   0   7  13
   0   9   0   0   0   0   0   0   0   0   0   0   0   8  44   7  40   0   0   0   0  41   0   0  12  40   0   0   0   0   0   0   0   0   0   0   0   6   0   0   0  23   0   0   0   0  26   0   0   0  35  18   0   0   0   0   0   0  18  27   2   0   0  27   0   0  33  21   0   0   0   0  44   0   0   0   0   0   0   0   0   0   0   0   0   0   0  29   0   0   0   0  10   0   0   0  41   0   6   0   9   0   0   0   0   0   0   0
   3   0   0   0   0   0   0  28   0   0  50   0   0   0   0   0  45   7  32   0   0   0   0   0   0   0  30   0   0  42   0   0   0   0   0   0   0   0   0   0   0   0   0   0  43   0   0  32   0   9   0   0   0   0   0   0   0   0   0   0   0   0   0   0   0   0  11   2   0   0   0   0   0   0   0   0  29   0   0   0   0  13   0   0   0   0   0   0   0   0   0   0  31   0   0   0   0   0   0   0   0  18   0   0   0   0   0
  21   8   0  17   0   0   0   0   0   0   0  29   0   0   0   0   0   0   0   0   0   0   0   1   0   0   0   0   0   0  24   0   0  25   0   0   0  43   0   0   0   0   0   0  43   0   0   0   0   0   0   9   0  27   0   0   0  41   0   7  21   0   0   2  31   0   0   0   0   0  29   0   0   0   0   0  14   0   0   9   0   0   0   0   0   3   0   0   0   0   0   0   0   0   0   0   0  29   0   0   0   0   0   0   0   0
   0   0   0   0   0   0   0   0   0   9   0   0   0   0   0   0   0   0   0   0   4   0  28   0   0   0   0   0   0   0   0   0  18   0  28   0   0   0   0   0   0  12   0   0   0   0   0   0  19   0   0   0   0   0   0   0  34   0   0   0  36   0   0   0   0   0   0   0   0  15   0  21   0   0   0   0   0   0   0   0   0   0   0   0   0   0   0   0   0   0  47   0   0   0  31  35  20   0   2   0   0   0   0   0   0
   0   0   0  11   0   0   9   0   0   0   0  35  37   0   0   0   0   0   0   0   0   0   0  28   0   0   0   0   0  25   0  14   0   0   0   0   0  49   0   0   0   0   0   0   0   0   0   0   0   0   0   0   0   0   0  20   0   0   0   0  31  42   0   0   0   0   0   0   0   0   0   5   0   0   0   0   0   0   0   0   0   0   0   0   0   0   0  41   7   0   0   0   0   0   0   0   0   0   0   0  26   0   0   0
   0   0   0   0   0   0   0   0   0   0   0   0   0   0   0   0   0   0  24   0   0   0   0   0   0   0   0   5   0   0   0   0   0   0   0   0   0   0  33   0   0   0   0   0   0   0   0   0   0  27   0   0  24   0   0   0   0   0   8  23   0   0   0   0   0   0   0   0   0   0   0   0  47   0   0   0   0   0   0   0   0   0   0   0  16   0   0   0   0  36   0   0   0  24   0   0   0   0   2   0   0   0   0
   0   0   0   0   0  32   0   0   0   0   0   0   0   0   0   0   0   0   0   0   0  13   0   0  48  44   0   0   0   0  22   0   0   0   0   0   0   0   0  42   1   0   0   0   0   0   0   0   0   0  16   3   0   0   0   0  48   0   0  23   0   0   0   0   0   0   0   0   0   7   0   0   0   0  49   0   0   0   0   0   0  39   0   0   0   0   5   0   9   0   0   0  31   0  19   0   0   0   0   0   0   0
   0   0   0   0   0   0   1   0   0   0  47   0   0   0   0   0  30  10   0   0   0  14   0   0   0   0   0   0   0   0   0   0   7   0   0   0   0   0   0   0   0   0   0   0   0   0   0   0  37   0   0  10   0   0   0   0  12   0   0   0  50   0   0   0   0   0   0   0   0   0   0  40   0  40   0   0   0   0   0  30   0   0   0   0   0   0   0   0   0  14   0   0  45   0   0   0   0   0   0   0   0
   7   0  42   0   0   0   0   0   0   0   0   0   0  27   0   2   0   0   0   0   0   0  12   0  28   0   0   0   0   0   0   0  37   0   0   0   0   0   0   0   0   0   0   0   2   0   0   0   0  46   0   5   0   0  38   0   0   0   0  35   0   0   0   0   0   0   0   0   0   0   1   0   0   0   0   0   0   0   0   0   0   0   0   0   0   0   0   0   0   0   0  46   0   0   0   0   6   0  17   0
   0   0  15  48   0   0  27   0  32   0   0   0   0   0   0   0   0   0  47   0   0   0   0   0   0   0   0   0   0  31   0   0   0   0   0   0   0   1   3  25   0   0   0   0   0   0   0   0   0   0   6   0   0   0   0   0   0   0   0  22   0   0   0   0   0   0   0  23   0   0   0   0  45   0   0   0   0  21   0   0  22   0   0   0   0   0  41   0   0   0   0   0   0   0   0   0   0   0   0
   0   0   0   0   0   0   0   0   0   0  15   0   0   0   0   0   0   0   0   0   0   0   0   0   0   0   0   0  35   0   0   0   0  11   0  38   0  41   0   0   0   0   0  17   0   0   0   0   0  49   0   0   0   0   0   0   0  47   0   0   0   0   0   0   0   0   0  18   0   0   0   0   0   0   0   0   0   0   0   0   0  45   4   0  23  48   0   0   0   0   0   0   0   0  26   0   0   0
   0   0  14   0   0   0   0  48  23   0   0   0   0   0   0   0  43   0  26   0   0   0   0  19   0   0   0   0   0   0   0  22   0   0   0   0   0   0   0   0   0   0   0   0  18   0  35   4  48   0   0   0   0   9   0   0   0   0   0   0   0   0   0   0   0   0   0   4   0   0   0  37   0   0   0   0   0   0   0   0   0   0  17   0   0   0   0  29  40   0   0   0   0   0  47   0   0
   0   0   0   0   0   0   0   0   0   0   0   0  21   0   0   0  16  19   0   0   0   0   0  16   0   0  34   0   8   0  20   0   0   0   0   0   0   0   0   0   0   0   0   0   0   0   0   0   0  30   0   0   0   0   0   0   0   0   0   5   0   0  20  11   0  40   0   0  33   0   0   0   9   0  30   0   0  13   0   0   0   0  28  46   0   0   0   0   0  10   0   0   0   0   0   0
   0   0   0  36   0   4  32   8   0   0   0   0   0   0   0   0   2   0   0   0   0   0   0   8   0   0   0   0   0   0   0   0   0   0   0   0   0   0   0   0   0   0   0  41   0   0   0   1  28   0   0   0   0   0   0   0   0   0   0   0   0   0   0   0   0   0   0  27   0  26   0   0   0   0   0   0   0   0   0   0   0   0   0   0   0   0  17  35   0   0   0   0   0   0   0
   0   0   0  41   0   0   0  29   0   0   0   0   0   0   0   0   0  45   0   9   0   0   0   0  28   0   0   0   0   0   0   0  27   0   0   0  31   0   0   0   0  39  21   0   0   0   0   0   0   0   0   0   0   0   5   0   0  39   0   0  47   0   0   0   0   0   0   0   0   0   0   0   0   0   0   0   0   0   0   0   0   0   0   0  22   0  34   0   0   0   0   0   2   0
   0   0   0   0   0   0   0   0   0   0   0   0   0   0   0   0   0   0   0   0   0  43   0   0   0   0  32   0   0   0   0   0   0   0   0   0   8   0  36   0   0   0  46   0  10   0   0   0   0   0   0   0   0   0   0   0   0   0  31  41   0  36   0   0   0  30   0  45   0   0   0   0   0   0   0   0   0   0   0   0   0   0  16   0   0   0   0  38   0   0   0   0   0
   0  37   2   0   0   0   0   0   0   7   0   0   0   0   0   0   0   0   0   0   0   0   0   0   0   0   0  49   0   0   0   0   0   0  42   0   6   0   0  32   0   0   0   0   0   0   0  11  46   0   0   0   0   0   0   0   0   0   0   0   0   0  35   0   0  34   0   0   0  35  30   0   0   0  18   0  47   0   0   0   0   0   0   0   0   0  39   0   0   0   0   0
   0  24   0   0   0  35   0   0   0  38   0   0   0   0   0   0   0   0   0   0   0   0   0   0  12   0   0   0   0   0  37   0   0   0  47   0   0   0   0   0   0   0   0   0  37  35   0   0   0   0   0   0   0   0   0   0   0   0   0   0   0   0   0   0   0   0   0   0   0   0   0   0   0   2   0   0   0   0   0   0   0  44  25  29   0   0  26   0   0   0   0
  32   0   0   0   0   0   0  39   0   0   0   0   0   0   0   0   0   0   0   0   0   0   0   0   0   0   4  45   0   0   0   0  31   0   0   0  13   0   0   0   0   0   0   0   0  16   0   0   5   0   0   0   0  34   0   0   0   0   0   0   0   0   0   0   0  21   0   0   0   0   0   0   0   0   0   0  46   1  17   0   8   0   0  17   0   0   0   0   0   0
   0   0   0   0  41  38  25   0   0   0   0   0  33   0   0   0   0   0  42   0   0   0   0   0   0   0   0  29   0   0   0   0  27  26   0  25   0   0  45   0   0   0   0   0   0  18   0   0   0   0  18   0   0  25   0   0   0   0   0   0   0   0   0   0   0   0  47   0   0   0   0   0   0   0   0  21   0   0   0   0   0   0   0   0   1   0   0   0   0
   0   0  29   0   0  35   0  30   0   0   0   0   0   0   2   0   0  17   0   0   0   3   0   0   0   0   0   0   0   0   0   0   0   0   0   0   0   0   0   8   0  35   0   0   0  42   0   0   0   0   0   0   0   0  37   0   0   0   0   0   0   0  11   0   0   0   0   0   0   0   0   0   0  42   0   0  48  14   0   0   0   0   0   0   0   0   0   0
   0   0  27   0   0  42   0   0   0  30   0   0   0   0  23   0   0   0  28   0  27   0   0   0   0   0   0   0  50   0  16   0   0   0   0  16   0   0   0   0   0   0   2   0   0   0   0   0   0   0  49   0   0   0   0   0  19   0   0   0   0   0   0   0   0  41   0   0   0   0   0   7  17   0   0   0   0   0   0  33   0   0   0   0   0  33   0
   0   0   0  41   0   0   0   0   0   0   0   0  11   0   0   0   0   0   0   7   0   0  32   0   0   0  16  43   0   0   0   0   0   0   0   0   0   0  35   0   2   0   0   0   0   0  44   0   0   0   0  45   3   0   0   0   0  13   0   0   0   0   0   0   0  18   0   0   0   0   0  48   0   0   0   0   0   0   0  11  16   0   0   0   0   0
   0   0   0  32   0   0   0   0   0   0   0   0  24   0   0   0   0   0   0   0   0   0   0   0   0   0   0   0   0   0   0   0   6   0   0   0   0   0   0   0   0   0   0   0   0   0   0   0   0   0   0   0   0   0   0   0   0   0   0   0   0   0   0   0   0   0  19   0   0   0   0   0   0   0  47   0   0   0   0   0   0  46   0   0   0
   0   0   0   0   0   0   0   0   0   0   0   0   0  27   0   0   0   0  48   4   0   0   0   0   0   0   0  20   0   0   0   0   0   0  19  35   0   0  25  12   0   0   0   0   0   0   0   0   0   0   0   0   0  48   0   0   0  39   0   0   0   0   0   0  31   0   0   0   0   0   0   0   0   0   0   0  11   0   0   0   0   0   0   0
  19   0   0  32   0   0   0  15   0   0   0   0   0   0   0   0   0   0   0   0   0   0  48   8   0  19   0   0   0   0   0   0   0   0   0   0   0   0   0   0   0   0   0   5  49   0   0   0   0   0   0   0   0   0   0   0   0   0  34   0   0   0   0   0   0   0   5   0   0   0   0   0   0   0   0   0   0   0   0   0   0   0   1
  45   0  26   0   0   0  14   0   9   0   0   0   0   0   0   5   0   0   0   0   0   0   0   0   0   0   0   0   0   0  12   0   0   0   0   0  18   0   0  46   0   0   0   0   5   0   0  34   0   3   0   0   0   0  44   0   0   0   0   0   0   0   0   0   0   9   0   0   0   0   0   0   0   0   0   0   0   0   0   0   0  43
   0  35   0   0   0   0   0   0   0   0   0  37   0  17   0   0   0   0   0   0  16   0   0   0   0   0  15   0   0   0   0   0   2   0   0   0   0   0   0   0   0  35   0   0   0  39   0   0   0   0  33   0   0   0   0  43   0   0   0   7   0   0   0   0   0   0   0   1   0  23   0   0  17   8   0   0   0  30   0   0   0
   0  10   0   0   0   0   0   0   0   0   0  31   0   0   0   0   0  42   0   0  37   0  39   0   0   0   0   0   0   0   0   0   0   0   0   0   0   0  29   4   0   0   0   0   0   0   0   0   0   0   0   0   0   0   0   0   0   1   0   0  45   0   3   0   0   0   0   0   0   0  41   0   0   0   0   0   0  26  38   0
   0   0   0   0   0  20   0   0   0   0   7   0   0  31   0   0   8   0   0   0   0   0   0   0   0   0   0   0   0   0   0   0   0   0   0   0   0   0   0   0   5   0   0   8   0   0  25   0   0   0   0   3   0  10   0   0  16   0   0   0   0   0   0   0   0   0   0   0   0   0   9   0   0   0   0   0  50   0   0
   0   0  24   0   0  27   0   0   0   0   0   0   0   0   0   0   0   0   0   0   0   0   0   7   0   0   0   0  16   0   0   0   0  25   0   0   0   0  10   0   0   0  14  45   0  19   0  32   0   0   0  40   0   0   0   0   0   0  22  45   0   0  17   0   0   0   0   0   0   0   0   0   0   0   0   0   0   0
  10   0   0   0   0   0   0   0   0   0   0   0   0   0  36   0   0  39   0   0   0   0   0   0   0   0   0   0   0   0   0   0   0   0   0  16   0  28   0   0   0   0   0   0   0   0   0  35   0   0   0   0   0   0   0  11   0   0   0   0   0   0  24   0   0   0   0   0   0   0   0   0  40   0   0   0   0
   0   0   0   0   0   0   0   0   0   0   0  15   0   0   0   5   0   0   0   0   0   0  35   0   0   0   0   0   0   0   0   0   0   0  46   0   0   0   0   0   0   0   0   0   0   0   0   0   0  16   0   0   0   0  34   0  41   0   0   0  44   0   0   0   0   0   0   0   0  28   0   0   0   0   0  19
   0   0  29  12   0   0   0  21  30   0   0   0   0   0   0   0   0   0   0   0   0   0   0   0   0   0   0   0   0   4   0   0   0   0  28   0   0   0   0   0   0  19   0   0   0   0   0   0   0   0   0  45   0   0  41   0   0   0   0  11   0   0   0   0   5   0   0   0   0   0  47   0   0   0   0
   0   0   0   0   0   0  22   0   0  34   0   0   0   0   0  19  20   0   0   0   0   0   0   0   0   0   0   0   0   0   0   6   0   0   0   0   0   0   0   0   0   0   0   0   0  34   0   0   0   0   0   0   0  27   0   0   0  36   0   0   0   0   0   0   0   0   0   0   0   0   0  19   0   0
  37   0   0   0   0  25   0   0   0   0   0  46  10   0  49   0   2   0   0   0   0   0   0   0  38   0   0   0   0   0   0   0   7   0   0   0   0   0   0   2   0   0   0   0   0   0  42   0   0   0  11   0   0   0   0   0   0   0   0  30   0   0   0   0   0   0   0   0   0   0   0   0   0
   0   0   0   9   0   0   0   0   0   0  19   0   0  16  45   0   0   0   0   0   0   0   0  35   0   0   0   0   0   0   0   0   0   0   0   0   0  31   0   0   0   0   0   0  21  16   0   0  13   0   4   0   0  29   0  49   0   0   0   0   0   0   0   0   0   0   0   0   0   0  20   0
   0  20   0   0   6  32   0   0   0   0   0   0   0   0  29   0   0   0   0   0   0   0   0   0   0   0   0  30   0   0   0   0   0   0   0   0   0   0   0   0  41   0   0   0   0   0   0   0  46   0   0   0   2   0   0   0   0  48   0   0   0  32   0   0   0   7   0  33   0   0   0
   0   0   0   0   0  12   0  36   0   0   0   0   0   0   0   0   0  48   0   0   0   0   0   0  42   0   0   0   0   0   0   0   0   0   0   0   0   0   0   0   0   0   0   0  29   0   0   0   0   0   0   0   0   0   0  13   0   0   0   0   0   0  31   0   0   0   0   0   0   0
   0   0   0   0   0   0  44   7   0   0   0   0   0   4   0   0   0  29   9   0  42   0   0   0   0   0  15   0   0   0   3   0   0   0  44   0   0   0   0   0  41   0   0   0  11   0   0   0   0  30   0   0   0   0   0   0   0   0   8   0   0   0   0   0  35   0   0   0   0
   0   0   0   0   0   0   0   0  33   0   0   0   0   0  12   0   0   0   0   0  45   0   0  41   0   0  40   0   0   0   0   0   0   0   0   0  48   0   0   0   0   0   0   0   0   0   0   0   0   0  16  35   0   0  36   0   0  43   0   0   0   0   0   0   0   0   0   0
   0   0   0   0  30   0  16   0   0   0   0  36  27   0   0   0   0   0   0   0   0   0   0  26  21   0   0   0   0   0  39   0  26   0   0   0   0   0  23   0   0   0   0   0  40   0   0   0   0   0   0   0   0   0   0   0  11   0   0   0   0   0   0   0   0   0   0
   0   0   0  16   0   0   0   0  33   0   0  50   0   0   0   0   0   0  40   0   0   0  27  30  14   0   0   0  23   0   0   0   0   0  10  27   0   5   2   0   0   0   0   0  16  29   0   0  40   0   0   0   0   0   0  36   0   0   0   0   0   0   0  22   0   0
   0   0   0   0   6  40   0   0   0   0   0   0   0   0   0   0   0   0   5   0   0  11   0   0   0   0   0   0   0  22   0   0  44   0   0   0   0   0   0   0   0   0   0  42   0  41   0   0   0  44   6   0   0   0   0   0   0   0   0   0   0   0   0   0   0
   0   0   0   3   0   0   0   0   0   0   0   0   0   0   0   0   0   0  17  32   0  30   0   0  43   0   0   0   0   0   0   0   0   0   0   0   0   0   0   0   0   0   0   0   0   0   0   0   0   0   0   0   9   0   0   0  21   0   0   0  18  45   0   0
  40   0   0  36   0   0   0   0   2   0   0   0   0   0   0   0   0   6   0   0   0  32   0   0   0   0   0   0  25   0   0   0   0  43   0   0  30   0  34   0   0   0   0   0   2   0   0   0   0   0   0   2   0   0   0   0   0  13   0   0   0   0   0
   0   0   0   0   0   0   0   0   0   0   0   0   0  44   0   0  20   0   0   0   0   0   0   0   0   0   0   0   0   0   0  12   0  37   0   0   0   0   0   0   0   0  16   0  41   0   0   0   0   0   0   0  38   0   0   0   0   0  42   1   0   0
   0   0   0   0   0  38   0  27   0   0   0   0  39   0   0   0   4   0   0   0   0   0   0   0   0   0   0   0   0   0   0   0   0   0   0   0   0   0  19   5   0   0   0   0   0   0   0   0  48   0   0   0   0   0   0   0   0   0  34   0   0
   0   8   0   0   0   0   0   0  45   0   0   0   0   0   0   8   0   0   0   0   0   0   0  26   0  20   0   5   0   0   0   0  25   0  30  23  22   0  21   0   0  42   0   0   0   0   0   0   0   0   0   0   0   0  44   0   0   0   0   0
   0   0   0   0   0   0   0  18   0   0   0   0   0  10   0  18   0   0   0   0   0   0   0   0   0   0   0   0   0   0   0   0   0   0  25   0   0   0   0   0   0   0   0   0   0   0   0   0   0   0   0   0   0   0   0   0   0   0   0
   0   0   0   0   0   0   0   0   5  43   0   0  42   0   0   0   0   0  46   0   0   0   0   0   0   0   0   0  34   0   0   0  22   0  47   0   0   0   0   0  20   0  48   0   0  47   0   0   0   0   0  24   0   0   1   0   0   0
   4   0   0   0   0   0   0   0  48   0   8   0   0  12   0   0  48   0   0   0   8   0   0   0   0   0   0   0  47   0   0   0   0   0   0   0  36   0   0   0   0   0   0   0   0   0  32   0   0   0   0   0   0   0   0  28  38
   0   0   0   0   0   0   0   5   0   0   0  46   0  10   0   0   0   0   0   0   0   0   0  44   0   0   0   0   0   0   0   0   0   0   0   0   0   0   0  29   0  40   0   0   0   0   0   0   0   1   0   0   0   0  12  25
   0   0   0  15   0   0   0   0   0   0   0   0   0   0   0   5   0   0   0   0   0   0   0   0   0   0   0   0   0   0   0   0   0   0  35   0   0   0   0   0   0   0   0   0   0   0   0   0   0  23   0   0   0   0   0
   0   0   0   0   0   0   0   0   0   0   9   0   0   0   0   0   0   0   0  17   0   0   0   0   0   0   0   0   0   0   0   0  33   3   0   0   0   0   0   0   0   0   0   0   0   0   0  27   0   0   0   0   0  26
   0   0   0  31  21   0   0   0   4   0   0   0   0   0   0   0   0   0   0   0   0   0   0   0   0   0   0   0   0   0   0   0   0   0   0  50   0   0   0   0  23   0  12   9   0  16   0   0  23   0  38   0   0
   0   0  50  47   0  37   0   0   0   0   0   0   0   0   0   0   0   0  32   0   0   0   0   0  47   0   0   0   0   0   0   0   0   0   0   0   0   0   0   0  50   0  37   0   0   0  24   0   3   0   0   0
  28   0   0   0   0   0   0   0   0   0  33   0  36   0   0   0   0   0   0   0   0   0   0   0   0   0   0   0   0   0   0   0   0   0   4   0  27   0   0   4   0   0   3   0  42   0  28   1   0   0   0
   0  38  44   0   0   0  33   0  44  50   0   0   0  37   0   0   0   0  47   0  20   0   0   0   0   0   0   0   0   0   0   0   0   0   0   0   0   0  23   0   9   9   0   0   0   0   0   0   0   0
   0   0  29  19  41   0   0   0   0   0   0   0   0   0   0   0  15   0   0   0   0   0  38   0  23   0   0   0   0   0   0  35   2  37   0   0   0   0   0   0   0   0   0   0   0   0   0   0   0
   0   0   0   0   0  31   0   0   0   0   0   0  22   0   0  30   0   0   0   0   0   0   0   0   0   0   0   0   0   0   0   0   0  10   0   0  26   0   0   0   0   0   0   0   0  21   0   0
   0   0   0  40   0  28   6   0   3   0  39   0   0  15   0   0   0   0   0   0   0   0  39  49   0   0   0   0   1  15   0   0  50   0   0   0  15   0   0   0   0   0   0   0   0   0   0
   0   0  42   0   0   0   0   0  17   0   0   0  34   0  23   0   0  21   0   0   0   0   0   0   0   0   9   0   0   0  27   0   0  48   0   0   0  41   0  41   0   0   0   0   0   0
   0   0   0   0   0   0   0   0   0   0   0   0   0   0   0   0   0  27  22   0   0   0   0   0   0  23   0   0   0   0   0   0  50   0   0   5   0   0   0   0   0  28   8   0   0
   0   0   0   0   0  23   0   0   0   0   0   0   0   2   0   0   0   0   0   0  42   0   0   0   0   0   0   0   0   0   5   0   0  34   0   0   0   0   0   0   0   0   0   0
   0   0   0   0  22   0   0   0   0   0   0   0   2   0   0   0   0  48   0   0   0   0   0   0   0   0   0   0   0   0  29   0   0   0   0   0   0   0   0   0   0  16   0
   0   0   0  12   0   0  35   0   0   0   0   0   0  37   0   0   0   0   0   0   0   0   0   0  33   0  50   0   0   0   0   0   0   0   0  24   0   0   0   0   0   0
  22  49  47   0   0   0   0   0   0   0   0   0   0  46   0   0   0   0   0   0   0   0   3   0   0   0   0   0   0   0  37   0  23   0   0   0   0   0   0   0  26
   0   0   0   0   0   0   0   0  42   0   0  26   0   0   0   0   0   0   0   0   0   0   0   0   0   0   0   0   0   0   0   1   0   0   0   0  34   0   0   0
   0   0   0   0   0   0   0   0   0   0  18   0   0   0   0   0   0   0   4   0   0  22   0  35   0   0  35   0   0   0   0  31   0  30   0   0   6   0   0
   0   0   0   0   0   0   0   0   0   0   0   0   0   0  40   0   0   0   0   0   0   2   0   0   0  49   0   0   0   0   0   0   0   0   0   0   0   0
   0   0   0   0   0   0  30   0   0  41   0   0   0   0   0   0   0   0  31  43   0   0   0   0   0   0   0   0   0   0   0   0   0   0   0   0   0
  25   0   8   0  23   0   0   0   0   0   0   0   0   0   0   0  40   0   0   0   0   0   0   0   0   0   0   0   0   0  37   0   0   0   0  19
   0   0  42   0   0   0   0   0   0   0   8   0  21   6   0   0   0   0   0   0   0   0   0   0   0   0   0  38  17   0   0   0   0   0   0
   0   0   0   0   0   0   0   0   0   0   0   0   0   0   0   0   0   0   0  20   0   0   0   0   0   0   0   0   0   0   0   0   0  23
   0   0   0   0   0   0   0  18   0   0   0   0   0   3   0   0   0   0   0   0   0  33   0   0   0  43   0  39   0   4   0   0   0
  25   0  37  27   0  43   0   0   0   0   0   0   0   0   0   0   0  16  23   0  18   0   3   0   0   0   0   0   0   5   0   0
   0   0   0   0   0   0   0   0   0   7   0   0   0   5   0   0  14   0   0   0   0   0   0   0   0   0   0  30   0  23   0
   0   0  31   0   0   0  22   0   0   0   0  23  29   0   0   0   7   0   0   0   0   0   0   0   0   0   0   0  26   0
   0   0   0   0  26   0   2   0   0   0   0   0   0   0   0   0   0   0   0   0   0   0   0   6   0   0   0   0   0
   0  40   0   0   0   0   0   0   0   0   0   0   0  20   0   0   0   0   0   0   0   0   0   0   6   0   0   0
   0   0  32   3   0   0   0   0   0   0  41   6   0   0   0   0   0   0   0   0   0   0   0   0   0   0   0
  23   0  15   0   0   0   0   0   0   0   0   0   0   0   0   0   7   0   0   0   0   0  27   0   0   0
   0   0   0   0   0  49  30   0   0   0   0   0   0   0   0   0   0   0   8   0   0   0   0   0   0
   0   0   0  21  31   0   0   0   0   0   0   0   0   0   0   0   0   0   0   0   0  39   0   0
   0  26   0  29   0   0   0  38   1   0   0   0   0   0   0   0   0   0   0   0   0   0   0
   0   0   0   0   0   0   0  27   0   0  31   0   0   0  20   0   0   0   0  50   8  11
   0   0   0   0   0   0   0   0   0   0  16   7  35   0   0   0   0   0   0   0   5
   0   0   0   0   0   0   0   0   0   0  21   0   0   0   0   0   0   0   0   0
  10   0   0   0   0   0   0   0   0   0   0   0   0   0   0  36   0   0  40
   0   0   0   0   0   0   0   0   0   0  22   0   0   0   0   0  11   0
   0  40   0   0   0   0   0   0   4  15   0   0   0   0   0   0  23
   0   0   0   0   0   0   0   0   0   0   0  41   0   0  15   0
  28   0   0   0  35   0   0   0   0   0   0   0   0  15  10
   0   0   0   0   0   0   0   0  44   0   0   0   5   0
   2   0   0   0   0  11   0   0   0   0  22   0   0
   0   0  50   0   0   0  12   0   0   0   4   0
  26  39   0   0   0   0   0   0   0   0   0
  10   0   0   0  42   0   0   0   0   0
   0   0   5   0   0   0   0  46   0
   0  18   0  35   0  23   0   0
   0   0   0   0   0   0   0
   0   0   0   0   0   0
   0   0   4  25   0
   0   0   0  14
   3   0   0
   0   0
   0

 928
  12  23   3   5   9  16  16   2  12  24   5  14   9  13  23   9   4  15  25  15  12  23  22   8  21  19   5  17  11   7  13  15   1  21  12  10  24  12  10   9   9   5  24   9  24  10  10  25  17  10  10   3  17  18   8   1   3  18  10  23   5  24   2  15  11  21  21  23  24  15  19  15  18  12  25  25  15   6  25  20  13  12   5   7   7  18  12   3   1  21  10   5  24   8   8   6  16   9  24  16   3   4   2   2   9   4  17   2  19  14   7  24  10  23   9  13  21   4   7  23

