 120 
   0   0   0   1   0   0  33  20   0   0  36   0   0   0  36   0   6  31   0  12   0   0  16   0   0  38   0   0   0   0   0   0   0   0   0   6   0   0  50   0   0   9   0   0   0   0   0   0   0   0  43   0  26   0  26   0   0   5   5   0   0   0   9   0   2   1   2   0   0   0   0   0   7   0   0   0  44   0   4   0  17   0   0  47   0   0   0   8   0   0   0   0   0  27   0   0   0   0  50  34  13   0   0   0   0   0   0   0   0   0   0   0   0   0   0   0   0   0   0   0
  42   0  25   0   4   0   0   0   0   0   0   0   3   0   0   0   0   7   8  26   0   0  19  21  43   0   0  23   0   0   0   0   0   0   0   0   0   0   0   0   0   0   0   0   0   0   0   0   0   0   0   0   0   0   0   0   0   0  36   0   0   0   0   0   0   0  46  43   0   0   0   0  35   0   0  42  37   0   3   0  29   0   0  24   0  15   0   0   0  22   0   0   0   0   0   0   0  32   0  42   0   0   0   0   0  44   5   0   0   0   0   0   0  49  15   0   0  12   0
   0  27   0   0   0   0   0   0   6   8  33   0   0   0   0  22   0   0   0   0   0   0   0   0   0   6   0   0  38  29   0  41   0   0  28   0   0   0   0  31   0   0   0   0   0   0   0   0   0  31   0   8   0  34   0   0   0  12  12   0   0   0   0   0   0   0   0   0  36  40   0   0  14   0   0   0   0   0  32   0   0   0   0   0   0   0   0   0   0   0   0  42  50   0   0   0   0   0  14   0   0   2   0   0   0   0   0   0  42  26   0   0   0   0   0   0   0   0
   0  31   0   0   0   0   0   0   0   0  27   0   0   0   0   0   0  19   0  26  12   0   0   0   0  43   0   0   0  34   0   0   0   0   0  26  28   0   0   0   0  48   0   0   0   0   0   0   0   0   0   0   0  35   0  27   0  23   0  26  18   0   0   0   0  12  17  29  29   0  21   7  43  24   0   0   0   0  14   0   0  46   0  43   2   0   4   0   0   0   0   0  22   0   0   0  15   0   0   0  44   0   0  14   0  41   0  34   0   0   0   0   0   0   0   0   0
   0   0  34   0  10   0   0   5   0   2   3   0  32   0  13   0   0   0   0   0   0   0   1   0  37   0   0   0   0   0   0   0   0   0   0  23   5   0  48  27   0   0   0  32  40   4   0   0  43   0   0   0   0  23   0  18   0   0   0   0  17   0   0   0   0   0  31   0   0   0  10   0   0   0   0   0   0  24   0   0   0   0   0   0   0   0   0   0   0   0   0   6   0   5   0   0   0   5   0   0  39   0  32   0  32   0   0   0   0   0   0   0   0   0   0   0
   0   0   0  46   0   0   0   0   0  10   0   0  36   0   0  41   0  48   0   0   0   3   0   0  38  26   0   0   0   0   0   0   4   2   0   0   0   0   0   0   0   0   0   0   0   0   0   0  36   0   0   0  40   0   0   0   0   0   0   0   0  40   0   0   0   0  32   0   0  17   0   0   0   0  19   0   0   0   0   0  16   0   0   0   0   0   0   0   0   0   0   0   0   0   8   0   0   0   0   0   0   4   0   0   0   0   0  32   0  38   0   0  29   0   0
   0   0   0   0   0   0   0   0  38   0   0   0   0   0  14   0   0   0   0   0   0   0   0   0   0  34  22   0   3   0   0   1   0   0   2   0  41   0   0   0   0   0   0   0   0   0   0   0  43  28   0  18   0   0   5   0  49  44  37   0   0   0   0   0  25   0   0   0   0   0  24  16  16   0  44   0  33   0  21  22   0  19   0   0  47   0   0   0   0   0   0   0   0   0  38   0   0   0   0  26  47   5  32   0   4   0   0   0   0   0   0  49   0   0
   0   0   0  44   0   0   0   0   0   0   0   0   0   0   0   0   0   0   0   0   0   0   4   0  14   0   0   0   0  25  50   0   1   0   0   0   0   0  35   0  37  14   0   0  29  49   0   0   0   0   0   0   0   0   0  29  44  21   0   0  46   0   0  49   0   3   0   0   0   0  15   0   0   0   0   0   0   0   0   0   0  36   0  39   0  16   0   0   0   0   0   0  36   0   0   0  24   0   0  18   0   0   3   0   0   0   0   0   6   0  16   0   0
   0   0   0   0   0   1   0   0  19   0   0   0   0   3   0   0   0   0   0  38  19   0   0   0   0   0   0  21  13   0   0   0  32   0   0   0   0   0   0   0   0  22   0   0   0   0   0   0   0   0   0   0   0   0  50   0   0   0   0   0   0   0   3   0  21   0   0   0   0  43   0   0   0   3   0   0   2   0   0   0  44   0   0   0  29   0   0   0   0   6   0   2  31  48   1   0   0   2   0   0   0   0   0   0   0   0   0  36   0  50   0   0
   0   0   0   0   0  37   0   2   0   0   0   0   0   0   0   0  32   0   0   0   0  39   0   0   8   0   0  20   0   0   0  22   0   0   0   0  24  37   0  34  30   8   0   0   0   0   0   0  33   0   0   0   0  22   0   0   0   0  17   0  15   0  43   0   0   0   0   0  48   0   0  17  26   0  14   0   0  13   0   0  15   0   0   0   0   0   0  30   0   0   0  12   0   0   0  44   0   0   0  45   0   0   0   0   0   0   0   0   0  40  39
   0  22   0   0  50   0   0   0   8  28   0   0   0   0   4   0   0   0   0  37   0  11  27   0   0   0   0   0   0   0   0   0   0   5   0   0   0  17   0   0  34  44  30   0   0   0  13   0   0   0   0  27   0   0   0  31   7   0   0  14  27   0  43  24   0   0  28   0   0   2  17  46   0   0   0   0   0  30   0   0   0   0   0   0   0   0   0   6  19  34   0   0   0   9   0   0   0   0   0   0   0   0  16   0   0  36  12  21  11  42
  37  30   0   0   0   0   0   0  30  25  19  16   0   0  47  42   0   0   0   8   0   0   0   0   0   0   0   0  16   0   0   0   0  28   0   0   0  18   0   0   0   0   0   0   8   2   0   0   0  29   0   0   0   0   0   0   0   0   0   6   0   0   0   0   0   0   0   0   0   0   0   0   0   0   0   0  39   0   0  18   0   0   0   0   0   0   0   0  18   0   0   0   0  44   0   0  16   0   0   0   0   0  25  20  48   2   0  34   0
   0   0   0   0   0   0   0   0   0  20   0   0   0  26   0   0  11  11   0  18   0   0   0  16   0  21   0   0   0   0   0   0  37   0   0  47   0  31   0   0   0   0   0   0  13   0  13   0   0   0   0   0   0   0   0  46   0   0   0   0   0   0   0  18   0   0   0  46   0   0   0   0   0  12   0  20  39   0  11   0   0   0   0   0   0  49   0   0   0   0   0  41   0   0   0   0   0   0   0   0  43   0  29   0   0  12   0   0
   0   0   0   0   0   0   0  12  50   0   0   0  35   0   0   0   0  16   0  49   0   0  33   7   0   0  44  38   0  23   0   0   0   0  44  32   0   0  34   0  22   0   0   0   0   0   0  30   0   0   0   0   0   0  48  24   0   0   0   4  15   0   0   0   0   0   0   0   0   0  47   0  24   0   0   0   0   0   0   0   0   0   0   0   0   0   0   0  33   0  14   0   4   0   0   0  28   0  36   0  50   2   0   0  10   0   0
  13   0  40   0   0   0   0   0   0   0   0   2   0   0   0   0   0   0   0   0   0   0   0   0   0   0   0   0   0  50   0   0  36  21  20   0  29   0   0   0   0   4   0   0   0   0  33   0   0   0   0   2  16   0  34   0   0  31  14  25   0   0   0   0   0   0   0  34   0  42   0   0   0   0   0   0   0  36  48   0   0   8   0   0   0   0   0  27   0   0   0   0  29   0   0   0   0   0   0   0   0   0   0  39   0   0
   8  29   0   0   1   0  49   0   0   0   0   0  50   0  30   0   0  17  47   0  19   0   0   0  29   0  17   4   0   0   0   8   0  20   0   0   0   0  49   0   0   0   0   0  18  39   0  45   0   0   0   0   0   0   0   0  27   0   0   0   0   0   0   0  31   0   0   0   0   0   0   0   8   0   0   0  48   0   0   0   0   0   0   0   0   0   0   0  19   0   0   0   0   0   0   0   0   1  13   0   0   0   0   0  18
   0   0   0   0   0   2   0   0   0  21   0  20  34   0  30   5   0  50   0   0   0  49   0   0   0   0  29   0   0   0   0   0   0   0   0   0   0   0   0  21   0  48   0   0   0   0   0   0   0  18   0  19   0   4   0   0  43   0   0   0   0   0   0   0   0   0   0  30   0   0   0   0   4   0   0   0   0   0   0   0   0  30   0   0   0   0   0  23   0   0   0  18   0   0   0   0  30   0   0  43   0   0   0   0
   0  46   0   0   0   0  38   0   0   0   0   0   0  46   0   0  43   0  49   7   0   0   0   0   2   0  27   0   0   0   0   0   0  42   2   0   0   0   0  36   0   0   0   0   0   0   0   0  21  25   0   0   4   0   0   0   0   0   0   0  50   0   0   0  16   0   0   0   0  44   0   0  24   0  39   0   0   0   0   0   0   0  26   0   0  20  43   0   0   0   0   0   0   0   0   0   0  12   0   0   0   0   0
   0   0   0   0  47  10   0   0   0   0   0   0   0  42   0   0   0  34   0  10   0   0   0  22  49   0  15   0   0   0  32   4   0   8   0  18   0  41   0  38   0   0   0   0   0   0   0   0   0   0   5   1   0  49   0  25   0   0   0  30   0   0   0   0   0   0  50   0   0   0   0   8   0   0   0   0   0  35  47   0   0   0   0  16   0  21   0   0   0  49  14   0   0   8   0   0   0   0  31   0  33   0
   0   0   0   0   0   0   0   0   0   0   6   0   0   0   0   0   0   0   0   0  49   0   0  12   0   0   0  48   0   0   0   0   6   0   0   0   0  11   0   0   0   0   0   0   0   0   0   0   0   5   0   0  20   0   0  44   0   0  49   0   0   0   0   0   0   0   0  42   0   0  31   0   0  18   0   0  50   0   0  19   0   0   0  13   0   0   0  33   0   0  35  27   0  41   0   0   0   0   0  44  42
   0   0  41   0  19   7   0   0   0  15  26   7   6   0   0  38   0   0   4  24   0   0   0  11   0   0  35  49   0  36   0   0   1   0   0   0   0   9   0   0   0   0  17   0   0   0   0   0   0   0   0   0   0   0  21   0   0   0   0   0   0   0   0   0  17   0   0   0   0   0  26   0   0   0  14   0   0   0   0   0   9   0   0   0  46   0   0  25   0   0   0   0   0  32   0   0   0  12   2   0
   0   0   0  23  44   0   0   0   0  15   0   7   0  20   0   0   0   0  25   0   0  36   0   0   0   0   0   8   3   7   0   0   0   0   0   0   0   0  32   0   0   0   8   0   0  38  19   0   0   0   0   0   7   0   0   0  45   0   0   0  32   0  16   0   0  21   0  34   0   7   0   0   0   0   0   0   0   0   0   1   0   0   0   0   0   0   0  39   0   0   0   0   0   0   6  14  42   0   0
  42   0   0   0   0   0  49   0   0   0   0   0   0   0   0   0  16   0   0   0   0   0   0   0  48  23  12   0   0   0   0  10   0   0   0  19   0   0   0   0   0   0   0   0  15   0  16   0   0   0   0   4   0   0   0   0   0  44   0  35   0  39   0  41  17   0   0  18   0   0   0   0   0   0   0  22   0   0   0   0  48   0   0   0   2  50   0   0   8   0   0   0  36  36   0   0   0   0
   0   0   0   0  33   0  17   0   0   0   0   0   0   0   0   0   0   0   0   0   0   0   0   0   0  12   0  12   0   0   0   0   0   0   7   0   2   0   0  14  28   0   0   0   0   0   0   0   0   0   0   0  31  26   0  18   0   0   0   0   0   0   0   0   0   0   0  35  24   3  21  17   0   0   0   0   3   0   0   0   0  30  36   0   0   0   0   0   0   0   0   0   0   0   0   6   0
   3   0  28   0   0  21   0  46  48   0  33   2  40  41  30   0   0   0   0   0   0   0   0   0   0   0   0   0   0   0   0   0   0   0   0   0   0   0   0   0   0   0   0  30   0   4   0   0  44   0   0   0   0   0   0   0   0   0  27   0   0   0   0   0  33   0   0   0   0   0   0   0  35   3   0   0   0  26   0  22   0   0   0   0   0  39   0   0   0  11   0   0   2  36  26   0
   4   0   0  41   0   0   0   0   0  28   0  20   0   0  22   0   0   0   0   0  30  38  16   0  21  25   0  33   0   0   0   0   0   1  34  11  15   0   0   0   0   0   0   0   0   0   0   0   0   0  23   0   0   0  33   0   0   0   0  18   0  36   0  29   0   0   8   0  49   0  15   0   0   0   0   0   0  45   0   0   0   0   0   0   0   0  13   0   0   0   0   0   0  13   0
   0  48   0   9  39   0   0   0  50   0   0  46   0   0   0  12  32   0   0  13   3   0   0   0   0  11   0  38   0   0   0  29   0   0   0  26   0   0   0   0   0   0   0   6  36   0   0   0   0   0  50   0   0   0   0   0  40   0   0   0  29   0   0   0  36   0   0   0   0  18   0   0   0   0  25   0   0  42   0   0   0   0   0  49   0   0  28   0   0   0   8   0   0   0
   0   0   3   0   0   0   0  46   0   0   0   0   0   0   0   3  45   0   0   0   0   0   0   0   0   0   0   0   0   0  20   0  30   0   0   0   0   1   0   0  35   0   0  29  48   0   0   0  29   0   0   0   0   0   0   0  17   0   0   0   0   0  14   0   0   0  33   0  50   9  29   0   0   0   0   0   0   0   0   8   0   0   0  32  42  28   0   0   2   0   0   0   0
   0   1  37   0   0  40   0  10  31  49   0   0  36   0   0  12   0   0   0   0   7  46   0   0   0   0   0   0   0   0   0   0   0   0   0   0   0   3   0   0   0   0   0   0   0  37   0   0   0   0  16   0  27  24   0   0   0   0  45   0   0  31   0   0   0  43  44   0   0   0  17  17   0  43   0   0   0   0   0   0   0   0   0  19   0   0  34   0  25  37   0   0
  45   0   0  28   0   0   0   0   0   0   0   0  34  11   0   0   0  42   0   4   0   0   0   0   0   0   0   0   0   0   0   9  40   0  41   0   0   0   0   0   0   0   0   0   0  13   0   0   0   0   0  11   0   0   0   0   0   0   0   0  18   0   2  32   6   0   0   6   0   0   0   0  42   0   0   0   0   3   0  35   0  45   0   0   0  41  12  42  33   0   0
   0   0   0   0   0   0   0   0   0  37   0   0   0   0   0   0  36   8   0   0  45   0  33   0   0  38  10  40   0  28  18   0   0   0  43   0   0   0   0  14   0   0  26   0  23  32   0   0   0  46   0   0   0   5  14   0  44   0   0  16   7   0   0   0   0   0  32   0   0   0   0   0   0   9   0   0  39   0   0   0   0   0   0   0   0   0   0  43  17   0
   9  24   0   0  43   5  33   0   0   0  27   0  32   0  49   0   0   7   0   0   0   0   0   0   0   0   0   0  10   0   0   0   0   0  14   0   0  16   0   0   0  34   0   0   0   0   0  28  25   0   0   0   0   0  12   0   6   0   3   0   0   0   0  39   0   0   0   0   0  35   0   0   0   0   0   0   0   0   0   0   6   0   0   0   0   0   0  18   0
   0   0   0  30  43   0   0   0  16   0   0   0  48  11   0   0  37   0   0   0   0   0   0   0   0   0   0  37  25   0   0   0   0   8   0   0   0   0   8   0  25   0  35   0   0   0   0  10  46   0   1   0  45   0   0  43   0   0   0   0   0   0   0   0  46   0   0   0   0   0   0   0  44  45   0   0   0   0   0   0   0  50   0   0   0   0  44   0
   0  28  14   1   0   0   0   0   0   0   0   0   0   0   0  46   0   9  42  23  14   0   0   0   0   0   0   0   0  15  44   0   0   0   0   0   0   6  25   0   0   0   0  13   0   0   0   0   0   0  41  44   0   0   0  36   0   0   0   0   0  24   0  43   0   0   0   0   0   8   0   0   0   0  49   0   0   0   0   0   0   0   0   0  44  33   0
   0   7   0  20  37   0   0   0   0   0   0   0   0  33   0   0   9   0  15  39   0   0   0  42   0  13   0   0   0   0   0   3   0   0   0   0  33   0  35   0   0   0   0   0   0   0  49   0   0   0  24   0   0  43   0  45  41   0   0  48  11   0   0   0   0   0   0   0   0   0   0   0   0   0   0   0   0   0  14   0   0   0   0  35   0   0
   0   0   0   0   0   0   0   0   0   0   0   0   0   0  37   7   0  45   0   0   0   0   2   0  10   0   0   0   0  30   0  32  21   0   0   0  19   0   0   0   0   0  27   0  13   0  34   0   0   0   0  35  38  13   4   0   0   0   0  18   0   0   0   0   0  27   1   0   0   0   0   0   9   0   0   0   0   0  45   0  17   0   0   0   0
   0   0  10   0   0   0   0   0  42   0   0   0   0   0   0   0   0   0   5   0   0   0   0   0   0   0   0   0   0   0   2   0   0   0   0   0   0   0  27   0   3  33  28  48   0  34   0   0  21   0   0   0   0   0  34   0   0  43   0   0  44   0   0   0   0   0   0   0   0   0   0  49   0   0   0   0   9   0   4   0   0   0   0   0
   6   0   0  30   0   0   0   0   0   0   0  34   0  29   0   9   0   0  14   0   0   0   0   0   8   0   0   0   0   0   0   0   0   0   0   0   7   0   0   0   0   0   0  21   0   0  12   0  35  22   0   0   0   0   0   0   0  20  31   0   0  22   0   0   0  34   0   0   0  12   0   0   0   0   0   0   0   0  45   0   0  46   0
   0   0   0   0   0   0   0   0   0   0   0   0   0  33  30   0   0   0   0   0   0   0   0  31   0   0   0   0   0  15   0   0   0   0   0  14   0   0   0   0   0   0   0   0   0   0   0   0   0   0   0   0   0   0  41   0   0   0   0   0   0   0   0  40   0   0   0   0   0   0  50   0   0   0   0   0   0   0   0   0   0   0
   0   0   0   0  42   0  31   0   0   7   0   0   0  17   0   0   0   0   0   0   0   0   0  29  44   0   0  29  13  34   0   0   0   0  43   0   0  39   0   0   0   0  48   0   0   0   0   0   0  11   0   0   0   0   0   0   0   0  30   0   0  37  45   0  14   0   0   0  25   0  33   0   0   0   0   0   0   0  22   0   0
   0   0   0   0   0   8   0  17   0   0   0  47   0   0   0   0   0   2   0   0   8   0   0   0   8  46  13  42   9   0  30   0  35  12   0  16   0   0   0   0  15  48   0   0   0  11  50   0   0   0   0   0   0   4   0   0   0  29   0  38   0  29   2  21   0  30  22   0   0   0   0   0   0   0   0   0  22   0  10   0
   1   0   8   0  27   0   0   0   0   0   0   0   0   2  31   0   4   1   0   0   0   0  26  23   0   0   0   0  36  41  16  18   0   0   0  43   0   0   0   0   0  23   0   0   0  48   0   0   0  26   0   0   0   0  46   0  39   0   0  36   0   0  14  23   0   0   0   0   0  28   0  40   6   5   0  31   0   0   0
   0   0   0   0   8  45   0   0   8   0   0   0  33   0  42   0  35  15   0   0   0  17  17  45  14  16   0   0  42   0   0   0   0  39  49   0   0   0   0   0   0   0   0   0   0   0  38   0   0   0   0   0   6   0   0   0  49   0   0   0   0   0  13   0   3   0   0   0   0   0   0   8   0   0  42   0   0   0
   0   0   0   0   0  18   0   0   0  31   0   7  29   0   0   0   0   0   0   0   0   0   0   0  35   0   0  45   0   0   0   0   0   0   0   0   0   0   0   0   0   0   0   0   0   0   0   9   0   0  35  16   0   0   0   1   0  32   0   0   0   0  27   0   0   0   8   0   0   0   0   0   0  36   0   0   0
   0   5   0   0   0   0  40   0   0   0   0   0   0   0  31   0   0   0   0   0  41   4   0   0  24   5   0  25  11   0   0   0   0   0   0  12  46   0   0   9   0  27  48   0   0  22   0   0  29   0  44   0   0   0   0   0   0   0  36  26   0  18   0   0  17   3   0   0   0   0   0   0  34   0   0   1
   0   0   0  24   0   0  21   0   0   0   0   0   0   0  21   0   0   0   0  43  10  43   0   0   5   0   0   0   0  18   0  11   0   0  20   0   7   0   0   0   0   0  19  37   3   0   0   0   0   0  19   0   0   0   0   0   1   0   0  20   0   0   0   0  23   0  11  27  16   0   0   0   2   0   0
   0   2   0  28   8  16   0   0   0   0  23   0   0   0   0   0   0  40   0   0   0  30   0   5   0   0   0   0   0   0   0   0  48  48   0   0   0   0   0   0   0  26   1   0   0   0   0   0   0  11   0  25   0   0   0   0   0   0   0   0   0   0  26   0   0   0  43   0   0   0   0   0   8   0
   0   0   0   0   0   0  45  50   0   0  44   0   0   0   0  14   0   0   0   0   0   0  34   0   0   0   0  31  21   0  50  32  32   0   0   0   0   0   0   0   4   0   0   0  25   0   0   0   0   5  16   0   0  39   0   0   2  34   0   0   0   0   8   0   0   0   0  14   5   0   0   0  30
  35   0  36   0  40  40   0   0   0   0   0   0   0   0   0   0   0   0   0   0  37   0   0   0   0  36   0   0  49   0   0   0   0  46  18   4  18   0   0   0   0  49   0   0   0   0   0  47   0   0   0   0  18   0   0   0   0   0  11   0   0   0   0   0   0   0  50   0  17   0   0  49
   0   0   0   9  20   0  40   0   0   2  16  35   0   0   0   0   0   0   0   0   0   0   0   0   0   0   0   0   0   0  50   0   0   0  42   0  24   0  29   0   0   0   0   0   0   0   0   0  39   0   2   0   0  41   0   0  37   0   0   0  20   0   0  27   0   0  24   0   0   0   1
   0   0  10  36  25  46  49   0   0   0   0   0   0  50  46  40   0   0   0   0  24   0   0   0   0   0   0   0  49  23  19   0   0   0   0   0   0   0   0  50   0   0   0   0   0   0   0   5   0   2   0   0   0   0   0   0  28   0   0  28   0   0  33   0   5  17   0   0  34   0
   0   0   0   0   0   0  40   0   0   0  11   0   0   0   7   0   0  15   0   0   0   0  17   0   0   0   0   0  15   0   0   0   0   0   0  47   0   0  45   0   0   0   0   0   0  30   0   0   0   0   0   0   0   3   0   0   0   0   0  37   0  43   0   0   0   0   0  21   0
  20   0  27   0   0   0   0   0   0   0   0  48   0   0   0   0   0   0   0   0   0   0   0   0   0   0   0   0   0   0   0  34   0   0   0   0   0   0  40  21   0  33   0  12   0   0  20   0  34  27   0  20   0   0   0   0  46   0   0   0   0  27   0   0  37   0   1  36
  50  24   0  17   9   0  43   0  15   0   0   0   0   0   0   0   0   0   0   0   0   0  16   0   0   0   0  19   3   0   0  35  43   0   0  48   0   0   4  14   0   0   0   0   0   0  43   0   0   0   8   0   0   0   0   0   0   0   0   0  21   0   0   0   0   0   0
   0   0   3   0   4   0   0   0   0   0   0   0  37  47   0   0   0  38   0  13   0   0   0   0   0   0   0  42   0   0   0   0  47  49   0   0  41   0   0   0   0  45  27   1  25   0   0   0   0   0   0  10  37   0   0   0   0   0   0   0   0   0   0   0  25   0
   0   0  37   0   0   0   0   0   0   0   0   4   0  43   0   0  32   0   0   0   0   0   0  47   3   1   0   0   0   0  46   0   0   0   0   0  42   0   0   0   0   0   0   0  36   0   0   0   0   9   0   0   2  47   0   0   0   0  12   0   0   0  45   0  39
   0   0   0  11   0   0  38   0   0   0   0   0   0   0   0   0   0   0   0   0  10   0   0   0   0   0   0   0  29   0   0  18   0   0  49  50   0   8   0   0  20   0  38   0   0   0   0   0   0   0  13   3   0  34   0   0   0  33   0  10  21  25  21   0
   0   0   0   0   0  29   0   0  19   5   0   0   0   0  15   0   9   0   0  44   0   0   0   0   0   0   0   0   7  38   0   0   0   2   0   0   0   0   0   0   0   0   0   0   0   0   0   0  23  30   0   0  10  30   0   0   0   0   0   0   0   0   0
   0   0  10   0   0   5   0  23   0   0   0   0   0   0   0   0   0  26   0   0   0   0  38   0   0   0  23   0   0   0   0   0   0   0   0   0   3   3   0   0  37  49  27   0   0   0   0   0   0   0   4  39   0   8   0   0   0   0  46   0   0  42
   0  17   0   0   0   6   0   0   0   0   0   0   0  45  32   0  19   0   0   0   2   0   7  20   0   0  10   0   0  46   0   0  39   0   0   0   0   0  43   0   5   0   0  10   0   0   0   0   0   0   0   0   0   0  50   0   0   0   0   0   4
   0   0  26   0   0  43   9   0   0   0   0   0   0   0   0   0   0   0   0   1   0   0   0   0   0  31   0   4   0  37   0   6   0   0   0   0   0   0   0   0   0   0  44   0  42   0   0   0   0   0   0  33   0  23  18   0   0   8   0   6
  27   0   0   0   0   0   0   0   0  22   0   0   0  43   0   0   0   0   0   3   8  36   0   0   0   0   0   0   0  39   0   0   0   0   0   0  40   0   0   0  15  44  29   0   0   7   0   0   0  40  32  27   0   0   0   3  11   0   0
   0   0   0   0   2   0   0   0   0   0   0   0   0   0   0   2  43   0   0   0   0  14   0   0   0   0   0   0   0   0   0   0   0   0  16   0   0   0   0   0   0   0  33   0   0   0  18   0   0   0   0  35   0  39  20   0   0   0
   0   0  11   0   0   0   0   0   6   0  20   0   0   0  15   0   0  19  34   0   0   0   0   0   0   0  42   0   0  32   0   0   0   0   0   0   0   0  38   0   0   0   0  14  39   1   0   0   0   0   0   0   0   0   0   0   4
   0   0   5   0   0  48   0   0   0   0   0   0   0   0   0  10   0   0   0   0  26   0  27   0   0   0   0   0   0   0   0   0   0   0   0   0   0  12  40  13  15   5  30   0  28   0   0   0   0   0   0   0   0  50   0  42
   0   0   0   0   0   0   0   0   0   0   0   0   0   0   0   0   0   0   0  38   0   0   2   0   0   0   0   0   0   0  50  41   0   0   0   0   0   0   0   0   0   0   0  21   0  25   0   0   0   0  19   0   0   0   0
   0   0   0   0   0   0  10   8   0   0  11   0   0   5   0  42  19   0   0   0   0   0  40  17  39   0   0   0   0   0   0  18   4   0   0   0  14   0  14   0   0   0   0   0   0  10  16   0   0   0   0   0   0   0
  23   0   0   0   0   0   0   0   0   0   0  27  48   0  36   0   0   0  35   5   0  24   0   0   0   0   0  12   0   0   0   0  22   0   6   0   0   0   0  42   0  29   0   0   0  28  16   0   0  37  39   9   0
   0   0  50  34   0   0   0   0   0   0   0   0   0   0   0   0   0   0   0   0   0  26   0   0   0  26   0   0   0   0  31   0   0  28   0   0   0  20   0   0   0   0   0   0  22   0   0  47   0   2   0   0
   0   0  10   0   0   0   0   8   0   0   0  37   0  11  35   9  29   0   0   0   0   0  11   0   0  33   7   0   0   0   0   0  32  12   0   0   0   0   0   8   0   0   0   0  15   0   0   0   0  36  49
   0   0  45  32   0   0  37  10   0  11   0   0   0  50  24   0  10  28   0   0   0   0   0   3  44   0   0   0   0  17   0   0  25   0  35   0   0   0  17   0   0   0  50  43   0   0   0   0   0   0
  45   0   0   0   0  21   0   0   0   0   0   0   0  31  24   0   0   3   0   0   0   0   0  19   0   0   0  39   0  49   0   0   0   0  17   0   0   0   0   0  14   0  20   2  22   0  24   0   0
   0   0   0  16  39   0   0   0   0   0   0   0   0   0  44  23   0   0   0   0   0  39   0  23   0   0   0   0   0   0   0   0   0   0   0  18   5   0   0   0   0   0  26   0   0   0   0   0
   0   0   0   0   2   0  43   0  12   0   0   0   0  32   2   0   0   0  31   0   0   0  41   0   0   3   0  49   6   0   0   1   0   0   0  44  26  50   0   0   0   0   0  21   0   0   0
   0   0   0   0  48   0   0  36   0   0   0  23   0   0   5  41   0  25  25  39  21   0   0  27   0   0   0   0   0  38  22  45  45   0  27   0   0   0   0   0  40   0   0   0   0   0
  27   0   0   0   0  27  20   0  14  48   0  32   0   0   0   0   0   0  47   0  45  29   0   0   0   0   0   0   0   0   0   0  24  47   0   0   0   0   6  31   0   0   0   0  32
  41   0   0   0   0   0   0  23   0   0   0  11  35   0   0   0   0   0   6   0   0   0   0   0   0   7   0  27   4   0   0   0   0   0   6   0   0   0   0   1   0   0   0   0
   0   0   0   0   0   5  19   0  50   0   0  41   0   0  17   0   0   0  43   0   0   0   0  25  35   0   0   0   0  30   8   0   0   0  31  50   0  16   0   0   0   0   0
   0  47  26   0   0   0   0  24  33   0   4   0   0   0  47  26   0   4   0   0   0   0  24   0   0   0  13  19   0  11   0   0   0  30   0  36  25   2   0  41   0   0
   0   0   0   0   0   0  45   0  23   0   0   0  37  31   0   0  34   0   0   0   0   0   0   4   0   0   0   0   0   0  29  25   0   0  26   0   0   0   0   0  46
   0   0   0   0   0   0   0   0   0   0   0   0   0   0   0   9   0  23  41  39   0   0  41   0  39  26   0   0  18   0   0   0  41  48   0   0   0  27  50  30
   0   0   0   0   0   0   0  11   0   0   0   0   0   0   0   0   0   0   0   0   0   0   0   0  12   0   0   0   0   0   0   0   0   0   9   0   0   0   0
   0   0   0   0   0   0  25   0   2   0   0   4   0   0   0   0  47   0   0  22   0  39   0   0   0   0   0   0   0  34  33   0  50   0  44   0   8   0
   0   0  28   0   7   0   0   0   0   0   0   0   0  39  45   0   0   0   0   0  42   0   4   0   0   0   0   0   0  45   0   0   0  36   0   0   0
   0   0  19  21  45  34   0  26   0   0   0   0   0  37  39   0  37   0   0   0   0   0  41   0   1   0  47  28   0   0   0   0   0  20   0  18
  33   0   0   0   0   0   0   0   0  38   7   0   0   0   0   0   0   0   0   0   0   0   0   2   7   0   0   0   0   0   0   0  14  30   0
  15   0   0   0  15   0   0   0  19   0   9   0   0  13   0   1  25   0   0   0   0  14   0   0   0   3   0   0   0   0   0   0   0   0
   0   0  33   0   0   0   0  40   0   0  24   0   0  13   0   0   0   0   0  10   0   0  10   0   0   0  15   0   0   0   0   0   0
   0   0   0   0  50   0   0   0   0   0  12   0  45   0   0   0   0   0   0   0   0   0  19   0   0   0   0   0   0  41   0   0
   0   0   0   0   0   0   5   0   8   0   0  13   0   0   0  41   0  47   0   0   0   0   0  42   0   0   0   0  24   0   0
   0  49  11  44   0   0   0  26   0   0   0  13   0   0  43   0   0   0   0   0   0   0   0   0   0   0   0   0   0   0
   0   0   0   0   0   0   0   0   0   0   0   0   0   0  34   0   0   0   0   0   0   0   0   0  19   0  12   0   0
   0   0   0   0   0   0  15   0  29   0   0   8   0  24   0  47   0   0   0   0   0  36   0   0   0   0   0   0
  30   0   0   0  48   0  19   0  41   0   0   9   0  37   0   0   0   0  46   0   0   0   3   0   0   0   0
   0   0   0   0   0   0   0  16   0   0  48   0   0   0   0   0   0   0   3   0   0   0   0   0   0   0
   0   0  24   0  37   0   0   0   0   0   0   0  43  44  10   0  43   0  37  25   0   0   0   0   0
   0   0   0  44   0  31   0   0   0   0   0   0  34   0  12   7   0   0   0   0   0  48   0   0
   0  42   0   0   0   0   0   0   0   0   0   0   0   0   0   0   0   0   0   0   0   0   0
   0   0  26  38   0  32  48   8   0   0   0   3   0   0   0   0   0   0   0   0  36   0
  49   0   0   0   0   0  14   0   0   0   0  13   0   0   0   0   0   0   0   0   0
  50   0   0   0   0   0   0   0   8  28   0   0   0  28   0   0   0   0   0   7
   0  38  17   0   0   0   0   0   0   0   0   0   0   0   0   0   0   0   0
   0   0   0  48   0  31   0  16   0   0   0   0  44   0   0   0   0   0
  29   0   0  50   0   8   0   0   0   0   0   0   0   0   0   5   0
   8   0   0   0   0  31   0   0   0   0   0  17   0   0  48   0
   0  28  14  17   0  22   0   0   0  29   0   0   0   0   0
   0   0   0   0   0   0   0   0  24   0   0   0   0   0
   0   0   0  10  20   0   0   0   0   0  36   0   0
   0   0   0   0   0   0   0   0   0   0   0   0
   0   0   0   0   0   2   0  50   0   9  30
   0   0   0   0   0   0   0   0  26   0
   0   0   0   0   0   0   0   0   0
   0   0   0  11   0  35   5   0
   0   0   0   0  36   0   0
   0   0   0   0   0  15
  36   0   0   0   0
   0   0   0   0
   0   0   0
   0   0
  15

 139
   1   2  22   2  18  10  12  23  19  22   7  13   8   4   5  25  12  15  19   3  11   8   1  19  24  25   4  13  11   5  11  17  25   7  24   1   4  21  14  21   2  13   4   6   5   7  13   3  21  24   9  10  20   9  16   9  16  16  12  13  10   1  25   3   8  22  22  25  15  17  25  14  15  10   1  15  21  20   7  14  20  14  22   2   8   2  18  11   1  16   1   6   3   9   7  15  16  24   8  20   8   2   6  25  20   8  23  23  14  12   2  12  14   2   7  17   3   9  22  24
