 120 
   9  12  16  24  25  37  10   3  13   1  20  26  12  44  41  18  17  36  45  37  16  17  33  49  22  29   3  30  12  47   9  22  41   6  35  18   9  44   7   9   5  44  12  28  33  23  30  34  12  33  45  28  33  43   6   8  11  22  30   4  34  48  34  24  31  28   3  43  32   6  28   9  31  49  41  15  46  28  20  10   7  48  45  13  34   7  35   8  46  14  21   3  43  44  42  19  13  28  18   8  36  44  23  21  17  34  49  47  23   9  32  11   9  45  43  49  25  39  49  35
  47  40  30  28  50  46   4  19  11  15   1  36   9  16  41  15  15  42   5  12  36  37  35  49  15  24  39   2  19  30   1  34   2  45  33  33  36  17  26  34  42   2  14  14  27  10  17  22   6  41  21  27   2  27  22  35  47   9   3  31  37  43   9  14  40   9  38  49  32  15  26  30  49  26  42  44  40   8  24  30  45  17  44  18  23  21  30  15  40   9   2  49  21  29  45  21   3  11  34   2  41   9  33   4  38  37  33  10  29  29  46  26  21  35  31  33  49  20  10
  20  47   5   3  17  40  44  15  41  14  13  15  42   8   5  50  48  21  45  18  25  11  48  48  47  43  21  46  11  47  41  34  34  28  37  42  45   1  36  46  11  44  48  30  18  30  24  22  13   1  12  13  13  23  42  18  24  10   7  38   9   8  30   5  18  47  38   9  36  43  34  10  42  21  19   9  45  23   9  18  33  46  24  29   8  17  42  21  40   2  35   6  47  17  38  46   3  48  32  45   7  46  42  10  13   2  29  45  27  11  24  12  48   6   4  14  47  12
  44  28  38  39  45  32  28  14  10  33  48  45  34  32  34  34  17  38   9  20  49  13  22  36  37  11   3  38  43  31  39  24  21  49  34  21   5  15  19  11  28  14   3  11  23  31  20  49  42  16  30  33  48  40  20  47  27  14  36   4   8  11  31  19  30  44  15  20   2  19   7  10  33  38  14  22  22  42  27  12  11  26   4   4  49  34  27  32  31  31   2  39  40  20  44  39  28  41   2  42  42  12  43   6  21  18  39  45  47  49  22  12  45  46  29  21  34
  27   4  38  16  20  27   4  47  46   3  24  38  50  25   2  49  31  23  47  24  36   5  38  38   8  32  34  21  17  26  42  42  17  22  47  39   8   7   2  17   6  42  50  15  48   6  47  45  11  38  12  33  24  48  20   3   8   1  12  11  33  39  32  38  40  33  10  26  14  26  43  39  38  22  33  41   3  39   7  41   6  25  31  31   2  23  10  28  21  10  21  38  12  50   4  16  48  40  48  25  37   6  48  39  24  12  24  32  15  34  28  13  10  27  41  11
  45  47  21  13  23  47  27  39  45  32  39  39  33   4  47  43  38   4  37  38  48  23  18  28  45  28   3  15   8  23  14  34   5  10  25  35  10   9  46   8  14  39   9  38  23   2   6  10  13  14  33  41  32  15  31  33  12  17  41  41  34  48  27  32   9  29  45  36  14  30  24  48   1  49  15   6   9  12  22  33  46   2  42  24   5  41  20  10  41  23  27  44  30  19  38   3  44   4  26   6  24  33  47  20  45  10  19  27  39  39   9   6  44  15  10
  49  33  28  24  24  18   1  49  36  35  25  20  12  27  40  44  40  40  21  25  28  22  33   9  43  24  49   2  24  23   5  33  35  48   7  19  23  24  11  30  37  12  14   5  50  39  32  18  22  48  41  27   9  40  14  48  23  40   9  45  16  18   7   3  50  47  32  32  10  11  48  12  44  20   5   8   7   2  47   7  17  23  48  41  48  46  12  47  40  30  24  45  43  37  22  17  35  29  25  41  39  30  15  12  49  33  10  49  26  44  28  38  24  41
  27  17  12  16  49   9  36  25  15  15  28  48  31  13  29  36  13  16  23   7  17  43  19  42  15  12  20   3  36  24  43  20  13  10   4  22   8  19   6  14  45   3  26  41   9  40  27   6   3  25  41   2  11  42   5   3  42  18   7  30  49   2  37  22   5  10   6  23  47  19   4  40  39  22  28  28  15  33  44   7   1  50   4  12  21   9  42   4  10  34  26  31   6  14  47  46  15  27  16  33  20  13  22  28  27  46   3  45  27  23  40  29  35
  13  45  42  49   4  31   2  29  33  28   5  42   2  11  25   5  22   5  44  12  23  31  29   8   6  11  31   6  36   2  31  42  21   2  29  13  30  36   8  17  37  14  36  25  14  30  13  44  15  48   9  38  36   3  22   5  19   4   3  26  49  42  38  16   1  27  42  33  18  41  26  30  36  20  13   5   3  20  25  17  18  25   4  11  14  49  35  12  27  11  19  18  19   7  14  37  44  22  47  32  27  37  34  45  24  45  33  18   6  20  43  28
  27  11  42   2  18  22  42  28  49  50  20  29  15   1  37  19  10   7   9  48  30   6  33  16  21  17  42  28  21   1  20  26  32  13  42  41   6   2  22  27  49   7  31  38  40  35  12   9  28   9  40   5  21  36   5  25  10  29  15  14  44  15  24  47  14   5   6  33  27   5  37  48   3  25  27  10   7  18  15  20  33  16   4  35  47  19   1  49   1  18  28  45  50  44  41  45  42  41   9  38  14  28  44  46  24  32  23  16   5  43  43
   6  42  17  39  21  35  38  26   6  12  39   3  41  43  48  44  42  14  17  14  33  47  16  42  17  38  21  29   4  32  42  44  39  32  31  19  35   9  46  11  27   2  20  43  44  45   7   8  26  47   2  42  36  16  20  39  48  42  36  36  27  40  21  50  30  12  50   3  15  18   2   9  39  22  12  16  43  20  33  25  46  29  27   5  29   4  34  40  12  17  50  41   4  47  40   4   2  26  47  46  43  29  20  48  26   5  28  50  43   1
  23  25  43  33  46  31  17  11  37  19  33  36  18  38  20   1  28  27  14  26  43   7  26  49  48  41  34  35  49  28  47  42  22   6  15  34   6  41  35  47   3  32  37   1  11  16  33  33  48   2  50  16  46  45  26  46  47   2  15  37  49   8  44  41   2  48  27  30  17  41  28  38  41  21  44  21  38  45  46  47   6  35  45  33  28  44  48  24   5  17  16  20  31  44  10  19  34  15  44  41   1   3  48  50  13  39   4   1  41
  27  38  36   7  39  12  34   4  22   8  46  38  45  34  41  10  10  20  29  23  46   8  27  32  30   6  39  14  49   7  46  48  49  21  26  24   3  48  14  20  24  50  41  49  40   9  24   5  18   4  50  41  12   3  24  34   2   9  27  32  29  25  36   4  18  42  30  17  17  50  49  43   6   9  44  42   6  42  18  35  18  25  32  36  12  48   6  17  31  19   5  14  22  21  27   9  19  47  42  18   4  42  23   1  25  35   8  26
  29  16  30  46  27   6   1  19  30  45  11  39  37  44  31   5  44  30  25  15  23   8  14  13  45  37  11  46  28   6  20  21  24  30  11   2  14  40  38  40   7  22  23  23   7  16  46  24  19  25  17   1  16  45  11  36  16  44  38  40  12  44  13   6  24  40  31  22   3  25  22  20  24  31  48   3  17  41   1  47   1   3   1  44  44  26   6   4   2  16  48  34  43  32   6  38  14   4  14  18  15  42   9  37  33  35  28
   9  39  50  25  31   3  40  23  47  43  21  11  33   7   8   1  49  15  26   4  21  37  47  46  11  43   3  14  19   6   8  24  48   1  36  27  50  28   8  44  43   2   4  41  17  50  49   6   7  33  19  46  36  43  44  31  38  16  48  12  11  45  25  18   6  13  27   8  26   5  34  24  43  12   1  37  37  43   4  41  45  49  25   4   2  34  35  13   8  18  26  19  44  23  38   4  36  44  40  35   9  21   3  21   4  14
  22  40   1  31  20  48  43  46  20  12   3  27  36  46  17   6  41  28  42  48  41  15  23  39  24  29  50  23  23  44  25  45  44  47  29  16  40  16  16  12  26   9   8  38  25   7  20  10   8   7  23  39  35  35  16  24   1  43  28  22  17  40  24  17  14  27  30  41  34  16  24  19   9  33  41  13   9  25   1  48   8  24  21  35  28   9   5  19  49  48  18  42  39  39   9  21   5  30  44  44  12  23  20  44  11
  34  40  22   4  25  29  11  50  12  33  43   1  43   6  16  30   5  46  20  34  50   6  36  16   3  24  43  48  24  25   2  39   1  46  47   1  30  46  33  42   2  28  47  36  24   5  36  40  42  46  46  42   6   2  14  14   4  20   8  40  16  48  43  40  34  24   5  50   3  40  13  38   3  47  21  32  50  21   5  23  44  27  45   5  41  34  50  38  22  32   3  23  33  45   5  34  36  35  18  36  40  25  40   8
   1  45  25  15   4   4  10   4   3  36  23  17  33  13  13  19  16  44  31  31  32  43  25  24  16  50  33  19   6  10  13   1  43  33  15  16  36  29  17  35  18   9  22  45  20  25  16  10  12   2  46   3  26   9   4  20  36  15  50  29  45  35   8  16  10  47  32   9  11  21  22  21  36   2   8  14   4  36  37  22   3   3  49  25  16  50  31  45  35  46  13  13  32  19  17  43  37  50  42  30   1  50  46
   3  32   5  41  44  24  38  41  30  43  38  38  13  36  13  36   7   9  33   7   1   6  29  46   5  34   1  12  50  13  26  35  11  27  11  35  16  49  48  27  29  10  33  22   8   6   7   5  19   6  28  36  15  39  44  21  41  50  12  32  15  49  21  29  23   5  36  28   5  19  10  35  33   9  33   1  20  50   9   7  33   9   1   6  42  49  23  22  18   2   5  50  12   2  45  39  46  17   3  25  35  49
  48  24  16  30  48  28  24   9  45  33   9  48  11   5  25  45  32  37   8  29  21  21  22  17  12   7  20  30  15  37  35  41   4   1  39  14   3  31  26  42   5  44  46   2  43   2   9  10  17  12  34  25  50  12  48  16  17  36  22  40   1  27  20  26  50   9   9  41  27  34  50  33  49   1  48  41  20  31  38  11  26  20  46  49  19   6  17   6  34  37  13  28  11  27  24  33  45  38  46  37  10
   9   2  28  24   6  20   1  34   1  14  39  43  36  13  33  25  26  31  35  24  35  44  40   4  22  22  47  22   2  48  45  45   1  13  29  40  28   1  46  11  21  24  33   4  29  23  35  17  41  22  44  44  26  12  25   4  19  25  48  27  16  37  39  50  18  50  30  25  26  15  43  50  31  33  41  38   2  46  36  44   4  12  34  27  18  21   3  45  47  10   9  13  25   9   9  21  11  50  32   9
   7  33  48  13  19   4  47   9   7  27  13  28  41  33  32  33  42   4  29  36  23   5  41  13  32  34  19  28  32  37   1  39  14  36  29  11   2  17  25   7  16  19  38  45  38  43  17  29  16  22   3  19  21  28  37  28  13   4  37   2  48  41  44   3   3  17  31  42  36   5  50  34   5  10  35   6  50   7  39  25  31  38  32  38  47  34   7  42  35  11  17  49  28  20  32  17   9  50  39
  47  22  35  49  23  37   2  19  11   5  39  12  44  19  26   5   2  10  22  26  43  14   9  35  50  38  36  15  43  30  24  31  13  42   8  45  47  36  49   8  38  27  20   8  12  16  36  49  14   7  11  47  18  37   1   5  15  34  44  32  46  45  12  14   4  40  28  24  10  28  32  12   9  45   5  48   7   6  10  28   4  23  48  10  16   7  12  10  41  11  14  40  19  50   8   9  31  16
  44  17  28   9  30  36  49   7   1  36  23  27  45  39  20  19   5  28  15   8  40  49  36  28  45  16  23  30  49  17  35  50  29  30  16  26  33  49  11  36  23  43  21   1  40   6  14  10  50  50  44  43  34  19  27   9  10  38   6  35  12  17   4  43  37  46  30  34  37  23   7  36  20  45  41  43  32  32  28  37  34  24  23  21  48  41  21  42  29  29   8   2  39  39  36  12  24
  48  21   1  37  31  22  33  28   4   3  37  26  46  50  48  26  43  48  10  21  44  45   2   3  29  26  16  28  39  24  24   4  38   4  43  22  29  46   4   4  13  44  28   8   8   9  46  16  22  39  29  35  34  15  15  26  17  21  50  41  41   9  43  23  15  29  37   5  41  20  30  14  32  17  24   6   9  17  44  47   2  19  15   5  44  26  31  33  41  24  43   2  14  33   8  45
  11   3  49  14  28  25  10  40   9  25  48  27  40  33   7   8  32  29  38  46  30  49  23   8  33  12  10  17  25  12  20  45  14  46  28  40  39  38  36  19  23  34  40  36  38  26  45  44   1  29  49  41  42  44  24  19  30  36  46  41  38   2   6  26  35   5  26   2  43   1   7  11  30  24  26   5  44  35  17  42  32   4  18  24  47  25  47  41  48  49  13  20  27  49  15
  50  27  33  14  16  25  46  38  46  42  41  29   6  28  11  31  45   3   1  26  48  36  26  26  42   3  46  37  34  29  40  25   9   2   3   9  49  42  35  28   6  24  49  36  21  16   5  10  21  10  22  31  48  13   2   5  20  41  29  39   7  37  23  30  47  32  35   6  32   3  16  32   5  27  10  17  13  42  24  15  28  23  32  43  46  44  29   2  28  39   6  18  26  12
  19  17  19  19  36  45   9  16  45  14  40  43  26   3   7  31  20  44  26  40  40  18  38  21  45  25  22  28   8  37  31  12  24  46  44  11  42  22  40  25   6  25  42  20  18  31  30  19  18   5   9  32  27  13  26  41  48  44  43  49   3  28  36   3  40  36   6  16   5  43  30   9   2   2  44  25  15  23   6  12  33   7  44  44  26  18  43  32  47  47  12  47  38
   6  29  37  12  49  28  18  45  33  26  24  45  43  42  14  13  16  33   7  28  49  35  21  27  29  30  49  32  36  41  30  27  44   8  29  14  17  32  49   8  15  49  48  41  28  43  24  40  10  34   6  43  10  48  43  28  31  19  48  40  38  24  27  29  41  28  34   8  24  31  14  11  29  10   2   9  16  35  28  50   1  50  26  32  17  28  43  47  21  27  32  11
  43  34  30  17  48  18  50  41  29  45  29  39   7  30  38   7  23  13  12  29  20  27  16  30   2  42   4  21  41  18  27   4  43  30  12  38   7  14  19  21  18  27  27  10  29  44  22   2   8  33  39  45  38  46  34  14  43  32   5  21  28  14  31  44  39  25   9  31  18  30  35   6  20  26  36   4  42  20  48  44  31  49  28  45  40  31  32  13  12  34  20
  22  17  20  30   5  22  40   2  26   9   6  39  39  23  24  43   2  36  16  18  17  23  29  16  49  40  38  49  12  29  40  48  41  12   6  39  46   6  33  45  10  23  34  32  29  49  43  11  21   2   3  39  28   7  34  36  20   3  26  49  10  31  29  12  37  27  50  49  19   1  37  20  24  42  25  29  50   2  41   7  45  28   7   8  29  37  41  32  25  16
  19   8  12  11  17  35  18  35  16   3  17  33   4   2  20  36  32  20  22  28  25   8  22  38  46  32  50   1  42  41  29   6  35  13  27  22  12  17  45  43  30   9  47  33  47  33  27  49  19   9   7  42  12  29  34  27  21   9  28  26  18  12  45  32  50  16  31  43  28  36  15  32  46  31  45  41  36  35  37  48  11  47  36  28  41  14   4  11  10
  38  36  28  23  35   3   4  35   5  43  39  21  30  47  39  23  45   5  45  11  41  45  12  40  39   3   8  22  32   1  10  39  13   5  43  32  12  50  45  42  12  34   1  22  31   8  49  12   3   1  31   4  25  10  45  35  30  44  22  22  50  19   3  37  27  23  28  10  31  17   4   6  33  11   8  20  45  18  12   2  48  41  11  43  37  16   3  19
  21  12  27  35  37  43  40  18  42  31  49  33  16  47  19  39  43  42  21  12   3  28  27  24  13  19  44  10  50  33  21   7   4  23  23  15  19  12  36  40  50  30  11  13  33  47  36   3  13   2  23  23  28  43  12   5  14  30  22  29  26  49  49  33  39  32  12  47  35   1  14   9  49  15  33  35  11  27  46  39  38  49  50  47  48  17  27
  17  50  16  42  45  31  13  34  16  34  39  49   5  48  19  49  42  39  34  28  17  16   6  46   2  19  10  19   6  33  35  42  10  44  42  27  42  18  40  40  43  11  20  15   2  41  35  24  39  28  37  47  14  49   8  10  22  28  29  42   7  25  17   8  21  49  11  30  36  12  37  28   9   8  33  36  30  17   5  16  32  43  25   3   1  49
   4  15  30   3  19   7  48  33  18  48  45  42  50   8  44   8  15  11  29  12   4  10  41  33  21  18  12   3  30  21  34   5   2  16  12  48  47  14  38  31  40  15  35  14  47   3  46  27  44  19  26  10  15  19  50   3  16  39  16  14  22   6  48  23  39  49  43  28  12   5  12  30  29   7  43  38  49   2  36  23  31  25   3  42  22
  27  18  39   8  27  15  49  49   5  43  15  10  23   3   6  46  21  47  46  10  27   7  40  38   1  48  29  33  48   5   9  46  21  35  23  20  23  44  36  38  37  31  45  10  37  47  35  22   8  38  44  27  20  38  11  40  49   2  38   4  11  13   9  35   3  21  19  12  44  20  28   2  18  23  37  39  43  49  14  28   9   8  19  16
  21   8  18  38  49   5  24  47  37   6  34  23  11   2  33  40  44  17  47   9  13  44  26  25   9  35   5  41  11  28  17  36  34  46  43  26  35  28  35  17   7  26  20  27  44  47  42  40  24  23   8  19  46  35  33   9  22  12  50   2  10   1   3  27  10  18  20   3   3   4   3  31   7   9  17  34   6  14  39  39  24  20  45
   6  50   5  12  20  28  33  11  13   4   5  28  12   4   6  10  26   7   3  40  32  40  23  33  34  19  31   1  46  18  46   4  19   8   9  14  46   6   9  37  16  18  43  26  45  14  16  29  27  29  20  41  21  25  33  48  22  27  35  30  46  43  28  37  16  35  24  42  36  38  37  11  45  17   2   4  46  34   4  46  44  10
  10  35  39   1  29  36  37  34  32  35  36  38  24  47  35  37   3  44  28  39  20  48  35  32  49  29   9  50  30   8  19   8  36  27  44   5  16  47  35  50  11  50   8  13   4  46  26  14   9   8  11  11   4  43  40  24  41  21  12  19   8  45   6  15  18   6  38   9  32  38  37  14   8  14   6  33   5  17   6  32  15
  42  46  33  13  34  23  10   9  39  26  38   2   7  28  26  45  29  47  17  16  48   8  35  50  12  29  14  22  29   6  29  47  10   9  14  16  15  15  23  41  19  46  11  35  25   3  24  50  44  14   6  24  44  15  24  25  27  28  23  48  27   3  19  49  50  20  10  31  18  14  43  44  14  34  44  14  38   1  36   8
  45  36  45  29  36   2  25  15   4  38  15  13   6   9   4  28  16   5  15  41   7  41   7  36  29  19  38  11   4  25  15  12  15  44   8  34  35  45  50  16  24  36  32   7   9  49  27  34  26  49  42  45  26  40  17  34  11  38  16  23  37  37  22  15  43  45  13  19   7  38  39  23  33  22  44   8  26   1   4
   6  49  12   6  27  11   2  27  20   8  33  13   4  28   4  15  47  36  46  30  47  30  12  14   8   3  33   6  33   2  42  17  36   4   9  18  17   6  44  12  27  17  47  18   6  49  38   2  33  42   8   8  42  17  12  21   7  31  47  19  47   3  27  37  25  12   7   8  21  27   8   7  45  17  34  38  27  25
  16  36  38  11  19  12  42  30  43  10   2  41   1  12  43  10  24  21  32  50  24  10  21  30  37   7   4   1   8  16  50  21   1  16  38  48  17  26  18   6  39  24  31  14  16  44  31  21  13   5  48  36  26  49  22  25  35  11   2  12  33  37  42  29   3  29  13  29  48  10  36  36  47  42  39  27  38
   1   2  28  39  30  38  49  36  24  23  24  19   9  41  38  25  23  15  20  22   6  25  31   3  13  32  19  28  29  12  17  26  43   3  13  49   5  41  45  44  33  45  21  26  21  48  47  49  28  42  19  19  10  22  18  32  42  26   3  28   6  23  25  23  35  21  39  43  25  45  14   2  42  24  47  39
  42  10  40  26   1  17   2  15  42  46  11   3  36  40  17  36   1  40  30  50  33  12  26  50  18  13   2  30  13  42  19  10   4  34  42   3  43  27  17  10  12  21  27  26  20  30  12  46  44   6  22  42  18   9   9   5  35  38  36   3  34  10  10   8  37  50   7   3   2  16  46  25  25  10  40
   6  18  24  23   3  42   9  32  44   8  43   2   3  41  21  12  34  16  44  20  42  16  37  10  37  42  43  39  11  26  28  37   1  29  31  10  24  14   2  18   8  13  46  38   5  12  49  10  13  12   6  41  42  37  25  25  25  33  12  29  26  35  16  30  10  43  20  34  11   5  40  44  19  42
  15  34  24  37  18  22  33  50  38  20   7  18  48  47  30  21  44  33  30  26   5  16  26   7  10  47  26  16  50  43  48  25  44  26  24  18   9  43  21  50   1   1  28  37  48  33  38  13   5  24  37  35  31   5  37  20  39  11  22  39  43  42  18  11   4  20  42  29  40  15   2   3  43
  36   4  26  44  33  28   4  27   4  26  30  20  40  17  24   7   8  31  34  50  35  30   8   9  24  23  15  30   7  20  45   7   8  39  29  20   2   8  20  40  41  49  49  16  23  22  48  30  14  45   2   2   7  43   9  44  20  31  20  33  41  39  41  15   8  49  24  22   1  44  41   8
  28  50  16  50  44   4  28  44  17  30  37  24  17  17  15  31  16  20   2  35  10   4  21  18  27   4  22   2   8  41   5  41  35  36  49  26  19  43  21  30  18  26  37  16   5   4  11   9  20  20  24  28  16   6  31  16  19  14  15  14  47  46  25  20  31   5  31  32  19  19  17
  21  24  39  24  12  36  24  43  15  30  22   1   1  38  38  38  36  45  27  11  13  29  31  50  27   1   7  50   8  21  42   8  18  14   2  16  21  36  17  37  39  22  35  17  32   4   4  25  37  27  16  45  20  36  32  22  12  26   2  29  42  31  47  29  37  31  44  27  15  13
  14  36  44  14  11  44   8  30   8  23  41  24  49  12  16  45  46   8  39  30  38   2  10  34  33   4  50  35  19   3  18   6  10   2  21  34   8  20  37  29  47  38  40   7   5  10  18  36  33  10  29  14   8  42  16   4  46   9  25  14  45  15  35  46  16  40   4  15  40
  47  47   1  28   3  31  20  24  22  22   7  16  24  37   7  21  14  32  11  32   2   7   4  13  48  20  39  40  19  30  35  22  13  23  30  45  36  14  36  27  28  33   2   6  40  10   8  50   2  34  35  27  41  40   4  44  30  20   6  25  37  37  21  14  26   4  20  37
  46   8  47  42  38  16  36  48   6  45  28   7  37  33  27  19  33  13  35  47  22  21  27  39  20   6  10  17  32  18  36  45  34  33  19  11  48   1  26  50  38  38  11  13  50  27  43  23  27   5  18  49   6   5  22   5  17  43   8  32   5  19  43  12  46  41   4
  25  26  32  38  29  11  32  31  32  11  15   1  40  20  39  13   4  25  18   5   6  11  12  28  29  26   7  28  21   7   4  34   2  34  23  19  39  38  18   7  39  35  10  13   3  23  15  16  16  34  19  47   3  24  35  14  48  46  19  39   3   9  41  37  41  42
  38  49  13   8  30  16   3  25   2  47  24  12  31  16  26  29  21  49  15  18   6  21   7   7  44  42  38  50  29  12  29  36  27  25  18  14   5  40  43   8   3  31  33  46  37  10  40  11  40   4  41   4   2  33  43  15  12  17  47  30  21  42  50  20  33
   3  34  38  28  10  46  38  49  43   7  45  32  43   8  17  27  17  43  32   6  36  50  18   6  19   6  36  29  21  29  17  35   9  21  33   9  25  39   3   1   3   9  48  34  10   5  43  46  22   9  15  15  27  36  29   3  18  24  30  18  27  27  20  17
  36  38  31  14  28  15  39   7  10  37  28  34  29   6  34  21  10   7  25   7   4  48  27  33  11   3  37  17  23  19  16  38   9  23  38   3  17  36  30  50   4  41  22  30   7  40  21  30  42  46   3   3  27  40  30  48  29  49  33   6  16  41   8
  38  46  35   3  25  35  25  24   6  46  23   4   5  32  18  41  22  35  22  19  24  39  39  31   4  19  23  42  50  20  12  15   4  19  21  21  38  33  49  21  16  46  11  39   1  35  50  22  22  36  46  30  15  29  29  13  32  49   5  37   1  49
  50  28  12  18  16  12  42   2  14  17  37  34  42  22  12  40  29  44  41  17  42   1  39  34  19  12  41   5   7   1  17  22  23   1   7  12  41  22  47  22  18   1  49  44  19  28   3   8  16  28  39  23  39  30  39  36   5  49  39  28  33
  35  35  14  12  10  14  13  47   8  30  37  33  30  42   1  12  36  28  38  48   2  10  16  36  18  21  43  45  22   9  34  27  26  22  49  35   3  10  36  12  39  16  11  14  44  42  41  29  32  22  49   3   2  24  28  25  23   4  31   5
  36  43  41  24  41  23   6  44  12  35  41  26  16  46  40  30  35  38  37  49  17  18  41  26  26  16   2  16  40  17  26   5  40   9  41  25  41  33  31  41   9  31   7   9   5   8  42  29  31  44  26  13  17  31  25  33  15   1  32
  44  16  22   8  15   4  22  15  47  44  10  13  27  30  37  50   3  18  39   5  25   3  14  44  27  35  50  17   8  16   3  33  49  29  41  32   1  46  34  10  43  44  47  30  15  29  41  45  49  40  35  21  30  37  25  18  22   7
  17  22   2  44  32  35  26   5  18  17  50   2   9  23  36  41  41  27  43  30  21   9  41  16  22  24  49  15   8  30  12  20  38  29   7  31  11  11  43  11   8  39  11  47   9   7  46  22  36   2  44  13  12  41  38  35  48
  50  20  34  40  42  26  43  44  50  42  26   3  12  40  25  37  11  34  41  21  12  43  31  44  31   7  46  29   1  40  45  36  32  17   6  38  13  44  34  15  18   5  19  47  39  48  43   7  49  50  49  17  35  40  13   9
   1  14  45  48  44  47  11  11  33  49  11  34  47  41  23  26   5   3  25   9  46  11   8  36  17  18  39  16   8  43  37   4   5   1  18   1  50  15   6   4  26   7  49  40  44  12  27  19  29   4  46   3  46   2  18
  12  10  32  26  12  21   6  45  16  21   9  15  19  25   6  49  19   8   6  18   9  39  33  10  35  24  50  46  35  39  24  37   8  46  18  29   6  45  42  26  12   7  32  42   7  44  42  35  38  18  34  31  11  25
  20  25  31   2   6  13  36   5   5  35  43  27   8  28  38  43  28  35  23  20  19  36  30  39  24   3  18  45  42   2  14  10  23  12  45  13  30  27  50   5  26  36  16   8  16  27  19  27  35  30  13   8  21
  26  50   6   5  44   8  39   5  32  31  16   8  11  37  34  15   1  11  46  34   5  49  30  35   6  27   5  26  18  40   8  17  31  28  18  12  35   8  35  44  49   5   4  21  39   4  42   1  34  32   7  43
  33  14  20  10  25  37  11  16  42  12  36  45  25   9  40  48  47  13  22   2   2  46  39   7  22  40  13  48  38  18  20  11  32  28   2   6  40  24  44  47  38   1   4   3  33   7  36   2  29  27  10
  19  44  16  30  17  14   9  30  50   1  10   2  12  35   7   1  40  32  37   5  22  26   5  19  45  48  35   3  39   5  23   9  10  41  43  45  43  32  30  23   8  43  23  40  50  48  41  17  13  44
  21   5  28  34  23  42   5   2   7  27  42  14  18   6  11  36  19  38   1   5  12  42  41   9  49   5  41  43  39  15   5  12  17   3  14   6  31  41   3  28  18  49  44  10  17  17   4  32  45
   3  50  33  27  19  43  19   1  33  42  20   6  27  34  12   4   9  19   7  22  25  17  40  42  44  33  48  17   3  49  28  18  42   7  32  49  41  30  28  32  33  23  17  22  33  35   9  17
  11  32   5  24   8  46  35  36  48  37  16  25  21  48  37  14   3  47  24  14  38  17  26  48   8  27  44  30  35   4   7  17   9  19  21   6  50  39   2  29  31  13  34   7  28  17   9
  26  42  33  29  39   2   6  23   8  10  41  31  39   1  19  23  34  28  22  41  31  17  44  15  17  18  27  35  30  27  45  49  15  37  34  47  28   9  18   1  45  34  12   5  36   6
  41  18   9  20  26  33   5  44  11   3  27  21  45  25  16  44   4   5  40  36  20  29  49  37   7  28  17  46  44   1  26  26  14  44  32  27  41  26  48   9  40  40  14  42  20
  45  16  25  36  10  30   8  26   6  49  48  49   1  48   7  43  31  49  10  22   8   6  35  25  22  44  20   3   3  29  30   4  46  42  42  40   6   3  13  45  41   9  12  17
  31  22  12  21  32  49   7  41  32  36  22   9   9  28  37  36  48  12  43  12  45  31   9  36  27  30   7  34  10  12  50  33   2  42  25  15  34  46  10  17  13   3  10
  27  13  18  29  46   6   4  19  34  14  34  40  45  32  34  39   9  28   5  42   2  49  35  33  16  50  45  18  10  35   1  26  30  44  12  40   6  50  13  44  31  38
  45  21  46  11   7  22  38  45   4  45  42  19   5   2  47  36  36  50  24  12   4  23  21  36  40   7  42  30   8   1  11  46  20   5  21   4  14  11  43  19  41
  24  43  29  43  28  49  38  28  22  16  13  39  26   2  31  39  18   1  24   2  47  48  41   8   2  18  12  40  25  33  44   2  25   5  33  16  13  28  33   1
  22  38  37  36  16  11   6  19  14  20  45  35  49  48  18  21  34   7  23   4   2   8  35  21  37  40  36  47   5  24   9  31  13   8  29   3  36  24  44
  10  35   1  41  27  43  26  19  33  11   6  31   9  12  11   8  21  34  49  17  11  26   4  15   8  12  42  40  21  15  42  46  37   8  15  29   7   6
  36  16   4  12  42  27  24  28  48   5  27  29  37  28  22  43  41  35   1  36  46  21  23  28  40  17  16  27  35  42  46  18  48   8  48   2   7
   5  29  28  43   5  38  12  50  19  11  46  19   1  34   3  46  50  34  26  25  11  29  33  44  13  12  27  27  22  15  49  36  22  41  18  18
  44  44  33  24   9   6  26  14  21  15  41  32  44  24  29  15  21  37  24  22  18  26  25  32   6  16  37  12   3  41  28   5  26  49  37
  48  23  38  45  21  36  12   6  49  31  39  41  26  40  31  42  50  14  11  36  27  21  20  50  23  46  50   5  12  21  32  18  32  17
   1  40   4  44  49  45  12  45  33  36   4   9  49  31  45  43  41  34  34  49  22  17  18   4  47   1  15  37  36  33   3  12  28
   1  37  39  36  47  29  10   7  35  17  13   8   4  25  33   5  24  32  40   4  21  43   1  46  12  20  18  18   2  29  25  42
  20  27  38  10  50   3  25  24  38  16  32  38  14  35   2  38   9  40  19   4  44  42  41  26  13  28  25  50  36  43   5
  17  18  17  39  32  30  21  29  25   6   6  38  30  44  40  15  36  36  31  28  34  40   7  19  17  39  21   2  24   8
  36  31  35  13  50  22  26  50  27   4  28  23  13  43  22   5  29  32  25  12  48  28   8  23  35   2  44  21  34
  33  37  28  39  37  17  23  21  13  15  18  11  19  36   7  12  24  44  37  50  14  47  12   4  23  41  25  13
  46  50  38   9   4  19   2   3  20  11   4  31  22   4  50  19  50  48  46  48  32  42  19  15  28  30  30
  36  32  15  18  42  26  28   2   1  20  17   7  32  27  29   5  22  24  16  33  17  11  33  28   1  18
  17  32  32   2  31  24  10  27  14  18  21   4  19   7  17  47   3  48   6  17  20  35  15  40  28
  23  26  50   8  42  32  22  23  24  41  15  27  16  22   9  12  41  13   1   7  30  28  19   3
  36  50  19  24   2  49  39   5  34  45  38  45  45  13  25  16  31  34  20  12  34  13  16
  40  10  30   1  34  37  43  29  32  27  25  17  44  17  21  41  10  42   1  45   3  26
  43  37   4  46  39  16  25  28  30   3  39  29   6  13  29  17  45  28   8  21  29
  16   1   5  42  23  10  29   6  41  33  49  33  18  18  36   9  27  14   4   4
  29  31  24  18  35  49  42   6  31  15   8  17  26  18  40  13   2  21  41
   5  48  36   2  13  34   2  38  47  50  30   1   6  45  46  44  10  24
  35   6  45   2  25  20  45  26  37  42  44  30  26  40  13  49  18
  14  35   8   7  23  10  27  11  37  46  38  14  45  14  22  33
  31  11  31  43  22  49  36  19  44  27   7   9  27  18   7
  42   5  23  33  45   4  20  33  29  38  20  11  20  20
  39   8  49  25  14  48  27   3  24  18  50  28  12
  36  41  30   3  37  25  30  19  26  25   5  29
  47  27  28  32  17  49  15  47  20  25  19
   2  26  24   9  33  40   9  50  14  42
   9   9  47  18  31   3  13  49  41
  10  50  33  24  48  12  15  25
   1  14   8   5  46  24   8
  33  43  19  28  43   9
  33   1  11  30  12
  39  49  14  33
   7  40  11
  25  18
  46

 361
  11   8   7  12  11  14  21  14   5   1   5  22  20   4   7  25  24  16   4  14   3  10  10   8   5  24  17  25  11   6  15   9  24  17  11   7  20  14   3  18  10  22   6  21  23   9   6  15  20  18   9  18  15  24   7  20   1  20   9   5  12  17  10  14  14  19  16  11   4  22  15   4   5   9  21  18   8  19  16  20  13  21  13  16   4  14  18   3  12  18   7   5  20   2   4  17  22  10  13  14  23   1  25   6  18  12  13  15   8  15   3  17   1  15  19  10   1  20   9  25
