 120 
  26  23   0  14   0   0   0  22   0   0  42   4   0  49  49   5  28   9   0  27  14   9   0  27   9  34  19  19   0  45  25   2  37  12   0   0   0   0  13  20   2  25  19  44   0   0  47  11  18  44   0  30  50   0  20   8  50   5  32   0   0  13  39  26   0   0  22   1   0  26  25   0   0   0  13  20  47   0   0  17  32  13   0  19  23   0   0   6   7  12  21   0  31  18  48   6   0  25  11   3  28   0  18   0  35  50  20  34   0  17   0  28   5  16  19   2   0  30   2   0
  36   8  14  35  21  30   0   5   5  40  40  43  40  13  12  25  30  20  30  30  45  22  47  27  40  48   0  47  43   0   6  30   0  37   0   9  25  12  46  19  14  36   0   8   0  19  31   0  29  14  42   0   0  15  14   3  48  36  11   4   7   0  46  48  24  28   3   0  34   1  31  38  26  35  28  15   9   0  24  28  24   0  10  44  11  16  32  21   0  48   0  11  15  46   0   0   0  27  27  27  29   0  22   0   0   0  10  15   6  46   0   0  32   5  12   7  33   7  18
  37   0  23  14  50  34  13  27   0   0   0  49   0  32   0  23  43  45  44  33  21   0  50   0   0   0  10  24  18  34  22  36   0   0  21  20  30   0  31  17  29  31  35  27  39  20  29   0  47   0  34  46  45   0  23  19  27   3   0  16   0  38  47   5   0  30  41  11   0  25  34   0  11  47  49  47   0  41  21  17  34  21  10  23   0   0  46   0   8   0  18   0  41   3   0   0   0  20  11  20  34  10  45  30  43   0   0  14  34   0  21   0   0  44  25  31  11  49
  28   0  29   5   9  19  16   0  26  14   9  45  44  22  15  26  39  13   0  46  50  25  16   8   0   2  34  46   7   7  25   0  18  37  30  44  31   0  29  41  38  45   0   0   0  37  40  17  38   0  40  50  45   0  17   0  10   0  35  42  33  46   0   6   0   9  46   7   0   2   0  25  13  34  36  45  47   0  21  22  34  29  32  23  33  30  48  46   0  22  23  32  10  10  24  45   7  16   2  23   6   0  41  20  20   0  18  34   0  45  42  36  30   0  43  19   0
  41   0   0   8   9   4  44   7  49  36  33  46  47  31  33  32   0  48   0   0   0  46   0  29   0  20  46  42   0  26  32  40  48  26  40   0  38  20  35   0  13  40  15   0  44  33  10  45  18   0  12   0   0  19  20   0   2   0   0   0  15  31   0   0  24  42  11  42  19   6   0  37   5  13  39   8  12  23  17   4  31  47  34  11   0  15  13  49   0  44  21  23  13  44   0  23   8   0  17   7  19  36   0   0  34  11  50  13  49   0  15   1  35   0  50  34
   0   3  32  30   0   1   0   1  27  45  46  27   0  11  41  20   1   0  46   0   0   0   3  30   9  22  17  29   0  14  40   4  47  41  29  38   0  31  16  44  46  40   0  46  38  21  23  30   4  47  10   0   0   4  11   2  12  37   8  12   8  31   0  45  22  34  21   9  16   0   0  22  24   0   9   9  13  49  33   0   8  25  18  50  46   0  32   0   0   0  39   4   0   0  28  37  43  48  22  49   0   0   0  11  38  18  24   8  19  43   0  26  41  13   0
  39  30  22   0   0   3   0  50  30   0   8   0  49   6  35   0  40  15   7  23   0  31  37   2  23   0  34  42   8  17  16  16   0  29  40   3   0  24   5  14  12   8  22   0   7  45  26   0  37  50   9  18  42  44  49  48  48  31  50   0  50  39  50  21  10  15  15  22   7   0   0  29  21  45  45  44  37  44  23  11  43   0  15  15  10  47  33  48  41  22   0  44  27   0  38  44  43  37  38  43  48   8  46   0   5  30  37   0  18   8  16   0  25  49
  17  36  50  46   0  21  33  33  25  17   5   0  50   0  49   0   0  38  24  30   0   5  14   9  12   0   0  40   0  46  42  31  19   4  39   5  43  22  47   0  43  33  19  30   0   0  32   0  16  40  27  33   0  27  48   0  35  15  14   5   0  25  31   0   0  40  29  39  45  50   4  22  45  31   0  29   7  25  32  15  19  44   2  50   9  20   0  27   4   0   0  28   4  15   0  41   4  50   8  41   0  10  18  27   2  43  44  12   0   0   0  17  36
   0  13   0  30  36  28  24   0   0  36  18  17  31  13  33   0   7  19   0  10   0   0  18  14  38  47  48  14   0  47   0  41  33  16  18  41  32   6  14  24   5  31   0  12  17  11   0   0   4  31   0   0  37  30   9   2  49  10   9  22   0   4  16   2  12  39   0  25  11  50   0  45   0   7  13   0   0  20  24  17  29   8  27  11  30  41   0   0   5  15  25  46  28   2   0  28   0  26  34   0  19  12  14  22  48  38   0   6  28  37  31  29
   2   4  15  16   0  33   0   0  16  13  19  17   0  47  46   0  21   0  28   0  23  11  15  19  41  29  43   1  33  14  19   5  27   0  38   0   0  13  34  47  41  34  50   0  48  43  17  20  25   0   0   4   2   0  26  39  47  44  50  38  50  14  36  14  22  18  15   9  29  30  14  42  35  48   1  25   0  22  11  17  38  29  43  20   0  24  33  18   9  47  18   0  40  49  12   0   0   6   0   0   0  41   0  22   0   0  24   0  24   0  36
   0  50   0   1   0  13   0   0   0   0   3  10  44   0   0  39   1  21  40  25   9   6  29   5  44  37  22  50   5   0   0  42  37  48  13   0  37  45   5   0  49  46  32   9  28  22  11  19  13  15   0  50   9  50   0  29  22  11  28   0   0  50  21   4  25  28   0  36   4   6   3  41  37   0  34  29  36   0  27  28   1   0   6  30   2  49  34   4  42   0  27  42  24   0  39   1   0  37   0  34   0  20  21   0   0   0  34  37  17  20
   0   0  22   5  41   1  15  44   0  23  18  35  48   0  29  34   0  13   0   2  15   4  39  40   5   0  39  33   0   0  14  15  28  50   0  46  32   0   0  45  37   6   0  15  35  14  47  19  32   0  39  39  37  26   1  46   0  14   0  47  32  12  45   0   0   0   0   0  45   7  30   0   4  14  33   9  49  47  28   0  31  14   0   0   0  50   0   0   0  12   0   0   0   0   0   0  27  41   2  11  38  26   0  13   0  38  36   0  19
   6  12   0   8   0   5  27  16  17   0  25  31   0  19  21  18  29  47  37   0  24  47  30   2  35   0   0  49   0   0   6  47   0  19  44  28   7  26  13  47  14  46  29   0  21  23  33  31  22  37   5   0   0  29  18  23  26  41  28  29  33  23  27   3  21  47  50  29   0   5  36  31  16  14  17  28  17  20  26  50  24  41  36  38   0  43   8  28   0   2  28  25  30   0  16  48   5  34  48  29   0  27  43  43   0  14  14  32
   0  19   5   0  47  22   0   0  25   0  15  31   0  16  18   6   0   0  15  17  19  39  40  49   2  42  20  14  41   8   9  13  19  47   0  15  37  32  47   0  28  50   0  15  38  47   0   0   3  50   3   0  22  40   0  41  22  10   5   7   0   8   0   0  27   0   0  23  21  33  34   7  23   1  33  46   0   8   5   0  13  48  10  39  13  21  40   0   6   2  21  35  50  46  45  20  32   0  25  18   0   0  32  17  26  29  10
   0  14  32   9  26  45  44  44  33  27  39  35  13   0  41   0   0  11  16   0   5  11   0   0  41  31  33   0  31   5   1   5  36   0   0   3  39  14  21   2   2  26  12  50  16   0   4   0  12   0   0  19  35   1   8  23  33   0  44  33   0   0   0  49  37  40  49  16  17  28  34  24  25  21   5  41   0   7  42  43  42  23  14   0   0  31  42   0  28  29   5  47  33  49   7  19  12  36  12  24  37   0  23   3  47  18
  27   0  13   0  30  32  35  49   0   0  34  45   0   0  24   1  20  31   0   0   0  50   0  43   0   0   0  13   0   0  35  15  41  32  48  50   0   5  14  10   6   0  41  45  42  23  44  20  29   0  33  50  49   0  20   0  26   8   2  41   0   0  19  35  11  28  16   0  26   0   8  14  40  41  25  29   0  38  47  15   0  15   0  33   0  34  19   0  33   0  50  36  20   0  32  14  20  17   0  35  24  33   6   0  22
   0  18  31  35  37  17   0  17   0  39  10  33   0   0   0   4  17   0  15   1  19   0   0   6  31   0   1   0  13  35   5  13  17  32  27   0   1  41   0   0   0  27  43   0  11   0  45  22   0  42   0  14   0   8  34   0  49   0  43   0  34  44   0   0  24  35  31   0   0  42  33  43  19  18  22  33  22   0  16  20  28   0   0   4  30  24  24  19   0  13  11  14  29  22  21  12   0   0  15  40  35  45  38   0
  44  37  16  37   0  30   0  33  25   0  24   0  24   0  29  12  29  22   0  44  29  29   0   0  33  21   4  38   0  15   0  20  46   0   0  24   0   0  37  25  42  42   3  22  25  12   0  29   0   0  11   0  10   0  38   5  13  17  13  11   0   0  30  26   0   0   1   0   2   0   0  14  42   6  15   0  38  28   2   0   0   0   9  49  28  26  14  34  33  40  47  31  29  10  18  47  24   9  37   0  49   0   0
   0   6  20  43   0   0   0   0   1  12   2   0  31  46  24   0   2  35  17   3   0  22  45   0   0  49   0   8  29  21   4   0  42   0   0   0  33   8  39  31  49   0  18  24  39   0   0  11  14  29  32   0   0  10   3   0  30  29  24   0   0  39  16  21  38   0  11  30  27   0   0   0  25   3  16  15  24   0  46  43   0   0  48   5   0   0  24  32  24   0   7  27   0  15   0  18  24   0  29   0   1  13
  45   2   0   0  43   1   0  26  47  16  32   7  47  10  28   2   2   2  34   3  21  12  48  33  42  15  25   0   7  19  13  19   6   0  32  36  12  42  47  30  18  11   0   0   0  44  26  47   9   0  20  34  18   0  41  43   0   0  37  35   0   7   0  13   0   2  23  21  23   0   0   7   2   0  38  22   2  23  34  36  33  39  48   0  16   6  30   6  47  27   0  21  25  18   0  11   0   0   3  39   1
   0   8  32   0  16   3   0   0   6  38  22  37  13  19  49  43  25   3   0   8  47  30   5  15  16   1   2  35   0   0  27   4   5  34  22  44  27   4   0  28  10   0   0  34  33  42  16  25  10   1  40   0   8  32  23   0   0   6  24  31   0  10   0   0  50   5   0  46  20  35  47  46  21  26   0   0  48  31   0  12  35   0  30   5  22  26  10  37   0  46   9  22  26   0  44   0   0   0  16  32
  37   0  15   5   0   0  48  24   0   0  30   8  46  38  26  15  18   0  18   2   0  38  40  10   9  28  21  42   0  24  38   0  37   0  43  49   0   0  24  29   1   0  36  42   0  13  11   5   0   4   0  14  31  15   4  31   0  19  32  41   0  39  25   0   9  32   0  48   0   0  44  28   0   0   6  40   0  43   9  44   6  50  24   0  27  44   8  30  26   2  31  41  45   3  42  25   0  39  34
  46   6  45   3   8   0   8  38  40  10  40  44   0  35  34  26   0  12  31  17  35  11  40  36  28  44   0   0   0   0   4   0  47  38   0   0  34   0   0  15  15  14   0   2   0  35   8  30  24  40  40  19  14  29  31  18  31   0  31   9   0   0  30  30  10  40   0   0  18  19  25   0   0  29  21   0  45   9   0   0  34   0   0  47  27   3  34   0   0  26  49   9   4  42   0  21  47  19
   0   0   0   7  18  45   0   0  12   0  31   3  46  30  24   5  43   5  47   1  41  11   0   0   5   0   0   7  29   0  27   0  26  17   0  28   0   0   0  31  36   4   0  47  18  45  46  28   0   0   0   0  29  22   0   4   8  44   0  19  45  46  26  40   0  34  34  38  17   5  49  46  43  26  44  41  18  50   0  19   0   3  12  22  24   0   0  12  38   0  20  45   1   2  20   4  32
   0   0  10  22   3  29  29  17  37  31  19   0  40   0   0  32  25  21   0   9   6  44   0  44   6  33  23   0  27   3  12  37   0  46  50  26  15  50  36  24  34   1   0  49  14   0   0  25   4  50   0   0  46   0  33   0  10  15  32  27  48  14   0   0  23  10   0   0   5  27   0  23  18  30  37  48   7  15   0  13   7   0  30  12   6  21  41   0  19   3   7  41   0  30   9  48
   0   0  22  16  14  16  43  13  28  37  17  45   3  39   0   0  16  42   0  27  10  37  37   0   0  13  43  40  18   0   7   6  37  33  12   0   0  19  17  45  43  18  21  23  38   0  41  34  40   5  21  21   0   0   0  45  34   0   8  27   9  36  32   0   0  36   7   0  13  25   2  34   9  16  19  22  35  19   0  22  22  23  36  31  19  27  28  17  41  42   3  47   0  10  35
   0   0  28  21   1   6  49  27  22   0  35  32   9  47   0  41  45  17  29   0   8   0   0  20  30  28  47  16  29   0  10   4  12   0  31  18   0  40   0  28   0   0  28   0   0   0  14  11  13  12  17   0  47   0   0   0   2  49  12  46  20  11   0   0  24   1   0  13  24   0  43   9  49  41  10  38   0  28   0  15   0   0   0   0  41  29  41  13  42  41   4  21   7   0
   0  42  33  13   0  41   0  36  15  12   4  29   0   8  33  38   0   0   8  38  30  40   0  38   0  28  25  37   2  38  42  42   2   2   0  37  25  24   5  36  15  26  45   0   0  38  41   2   0   0  50  43   9   0   5  44  40  39   0  11   0   0  30  24  11   0   6  11   7  20  33   0  34   0  49  50  43   0   0   0   0   2  35  33   0  50  28   0   0  49   4   0  40
  33   6  32  13   0  21  30   5  50   0   0  17   9   0  46   2   3  40  27  25   3   0  39  37   0   0  39   0   0   0  20  18  50  22   0  40  14   0  12  45  46  27  42   0  12   0  21  25   0  16  26   0  30  35  14  17  22  29   0  21  34  48   0  37  40  44  38  21  15  49   0   9  46  40   0  15   1  10  18  10  36   0  24   0   0  33  37  38   0  10  24  17
  24  20  42  15  14  41   4   0  41   0  40  23  32   8   0   4  14   0   4  15  13   0  18  41   0  15  40  50   0  49   9  20  24   0  17   0   0   0  44   0  38   9  31  50  24   0  38  18  26  36   0  14  38  35   0   0  19  43  45   8  24  39  23   4  49  38  19   8   3  24   0   0   0  39  44  23  35  25   0  19  20  47  46   0  13  32   0  48   6  49  20
   0  36  31  24  26  10  42  31  21   8  37  43  22  27  26   0  22   0  43   0  37  48   0   7  28   0   4  40  41   6  35  27   7   0   3  14   0   0   0  11   0  29   0  14   0  38   8  21   0  46  13  32  21  31   8   0  34   0  28  48  30  32  19  28  19   0  21  36  17   0  31  43  50   0   0   0   0  21  44   2  37   0  26  20   0  45  22  12  28  43
  10  50  31   0  19  27  42  27  18   7  22  35   0   0  41   0   7   5   0  21   0  19  46   0  29  35   0   0   4   5  32  39   0   0  24  41  16   0  21   0   0   0  37  13   4   0  35   0   0  28  35  34   5  13  27  31   2  23  31  23   0  34  17  27  48  41   0   0  12   0   5   0  50  39  12  25   0  44  11  31   0   0  24   0  29  28  29   0  18
   0  45  41  16  17   0  41   4   0  47   0   0  30  21   7   2   0  38  48  13  45   0   6  49   0   0  11   2  39  21  24  32  18   9  21  36  18   3  24  24  29   0  40  23   6  27  32  38  24   0   0  43  31  42   0  10  18  28   0  25   9  42   0  27  19  47  19  45  14  46  29  43   7  24   0  31  24  39  26  44   0  22   2   0  45  43  13  23
   0   6  38  22  34   7  10  42  45   7  32  48  16  22  49  42  29   9   9  41  31  33   0   0  10   0  26  14   6  10  15   9  36  44  36   5  24   0  38   0  36  23  35  45  48  42  14   0  48   4  31   0   7  34  15  14  12  40  20  17  38   2   6  41  12  27   1  37   0  15  44  20   1  46   0  45  20  27  26  49  21   0   0  35  25   4   0
  21  21   2  48  11  24   0  20   0  37  50  27   0  17  20  48   4  14   0  49   0  23   0   3  34   0  35   5   5   0   0   4   5  23  16  44   9   0  40   0  30   0  46  16  13   9  27  43  27  30  16  23   0  46   6  44   0  42  42   0  32  46  27  20   0  21   0   0  12   0  50   9   0   0   6  19   9  20  37  49   0   0  43  22  50   3
  24  28   0   5  26   1  18  15  39   0  29  48  12   0  46   0  38  26   8   5   2  47   0  16  45   0   0  13  43  25   0   0  38   0   9  38  21  29   1   0  32   9   0  49  14  35   9  32   9   0  30  43   0  44   0  22  11  15  47  37   0  36   1   0  22   0   0   0  16  26  24  16  43   0   6   0   0  44   0  45  31   0  10  41   7
  16   0   0   1   4  32  33  12   0   6  21  19   0  42   0   0   0   0  42  22  21  40   4  27  11   2  34  49  31  13   0   4  31  39   7  30   0  37  31   0   0  22   4  46   0   0  21  30  15   0  31  47  37  29  20   7   0   0  33   0  31   0   0   7   5  21   0   0   4   7  46  27   0   0  40   0  22  20  46  19   0   6  28  43
  16   2   0   0   0   0  12  49  27   0   0   0   0  12  23   0  49  18  49   0  38   0   3  27  29  21  17  34  13  26   0  25  48  11   0  23  10   1  33   0  25   0  38  49   0  40   6  39   0  32  27  24  41   0   0  21  40   0  12   0   0  28  11  47  41   0   0  16   0  45   0  46   0  36   0  19  33  42  24  22  47  50   9
  15   0   4   0   9   0   0  10   0  17   0   1   0   0   0  13   7  44   4  48  24   8  35  34   3  50  37  21  34  20  32  47  27   7   0   0   0   0  47   4   0   0   0   0  14   0   7  26  19  26  29   0   7  23  23   0  44   0   0  50  43   0   0   8   0  33   0   0  38  12   0  39  25  20   3  50   0   0   0  24   0   4
   6  19   0   2  11  20  18   0   0  28  43   0  23  26  15   1  41  24  16   0  42  15  19   5  12   0   2  29   0  29  35  48  17   0   0  49   1  33   0  19   2  20  44  45   0   6   0  44  35  13   0  41  45  28  10   0  14   7  12   0   0  48  16   4   5  28   0  21   0   9   3   8   0   0  48   0   0   0  29   7  42
   5  30  29   7   5  13  10   0   0  31  48   3  27  42   0   7   0  14   0  43  32   0  14   0   6  31   0   0   0  40  39  24   0   0  50  17   0   0   9   0  21   1   0  32  40   0  15   0  50  30  21   0  45  49   0  24  18   9  18   0   0  48  33  38  35   0  50  23  44  26   9  35   0   0   0   0  29  44  12  42
  44   0  48   9   0  34  36   0   0  11  22  37   8   2  19   0  29  36   0  42   0  12  11   0   0   9   0  10  21   0  48  35  26  40  41  24   9  25  45   8  31  24   0  45  30  26  28   2  33   0  30  50  36  47  30  23  23  20   2   3  14   0  47   0  23   8   0  37  42   8  25  22   2  46   0  36  17   0  26
  41  14  40  34  46  35  28  21   2  41   0  21  17  43  30  37   0  45  31  10  31   0   0   3  23  41   0   7  45   1   0   0  38   0   0   0   0   0   0   5  45  29   0  42   6   4   6   0  23   0  37  16  28  37   0  48  11  10  11  34  35  37   0   0  19  38  49   0   0   8   4   6  23   1  15   0   0  31
  43   0   9  41  38  48  17  42   0  48   9   4  19   0   6   0  24   0   0   0  42  38   9  30   0  24   0  35   1  20  25   0  49  45  11   0  10  36  41  20   2  42   8   0   8  41  45  37   8   8   9   0   8   0   0   7   6   1  11   0   0   0   7  47   8   0  31  48  15  48  14  14   1  42   0   0   0
  10   1  13   8   0  20  29   0  21  12   5   3  45  34   0  18  47  24  36  10  19   0  30  31  49  39   0  32  23   0   6  38   0   0  37  43  26   7   0  37  46   0  25  32  15  29  19   4  39  13   3  29  48  48  38  11   0   0  17  43   0  20   0   0  28  26   9   8  38  43  39  25   0   0  32  12
  19   0   0   0   0   5   0  29   0  29  25  33  15  20  15  32   8  44   0   4   0  23  29   0  42  41   7  38  31   0   4   0  47  34  36  43   8  42  40  21   0  14  44   6  16   0   0   1  23   0   0   0  13   0  26  24   7   0  17   1  44   0   0   0  28  29  27   3  12   0   1  26  36  25  12
  25  23  46   0  37   0   0   1  23  40  18   0  37  32   0   2  50   0  30   3   0  31   0   0  31   0  45  34  40   0   0   0   0  35  39  42  17  14  11  50  33  29  35  50  15   0  21   0   7  15  29   0   0  29  27  29   0  39  50   0   0  14  25  31  37  39   0  44   0  18   0  10   6   7
   9  17   0   7   0  24  17   0  12  16  20  39   0   0  16  37   9   0   0  11  49  18   0  50  41   0  29  13  22  19   9   3  31  21  30  46   8   0  26   0  16  41  39  19   6   0  40  26  35   1  47   7   0  11   0  28  29  24   0   0  30   0   0  44  32   5   0  20   7  29  22   6  16
   0  25  15  34  37  41   4   0   0   0  32  18   0  45   1  50  35   9   0  37  21   0   0  37  27   5  27   0  24  21   0   1  32  44  25  16  20  24  36  36  42  40   0   5  36  45   0  17   7   0   0  29   0  13   6  14  34  36  16  33   0   0   0   0  10   0   1   1   0  25  44  14
   0  45  36  36   5  48  28  35  41   0  31   0  19   0  13  50  17   7  20  18   1  20  14  41  50  29   0  49  18   0   0  48   5  16   0  23   0  44  38   0  30  34   0  30   0  35  14  50   0  43   0  38   0  46  44  28  34   0  18   3   0  35   0  47  12   2  31  45  49   0  17
   0  42   6  29   0  47   0   0  26  19   0  11  44  44  32   0  34   1   1  14   0  22  43  22   3  13   9  14  28  50  41  49   0   0   0  22  13   0   4  30   0  23   1   6  28  31   6  29  23  40   0   0  26  45   3  41   0  41  36   1  10   2   0  22  16   0   0   0  18   0
  15   7   1   0  26   0  47  23  35  32  37  39  29  24  17  49  33  48  32  13   0  41   0  29  32  25   3   0  44   0  40  49   0  18  13   0  37  37   0   0  23   0  42   0  37  29  49   9  11   2   2  44  33  38  44  26  47   7  31  39  42  17   0   0  21  28   3  46  32
  19  23  48  19  49   0  50  39   5  12  14  24  10  43  38   7   9  30  28   0  16  24  37  49  45   0   9  26   0  45  31   0  22  46   0  23  23   0   1   6  43  31  38   7   6  35   0   1  19   0  18  10  12  32  22  45  30   0  35   0  12  12  27   0  44  18  11  38
  10  12  23   0  36  17  45  12  15   0  41  39   0   0  30   0  10   1   0  18  36   0  44   4   0   0   0   0  25  47   0  42   6  28   0  29   0  32   0   9  29  18   0  28   3  31  28  13  16  23  25  36  39   1  17   0  31   0  15  29  28   0  44  41  31   0  21
  24  44   0   4  49  28   3   4  44  25   8  24  27  29   1  17  15  37  24  19  15   0  22   0  50   0  35   0   0   7   0  17  40  15  50  46   7   0  14  16  26   1  17   0   6   2  48   0   0  13   0  21  50  45  28   0  43  22  31   3   3   0  41   0   0  11
  44  45  35  29  25   1   0  20  15  29  23   4  20  44  37  45  32  15  31   9   0  11  26   0   0   2  19  43  34   0  36  46   0  45  12  13   0  27   7   0  38  25  40  13   2   9  41  16  25  50   0  23   0   4  28  15   0   0  37   0  50  30   4  49  16
  15   0  21  41   0  34  27  46  21   0  21  37   0   0  13   9   9  26  11   3   0  40  14   0  20  13  13  50  39   1  12  11  19   0  48   0  25   0  50   0  20  33  48  19   0   5  39   0   4  22   0  33  16  29  31   0  13   0  31  21  16   0   7   0
  42  21  36  24   0   0   0  32  24   9  30   9  14  42  31  19  47  48  45   4  50   8  23   0  41  19  16  39  23  39  26  24  38  39  24  16  49  21  35  32   1   0   2  18  17   6   0   0  43  41  44  43   0  30  15   0  13   0  11  47   0  14  18
   0  44  27  42   0  16  23   0   0  46  48   0  31   0   0  44   4   0   0  18   0  15   0  23  27  41  32   9  20  18   0  47   0   6  19  38   0   0  38  23   0   3  43  40  30   3   2  10   0   0  13  26   0  22  22  43   0   3  24   4   8  14
  17   0  43  13  22   5   6  37  29   0   5  17  21  39   4  30  10   0  18  39  35  22  34  30  16  43  47  21  45  28  14  39   0  41  29   0   9  14  14  15   7  36  22   0   0  22   0   0   0  46  35   3  36   0   0  23   0   0   0   4   0
  46  39   0  40   0   6   0   0  43   0  42   0   0  18   0  28  25   8  29  45  38   0   7   0   0   7   3  46   0  22  39   0  25   0   0   4  36  19  32  13   3  37   0  25  10   0   0   0  23  26  47   6  21  15  35  42  43  12  38   7
   0   8  27  17   0  47  25  28  35   0  43   8  18  25  20  14  37   0   0   8  47  50   0   0   0  24  38  12  39  21   0  19  21  49   8   0  12  30  23  15  23  43  30  20   3  28  45   0  49   0  35  26  30  40   4  22  45  10  23
   0  38  30  10   2  50   9   3   7  26   3  49  18   4  39  21   0   0  37   0   7  23  28  45   0   0  27  27  46  12   0  47  48  35   0  13   0  25  13  30  15  41  45  50  50  31  20  32  10   2  30   0   0  47  13  26  41  34
  43  50  16  44  36  48  24  27  13   0  40   0   5  30  31  13  50  11  12  32  38   0   8  39  32  26   1  23   0   0  37  16  48  27   0  42  25  35  15  32   0  23   0  38  11  33   0  15  14  38   0  42   0   0   9  23  40
  31  49   3   0   3  47   0  41  48  21  41  47  14   4  35  11  19  21   9  30  18  18  24  12  49  25   0  27  33  38  34  34  39  43  18  33   0  39   0   1  41  22  13   0   0   0   0   0   0  45  10  17  47  48   0  44
   1  31   0  13  31  48   9   4   0   0   0  24   0   0  39  27  16  41  29  17  47   0  22   0  36  14   6  10  10   0  19  13   0  46  21  32  12  19  35   0  10  22   0  20  25  22  45  11  16   4   0   0  25   0  31
  35  15   7  36  44  31  21  30   0  25  33   0  36   0  46   0   0  49  50   0   5  29  38  21   0  49   8  12  48  34  16   2  50  38   0  25   5   6   4  50  42  22  35   8   7   8   0  36  44  47   9  25  33  33
   6  45   0  14   0   0   0  23  29  50  31   0  46  29  25   5  21  21   0  12   0  31   0  33   0  40  32  44  27  12   5  24  20  50   0  40  15   0   5  21  16  33  13  22  50   0   0  47   0  17  11  11  49
  45  18   7  43  22   9  28  23   0  34  13  21   0  45   5   0  31   0  27  24  39  12  24  27  38   9  42  35  21   0  31   0   0   0  40  19   0  45  40   0  24   8  22   0  20   6  19  40   0  11   0  31
  16  45  27   1  40   6  23   0   0  29  13  15   3   0   4   0  22  37  50  30  19   0   0   0  19  15  14  24  19  44   1  23  11  28  13   0  47  31   6  43   0  20   0  23   0   0  46   3   0  15  24
  45  31   0   5  40  46   5  28   1   0  34  11  43  25   0  38  20   0  41   0  28  48  43  30  11   4  30  48   0  16  35  19   0  32  10  45  28  17  47  42  13  22  43  18  21   0  28   0  11  44
  39   0  44   0  33   0  38   0  37  22   6   0  12   0  16  45   0   5  33  13  28  50  12  35   0   0   0  12  38   0   0  42   1   7  26   7  31   9  33  12  10  26  47  38  12  13   5  13  45
  17  18  50   0  25  32  42   0  28  17  36  41   0  36  46   0  49  23   0   0  47   6  48  45  35   0   0   0  43  12  43   8  28  48  23   0  44   0  15  34  38   0  46   0   0   0  47   5
  11  16  19   0   3  17  30  14  15   7  45  44  33  39   2  14  36  43  45   5  39  20   0   0   0   0   0  43   0   0  50  18  22  17  30   0   6  13  42   6   4  26   0  37   0  42   6
  33  32   0  17  46   0   0   0   1  30  32  34   0   0  26  44  41  34   0  49  38   0  21   0   2  43   5  28  28  20   0  45  37  26  36  17  22   7  14  42   0  11  16   0   0   0
  32  18   0  14  36  15   0  29  29   0  27  46  29   7   0   0   0  23   4   8   1   0  29   0  22  36   0  24   5  37  12   0  36  16   7  27   3  37   1  31   0  28  35  47  42
  18  19   0  26   0   0  29  19  21  23  24  33  29   6   0   0  48  29   0   0  13  19  35  26  19  49  19   0   0   0   0   0  42   0  12  30   0  42  29   0   0  11   0  48
  29   0  33   0   0  16  48  48  46  37   7  50  41  30  23  47  37  21   0   0   0  39   0  49  38  30  18  40  29  30   7   0  11   2  24  11   3  19   4   3   0  12  36
  18   5  16  39  37  25  26   0  36   0   0  48   0  50  49  44  42  45   0  19  23  11  41  21   0   0   8  11  38  45   0   1  40  32   7  18  44  27  50  35  14  13
   0  45  11  25  47   0   1  41  48   0  10   0   0  20  29   0  35   8   0   0  50  50  38   8  42   0   6  35  49  30  34   0   0  13  49  24  39   0  11  16   0
  42  14  26   0   3   0  11  20   0   0  25   0  11  20   9   0  22  20  25  31   0  39   3   0  12  13   0  10  44   0  12   2   4   8   0  31  11   8  45  32
   0  40   0  14  25   4   0  24  19  27   0  31  12   4  12  42  50  13  44  48  24  25  41  24  50   0  38  18  13  49  46  24  38  12  32   0   0  36  37
   0  25  23  11  49  25   0  20  38  39  48  30  41   0   5   4  36   3  18   4  13  11   0  38   0   0   4  26  23   0  13  34  35  40  22  30   2   7
  28   0   0  11  49  21  27   0   0  15   0  28   5   5   0  40  28   9  44  38  13  43  25   0   0   1  28   0  20   0   0  41   9   0   0  16   8
  43   2  47  28   0  22  46   7  23   0  30  45  14  41  10  13  26  45   0  20   0  47  11  10   2  26  18  13  10   0  17   0  38  50   1  28
  38  27   0   9   0  11  34  20  11  26   0   0   0  38  28  25  11  24   0   0   0  20  36  11  36   1   0   0  28   0  34   0  33   0  19
   4   4  34  14  41  33   0  45  27   0  24   0  38  29   0   8   0  30  15  26   0   4  20   6   9   4  13  31   0  21   0  38   0  22
  46   0   0   0  49   0   0  20  28   0   9  37  44   2  10   0   8   0  15  16  22   0  39  18  32   0  25  23   0   0  29  15  17
  20  20  15  24  42   0  41   0   4  15   8   2   0   0   0   0   6   0  25  45  45  32   0  41  18  44  32  22  39  34   0  25
  48  14   0  25  26   0  23  30  27   0  13  37  35  34  46  14  49   9  26   0  19  11  24  42  47   0   0   0  26  47  27
  38   0  13  40   0   0  26  44  11  16  39  50  25   9   0   0   0  11  35  35  25  34  11   0  32  42  24  49   0  22
  48  38   0   9  16  34  48   0   0  42  48  37  47  45  45   0  48  18   0  38   0  31   8  17  10  10   0   0  36
  29   0  17   0   0   0   0   9  38   3   5  22  46   5   3   9   4   0  21   0  17  44   0  46  41   0   0  25
  13  19   8  37  29   0   0  11  46   5  25   0  31   9  12  31  28  37  40   0   0  35   6  10   0  13   0
  15   0  25  43   3  16  45  26   3  42  50   5  30  17   8   0  40  33   5  30  13  12  33   9   0  34
  14   0   0  12  29  35  26  29   0   0   0   9   0   0   8   0  48   0  33  43  43  29  30  47   1
  21  25   0  39  48  31  40  16   4   7  37   0  39   2  38  35   0   0  12   0  27  45  18   0
   0  11  15  45  37   0  49   0  10  16   0  13  23  21  40   2  50  25  19  15  25  17  21
   1  33  38   2  42   0  46  17   1  13  47  47  35  19  45  39  21   0   0  19   0  16
   0  47   0  49   0  15   0  45  45  22  40  27  43  11  37  20   0  17   0  35   0
   0  43   0  17   6  10  43  23  34  28   0  36   3  19  30   0   0  10  40  24
  21   0  13  27   9  13  40  18  39  14   7  35   6  27  44  47   0  29  42
  46  40  10  48   8  20  46   0   0  12  43  36  30  14  42   0   0  26
  41   0   0   0  14   0  41   0   0   7   8   2  10   0   0   6  16
  18  23   3  24  44   8   4  14   0  42  25   0   4   1  40  32
   0  16   0   9  24  27  26   0   4  28   0  17   0   0  26
  28   0  20  29   0  38   7   6   0  35  32   0  25  34
  46   0  14  36  32   0  50   0   9   0   0   2  50
  32  34  35  23  13  28   4  22  47  18  17  29
  24   0  29  41  50   0  22  17  16  13   3
  27  12  46  28  42  18  20   5  33   5
  15  50  41  40   3   0   0  38  49
  23   0   0   3   7  24  43   0
   0  29  44  22  44  13   0
   0  29   3  33  47  23
  34   0  18  49  13
   0  30  29  50
   6  20   3
  46  16
   0

 794
  11   2   1   4  13  12   7   2  16  24  17  19  20  20  20  18  18  14  13  25   2   6   8  19  22  20   2  18  25   5  19  10  24  12   4   7   7  12  14   6  20  13  21  13  19  22  17  17  12  18  20  23  15   6  21   9  13   9  24   8  15  16  11  12  17   5  10  23   6   9  16   5   9  20   9  25  24  15  10  23   9   4   5   2   3  24  24  23   8  13   4  23  11  12   4  24  10  24   7   1  23  12  22   5  13   2  17   3  14  15   5  17   5   7   3  20  14   9  10  15
