 120 
   0   0   0  47  29   0   0   0   0  21   0   0  16   0   0  47   0   0  11   0   0   0   0   0  32   0  21   0   0   0  28   0   0  11   0   0   0  14   0   1   0   0   0   0   0   0  28   0   0   0   0  18   0  49   0   0   0   0   0   0   0   0   0   0   0   0   0  42   0   0   0   0   0   0   0   0   0   0   0   0  36  21  18   0   0   0   0   0   0   0   0   0   0   0  30   0   0   0   0   0   0   0   0   0   0   0   0   0   0   0   0   0  22   0   0   0   0   0   0   0
   0  43   0   0  44   0   0   0   0   0   0   0   0   0   0   0   0   0   0   3   0   0   0   0  39   0   0   0   0   0  35   0   0   0   0   0  50   0  48   0   0   0   0   3   0   0   0  42  29  10   0   8   0   9   0   0   0   0   0   0   0  13   0   8   0   0   0  46   0  20   0   0   0   0   0   0   5  36   0  17   0   0   0   0   0  20   0   0  21   0   0  27   0  46   0  32  17   0  14   0   0  18   0   0  23   0   0   0   6   6   0   0   0   0   0   0  40   0   0
  48   0  36   0   0   0   0   0   0   0  15  44  35   0   0   0   0  22   0   0  44   0  22   0  26   0   0   0   0   0   0   0   0   0   0   0   0   0  46   0   0  48   0  46   0   0   0  24  11  48   0   0  50   0   0   8  33  40   0   0   0   0   8   0   0  26   0   0   7   0   0   2   0  12  10   0   0   1   0   0   0   0   0   0   0  42   0   0   0   0   0   5   0   0   0   0   0   0   7   0   2   0   0   0   0   0  20   0   0   0  14   0  26   0   0   0  19   0
   0   0   0   0   0   0   0   0   0   0   0   0   0  23   0   0  37  32   8  28   0   0   0   0  27   0   0   0   0   0   0   0   0  41   9   0  20  39   0   0  22   0  25  39   0   0   0  40   0  33   0   0  16   0   0   0   0   0   0   0   0   3   0   0   0   0   0   8   0   0   0   0   0   0  15   0   0   0  31   0   0   0   1   0  20   3   0   0  43   0   0   0   0   5  11   0   0   0   0   0  32   0  38  42   0   0   0   0   0   0   0  46   0   0   0  32   0
   0   0  50   0   0   0   0   0  21   0   0   0   0  16   0   0   0   0   0   0   0   0   0   0   0   0  26   8   0   0   0   0   0   0   9  24   0   0   0   0   0   0   0   0  39   0   2   0   5   0  40   0   0   0   0   0  13   0   0   0   0  34   0  13  21   0  26   0   0   0   0   0  19   0   0  49  49   0   0   0   0   0   0   0   0   0   9  21   0   0   0   8   0   0   0  11   0   0   0  48   0  46   0   0  32   0   0   5  32   9  32   0   0   0   0   0
   0   0   0  19   0   0   0   0   0   0   0  27   0   0   0   0   0   0   0   0   0   0   0  19   0   0   0   0   0   0   0   0   0   0   0   0   0   0   0   0   0   0   0   0  34   0  28   0   0  41   0   0   0   0   0   2   0   0  26   0   0   0   0   0  25   0   0   0  30   0   0   0  46   0   0  15   0  26   0  11   0   0   0   0   0   0  12  29   0   0   0   0   0   0   0   0   0   0  22   0   0  37   0   0   0  32   0   0   0   0   0   0  36  13   0
   0   0   0  11   0  21  32  25   0   6  28   0   0  30   0  34  31   0   0  34  13   2   0   0   0  15  40   0   7   0  43   0   0  15   0   0   7   0   0   0  49   0   0   0   0   0  13  13  44  36   0   0  17  18   0   1   3   0   0   0   0   0   0   0  48   0   0   0  24  48   0   0  42   0  49   0   0  11   0   0   0   0   0  40   0   0  41   0   0  11   0   0   0   0   0  21   0   0   0   0   0   0  10  15   0  24   0   0   0   0  49   0   0  29
   0   0   0   0   0   0   0  14   0  22  38   0   0   0   0   0  21   0  26   7   0   0   0   0   0   0  38   0   0  17   0  17   0   0   0   0   0  14   0   0   3   0   0  29   0   0   0   0   6   0   0   0   0   0  11   0   0   0  27   0   0   0   0  19  19  23   0   0   0   0   0  21  18   0  33   0   0   0   3  19   0   0  16   0   0  37   0   0   0   0   0   0  25   0   0   0   0   0   8   0   0   0  50  45   0   0   0   0   0   0   0   0   0
  25  36   0   0   0   0   0  22   0   0   5   0   0  38   0   0   0   0   0   0   0   0   0   0  16   0   0  27   0   0   0   0   0   0   0   0  35   0  49   0   0   0   0   0   0  35   0   0  50   0   0   0  26   0  13  25   0   0   0   0  33   0  39   0   0   0   0   0   0   0   2  38   0   0   0   0   7   0   0   0  27   0   0   0   0   0   7   0   0   0   4  23   0  13   7  49   0  33   0   0   0  10   0   0   0   0   0   0   0   0   3   0
   0  41   0  24  31  49   0   0   0  27   0  33   0   0   0   0   0   0   0  24   0   0   0   0   0  11   0  27  17   0   0   0  21   0  48   0   0   4   0   0   0   0   0   0   0   0   0   0  23   0  21   0  40   0   0   9   0   0  37   0  34   0   0   0   0   0  15   0   0   0  36   0  11   0   0   0   5   0  29   5   0   0   0  25   0   0   0   0  25  26   0  12   0   0   0   0   0  50   0  34  24   0  23   8  30   0   0   0   0   0   0
   0  27   0  44   0  38   0  49  12  40   0   0   0   9   0  16   8   0  32  28   0   0   0   0   0   0   0   0   0  36   0  12   0   0   0   0   0   0   0   0  12  36   0   0   0   0   0   0   0   0   0  35   0  13   0   0  43   0   8   0   0   3   0  18   0  39   0   0   0   0   0   0  12  26   0   0   3   0   0   0   0   0   0   0   0   0   0   0   0   0   0   0   0   0   0   0   0  26   0   0   0   0  35   0   0   0   0  28   0   0
   0   0   0   0   0   4  35  12   0   0  49   0   0   0  41   0   0   0  30   0   6   0   0   0   0   0  20  29   0   0   0  14   0   0   0   0   0   0   0   0   0   0   0   0   0  44   0   9  13   0   0   0   0   0   8   0   0   0   0  41  44   0   0   7  17   0   0  39   0  32   0  25   0   0   0  16  22   0   0   0   0   0  12   0  37   0   0   0   0   0  42   0   0  42   0   0   0   0   0   0  16   0  17   0   0  41  19   0  43
   0  43  23   0   6   0   0  22   0   0   0   0   0   0   0   0   0  17   0   0   0   0   0   8   0   0   0   0   0   2   0   0   0  20  20  38   0   0   0   0   0   0   0   0   0  37   0  48  40   0   0   0   0   0  21   0   0   0   0   0   0  34   0   0   0  43   0   0   0   0   0   0   0   0   0   0   0   0   0   0   0   0  24   0   0   0  35   0   0   0   0   0  45   0   0   0   0   0  31   0  29   0  45   0  28   0  32  12
   0   0   0   0  24   0   0   0  47  15   0   0   0   0   0  36   0   0   0   0   0  20   0   0  10   0   0   0   0   0   0   0   0   0  45   0   0   0   0   0   0   0   0   0   0   8  45  12  30  44  50  35   0  15   8   0   0   0  29   0  27   0   0  18  41   0   0   0   0   0  17   0   0   0   0   0  27   0   1   0   0   0   0   0   0   0   0   0  49  41   0   0   0   0   0   0   0   0   0   0  39   0   0  23   0   0   0
  49   0   0   5   0   9   0   0   0   0   0   0   7   0  20   0   8   3  12   0  43   0   0   0   0   0  34  41  33   0  13   0   0  13  35   0   0   0   0   0   0   0  42   0   0   0   0   0   0   0  13   0   0   0   0   0   0   0   0  14   0  48   0   0   0   0   0   0   0   0   0   0   0   0  42   0   3   0   0   0   0   0   0   0   3   0   6   0   0  42   0  17   0   0  34   0   0  45   0   0  32   0  48  10   0   0
  31  27  13   0   0   0   0   0   0   0   0   0   0   3   0   8   0   0   0   0   0   0   0   0   0   2   0   0   0   0  20  14   0   0   0   0   0   0   0   0   0   0   0   0  34   0   0   0   0   0   0   0  25   0   0   0   0   4  25   0  28  32   0   0  25   0   0   0   0   0   0  12   0   0   0   0   0   0   0   0   0  14   0   0   0   0   0   0   0   0   3   0   0   0   0   0   0   0  21   0   0   0  35   0   0
   0   0   0   0  26  48   0   0   0   0   0   7  12   0   0   0   0  24   0   0   0   0   0  18   0   0   0   0   0   0   0  11   8   2   0   0   0  12  26   0   0   0   0   0  19   0  49   0  39  15   0   0  17   0   0   0   0   0   0   0   0   0   0   0   0  17   0   0   0   0   0   0   3   0   0  39   0   0   0   0   0   0   0   6   0  15   0   0  10   5   0   0   0   0   0  26   2   0   0   0   0   0   0   0
   9   0  11  21  40   0   0   0   0   0   9   0  45   0   6  48   0  43  33   0   0  36   0   0  33   0   0  14   0   0  14   0   0   0  11  35  18   0  12   0   0   0   0  33   0   0  42   0   0   0   0   0   0   0   0   0   0   0   0  16   0  28   0  25  37   0   6   0   0   0   4   0   0   0   0   0   0   0  28   0   0  31  15  47  26   0   0  36   0   0   0   0   0   1   0   0   0   0   0  40   0  42  42
  24   0  33   0   0   0   0   0   0   0  10   0   0   0   0   0   0   0   4   0   0   0  14   0   0   0   0   0   0   8   0   0   0   0  37  44   0   0  18   0   0  36   0   0   0   0   0   0   0  22   0   0   0   0   5   0   0   0   0  43  15   0  15   0   0   0   0   0   0   0  27   0   0   0   0   0   0   0   0   0   3  34  23   0   0  38  42   0   0  13   0   0   0  23   0  48   0  36   0   0   0   0
   0   0   0  43   0   0  42   0   0   0  11   7   0   0   0   0  30  10   0   0   0   0   0   0   0   0   0   0   0   0   0   0  15   0   0   0   0   0   0  35   0   8  33   0   0   0   0   0   0  14  16   0   0   0   0   0  36  27  36   0   0  15   6   9   0  14   0   0   0   0   0   0   0   0   0   0   0   0  31   0   0   0   0   0   0   0   0   0   0  36   0   0  48   0  35   0   0   0   0   0   0
  37  43   9   0  50   0   0  41   0   0   5   0   0  18   0  31   0   0  31   0   0   0   0   0   0   0   0   0   0   0   0   6   0   6   0   0   0  14   0   0   9   0   0   0   0  38  30   0   0   0   0   0   0   0   0   0  46  19   0   0   0   0   0   0  22   0   0   0   0   0   0  12   0  37   0   0  13   0   0   0  30  46   0   0   0   0   0   0   0   0   0   0  42   0   0   0   0   0   0   0
   0   0   0   0   0   0   0   0   0   0   0   0   0   0  38   0   0   8  41   0   0  19   0   0   5  30   0  48   0   9   0  45   0   0  26   0   0   0   0   0  35  12   0   0   0   0   0  35   0   0   0   0   0  29   0   0   0   7   0   0   0   0   0  50   9   0  33  20   0   0   0   0   0  48   0   0   0   0   0   0   0   0   0   0   0  16   0   0   0   0   0   0   0   0  18   0   0   0   8
   0   0  11   0   0   0   0  25   0  12   0   0   0   0   0   2   8   0   0   0   0   0   0   0   0  21   0   0   0   0   0   0  10  34  33   0   0   0   0   0   0   9  31   0   0   0   0  12   0   0  26   0   0   0   6  25   0   0   0   0   0  15   0   0   0   0   0  34   0   0   0   0   0  32   0   9   0   0   0  38   0   0   0   0   1   0   0   0   0   0   0  34   0  40   0  44  10   0
   0   0   0  44   0   0   0   0  42  49  45   0   0   0   0   0  14   5   0  39   0   0   0   0  47   0  37   0   0   0   0   0   0   0   0   0   0   0   0  47   0   0   0  12  40  33   2   0   3   0   4  21   0   0   0   0  32   0   0   0   0   0   0  23   0   0   0   0   0   0   0  21  30   0  34   0   5  46  41   0   0   0   0   0   0  20   0   0   0   0   0   0  43   0   0  27   0
   0  35   0   0  16   0   0   0   0  11   0   0   0   0   0   0   9   0   0  48  29   0   0   0  10  28  49   0   0   0   0   0   0   0  28  35   2  14  25   0   0  21   0  11   0   0   0   0  48   0   0   0   0   3  14   7  20   0   0   0  11   0   0   0  11  18   0   0   0   0   0  42   0   0   0  29   0   0   0   0   0  47   0   0   0  26   0   0   0   0   0   0   0   0   0  39
   0   0   0   0   0   0   0   0   0   0   0   8   0   0  14  22   0   0   0   0  34  30   0   0   0  28   0  12   0   0   0   0  24  40  13   0   0   0   0   0  25   0  19   0   0   0  13   0   0  37   0   0   0   0   0  11   0   0   0   0   0  43   0  38   0   0   0   0   0   0   0   0   0  13   0   0   0   0   0   0   0   0   0  18   0   0   0   0   0   5   0   0  18   0   0
  41   0   0   0   0  41   0   0  48  37  48   0   0   0   3   0  47   0   0   0   0   0   0   0  12   0  23  31   0   0   0   0   0   0   0   0  10   0   0   0   0   0   0   0   0   0   0  40   0   0   0   0   4   9   0   0   0   0  10   0   0  40   0   0   0  37   0   0   0   0  41   0   0   0   0  39   0  21   0   0   0   0   0  14   0  35   0   0   0   0   0  48   0   0
   0   0   0   0   0  30   0  10   0   0   0  16   0   0   0   0   0   0   0   0   0   0   0   0   0   0   0   0   0   0  36   0   0   0   0  27   0  20  37   0  15   0  31   0  44   0   0   0   0   0   0   0   0  11   0   0  11   0  41   0   0   0  42   0   0   0   0   0   0   0   0   0  39   0   0   0   8  41  45   0   0   4   0   0   0   0   0   0   0  29   0   0   0
   0   0   0   0   0  10   0  10   0   0   0   0   0   0  32  14  14   0  14   9   0   0   0   8   0   0   0   0   0   0   0   0  21   0   0   0  17   0   0   9   0   0   0   0   0   0  31   0  14   0   0   0  35   0   0  36   0  50  20   0   0   0   0  30  42   0  20  50   0   0   0   0  29   0   0   4   0  39   0   0  20   0   0   0   0   0   0   0   0  30   0  36
  49  37   0   0  40   0  31   0  31   0  38   0   0   0   0   0   9   0   0   0   0   0   0   0   0   0   0  18   0   0   0   0   0   0   0   0  23   0   0   0  34   0   0   0   0  26   0  29  14   0   0   0   0   0   0   0   0  14   0   0   0   0   0  25  22   0   0   8   0   0   0   0   0   0   0  18   0   0   0   8   0   0   0  19  30   0   0   9   0   0   0
   0   0   0   0   0   0   0   0   0   0   0   0   0   0   0   0   0  46   0   0   0   0   0   0   0   0   0  21   0   0   0   2   0   0   0  20   2   0   0  48   0   0   0   0   0  46   0  23   0   0   0   0   0   0  23   0   0   1   0   0   0  34   0  22  36  17   0   0   0   0   0   0   0   0   0  20  33   0   0   0   0  26   0   0   0   0   0   0   0   0
   0   0   0  31   0   5   0   0   0   0   0   0   0   0   0   0   0   0   0   0  37   0   0   0   0   0   0  22  22   0   0   0   0   0   0   0   7   0   0   0   0   0  43   0   0   0   0  18   0   0   8   0   0   0   0  46   0   0  12   0   0   0  11   0   0   0  18   0   0   0   0   3   0   0   0  38   0   0   0   0   0   7   0   0   0   0   0  37   0
   0   0   0   4   0   0   0   0   0   0   0   0   0   0   0   0   0   0   0   0   0   0  41   6  14   0  27   0   0   0   0   0   0   0   0   0   0   0   0  11   0   0   0   0  32   0   0   0   0   0   0   0   0  15   0   0   0   0  49   4   0   0   0   0   0   0  10   0   0   0   0   0   0  41   0   0   0   0  16   0  48   0   0   0   0   0  48   0
   0   0   0   0   0   0  14   0   0   0   0   0   0   0   0   0   0   0   2   0   0   0   0  32   0   0   0   0   0   0   0   0   0  47  33   0  39   0   0   0   0   0   0   0   0  39   0   0   0   0   0   0   0   0   0   0   0   0   0   0  16   0   0  11   0   6   0  24   0  30  24   0  23  12   0   3   0   0   5   0   0   0   0   0  22   0   0
  13   0  19   0   0   0   6   0   0   0   0   0   0  37   0   0   0   0   0   0   0   0   0   0   0   0   0   0   0  40  23  26  40   0   0   0   0  44   0  38   0  34   0   0   0  34   0   0   6   0   0   0   0   0   0  25   0   0  10   0   0   0   0   0   0   0   0   0   0   0   0   0   0   0   0   0   0   0  36   0  35   0   0  26   0   0
   0   0   0   0   0  15   0   5   0   0   0   0   0   0   0   0   0   0  17   0   1   0   0  47  27   0   0   0   0   0   0   0  28   0  20   0  18   0   9   0  49   0   0   0   0   0  12  18   0   0   0   0  36   0   0   5  42   0   0   0   0   0   0  42   0   0   0   0   0   0   0   0  45   0   0   0  27   0   0   0   0  18  12   0   0
  18   0  15   1   0   0  20   0   0   0   0   0   3   0   0   0   0   0  12   0   1   0  41   0   0   0  37  17   0   0  44   0   0   0  34   0  18   0   0   0   0   0   0   0   0   0   0   0  18   0   4   0   0   0  27   0  43   0   0   0   0  45   0   0  10   0   0   0  27   0   0   0  42   0   0   0   0   0   0   8   0   0   0   0
   0   0   0   0   0   0   0  34   0   0   0   0  35  26   0   0   0   0   0   0   0   0   0   0   0   0  36   0   0   0   0   0   0   8   7  18   0  10   0   9   0   0  37   0  11   0  18  10  34   0  27   0  32   0   0   0   0   0   0   0   0  41   0   0   0   0  23   0   0  32   0   0   0   0   0   0  45   0   0   0  31   0   0
   0   0   0   0   0   0  46   0   0  15   0   0   0   0   0   0  35   0  32  31   0   3   0   0   0  18  47   0   0   0  37   0   0   5   0   0   0   0   0   0   0   0   0   0   9  18   0   0   0   0   0   0   0   0  27   0   0   0   5   0  49   0   0  10  21  42   0   0  32   0   0   0   0   0   0  17   0   0   0   0  16   0
  16   0  43  43   0   0   0  12  15   0   0   0   0   0   0  13   0   0   0   0   0  41   0  16   0  18   0   0   0   0   0   0   0   0  26   0  22   0   1   0   0  12   5   0  30   0   0   0   6   0   0   0  29   0   0   0  47   0   0  35   0   0   0   0   0   0   0  23   0   0   0   0   0   7   0  13   0   8  18   0   0
   0   0   0   0   0   0   0   0   0   0   0  22   0   0   0   0   0  10   0  26   0  41   0  45   7   0  39   0   0   0  45  25   0   0   0  42  37   0   0   0   0   6   0   0   0   0   0   0  27   0   0   0  19   0   0   0   0   0  50   0   0   0   0   0   0   0   0  31  24   0   0   0   0   0  11  50   0   0  20   0
   0   4   0   0   0  25   0   0   0   0   0   0   0   0   0  46   0   0   0  18   9   0   0  14   0   0  36   0   0   0   0   9  50   0   8   0   0   1   0   0   0   0   0   0  36   0  34   0   0   0  30   0   0   0   0   0   0  36   0  39   0  22   0  36   0   0   0   0   0   0  29   0  39   0   0   0   0  31   0
   0   0  13   0   0   0   0   0   0   0   0   0  19   0   0   0   0   0   0   0   0   0   0   0   0   0   4   0   0   0   0   0   0   4   0   0  43   0  34   0   0   0  21   0   0   0   0   2   8   0   0  29   0  35   0  17   0   0   0   0  17   0  43   7  24   0   0   0   0   0  11  32   0   0  17   0   0   0
  41   0   0   0   0   0   0  32   0  12   0  43   0   0  27   0   0   0   0  36  42   0   0  38  32   0   0  36   0   0   0   0   0   0   0  30   6   0  38   0   0   7  43   0   0   0   0  46   0   0  11   0   0   0   0   0   0   0  40  16   0   0   0   0   0   0  21   0   0   0   0   0   0  30   9  37   0
   0  30  22  41  49   1   0   0  13   0   0   0   0   0  28   0   0   0   0   0   0   0   0   0  28   0  27   0   0   0   0   0   0   0   0  39   0   0   0   0   0   0   0   0   0   0   4   0  33   0   0   0   0   0   0  50   0   0   0   0   8   0   0   0   0   0   0   0   0   0   0   0   0   0   0   0
  37  18   0   0  39   0   0   0   0   0   0   0  30   0   0   0   0  11   0   0   0   0   0   0   7   0  30   0   0   0   0   0   0   0   0   0   0   0   0   0   0   0   0   2   3   9  45   0   0   0   0   0   0   0   0   0   0   0   0   0   0   0  14  28  24   0  23   0   0   0   0   0   0   0   0
   0  22   0   0   0   4  25   0  49   0   0   0  32   0   0   0   2   0   0  32   0   0   0   0  35   0   0   0   0   0   0   0   0   0   0   0  24   0  40   0   0   0   0   0  17   0   0  37   0   0   0  40   0  50   0   0   0   0  42  39   0   0   0   0   0   4  43   0   0   0   0   0   0   0
   0   0   0   0   0   0   0   0   0   0   0   0   0  23   0   0   0  27  28   0   0  21   0   0  35   0  48   0  44   0  11   0  45   0   0  49   0   0   0   0   0   0   0   0   0  46  15  43  14   0   0   0  28   0  21   0  27   0  38   0   0  18  22   0   0   0   0   0   0   0   0   0   0
   0   0   0   0  29  46   0   0   0  30   0   0   0   0   9   0   0   0   0  36   0   0   0   0  40   0   4   0   0   0   0   0  26   0   0   0   0   0   0  35   0   0   0   0   0  22   0   0   0  45   0  43  15   0   0  18   0   0   0   0   0   0   0   0  32   0   0   0   0  25  48  43
   0   0   5   0   0   0   0   2  15   0   0  20   0  22  41   0   0  39   0  27   0   6   0  36  28   0   0   0   0   0   0   0   0   0   0   0   0  26   0   0   0   0   0   0   0  50   0   0   0   0   2   0  15   0   0   0  22   0   0  48   0   0   0   0  11   0  19   0  21   0   0
   0   6   0  50   0   0   0   0   0   0   0  30  44   0   0  38   0   0  10   0   0   0   0  46   0   0  21   0   0   0   0   0  20  16   0   0   0   0  11   0   0  31   0   0   0   0   0   0   0   0   0   0   0  31  39   0   0   0   0   0  12   0   0   0  42   0   0   0   0   0
   0   0  42   0  18   0   0   0  16   0   0   0  32   0   0   0   2   0   0   0   0   0  16  50   0   0  43   0   0   0   0  33   0  36   0  24   0   0   0   0   0   0   0   0   0   0   0   0   0  15  47   0  23   0   0   0   0   0   0  43   0   0   0   0   0   0   0   0   0
   0   0  18   0   0   0   0  36   0   0   0   0   0  15   0   0  27   0   0   0   0   0   0   0   7  20   0   0   0  13   9   0   0   0   0   0   0   7   0   0   0  45   0   0   0   0   0   0   0   6   0   0   0  23   0   0   0   0   0   0  38   0  14   0  31  14   0   0
   0   0   0   0  37   0  41   0   0   0   0  31   0   0   0  11  11   0   0   0   0  34   0   0   0   0   0   0   0   0   0   0   0   0   0   0  26  44   0   0   0   0   0   0   0  41   0  18   0  19   0   0  20  38   0  10   0   0   0   0  18   0   0   0   0   0   0
   0   0   0  38   0   0   0   0   0   0  29   0  36   0   0   0   6   0   0   0  10   0   0   0   0   0   0   0   7   0   0   0   0   0  44   7   0   0   0  19   0   0   0   0  38   0   0  23  22   0   0  23   0  21   0   0  35   0   0  20   0   0   0  37  34   0
   0  14   0   0  14   0   0   0   0   0   0   0  34   0  28   0   0   0   0   0   0   0   0   0   0   0   0  13   0   0  45  26   0  12   0   0  45   0  46   0   0   0   0  22  10   0   0   0  34   0  28   0  27   0   0   0   0  26   7   3   0   0   0   0   0
   0   0   0   0   0   0   0  37   0   0  47  16   0   0   0   0   0   0   0   0  30  27   0   0   0   0  21   0   0   0   0   2   0   0   0   0   1   0  13  21   0   0  44   0   0   0  17  32   0   0  27   0   0   0   0   0  44   0   0   0   0   0   0   0
   0   3   0   0   0   0   0   0   0   0   0   0  46   0  19  25   0   0   0   0   0   0   7   0   0   0  14   0   0   0   0   0   9   0   0   0   0   0   0   0   0   0   0   0   0   0   0   0  31   0   9   0   0   0   0   0   0  47  31   0  48   0  27
   0   0   0   0  28  46   0   0   0   0  26   0   0   0   0   0   0   0   0   0   0   0  41   0  26  39   0   0   2   0  29   0   0   0   0   0   0  18   0  36   0   0   0   0   0  32  24   0   0   0   0   0  30   0   0   0   0   5   0   0  18  20
   0   0   0   0   0   0   0  28   0   0   0   0  11   0  22   0   0   0  43   0   0   0  49  25   7   0   0   0   0  26   0   0   0   0   0  22   0   0   0   0   0   0   0  26   0   0   0  39   0   0   0   0   0   0   0   0   0   0   0  36   0
   0   0   0  50   0   0  15   0   0   0  16   0   0   0  37   8   0   9   0  27   0  38   0   0   0   3   0   0   0  34   0   0   0  17  36   0   0   0  33   0   0   0   0   0   0   0   0  16   4   0   0  21  10   0   0   0  42   0   9  11
   0   0   0   0   0   0   0   0   0   5   0   0   0   0   0   0   0   0   0   0   0   0   0   0   0   4   0   0   0   0   0   0   0   0   0  50   0   0   0   0   0   0   0   0  43   0   0   0   0   0   0   0   0  35   0   0   0   0   0
   0   0   0   0   0   0   0   0   0   0   0  43  44   0   0   0   0   0   0   0  37   0   0   0  34   0  15   9   0   0  46   0   0   0  17   0  35  41   0  23   0   0   0   7   0   0   0   0   0   9  32  47   0   0   0   0   0   0
   0   3   0   0   0   0   0  38   0   0   0   0   0   0   0  34   6   0   0   0   0   0  45   0   0   0   0   8  12   0   0   0   0   0   0   0  27  17   0   0   0   0   0   0   0  40   0   0   3   0   0  15   0   0   0   0  35
   0   0   0  21   0   0  50   0   0  38  40   0  43  43   0   0   5   0   0   0   0   0   0   0   0   0   0   0   0   0   0   0   0   0   0   0   0   0   0   0   0   0  40   0   0   0   0   0   0  47   0  48  18   0  21  21
   0   0  36   0   0   0  10  46   0   1   0   6   0  13  20   0   0   0   0   1   0   0  24   0   0   0   0  49  31   0   0   0  17   0   0   0   0  12   0   0   8   5   0   0  36  29   0   0   0   0   0  42   0   0   0
  30  13   0   0   0   0   0   0   0  43   0   0   0   0  28  23   5   0   0  18   4   0   0   0   0   0   0   0   0   0   0  16   0   0  29   0   0   0   0   0   0   0  32   0   0   0   0   0   0   0   0  15   0   2
   0   0   0   0   5   0   0   0   0   0   0  37   0  17   0   0   0  22   5   0  17   0   0   0   0   0   0   0   0   0  17  48   0   0   8  35   0   0   0  29   0  49   1   0   0  17   0   0   0   2   0   0   0
   0   0   0   0   0  26   2  24   0   0   0   0   0   0  21   0  18   0   0   0   0   0   0   0   7   0   0   0   0   9   0   0   0   0   0   0   0  36   0  19  10   0   0   0   0   0   0   0   0   0   0   0
   0   0   0   0   0   0   9   0   0   0   0  32   0   0   0   0   0   0   0   0   0   0   3   0   0   0   0   0   0   0   0   0   0   8  15   0   0   0   0   0   0   0  33  40   0   0   0   0   0  44   0
   0   0   0   0   0   0   2   1   0   0   0   0   2   0   0   0   0   4   0   0  15   0   0   0  17   0   0   6   0  49   0  10  30   6   0  24   0   0   0   0   0   0   0   1   0   0   0   0   0   0
   0   0   0   0   0  47   0  37   0   0  11  37   3   0  18   0  45   0  34  29   0   0   4   0   0   0   0   0   0   8   0   0   0  30   0   0  29   0   0  22   0   0   0   0   0  24   0  16   0
   7   0   0   0   3   0  20   0   0   0   0   0   0   0   0   0  41   0   0   0   0   0  12   0   0   0   0   0   0   0  33  10  13   0   0   0   0   0   0   0   0  35   0   0   0   0   0  41
   0   0   0  45   0   0   0   5  50  49   9   0   8  36   0  43   0   0   0  21   0   7   0   0   0   0   0  48   0   0  45   4  40  34   0  24   0  47   0   0   0   0  43   0   0   0   0
   0   0  42   0   0   0   4   6   0   0   0  10   0  29   0   0   0   0   0   0   3   0   0  18   0   0  18   0   0   0   0   0  26  49   0   0   0   0   9   3  21   0  44   0   0   0
   0   7   0  35  14   0   3   0   0   0   0   0   0   0  45  45  33   0   0   0   0   0   0   0   0  13   0   0  36   0   0   0   4   0   0   0   0   0   0  47   0   0  14   0   0
   0   0   0   0   0   0   0  47   0   0   0  32   0  22   0   0   0  33   0  31  46   0   0  45   0   0   0   9  49   0   0   3   0   0   0   0  44   0   0   0   0  34   0   0
   0   7   1   0  26   0  28   0   0   0  19   0   7   0   0   0  13  46   0  36   0  37   0  13  20  25  39  35  14   0   0   0  45  32  24   0  31   0  25  48   0  46   0
   0   9  32  40   0   0   0   0  15  19  36   0   0  44   0   0   0   0   0   0   0   0   0   7  35   0   0   8  17   0  32   1  47   0   0  29   0   0   0   0   0   0
  16   0  40  33   0   0   0   0   0   0   0   0   0  26  34   0  10  20   0   1   0  46   0   0   2   0   0   0   0   0   0   0  47   0  50   0   0   0   0   0   0
   0   0   0   0   0   0   0   0   0   0   0   0  46   0   0   0   0   0   0   5   0   0   0   0   0   0   0   0   0   0   0   0  43   0  16  16  38   0   0   0
   0   0  13   1   0   0  30  33   0  17   0   0   0   0   0   0   0   0   0   0   0  47   0   0   0   0   0   0   0   0  21   0   0   0  23   0   0   0   0
  14   0   0  15  13   0   0   0  15   0   0   0  46  22   0   0   0   0   0  35   0   0   0  32   8   0   0   0   0   0  23  18  43   0   0   0   0   0
   0  16   0   5   0   0  29   0   0   0   9   0   0   0   0   0   0   0   0   0   0   0   0   0   0  37   0   0   0   0   0   0   0   0   0   0  16
   0   0  16  11   5   0   9   0   0   0   0   0   0   0  49  13   0  13  19   0   0   0  11  24   0   0   0   1  25   0  15   0   0   0   0   0
   0   0   0   0  14  19   0   0   0  44   0   0   0   0   0   0   0   0   0   0   0   0   0   0   0   0   0   0   0   0   0   0   0   0  36
   0  34   0   0   0  11   0   0   0  48   0   0   0   0   0   0   0   0   0   0   1   0   0   0  42   0   0   0   0   0   0  45   0   0
   0   0   0  11   0   0   0   0   0   0   0   0   3   2   0   0  47  10   0   0   0   0  19   0  31  36   0   0   0   0   0  28   0
   0   0   0   0  26   0   0   0   0   0   0  50   0   0   0   0   0   0   0   0   0   0   0   0  17  13   0  33   0   0   0  11
   0   0   0   0   0   0   0  11   3   0   0  15   0  18   0  28  20   0   0   0   8   0   0  35   0   0  32   0  32   0   0
   0   0   0  46   0   0   0   3   0   0   0   0   0   0  48   0   0  47   0  34   0   0   0   0   0   0   0   0  28   0
   0   0   0   0   0   0   0   0   0   0   0   0   0   0   0   0   0  42  16   0   0   0  15   0   0   2   0   0  39
   0   0   0  13  45  44   0  47   0   0  34   0   0   0  47   9   0   0   0   0   2   0   0  15  40   0   0   0
   0  32  31   0  38   0   0  38   5   0  46   0   0   0   0   0   0  34   0   0   0  42   0   0   0   0   0
   0   0   0   0   0   0   0   0  35  41   0   0   0   0   0   0   0  27   0   0   0   0  16   0   0   0
   0   0   0   0   0   0   0   0  16   1   0   0  10   0   0   0   0   0   5   0   0   0   0   0   0
  19   0   0   0  13   0   0   0   0  21   0  11   0   0   0  46   9   0   0   0   0  38   0   0
   0   0   0   3   0  37  12  23   0   0   4  30   0   0   0   0   9   0   0  30   0   0   0
   0   0   0   0   0   0   0   0   0  36   0   0   0   0   0   0   0   0   0   0   0  17
   4   0   0   0  28   0  10   0   0   0   0   3   0   0   7   0   0   0   0   2   0
  50   0   0  27   0   0   0   0   0   0   0   0   0   0  43   4   0   0   0   9
  26   0   0   9   0   3  32   0   0   0   6   2   0   0   0   0   0   0   0
  26   0   0   0   0   0   8   0  36   0   3   9  21   0   0   0   0   0
   0   0   0   0   0   0  38   0   0   0   0  28  31   0   0   0   0
   0  28   0   0   0   0   0   0   0   0  50   0   0   0   0   0
   0   0   0   0  39   0   0   1  21   0  18   0   0   0   0
   0   0   0   0  31   0  21   0   0  35  17   0  42   3
   0  36  32   0   0   0   6   0   0   0   0   0  37
   0   0   0   0   0   0   0  32   0   0   0   0
  24   0   0   0   0  15   0   0  35   0   0
   0   0  38   0   0   0   0   0   3  25
   0   0   0   0   0   0   0   4   0
   0   0   0   0   0   0   0   0
   0   0   0  10   0   4   0
   0   0   0  20   0   0
   0   0   0  16  50
  37   0   1   0
   0   0   0
   0   0
   0

 570
   9  20   1   7  12  20  25   7  10  14  23   7  20  16   5   8   1  17  14  21  25  16   3  11   7   1  21  15  17   1  10   4  19   9   2  23  25  20  11   6  11   3   8  13  13  16  10   8  16   3   9  19  12  16   5   3  21   5  16  17  25   9   8  10   4   4   3   8  24   3   9   8   4   7   1  11  13   4  23  15   9  13  18  25  17  21  18  23   3  12  25   4  13  12  18  19  24  12   7   8   1  14   2  12  13   7   8   7   7   1  20  13   4  21   3  21  16   6   9  16
