 120 
   0   4   0   0   6  38   0  27   0  11  10  34   0   0   0  43   0  20  14   2   0  12   0   0  29  30  26  48   0  13  24  19   9  33  44  44  20   2   0   0   0   0  29  27   0   0   0  13   7  19   0   0   0  45   0  33   0  30  46  26   8   0  30   0   0  41  31   0   0   0   0   9   0   0  11   0  48   0   0   0  14   0   0  21   0  29   8   0  28  19   0  43   7   0  36  41  25   0   9   0   9   0   0  44  15   0   0   0   0   0   0  29  27  49  19   2  42   7   0   0
  25   0   0   0   0   0  24  48  25  17  19  33   0   0   9  45  19   0   0  35   0   0  29  20  27  41   4   8   0  29   0  22   0  12  37   0  45  18  12   0  41   0   0   0   4  44   0   0  13   0   0  34   0   0   0   6   0  24  11   0   0   6   0  36   0   0   0   0   0  26   0   0   0  11  36  22   4   0  48  41   0   0  42   0   0   0   0  44  21  30   0   5  34   0   0  44   0  45  38  32   0   0  15   0   0  11  31  19   0  31   0   0   0   0   0   0   0   0   0
   0  24   0   0   9  19  16   0  37  11   0   0   8   0  14  46   0  27   0  25   0   0   0   7  36  21   6   0   0   9   0   0   0   0  12   0   8  37  13   0   3   0   0  42   0  30  22  14   0  33  20   0  19  13   8  30  21   0   0   0   0   0   6  45  45   0   0  20  13   0   0  22  31   0   0   0  47   0  33   8   0   0   0   0   0   0  40  10  26   0  32   0  50   0   0   0   0  14  33   0   0  16   0  39  25   0   0  31   0   2  47  17   0   0   0   0   0  42
   0   2   0   0   0   0  37   0  30  25   6  34   0   0  43   0   0  45   0  17  22   0  49  35   0   0  39  34   1  39  44  46   0  43  28  33   0   9   0   0  36   8  10   0  20   0   0  26  25  27   0   0   0   0   0   0   0   0   5   0   0  29  50   0   0   0  16  22  19   0   0  21  34   0   0  44  35  41  28   0   0  37   0  47  29   0  10   0   1   8   0   0   0  28   0   1  34   0   0   0  42   4  29   0   0   7  25   0   0   0   0   0   6  14   4  37   1
  35   0  11  20   0   0  30  44  36   0   0   0   0   0   0  47  40   0  40   1  43  32  18  19   0  29  27   9   7  42  14  17  21  38   0  33   0  47  49   0   0   0  32  25   0  18  30   0   0  29  27   0  39  28  44   0   0   1  47  20   0   0   0   0   0  17   9   0   0   3   0   8   0   0  17   0  20  23   0   9   3  15   0   0   2   0  21  46   0  22   0   0   0  11  46   0   0   0  17   0  49   0   0  10   0   0  39  18  24  15   0  11   0   5   5   0
  30   0  40   0  22   0   0   0   0  17   0   0   0   7  31   0  31   0   0   0   0  31   0  16   0   0  20  48   0   0   0   0   0  35  22  48   0   0   0   0  48  30   0  15   4   0   0   0   1   8  34  28  13   2  30   0  17   0  38  23  20  28  23  23  25  31  38   0  30  34  31  22  47  41   0  32  22   0   0   0  28   0  43  50   0   1  37   0   0   9  39  27   0   0  13  25  44  50   0   0  40   0   0   1  42  35   0   0   0  43   0  36  38   0   0
  21  18  48  22   3   0   0   0  26   0   0  21   0  25   0   0   0   5  21   0   8  47  45   0  31  28  13   0   0   0   0  40  46   0  21   2   0  45  45  46  32   0  24   0  35   0  12   0  41   4   9  33   0  20  10   0  25  44  12  28  31   0   0   0  26   0   0   0  26  44  37  41  16  30   6   0  20  42   0  18   9   0   0  43   0   0   0   0  19   0   8   2   0  48  36   1  29   0   0   7  43  42   0   2  38   0  26   0   0   0   0   0  36  45
   0   0  32  31   0   0  35   0   0   0   0   0   0   5   0  32   8  47   0   0   0  43   0   5   0   0  18   0   0   0   0   0   4   0   0   0   0  30  13  23   0   0   0   0  23  21   0   0   0   0  28   0   0   0   0   7   0  38   0   0   0   0   0   0   0   0   0  25  17   0   7   0   0  30   0   9  48   0   5   6  21  32   0   9   0  25   0  12   0  26  38   0  32  24   0  43   0   0   0  17  35   0  23  32   0   0  27   1  34   3  29   0   0
   0   9  33   0   5   0  47  11   1  35   0   0   7  25  16  17  37   9   0   0  44   4   0  26   0  11  20   0   0   0   0   0   0  24   0   0   0   0   0  40   0   0  25   0   0   2  29   0  12   0   0  26   0   0  10   0   0   0   0  28  19   0  33   5   0   0  45   0   0  19   2   0  20  37   0   0  27   0   0   0  49  33  13  20   0   7   0  42  16  14   3   2   0  50  10   0   0  21   0  34  47   0   0   4   0   0   0   0  48  28   0   0
   0   0  22  17   0  29   0   0  18  31   4   0   0  30  36   0   0  47  21  35   0  47   0  22   0  28   0  48  41   0  23   0   0  45  32   2   0  23   2  43  42  44  38   0   0   0   0   0   0   2  32   0   0  22  20   0   0  33   0   0   0   0   0  42   0   0   0  42   0   0  41  10  36   0  47   0   0   0   0  25   0   6  25  48   0   0   0  34  23   1  44  13  31   0  32  44  43  47   0   0  24   0  49  16  25   0  21   1   0   0   0
   0   0   0   2   0  48  34  36   0  33   0  14   0  31   1   0   0   0   4   0   5  37   0  30   0   0  11  45   0  26  37  18  19   0   0   0   0  50   0  45  18   1   7  18  36   0  14  14   0  42   0   0  14  21  30   0   0  19   0  45  23   0   0   0   2   0   0   0   3  43  31  30  20  12   0   0   0  12   0   0   0   0   0   0   0   0   0   0  45   0   0   0  14   0   0   0   0   0  30  32   0   0   0   0   0   1   0  50   0   0
   0   1   0  50   0   0   0   7  26   0  47  33   0  35  15   0   0  41   0  21  35   0  30   0   5   0   0  29   0  20   0   0   0   0   0   0   3   0  23  37  37  26  43  40  17   7   0  25  23   0  21   0   0   1   0   0   0  44   0  25  36   0  50   0   0  38   0   0  34  47   0   0   0   0   0  46  21   0   0  22   0  18   0  39   0   1  35  12  12   0   4  28  21  32  31   0   0  46   2   0   0   0   0   0   6   8   0   0  41
   0   0   0  12  39  42  29  22   0  36   0   0   0   0  46   0   0   0   0  40  45   7  17   0  48   0   2  19   0  21   0  22   0   3   0  37   0   0   0   0  39  41   0  30   0  31  21  38   0   1   0  19  20   4  49  40  36   0  44   0  32  15   0  26   5  39   0  13  21   0   0   0  25   0   0  35  16   0   5   0   7   8  18   0   0  41   0   0   0   0   0   0   0   0   0  24   0   0  42   0   8   0   0  10   0   0  43   0
   0   0  37   0   0  49  19  22   7   0  48   0   0   0  13  26   1  50   0   0   0  40   0   5   0   0   2   0  43   0   0   0   0   8  19   0  34   0  25  24   0  45  40  26  28   0  38   0   0  32   0   0   0   0   6  46   0   0   0   0   0   0  12   0   0   0  45   0   0  34  27   0   8  34  19   0  11  46  30   2   0   0  45   0  39   5   0  44   0   0  21  32  10  24   0   0   6   0  11  41   6   0   0   0   0   0   0
   0   0   0  48  25  20  49   0   0   0  18   0   0  50   0  30   0   0   0  16   0  28   0   3   0   0  13  29  29   0  18   0   0   0   0  22  23   0  33  23   1  13  32   0   0   0   0   0  45   0  50  37  39  33   0   0   4   0   0  45  27  50  29  25  11  49  42  47   9   0  27  49  15   0   0  40   0  49   0   0  25   0  24  42   0  27   0  18  27   0   0  13  42   0   0   0  33   0   4   7   0  13  26  10   0  18
   0  29   0   0  39   0  11  14   0  18  32  23   0   0   9   0  17   0   0   0   0   0   7   0  16   0  22   0   0   8   0  45   0   0  24   0   1   0  30   0   0  23   0   5  18   0  39  23   0  17   0   9  41   0   0   0  34   0   8   5   4   0   0  39   0  13  50  30   0  32  19   0   0   0   0   0  29   0   0   0   0  43   0  38  37   0   0   0   3   3  12   0   0  37   0  33   0  19   0   0   0  45  14  29   0
   0   0   0   0   0   0  18   0   0   0   3   0   0  21  29   0   0   0  26   0   0   0  14   0   5  31   0  27   0  47   0   6   0   0   0  29   0  37  15   0   0   0   0  31   0   0   0   0  21   0   0   0   0  29   0   0  37  31   0   0   0  35   0   0   3   0   0   0   0  13   0  41   0  27  40   2   0  46  35   0   0  25   3  39  23  35  18   0  37  48   2  42  38   0   0  25  47   0   0  22   0  39  14   1
   0   0   0  34  20   5  15   0   0   0   0   0  13   0  22   0   0   0  36  38   0   0   0   0  22   0  23  11   0  50  19   9  31   0  28   0   0   0   0  37   0  20   6   0   0   0  48   0  42   0  41   0   0  49   0  29   6  18   0  15   0  47   2   0   0   0  29   9   0  36  35   0   0   0   0   6   0  45   0   0  29  34   0   0  33  15   5   0   0   4   0  39  39   5   0   0   0  18  27  43   0   0  24
   0   0  49   0   0   0   0   0  41  34  10   0  50   0   0   0   0   0  39  47   0   0   0   0   0  31  28   0   0   0   0  10  29  13  45  38  23   0   0  25   0   0  21   0  31   0   0  39   0  50   0  26   4  37  50  39   0   0  45   0   0  32   0  27   0   0   1   0   2  29  31   0  41  31   0   0  39  13   0  45  19  25  45  36   0  14   0  13  27   0  27   0   0  38   0  44   0   0  47   0   0   0
  34   0   0   0   0  14   0   0   0  35  17  46  26  28   0   2   0   0   0  12  23  46  29  28  14   9  25   0   0   4   2  34   0  18   0  35  30  49  28   0   0   0   0  21  38   0  38   0   5  48   0   0  23  21   0   0   0   0  27  50   0   0   0   0  22  50   0  11  24  29  18  36  17  24   0  40  34   0  17  15  16   0  33   0   0   0   5   0   0  21   0  34   6  40  44   0   0   0   0  26   0
   0  49  35   0  44   0   0   0   0   0  26  43   9  37  19   0   0  37  18  25   0  30   0   3   0  15   0  41   0   0  29  14   0   0   0  45   0   3   0   0  12  18   0   0   0   0  41  24  34   0  19  50   0   0   0   0   0   0   5   0  47  11   0   0  44   6  12   0   0   3  27   1  32  30  10  31   0  30   0   0   0   0   0  22   0  35   2   4  38  11  48   0   0  18   0   0   0   0   0  13
  50  39  26  26   0   0  29  39  34   0  40   0  35   0  36   0  34   0   0  14   4   0  13  12   0   4  29   0  28  31   0  27   0  26   0  46  12   0   0   0   0   0   0   0  13  22  27  47  12  38  23  38   0   0  20   4   0  20   0  41   0   2   0  16   0  46  19   0   0   0   0   0  47   0  43  16   6   0   0  32   0  12   0   0   0   1  17  39   0   1   0   7   0  30   0   0  10   0   0
  33   0   0   0   0   0   0   0  16  35  44   0  18  47   0   0  45  10   0   0  16   0  26   0  31   0   3  10   0   5   0  43   0  32  23  27   0  39   9   0  18   0   0   5   0   0   3   0   0   0   0  44  44  25   0   0   0  47   0  26   0  39   0   0  22  13   0   0   2   5   0  33   0  15   6  49  40  50   0   0  21   0   0   0  42   0  17   0  45   0  49   7  48  33  46  25   0  38
   0   0   0  43   0  50   0  39   2   0   0   0  41   2  31  18   0  18   0   0   0  45   0   0   0   0  19  38  49  37   0  17   0   0  17   7  43   3  25  31   0   0  30  44  48   0  34   0  44  32  22  19   0   0  20   8   0  44  34   0  24   0   0   4   0   0   0  28  31  43   0   0   0   0   0  17   0  17   0  10  27  22   9   0   9  23   0   0  31   0  32   0   0   2   0  10  30
  41  21   7   0   0   0  25   0   0  45   0   0   0  43   0   0  32   0  30   0  49  34   0  32   8  37   0   0   0   0   0  48  16  27   0   0   0   0   3   8   0   0  38   9  36   0  22  19  21  33  44  11  11  15  39   0  38  44   0   0   0   0   0   0  25  38   0   0   0   0  31  36  31  23  10   0   0  41  24  42   0  14  31   0  42   0   0   8   0   0  21  43   0   0   0  19
   0   0   0   0   0  42  15   0  27   0  25  18   5   0  43  10  42  20   1  27   3  38   0   0   0  32   0  38  14  28   0   0  40   0  27   0  49   0   0  11   0  28   0   0  34   0   0   0   0   0   0   0   0   0  17   0  39   0   1  12   0   1   0  46   5  44  42   0   0   4   0  21  29  12  11  14   0   0   0   0  37   0   0  48  34  42  25   0   0   0   0   0  24   0   0
   0   0   0   0  16   0   4   0  35  49  35  20   0   3   0   0   0  10   0  48  11  38  13  49  33  23  18   0   0  34   7   0   2   6   0   0   0   0  45   0  21  43  30   0  23   5  42   0  12   0  33   0  44  20  49  38   0   0   6  25   0  30   0  33   0   6   0  14  25   3   0   0  20  43   0   0   0   0   0   0  47   8  27  19   0   0   0   0  36  48   0   0   0   0
  12  18   0  29  40   0   0  27   0   0   0  19  32  41  13   0   0  30  40  50  39   0  20   0  23   0   0  37   0  40  22  23   0  44  37  13   0   0   0   0   9  23   0   0  45   1  12   0  29   0  50   3   7  30   0   0   9   0   0   0   0  26  34   5   0  15   0   0   0   0   0  34   0   0  39  49   2  22  13  40  19  39   0   0   0   0  14  17   0  29   0   0   0
   0   1   0  20  29  20  33  15  36   0   6  37  38   0  23   0  29   0  29  16   0   6  33   0  18   0   0   9  15  49   0  39   3  42   0   0   0   0   2   0   3  22   0  25   0  47  31  24  16   0   0   0   0   0   9   0  48   0   0   0   0  16  18  26   0   0  22   0   0   2  25  14   0  41  46   0  50  24   0  32   0   0  32   0  36   0   0  47  44   0   0   1
  36  31  30   5  45  45  31   0   0  15  23   0   0   0  46   0  35   0   0  43   0   6  16   0   0  48   5   0   0  47   0  32   0  14  49  24  48  29  24   9   0   0  29  48  25   0  46  14  41  24   0   0   9   0   0   0  17  44   0  20   0  37   0  14   0   0  36  23   0   0   0   5   0   0  46   0  14   0  40   0  29   0  15   0   0   0  37   0  33   0   4
   0  42   0   0   0   0   0   0  30   0  11   0   1   1   0  15  29  10  19  48  17   0   9   0   0   6   0  24   0   0   0   0  15   0   0   6  34   0   8   0   0   0   0   0   0  43   0   0  14   0  35   0   0   0   0   0   0   0   0  12   0   0  30   0   0  26   0   0   0   4  46   3   0  21  24  40   0  20   0  32   0   0  46  40  30  41  33   0   3  20
  50   0   0  50  33   4  47   0   0   0  29  11   0  45   0  13   0  42   0  16  11  24  31  37   0   0   7  50  36   0  38   0  11  16  14  48   0   0  44   0   0  47   0  43  44   0  27   0   0  15   0  20   0  28   0   0  49  30   0   0  40   0   0   0  12  44   0  26   0   0  27   0   0   0  10   0   0   0  14   0   0   0  43  43   0   0   0  50  32
   0  25   6   0   0  21   0  47   0   0  44   0  33  33  17   0   0   0   0   0   0  39  16   0  35   0   0  23   0   6  26  16  40  46  33  39  42  26  19  16   0   0  30   0  15   0   0   0  21   0   0   0   0   0   0   0  39  42   0   0   0   0   3  21   0   1   0  24   0   0  30  46   0   0   0   0   0  13   0   0   5  15  49   0   2  35  47   0
   0   0   0  34   0  31   0  37   0   0  15   3  19  24   0   0   0   5   0  37   0   0  47  19   5  35   8   0  44  22  44   0   0   0   0  40  18   3  41   0   0   0   9  16   0  33   0  45   6  46   0   0  22   1  46  46   0  48  50   0   4  24   6   0   0   0   0   0  30  14   0   0   8   0   5   0  21   0  45  30   0   0   1  40   0   0   0
  20  23  12   0  12   1  32   0  12   5   8   0  33   7   0   0   0   0   0  46  27   1   0   7  35  39   7  21  33   0   0  26  44  49   0  37   9  25   7   0  23  14   8   0   0  46   9   0   0  16   0   0   0   0   0  42  45   8   0  45   0   0   0  37   0   0   0   0  27   0  35   7   0   0   0  14  38   0  48  45   7  37   0   0   0   8
  39   0   0  24   0   0   0  28   0  23  14   0   0   7   0   0   0   0   0   3  36   0  29   0   0  23   0  20   0   0   7   1   0  20   8   0   0   2   0   0  48   0   2  36  22   0  34  19   0   0   0   0   0   0   0   1   0   0   0   9   0   0  29   0   0   0  33   1   0  20   0  37   0   0   5  41  44  12   1   0   0   0  20   0   0
   0  19   0  46  45   1  28  36   0   0   0   0  40   0  17   9  47  18   0   0  47   0  45   0  30  24   0   0  33   0   0   0   0  21  15  37   0  25   0   0   0  24  20   0  42   0  40  10  18   0  40   0   0  45  18   0   5   0  16   0   0   0   0   0   2  43  49  28   0   0   0  15   0   0  10  45   0   0  30   2   0  16  25  27
  13  20   0  32   0   0   0  15   0   0  45   1  12  16   0  29   0   6   0  14   3  39   0   0  50   0  19  19  47   0   4   0   0  40   0   0   0  50  31   0   0   0   0   0  38   0  41  40  23  40  28   0   0   0   0  34  39   0   0  23   0  28  31   0   0  31  24  33   0   0   5   0   0  46  47  21   0   0   0   0   2   6  50
  39  14   0   0   0  23   0   0   0   0   0   0  23  23   8  41   0   0   0   5   0  27  29  46  26  46  14   0  37  36  34   4   0   9   0  49   0  37  14  25   0   0   0   3   0   0   0  17  27  10  42   0  43   0  27  15  17   0  30  17   8   3  32   0   0   0   0   0   0  47   0  27   0   0  22  50   0  22   0  12   0   0
  39   0  14  36  35   0  41  42   0  13   0   0   0   0  41  29   0  45  48   0   0   0  40  45   0   7   0   0   0  25  49   0   0   0   0   0   0   0   0  11  32  22  38   0  27   0  29   0   0  46  49   0  47  39   0   0   0  16   0  40   0   7   0   0   0   5   0  44   0   0   0   0  19   0  50   0  13   0  27   0   0
   0   0   0   0  37   0  29   0   0  37  29   0  21   0   0  15   0   0  25  47  40  47   0   0   0   0   0   0   0   0  47   0   0   0   1  46   0   0  17   0   0  22   4   0  37  19  24   0   0  11   0  34   0   0   0  38   0   0  28  20  13   0   0   5   0   0   0  39   0  45  22   0  37   7  25  40   0   0   0   7
   0  15   0  44   9  49   0  23  20   0  42  48  44   0   0   4   0   0   0  28   0   0   0  20  35   0   0   0   0   0   0  12   0  21   0   0   0   0  15   0  50  43  41   6   3   0  26  19  34   0   0  24  47   0  33   0   0   0  35   0   0  39  50   0   0  12   0  30  43   0   0   0  48   0  45   0   0  24   4
   0  36   7   4   0   0  49   0  19  28   0   0  34  15  37  14   0   0   0   0   0  11  37   0   0   0   0  37  39   0  39   0   0   0  47   0  49  31   0  16   0  34   0  24   0   0  21  13   0   0   0  39   6   0   0  17   0  37  20   0  30   0  15   0  17   0   0  34   0   0  48   0  15  13   0  43  16   0
  45   0  48  22   0   0   0   0   0   0  35  17  21   0  25   0   0   0   5  45   0   0  18  34  10  46   0   4  15  11  20   0   0   0   0   0   0  35   0   0   8   0   0   0   0   0   0  28  46  14  23   0   0  46   0   6   0   9   0   0   0  15   0   0  45   0   0   0  18   0   0  36   0   0   8   8  19
   0  14   0  42  29   0   0  48  37   0   0  46   8   0   4   4   0   0  34  41  36   0   0   0   0   6  42  50  43  37  48   1  42   0  13  35   4  45   0   0   0  41   0   0   2   0   0   6   0   0  27   0   0   0  27   0  13   0  24  12  11   0   0  25   0  31   0  50  11   0  43  15   0  46  12  32
   0  40  12  45   4   0  25  42  45  35  50   0   0  32   0   0   0  27   0   1  35  44   2   6   0   0   0  35   6   0  16   0  44  49  30  31   0   0   0  46   0   0   0   0   1   0  18  22  31  43   0   0   6   0  15  15   0   0   5   0  23  30   0   0   0   0   0   0  33  25  19  48  20   0  43
   0   0  10   0   0   9  43  14   0  38   0  32  44   0  17   0   5  48  43   0   0   0   0   0  24   0   0  28  22  18   0   8   0  33   0  31  34   0  46   0   0  41  39   9  20  26   0   0   0  35   0   0  15   0   0  13   0   0  46   0   0   5   0   0   0   0  43   0   0   0  49   0   0  41
   0   9   0  48  19   0   0  41  48   7  24  16   0   0   0   0   0  36  23  47  11  35   0   0   0  30   6   0  35   0   7  31   6  21   3   0   0  15   4   0  30   0   0  26   0   0  25   0  37  30  34   0   0  43   3   0   0   0   0  25  39  40   0   0   0  46   0  39  29  18   0   0   0
   0  48   0   0  50  46   0   6  42   0   0  48   0  11   0   0   0   0  40   0  36  21   0   0  17  27  26  27   0  32   0  47  44   0   0   0  48  39   9  42  12   0   0   0   2   0   0   0  47   0   5   0  38   0  34   0  47   0   0   0  19   0   0   1   0   0   0  28   0   0   0   0
   0  44   0   3  32   0  28   0   0  30  11   0   0  48  16  17   0  47   0   0  33  39   0  25   0   0   0  45   0  41   0   0  37  20  11   0   5   0   2   5  44   0  43  34  21   4  38   0  38   0   5   0   0  26   0  37  38   0  34   4   0  20   0   4   9   0   0   0   5   0   0
   0   0  29   0  27   4   0  40  23   0   0  17  15   7   0   0   2  32  39  22   0  43   0   0   0   3   4   0  23   0  41   0  47   0   0   0   0   0  27  30   0  47   0   0   0   0   4  37  30   0   0   0  14   0  23   0   0   0   0   0   0   0   0   5   0  39   0  45  40  23
  41  22  20   0  20   0  33  47  18   0   0   4  49   0   0   8  17  27   0  17   0  39   0  42  14  41  50  22  27  29   0  39   2   0   0  22   0  32   0  41   0  48   0   0   0  29  22   0   0  39  20   0   0   0   0   0   0   0   0   7  22   1   0   6   0  26  47  20  27
   8  49   3  18   0   0   0   5   0  21  18   1  40  14   0   0   0   0  31   0  38   0  44   2  39   4  46   0   0  46  37   5   7   0   0  29   0   0  47   0  33  37  24  43   0   2   0  19  28  44  13  45   0  13   3   0  27   0   6  50  41   0   0   6   0   0  22   0
  24  43  25  40   0   0  21  27  40   0   0  31   0   0   0  39   1   1   4  26  29   0   0   0  20   0   0   0  11   0   0  36   0  22   3   0  49  38  28   0  16  41   0   0   0   0  11   0   0   0  16  37   0   0  18  31  11   0   0   8  20  25   0  22  46  17   0
  33  40  10  30  32  48   9   0   0   0   0   0  41  21   0   0   0   0   0  30   3   0   0   0  47  49   1   0   0  30  42  25   0  43   0  41   0   0  47   0   0  38  37   0   2   0   0   0   0   0  20   0  44  39   0   9   8  25  13  26   0  23  39  24   0   0
   0   0   0   0  13  25   9   0  32  38  24   0   0  38  29   0   0   0   0  24   0   0   0  47   0   0  23  33   9  19  13  20  13  37  44  21  26   0   0   0   0  28  16  13  50  49  39   3   0  48   0  41   0  19  18  25   0  30  23   0   0  21  23   8  12
  24  45   0  15   3   6   0  12  13   0   0   0  39   0   0   0   0   0   0   0  32   2   0  14  42   0  46  15   0   1   0   0  37   0  31   3   0  31   0   0   0   0   0  46   0   0  18   0   5  21  33  28  27   0  41   2   0   0  27   0  47  19   8   0
   4   0   0  26   0   0   9   0   0  47   0   0  29  17  41   0  38  19   1   0   0  10  20   0  43   0   0   0   0  44   0   0   2   0  10  22   0   0   6  36   0   1  25  29  32   0  17  27  50  32  24   0   0  13   0   0   0   7  21  17  32  26   0
   1   0   0  47   0   0  49  14   0   6   0  11   0   0   0   0   0  25  15  38   0  41  36   8  46   0   0   6  38   0   0   0   0  25   1   0   0   9  42   9  29   0   0  37   0  32   6  26  24  32   0  44  36  38  42   0   0  23   0  34  39   0
   3   9   0  20  31   3  44  36  24  20  15   3  46  32   0  46  45   0   0  17   0   0  41  50   0   0  14  25  33   0   0  45   0  46   0   0   0   0   0  18  13  18   0   0   4   0   0   0  24   0   0   0   0   0  13  30   0   0   0   0   0
   0  34   0   0   0   0  45  42   0  17   0   0  43   0   0   0  23   0   0  43  43   0   0  14  36   0  17   0  49   0  20   0  18  32  16   0  41  14   0  18   0   0   0  28   0   2  50   0  12   0  25  32  45   9   9   0  50   5  37  34
  24  32  26  31  22  18   0  14   0   0  14   0   0   0  13  45   0   0   0  21   0   0  45   0   0   0   0   2   0  37  11   0  49  41   0  38   0   0  47  48  32   0  42  17   0   0   0   9   0  21  41   0  30   0   2  38  10   0  47
   9   0   0   0   0  15   6  25  46  40  31   0  46   0   0  45   0   0   2   5   0   0  50   0  42  17   0   0   0   0  25   0   0  20   8  19   0   0  48   0   0   0   0   0  42   0   0   0   0  38  38   0   0  12   0  46   0   0
   0   0   0   0   0  39  42  18   9   0   0   0   0   4   0   0  28  17   0  28   0   0   0  49   0   0   0  47  27  11  31   0  13   8  17  17  19   0   8  50  25   0   0   0   2   4   0  38   0   0  47   0  19   0   0   6  17
  41   0  22  12   0   3   6   0  22   0  33  38   0  41   8   0   7  18   0   0  47   0  25  47  17   0   0   0   0  39   5  16   0   0  25  19   0   0   0   0  28  20   0   0   0   0   0   0  33   0   0   0  11   0   0   0
  26   0  41   0   0   0   0  29   0   0   0   0   0   4   0   2   4  39  44  21  31  30   0  45   9   0  13  48   0  15   0  40   8  18   0   0   4  29  39  32  32   0   0   0   0   0   0  25  38  37  25   0   0  40   0
   0   0  34   0   0  50  10   1  30   0   4   0   0   0   0  49   0   0   0   0   0   0   0  44  24   0   0   1  25  13  33   0   0   0  32   0   0  33  35   0   0   0  14   0  36   0   0   1   0  25   0   0   0  10
   2   0   0  22   0   0   0   0   0  32  46  24   0   0   0   0   0   0  19  42   0   0   6  32  49   0   0   0   1   0  23   0   7  44  32  20  18   0   9  24   0  28   0   8  40  49  15  48  10   6   0   9   0
   0  17   0  45   0   0   0   6   0  21   0  21  38   0   0   2   8   0   6  23  47  36  33  22   0   0  17   0  38  48   7   0   0  48   0   0   0   0   7   6   0   0   0   0   0  10   0   0   0   0  32   0
   0   0   0   0  45  22   1  32   0  19  16  50   0  31  18  47   0   0   0   0   0   0  13  17   0   0  38  26  18   0   0  33   0  23  19   0   0  17  33   0   0  16  50   0   0  48  12   0  15  49   0
  17   0  45  12   0   0   0  40   5  13   0  31   0  36  30   0   0   4   0   0   0   0   0  31   0  42   5   6  18  18   0   1   0  27  23   6  39   3   0   1  48  27  18   0  10  37   0   0  48   5
  16  46   0   0  15   3   0   0   0   0  25   0  36   0   0   0  30   0   0   0   6  26  46   0   0   0   0   0   0  33   0   0   0  12   0   0   0  10   1  49  21  35   0   0   0   4   0  27   0
   0  17  35  43  19  27   0   0  48   0   8   0  18  24   0   0   0   0   0   9   1   0   3  31   8  23   0  50   0   0  49   0   9   0   0  18  13  18  46  22  23   0  18   0  31   0   0   9
  10  23  25  45   0  24   0  25  35   0  26  12   0  13   0  21   0  19  11  36   0  43   0  30  36   0   0  22   0   0   0  31  47  15  30   0   9   0  13   0   0  47   0   0   0  26   0
  31  35  18  19   0  22  20  25   7   0  25  19  19   0   0  20   3   0  32   0  25   0   0  37  34   0  32   0   3   0  17  25  19   0  44  29   0  24  29   0  23   0  48   5   0   0
   0   0   0  43   0  19  16  44   0   0   0  36  45   1   0   0  42   0  15   0   0   0   0   0   9   0   0   0   0  31   0  18  33   0   0  18  31   0   0   0   0  35   2   4   6
  20  46  26   0   0   0  11   0  25   0   0  47   2  44   0   0  37  48  40   0  23  37   0  37  26  42   1   0   0   0   0  24  45   7   0  26   0   1  21   0   0  30   0   0
   0  38   0  21  21  11  47   0   0  14  14  49   0   0  10  16  31  33  12  14  40  35   5  21   0   0   0  47   0   0  10   0   0   0  38   0   0   0   0   0  18   0  41
   0   0   0   0  37   0  30   0  40   0  42  28  49   1   0   2  50  34   9  29   1   0   0   0  39   0   0   0  50  18  32  25   7   4  25   0  50   0   0   0   7  19
   0   0   0   0   0   4  29  40  45   0  34   5  45   0  34   4  10   0   0   0   0   0  23  12  23  38   0   1   0   0   0   4  11   2  13   0   0   5   0  15  21
  25   0  32  42  48  14   0   0   0   0  24  32   0  38   0   0   0   0   0  27   0  18  14   9  10   0   0  43   0  11   0  19  40  45   0   0   0  34   6   0
   0  14   0   0  45   0   0   0   0  46  36  38  46   0   0  46   0  45   0   7  18  23  28  28   0  19   0   0  42   0   0   0  25  21   0   0   0   0  41
   0  25   0   0  11   0  37   0   0  43   6   0   0  45  22   1   0  13   0   0  42  33  43  23  20  38   0   0   0   0  21  10   0   0  14   0  11   0
   0  21   0  41  40   0   0   5  18   0   4   4  40   1  22  42  15   0   0  11   7  13   0  43  25  49   0   0  43  10  49   0   0  36  22   0  36
   0   0  49   0  33   0  38  50   0   0   0   0  49  18   0  14   0  27   0   0   0  15   0   0   0  47  46  43  14   0   1   0  18   1  19  21
  41   9   0  43   0  47  19  44  18  38   0  17   0   0   7   9  13  24   0   0  10  23   0   0  47   0  41   0  24  13   0   0  43  30   0
   0   0   0  45   0   0  25   1   0   0   9  22  36  47   1   0  21   0   0   0   0  47  17  43   0  26  13   0   0   0   0   4  46  43
   0   9   0   0   0   0   7   4   0   6   0   4   0   0   0   0   0  11  36   0   0  42   0  36   0   5  47   0  35   0   0   0  14
   0   0  10  41   0  11   4   0  32   0  32   0   0   6   0   0   0   0  10  47  28  35  47   7   0   0   0  21   0  25  24   0
  12  25   0  27   0   3   0   0   0  20   0   0   4   0   0  40   6   0   8   0  26   0   0  49   0   0  26  18   0   0  43
   0   0   5   0  10  26   0   0   5  10   0   0   5   0   5  24   0   0  13  49   0  11   0   0   0  38   0  44   9   0
   0   0  49  14  30  38   0  42  27   0  42  40   0   2  38   0  21   0  33  11   0   8  29   0   0   0  31  46   9
   0   4  46   0  12   1  24   2  30   0   0  11  46  29   0   0   0  10   0  18   0  35  45  14  32  22   0  13
  10  48  48   0  22  44  10   0   9  27  25   0   0   0  24   0  29  36   7   0  41  36   0  10  34   0   0
   7  50   0   5   0  36   9   0  37   0  42   0   0  47   0   0   1  33  19  33   0   0   0   0   8   0
   0   0  30   5   0   8   0  35  32   0  44   0  30   7   0   0   0   0   0   0   0   0   0  17   0
   4  23   0   0   0  46  12  28   0   0  22   0   0  13   7  31   8   0   0  26   6   0  50  19
  12  17   0  24  47   0   0   0   0   0  26  21  23   0   7   0  24   0   0   0  29   0   2
   0  37   0  46   0   0  49   0  24  31   0   0   0   0   0   0  25   0   6   0   0  34
  15   0   6  15  42  12   0   0  16  47  14  27   0   0   0  21  24   0   0  16   0
  10  37  17   5   0  37   0   0  40  45   7   0  37  30  36  45  49   0   0   0
  47  42   4   9  24   0   0  24   0   4  36   8   0  14   0   0   0   0   8
  30   0   0   0  15  15   0   0   0  50   0  14   0   0   0   6   0   0
   0  47  26  19   0  45   0  35  18  38   0   0   0  23  47   2  14
  18   0   0  45   0  27   0   7  48   0  21  24   0   0   0   0
   0   0  16   0   0  31   0   0   9  20   0   0   0   0  48
  21   5  18  22  25  39  41  30  41  10   0   0  24  12
   0   0  38   2  13   9  34  32  30   0  18   0   0
  25  45   0   2   0   5   0  20  50  44   6  25
  18  16   5   0   0  14   0  18  16  46   0
   1   0  28   6  50  15  21   0   0  34
   0   0  19   0   0   0   0   0   0
   0   0   0  34  19  15   0   0
   0  10   0   0  24   0  48
   0   0  36  49   0   7
   0   0  27   0  31
  21  41  46   0
   4   0  31
   0   0
   0

 1112
  16   6  22  20  11  23  12   2  21   1   2  16   5   8   8   5   9  19   7   2  20   6   7  19  12  24  19  15  11  10  24  16  14   7   5  24   9  15  19  20  23  23  16  21   7  19  14  11  24  19   4   4  18   3  24   5   2  19  22  13   1  23  25  19   4   9  16  10  11   6  21  17  11  23   2  25   8  23  14  16  21  22  24  20  21  24   3  18   8  17  18   8   8   1  10   9   8  19  24   1   6  25   6  16  23   9   3  16  18   1   9  18  16  22  14   6   2   9  12   6
