 120 
   0   0   4   0  41   0   0   5   0   6   0   0  39   0  40   0  33   0   0   0   2   0  23   0  35   0   0   0   0  25  23  49   0  26   0  43  34  37   0  46   0  39   5  18  37  32   0   5   0  36   0   0   0  22  42  22   0   0   0   0  16   0  37   0   2   0  29   0  12  22  40   0   0  49   0   2   1   5  29  46  25   0  32  41   0   0  20  14   0   0   0  45   1   0  38   4  37   0   7   5   0   0   0   0   0   3   0  44   0   0   0  30  38   0   0   0   0  33  40  37
  41  43   0  21   0   0   0   6   0   0   9   0  41  21   0   0  37   0   0   0  47   0   0  40   0   0  22   0   3   0   0   0   0  19  47  22   0   0   0  49   0  18  28   7  21  14   0   0   0  24  50   0   0   0  30  18   0  27   0  28   0  10  25  31  20  23  15  22  23  26   0   4  12   0   8  32  40   0   0   1   9   0   0   0   0   0  39  20   0   0  11   0  34   0   0   0   7   0   0   0   5  26   0   0  37  33   0   0  29   0   0   0   0  31   0   0  29   0   0
  48   0   4   0  38   9  28  46   6   0   9   0  21  19  47   0  11   0   5   0  13  12  27   0  44   0  37  13   0   0  36   0  33   4   0   0  42   0  19   0  20   0   0   4  29  18   0  31  39   0  48  37   0   5  39  19   0  12  14   0   8   0  49   0   0   5  50   1   3  14   6   0   0   0   0  46   0   4  19   0   0   1   0   0  35   0   0   0   0  47  14   0   6   0   0  24  14  18   0   0   0  45   0  46   0  40   0   0   1   0  28   0  49  34  46   8  17  23
   0   0   0  12   0  10   7   1   0  29   2   0  35   0   0   0   0   0  18   0  20  15   0  36   0   0   0  35   7   0   0  39   0   6   0   3  24   0   0   0   0   0  31   5  10   0   8  45  10  25   0  32  11   0  30   0  11  28   0   0   0   0  45   0   0   0   9   4   1   0   0  47   0  42   9   0   0  37  22   0   0   0   0  31  35  14   0   0   0   0   0  19  48   0  18   0   0   0  42   0  19   0   0   0   0   4  34   0   0  26  49   2   8   0  20  29  37
  23  22   0   0  37   0   0  16  36   0   0  46  20   0   0   0   0   0   0   0  35   0   0  45  43   0   9   0   0   0  30   0  13  31   0   0   4  17   0  28   0   0   0   0  46   0  37  36   0   0   0   0  18   9  39   6   0   0   0   0  25   1  18  35   0   0   0   0   7   0   0  22   0   0  43  31  45   9   5  42   0  19  49  13  26  46  29   4   8  16   0  31   0   0   0   0  37   0  12   0  25  35   0   0   0  43   0  27   0  25  33  10   0   0  12   0
  21   0  42  48  17  40   0  12  46   6  35   0  16   0  37   0   0   0   0  12   0   0   0   0   6   0   0   7  41  38  50  45  25   0   0   0  17  39  46   0  19  26   0   0  13   0   0  14   0  47   0  37  34   0   0  25   5   0  36  35   7  30   0  10   0  16   0  38   0  43   0  48   0  24   0  33   0  23   0  47  13   0   0   0  49   0   8   0  19   0   0  36   0  26  25   0  50  44   7  43  12  12   0  26   0   0   0   0   0   0  25   0  10  24  34
  35   0  47  10   9   0   0   0  50  44   0   0   0  39   0   0  45  34  28   0   0   0  10   0  34   0   0   2   0   0  13   0  33   0   0   0   0   0  33   0   0   0  40   0   0   0   0   5   0   0   0  10  30   7   0  45  13   0  40  22   0   3  32   0  19   0   0   0  47   0   0  27   0   0  26  38   0   0   0   0  39   0  10  46   0   0   0   0   0   0  30  17   0  42  30   0   0   0   0  32   0   0   4  22  23   0  14   0   2  37  21   0  48   0
  45   0   0  42  11   0   0  17   0   0   0   0   0   0  29  28  22  36   0   5  44  43  24   0   0   0  22   0   0   0   0   0  30   0  41  48  50  33   0   7  15  31   0   1   0   0   0   0   0   3  11   0   0  20  47  12   0   0   3   0   2  28  32   0   0   0  10   0  33  42   0   0   0   0  45   0  38  46   0  29  43   5  46   0   4  18  15   0  27  20  27   0   1   0   0  14  17  32  17  34  13  45   0   0  14   0  30   0  50  14  37   9   0
   0   0   4   0   1  28   1   0   0   0  32   0   0   0   0   0  30  24   0  32  36   0   0   0   0   0   0   0  49  16  39  45  42  49   0   0  21  32   0  15  38  29  12   6   0   0  17  22   0  39  34  21   0   5  17   0   4  10   0   0   0   0   0  25   0   0   5  21   0   0   0  12   0   3  32   4  12   6  28   5   0   0   2  38   0  41   0  21  46  43   0   0   0  44   0  39   0   0  40   0  36   0  35   0  18   0   0   0  47   0   8   0
   5  39   0  44   0   0  25   0  12   0   0  15   0   0   0   0  35  42  26   4   5   0  15  10   8  13  41   0   0  31   0   0   0  37  39   0   4   0   0   0   1  28   0  15  13  13  24   0   0  28   0   0  16   0   0   2   0   0  24   0   0  11  16   0   0   0  48   0  44  44   0   0   0  36   7  32  49   0  28   0  50  14   0  27   0   0  36   0   0  19   0   0   0   0   0   0   0   0  29   1   0  20  12   0   2   2  39  21   0  40  12
  19  42   0  24  40  10   0   0   6  12   0   0  35   0  48   0   0  41   0   2   0   0  24   0   0   0  39   0  13   0   0   0   0   0   0   0   0   0   0   0   0  29  41   0  44   0   0   0   0   0  18   0   0  30   0   0  19   0  36  12   1   0   0   0  40  33  29  15   6  36   0   0  42  18   0  22   0  24   0   0  30  45  35   0  12  41  25  17   0   0  23  39  15  48  33   0  32   0  28   0   6  47   9   0  12  27   0  20   0  23
  49   9   0   5   0   0   0  39  20   0   0   0  48   0  36   0  31  37   8   0   0   6  47   0   0   0   0   0  33  11   0  46  13  33  15  27  50  46   0  16  29   7  14   0   0   0  33   0   0   0  23  14   3   0  49  35   0   0   0  20   1  18   0   0  25  42  41   0   0   0  24  35   0  22   3   0  44   0   0   0   0   0  23   0   0   0   0  25  25   0  23  24  46  19   0   0  23   9   0   0   0   0  27  34   0   0   0   0   0
  15  44   0   0   0   9  25   0   0  28   0   0   0  45   0  39   0   5   0  45   0   0   0  37   0  19  49  40   4   5  46  44  30   0   0   0   0   5  13   0   0  23  32   8   0   0  37   0   0   0  41   0   0   0   7   5   0   0   3  43  43   0   0  42   0  34  45  33   0  22   4  12   7   3  20  46  35   0   0  22   0  28  20  45  18   0   0  46   0  22   0  50  23   0   0  44  50   1   0   7   0   9  33  36   0  20   0   0
   0  37  16  33   0   0  41   0  25   0   0  14   0  17   0   0   8   0   0  29  45  19   0  47   0   0  17   0   0   0  21   0   0   6  47   0   0   0   0  44  36  12   0   0   2  23  31   0   0   0  11   0   0   0  38   0  44  15   0  10   2   0   0  26   0   2  43  30   8  18  27  15  29  31   0   0  12  18  14   0  34  25  40   0  41  20  22  30   0   0   0  24  33   0  40  46   0   0   0  39   8  25  26   0   0  31   0
   0   0   0   5  36  15   0   5  43   0   0   0   0   8   0  47   0  17  50   0   0   0   0  33   2   0   3  24   0   1   0  43   6  22   0   7   0  41  14  19   0   0  22   0   0   0   5   0   0   0   2  46   0  29   0   0  14  49  10   0   0   0   5  36  41   0  29   0   2  30   0  30  36   0  44   0  35   0   4   0   0   0   0   7  17  33   0  22   0   0   0   0   0  44   0  22   3   0  28   0  47   9  49   0   0  41
  36   5   0  17   0   0   0   0  22   0  25  38   0  41  33   0   0  17  18   0   0   0  15   0  47   0   0   0  46   8  26  19  50   0  45  46   5   0   0   0   0  22   0   0  31  32  16  34   8  16   0  24   0  11  11  20  26   5  17   2   0   0   0  12   0  14   7   0  48   0   0   0   0   0  31   0  18  46  20   0   0   8  10  11   5  45  28  29  20   0   0   0  20  18  45   0   0  17  28  38   1   0  34   0  28
   6   0   3  12   0  10  38  22  15   0  43  36   4   0   0   0   0  21  21   0  47   7   0   0  28  14  13   0   0  42  19   0  21  39  10   0  34  21   0   2   8   2  35   0  12  17   0  42   0  48  42  49   0   7  26   0   0  12   0   9   0  41   0  26   0   9   0   0   0   0  50   0  25   0  45   0   0   0  39  27   0   9  13  18   0  44  42  18  28  16  20   0   0   0   0   0   0  23   0   4  15  31   0   0
   0  39   0  14   0   0   0   0   0  50   2   0   0   0   0   4   0   0   0  21   0   0   0   0   0  45   0  13  39  20   0   0   0   0  43  16   0  47   0   0  14   0  44   0  48   0   6  26   0   0   0   0   0   0   0   0   2  40  34   0   0  39   0   0  34   0   2   0  23   0   8  24   0   0  15  27  35  17   0  10   0   0   2  31   0  43   0  49  10  25   0  30   0   0   0   5   0   9   0   0   0  50   0
   0   9   5  32   0  30   0  37   0   1   0   0  13   0   3  15   0   0   0  45   0  18   0  21   0   0   9  34  46  26  25   0   0  30   0  16   0   0   0  18  19  24   0   0  30  27  48  34   0  37   0  32  39  28  33  46  27  32   0   0  45   1   0   0   0   0   0   5   0  31  25   0   0   0   0   0  34  48   7   8  38   0  41   0   0   0  24  27   1   0   0   0  39  12  31   0  48   0  37   0   0   0
  19  50   0  36   0   0  22  28  10   0   0   0   0   9  28  37   0   0   0   6  43   0   0  47   0   8   0  34  11   8   0   0   5  17   9   0  39  19   0   0   0   0   0   0  38   6   8   0   0   0   0  48   0   0  24   0   0   0   0   0   0   0   0  30   0  13  40  12   3   0   0   7  46   4   0   0  21  34   0  38  27   0   0   0  40  12   0   0  35   4   0  13  40   8   0  42   0   0  12   0   6
   0   0   0   0  19  10   0   0   0   0   0   3   0   0  12   0   0   0   4   0  12  16   1   4   0  21   0  22  37   5  24  31  33  41   0   5   3   0  17   0   0   6   0  38  47  41   0  42  35  33  18   0  32   0  20   0   0   0  50  35   0   8   0   0   2   0   0  24   0   0   0   0   1   0   0   0  46  48   0  45  37  31   1  42  46  37   0  30   0  25   0   0   0  24   0  40   8   5   0   0
   0   0   0  18  19   0   0   0  18  27  14  45   0   0  43  24   0   0   0  40  35   0  12  19  30  13   0  35   0   0   0   0  21   0   0  36  17   0   7  16  33   0   0  48   0  15  25   0   0  34  33   5  23   0  16  12  16  24  28  18   0   0   7   0   0   0  36  23   0   9   0  25   0   0  43   0   0   0   0  46   0  18   0   0   0   0   0  32   0  36  42   0  10   0   0   2   0   3   0
   0   0   0   0   0   0   0  11  10   0   0  37   0  49   0  32  32   0  27   0  43   0   0   0  18  23   6  33   3   0   0   9  21  10   0   0  32   0   0  45   0   0   0   5   0   4  35  18   0  43  48   0  19   0   0  34   0  16  27   0   0   0   0   0  31   0   0   4   8   0  28   2   0   0   0  50   0   0   0   0  33   0  19   0   0   0   1  23   0  29   0   0  12  32   0   3  40   0
   0  16   0  17  30  37  21  50  27  32  22   7   4   0   0  16  26   0  48   0   0  31   0  49   0  44   0  14  38   0  35   5   0   0  47   0  34   0  27  27  46  28   0   0  33   0  40   0  32   0  48  25   0   0   0  46  23   6   0   6  17   0  20   0  47  26   0  13   0   0   0  24   8  11   0   4   0  44  28   0   0   0   0   0   0   0   0   0  39   0  30   3  36   0   0   5   0
   0   0   0   0  34   0   6   0   0   0   0   0  13   7  44   0   0  31  32   0   0   0  12  37  20   0  47   0  32   0  11  34   0  39   0   0   0   0   0  17   3  39  11   9   0   0  16  22   0  33   0  47  34  34  30  30   0   0   0  47   0  38  20  34   0  21   0  11   0   0   0  46   0   8  12   0   0   0  25  46   0   0  48   0   0  48   2   0   0   2  36   0  45   0   0  41
  42   0   0  28   0  41   0   0  13  50   0   0  18  18   0  24   0   0   2  27   0   4   0  34  12   0   0  12   0   0   0   0   0  41   7   0   0   0  30   0  19   0  12   0   3   1  39  45   3  49   0   0  44   0  19  31   0   0  14   0   0   0  39   0   0   0   0   0   0  13   0   0   0  12   0  30  47  42  22  42  16   0   0   0   0  44   9   0  15  17  24  34   6   0   0
  37   0  46   8   0   2  48  45   0  29  16  12  49  30   0   0   0  29   0   0   5   0  10  23   0   0   0  40   0  18  43   0   0   5   0   0  30   5  48  45  40   0   0  19   0   0   0   0   0   9  34  34  11  31  38   0   0   0   4   0  29  30   2   0   0  30  20   0   0  37   0   1  29  34  21  23   0   0   0  44  39   0   0   0   0  35  19   0   0  36   0  26  31   0
   0   0  22   0   4  47  37   0  47  17   0   0   0   0  12   0  14   0   0   0  26  36   0   0  21   0  32  33  26   0   0   0   0  38  40  30  14  38  43   0   5   0   0   0   8   0  18   0   0   6  25   0   0  42  44   0  22   0  15  36   2  48  40  16  38  46   0   0  40   0  45   0   0   6  22  18  49   0   0   0  47  35  20   0   0   0  32   0   0  13   0   0  18
  40   6  48   0  35   0  47   9  24  35  12  16  33   2   0   0   5   0   0   0   0  21  12   0  50   0  47   0   0  10  45   0   0   0   9   0   0  30  14   0   0  36   0  23   0  46  37   5   0  40  20   0   0  43   0  42   0   4  29   0  49   0  48  47   0  31  34  36  16  20   0   0  35   0   0   0   0   0   2  26  29   0  39   0  10   0  20   0  29   0  44  34
  17  15  22  18   0   2  15   0   0   0  42   0  27  36  50   0   0  50   0  27  32   6   0  36   0  20   7  23   0  45   0  10   0   1  33   0   0   1  49   0   0   7   0   0  30  35  28  33   8   0  29   0  11   0  21  40  24  47   0   0  25   0   0   0  10  49   0   0   0   0   5   0  39   0   6   0   0   0   0  10  30   0  36  27  18   0  50   0  50   0  40
   0  43   0   0   0  20   0   0  14   0   0  11   0   0   0   0   0   0  30   0   0   0   0  27  21   0   0   0  22   0   0  41   0   0   0   0  37   0   0  35   0   0   6   0  17   0   1  49  12  39  34  49  15   0  23   0   0   0   0  12   0  44  12  33   0   0  34   0  14   0  14  24   0  34   9   8   0  17   0   2  23   0  41   0   0   0   0   0   0  41
   0   4  27  11   0   0   0   0  40   0   0   0   0  11  30  13  45  37  23   0  20   0   9   0   0   0   0  29   0   0   0  47  38  44  30   0   0   0   0   0  17  21  23   0   0   0   0   0   0   0   0   0   0   6   0  49  10   0  42   0  37   0   0  38   0   8  49  19   0   0   0   0  34   0  36   0   0   4  23  11  44   0   0   0  35  44   0  29  40
  17  47   1   0   3   0   0   0   7  19  50   0   0  16   0   0   0  22   0   0  21   0  47  10  42   0  42   0   0   0   0   0   0  16  10   0  41   0   0  42   0   0   0   0   2  31   0  25   4   0   0  27   0  13  44   0   0   0   0   0  19   6   0   7   0   0  37  41   0  47   0  38  31  40   0  36   0  11  39  34   0   0   9  32  44  47  48   0
  43   0   6   0  31   0  49   0   0  16   0   0  40   0  32  40   0  15  13   0  18   0  36  12  26   0  22   0   0   0   7   0   0   0  11  10   0   0   0  40  41   0   9   0   0   9  21  50   0   0  40   0   0   4   0  37   5   0   0  28   0  43  43   0  13   0   0   0   0  10   0  38  40   5   0   0   0  42   0  34  15   0  20  16   0  35  18
  48  10  27  17   0   0  10   0   0  43  12  45   0   0  24  36  33  24  41  50   0   0  48   0   2  19   0  13   0   0  11  18   0   0  23   0   0  41   1  33   0   8  33   0   0   0   0  28   0   0   0   0   0   0   0  42   0  18  38   0   6   0  29   0  22  16  30   0  14   0   1   0   0   0  31  50   1   0  41   4  36   0  38  50  31   0
  43   0  33   4  26   0  14   0  19   0   2   0   0  29   0  50   0   0   2  34  37  35   0   0  13   2   0  29   8  25   0   6   0  26   0   0   0  16   0  15   0   0   0   0   0   0   0  34  34   0  22  23   0   0   0   0  43   0   0   9   0  40  10   3   0  47  36  20  28   0   5  14   0  11  31  41  20   0  49   0   0   0  25  23   0
  28  27   0  20  40  13  46  35  48  44   0   0   0  45   8  17  27   0   0   0  12   0   0   0  29   0   5  12   0   0  36  24   0   0   0  11   0  11  49   0   0   0   0  15  36  48   0   0  24   0   0  38   0   0   0   0  12  43   1   0   0   0   0   0   0  47   0  46  23  13   0   0   0   0   0   0   0   0  16   0  41  39  38   0
   0  50   0  16  39   0   0   4   0  22  48   0   5   0  35   0  12  42   0   0   0  37   0  45   0   0   0  23  34  24   0   6  21   0   0   0   0  16  24  34  50   0   0   0   0   7   0  16   0  50   0   0   0   0  10  33   0   0   0  34  44  12  19   0  34   0  38   0   0   0  42   0  41   0   0   0   0   0   0   0   0   0   0
   7  15  35   0   0   0  46   0   0  38  46   0  37  13  44   0  15   0  20   0   6  40   0   0   0  10   2   8  23   0   0   0  17   0   5   0   0   6  20   0  17  35  23  15  21  23  42   0   0  32  47   0  12  47  33   0   0  12   0  43  25   0  26  34   0   0   0  36   0   0   0   0   0  21   0   0  14   5   0   0   0  10
  35  34  11   0  23   0  10   0   0   1  38   0  27  50  28   3  22   0   0  44  47   0   2   0  23   0  42   0  42   0  33   0   0   0  48   2   0   0  17  49   0  26   9   0   5  37   0   0   0   0   0   0  48   0  27  49   0   0   0   0   0   0   0   0  32   0   0   2   0  20   9   0   0   0   0  28   0  17  17  22  21
  44  50   0  14   0   0   0  40  35   0   6   0   0   4  25  47   0   0   0   0   0   0   0   7  28   3  37   0  19   4   0  48  10   2  19   0  20   0   0   0   0   0  35   0  22   0   1  47  32  38  20  40   0   0  18   2   0  48  21  15   0   0  20   0  14   6   0   0   0   0  45  35  45  22   0  26   0  12  14   0
  12   9  26  45  26   0  23   0   1   0  27  36   0   0  25  49  16  42  40  36   0   0   0   0   0  45  48  17   7   0   0  34   0   0   0  37  28   0   2   3  13   0   0  24  41   0   0   2   0   0   0   9   0   0   0   0  11   0  14   0  18   0  16  42   0   0   0   0  39   3  40   0   0   0  25   0  49   0  35
   0   0   0  43  34   0   0   0   0   0  33   2   0   0   0   0   0   0   0  35  36  27   0   0  35   0   0   0  42  28  42   9   0  15  42   0   0   0  20   0  34   0   2   0   0   0   0  30  50   3  48   0  40  45   0   0  39   0  34  18   0   0  33   0   0   0   0   0  16   0  32   0   7  24   0  41  35  17
  13   8   0   0   0   0   0   7   0  18   2   0   2  15  30   0  15  34  13   0  30   0  29  22  23   0  43   0   0   0   0  35   0  13   0   0   0  25  43   0  47   0   0  41   1   3  43   3   0  24   0  50  31   0   6   4  35  23   0   0  40  25   0  31   0   0  34   0  50   0   0  12   0   0   0   0   0
   0  35   0   0  46   0   0  14  29   0   0  27   0  44   0  13  25   3   0   7  18   0  12   0   0  15   0   8  11   6   0  29   0  30   0   0   0   0   0   5   0  48   0  43  14  40   0  38   0   3  44   0   0  14  14   0  12  46   0  43   0   0   0   0   0   0   0  29  15   0   0   4   0  39   4   6
   0   9   6   0   0   0   0   0   4   0   3   0  12   0  15  14  32   0   0   0   0   0   0  31  38  39   0   0  37  33   0  40   0  10  28  42  44  24   0   0   0   0   0   3   0  29  36   0  12   0  33   0  29   0  29   0   0  26   0   0   0   0   0  21   0  44   0  34  50   0  12   0   0  24   0
   0   0   0  24   0   0  49  41  12  28   0   5  26  48   0  12  32  19   0  42  45   0  47   0  47   0   0  47  44   0  49   0   0  39  48   0   9  15  24   0  50  38  10  27   0  28  39  39  33   0   0   0   0  26  42   0   0   0  41   0   7   4  12   0  23   0  44  34   3   0  11   0   1  36
   0  23  45  30  37  30  49  35   0  44  37  49   0   0   4   0  48   0   0   7   0  17  34   0   0  29   0   0   0  10   5  16   0   0   7  36   0  29  24   9  38  27   1   0   0  13   0  32   0   0  15   0  33  28  31   9  23   0   0  12   0  48   0   0   0  12   8  41  32   0   0   0   0
   0   0  36   0  19  12  28  38  40  22   0  20   0   0   0   0  12   0  14  24  39  32   0  23   0  50   0   0  18   0   0   0   0   4   0  19   0   6   0   0   0   0  33   1   0   0   3  40   0   9  24   0   0   0   0   0  10  50   0   0   0  10   6   9   0   6   0   0   0   0   0   1
   0   2  16   0   0   0   0   0   0  34  20   0   0  15  19  44   0  15   0   0   0  16  30   0  21  19   0   3   0  32   0  24  40   0   0   0  30   0   3   0  12   0   0   0   0   0   0  15  47   0  13   0   0  22   0   0  48   0   0   8   0  29   4   0   0  39   0  32  42   0  27
   0   5   0   0  41   0  35  35  31  42   0   2   8  22   0  39   0  50  20   0   0   0   0  24   0   0  18   0  42   0   0  37  12   0  18   0   0   0   0   0   0   0   0  30  17   0  29   0  42  49  12  40   0   0  22  38   0  37   0   0  24   0   0  31   0   0   0  17   0   0
  39  41   0   0   0   0  25   0  11   0  17  45  21  44   0  12   0   0  23   0  19  29   0  46   0   0   0   0  36   0   6   0  21   0   0   0   0   3   0   0  41  10   7  16   0  40   0  44   0   0   0   0   0  22  22  20   0  32   0  24   7  42   7   0   0  47  36   3   0
   0  35  24   0  32   0   0   4   2   0   0  27   0  29   0   0  26   0   0  28  48  35   8   0   9   0  34  29  35   0   0   0  39   0   0   1  42   0   0   0  44  43   0  22   0   0   0  50   0   0   0   0  40  36   0   0   0  21   0  33   0   0  35   8  17   0   0   0
  30   9  18   0   0   0   0  15   0   0   0   0   0   0  19   0  21   0  24  18  20   0   7  28  41  12   0   0   0  17  46  22  40   0   0   9   5  43   5   0   8   0  37   0   9  19  29   0   0  14  38   0   0  45  32   0   0   0   0   0   0   0  27   0   0  38   0
  33   0  19   0  34   0   0   0   0   0   0  17   7   0  27   0   0   0   9  19  14   0   0  37  36  36  22   0   0   0  34   0   0   0   0   0   0   0  30  43  31   0   0   0   0   0   0   0   0   0   6  24   0  38  44   0   7  14  30   0  32   0  26   0   0   0
   0   0   0   0   0   0   0   0  10  45   0   0   0   2   0   3  16   0   0  23   2  35   0   0  25  19   0   0  39   0  47  50  48   0   0   0   3   0  27   0   0  34   0  23  23   0   0  25  22   0  14  44   0   0  29   7   0   0   0  19   0   0  39   0  47
   0  25  47   0   0  36  41  48   0  47   1   0  26   0   0   0   0  18   1   0  12   0   0   0   0  30   0   0   0   0   0  32   0   7   9   0   0   0  32  11  43   0  16   0   0   0   8  47  37  33   0   0   0  35  44   0   1  29  31   0  20  41  25  23
   0   0   0   0   0  10   0   4   0   0   0  28   2   5  41   1  19  15   0   0  22   0   0   0  21   0   0   0   0  26   0   0   0  16   0   0   0   0  50   0  45  37  36   0  43  40   0  21  21   0   0  47   0  31   0  12   7   0  30   0   4  35  44
  50   0   0  37  31  35   0  33  37  42   7  11  10  30  50   0   0  36   0   0   0   0   0   0   6   8  22  49  33  23   0   0   0   0   0   4  29  30   0  47   0   0  45   0  17  13  27   0  11   0  19  47   0  14  32  49  16   0  47  35  48  13
   0   0  21   0  35  50   3   0  24  39   0  26   0   0   0   0   8   0  13   0  28   0   0   0  42   0   0   0   0  14  41   0   0   0   0   0   0   0  43   0  48  49  23  30  36  29  31  18   0   0  27   0   0   0  16   2  39   0   0   0   6
   8  42  37  42   0  39   0   7   0  26   0  46   0  16   0  10  20   0   0   0   0  50  22   3   0  11   0   5  11   0  39  36  50   6  31   0   0   0   0   0  24  42   8   0  49   0  17   0  43   0   0  13   0  34  10   0   0  45   0   0
  18  21  48   0   0  21  28   0  22  41   0   0   0  39   0   0   0   0   0   0  15  43   0  26   0  22   0   0  43  39   0   0   0  30  44   0   0   1   0  39  46  46   0  44  42   0   9  25   6  34   0   0  26  37  39  35   2   0  24
   0   0  43   0  28  23   0  22  47  20  39  30   0   0   0   0  12  24   0  26   0  37  11   0   0   0   0   0   0  18   2  13  43   0  30  25  18   0   2   0   0  45  43   0   0  43   0  48   7  16  41   0   0   0   0   0   0   0
   0  36  28  44  28  36   0  15   0   0  31  40   6  25   4   0   0   0  33   0   0  27   0   0  45  23   0  49  34   0   0   0  30   0   0   0  13  19   0  27   0   0   7   0   0  43   0  24   0   0  31   0   0   0  31  18   0
  20   0   9   0   0   0   0  18   0  18  16   0   0   6   0  47   3  43  44   0  33  44   0   0   0   0   0   0   0   9  22  31   0   8  47  11   0   0  26   4   0   0  11   0  50   0   0   2  15  38   0  29   0   0  29  30
   0  40   0  24  41   9   0  37   0  15  47  40   0   0   0  46  43  28   0   0   0  44   0   0   0   0   0   0   0   2  27  40  35   0  35   0   0   3   0   0  11   0   2   9   0  26   0  30   0   0   0   0   0  19  42
   0   0   0  32  40  26   2   2   0   0  41  22  22   0   0   9  43   3   0   0   0   0   0   0   0  28   0   0   0   0  30   0   0   0   0  35   0   0   0  34  15   0  45  11  35   0  12   0  44   0   0  23   0   0
   7  37   0  11   0   4  42   0   0   0   0   8   0  21   0  11   0   0   0   6   0  14   0  35   8   5   0   0   8   0  42   0   2  21   0   4   0  15   0  40   0  22  43   3  33   0  29   0   0   7  22   2  43
   0  24   0  48  28   0  34  16   4   0   0  19  25   0   0   2   0   0   0  48  28  30  37   0   0   5  32   0  38  21   0   0   0   0  41   0   0  48   8   9   0   0   0   0   0   0   0  47   0   9  11   0
   0  14   0  27   0   0  47   0  25   0   9   0  37   4   0   0  48   0   0  48  34  38  12  43  40   3   6  29   0   9   0   0   9  50   0  12   0  41   6   0   0   0  13   0  37   0   0   0   0  41   0
   0   0   0   0  46   0  12   0  35   0  48   0   9  10   0   0   0  18   0   0   0   0   0  15   0   0  40   0  42  23   0  35   0  37  36  34  19   9   0   0   0  34  12  21   0  47  24   0   0  35
   5   0   9   0   0  42   0   0   0   0   0   0   0  34   0  30   0  44  50  44  40  37   0   0   0   0   0  14   0   0  26   0   0   0   0  37   0   0  50  47   0   0  45  43  13  36  23   0   0
  48   0  25  16  46   2  20   0  10   0  25   7   0  49   0  35   5  26   0  50  31  45   0   0  36   0   4   0   4   0  24  12  13   0   0  29  23   0   3   3  31   0   0   0   0  48   0  33
   0   0  10   0   1   0  47  14   0   0   0   4  26   0   0   0   6   0   0  10  35  45   5   0   0   0   0   0   0   0  11  10   0  11  41   0  27   5  40  47   0   0  39   0  10  40  47
   0   0   0   0   2   4   0   0  39   0   0   0   0   0   0  36  34   0  26   5   0  30  40  27   0   0   0   0  32  41   0  34  13  45  11   0  33   0   0  15   0  45  13  35   0   0
  17  23   0  36  19  27  34  14   0  41   0   1   0   0   6   0   0   0   0  47   7   0   0  47   3  29  33   0  17  10   0   0  29   0   0   0  46   8  33   0   0  39   1  12  21
  39  23   0  24   0   0   0  22   0   0   0   0  15  14  34  21  28  37  24  44  36  16  34   3   0   0   0   0   0   3   0  18  42  15   0   0   0  13   0  14  44  18  41   0
   2   0  30  42  41   4   0   0  42  32  47  50  12  36   0   0   8   1  38   0  50   0   0  34  18  22   0   8  16   0   0  40  39   0   6   0   0   0   0  33  14  32   0
   0   2   0  34   0   0   0  42   6   0   6   0  26   0   0  39  24   0  17  41   5  17  18  50   0  42  45   0   0  21   0  50   0  24  21  14   2   0   0  41  13  22
  22  33   0   0   0   0   0  34   0   0   0   0   5   0  19   0   0   0  16   0  36   0   0   0  48   0   0  48   0   0   0  28   3  38   0   0  32   0   0  49   0
  36  46   0   0   0  33   6  42  28  43  25   0  18   0   0   0   0  34   0   0   4  17   0  43  33  50   0  35  16   0   0  24   0   0  19  43  20  27   0   0
   0  29   0  40  11   0  25  10   0  50   4   0   0  32   0  31  30  29   6   0   3   0  50   0   0   0   0  45  10  26  26  12   0  18   0   0  42   0   0
  34   0   0   0   0  32  13  47   0   0  10   0   0   0   0   0   5   0  33   0  49  43   0   0  29  19  33  27   0   0   0  33   0   0  12   0  47  43
   0   0  40  37   0   0  40  30   0  16   6   0   0  15   0  13  36  14  10  30   0   0   0   0   0  27  40  26   0   0  48   0  29  43  47   2  46
   3   0  21   0  50   9   0   1   0   0   5  10  44   0  36   0  36   0  28   0   0  35   0   0   0  23   0   7   2   0  22  14  35   0   9  16
   0  42   2   0  47   0   0  29  13  35  28  30   7   0   6   0  41  50   0  49   0   0   8  16   0   0   0  14   6  29  38   0  28   0   0
  22  16   0   0   0  30  50   0   0   0   0   0   0  17  39   0   0   0   0  18  28  46   0   0   0  17  41   0   0   0   0   0   0  35
   0   0  19  29  42   0  34  50   0   0   0   0  12  49   0  24   5  34   0   0   0   0   0   0   6  47   0   0   0   0  15  11   0
   0  44   0  32  42  34  13   0  32  19   0   0   8  22   0   0   8   0  29  41   0  33  12  22   0   0   0  11   0  47   2   0
   0   0   3  17   8  14  41   0  49   0  29  18   0  40   0   0   0   0   0  45  42   0   3  15  30   0   0   0   0  18   0
   5   0   0   0   0   0   0   0   0  28  28  24  19   1  25   0   9   5   0  19  47   0  13  12   8   0   0   0   0   0
  20   0  49   0  33   0   0  43   4  26  35   0   1   1  22   0  40  35   0  17  18   0   7  20   9  50  42   0  29
   0   0   0  50  10   0  42   0   2   0   0  15   0   0  32  40  31   0   0   0   0  27   0  18  29   0  34  39
  39  48   0  40   0  20  31   0   0   0   0  14   0  26   0   0   0   0  50  41   0  43  40  30   6   0  18
  43   0   0   0   0   0   0   0  50  10  38  22   0  49   0  29   0   5  33   0   0  39   0   0   0   0
   0   0   6  45   7   0   0  45   0  29   0  26  14  48   0   0  34  35  17   0   0   0  15  16  43
  28   6   0  24   0  37   0   1  35  24  44   0  50   0   0   0   0   0   0  13   0   0  20   0
   4   0   0   0   0   7  20   0   0   0  31   0   0  10   4   0   0   0   7  26   0  26   9
   0  26   0   0   0   0   0   0   0   5  37  34   0   0   0  47   3  18   0  39   0  18
  41  32   0   0   0   0  46  17  29  20   0   0   0   0   0  43  41  22   0   6   3
   5   0   0   0   0   0  10  26   0   5   4   0   8   0   0   0   0  36   9  44
   0   0  36   0   0   0   0   9  34   0  22  10   0   2  19  47  24  17  44
   0  20   0   0   0   0  44  42   0   0  49   0   0  12   0   8   0   0
   0   0   0  10   0  41  48  47  30   0   0  14  40  18   0   0   0
   0  11   0  24   0   4   6   0  21   0  43   0   0  10  34   9
   0   5   0  12   0   0   0   0  39  47   0  36  24   0   4
   0  18   0   0  37   0  47  14   0   0   0  27   0  34
   1  47  23  28   0  43   0  24   0   0   2  17   0
  16   0   0   0   0  23  50   0  17   0  48   0
   0   5   0  25  43  47  37   0  46   0  14
   0   8   0  21   0  28   0   8  19   0
  20  17   9   0  10   9   0   2  26
   2   0   0   0   0  38   0  45
   0   0   0   0   0   0   0
   0   0   0  27  45  19
   0  23   0   9   0
   0   0   0  21
  38   0   0
  49  39
  20

 747
  25   4  19  22  22  25  22  19   1   7  21   8  20  14  22  13  11  12  20   7   5   2   6  11  21  13  24  15  18   1   9   7   7   5   5   2  25  25   1  24  12  14  21  20   2  17  14   7  19  13   5   2   5  13  10  21   9  19   5  21  17  10  12  13  10  19  18   1  24  16   5  14  17  11  16  20  10  24   7   3  13  22  16   2  19  24  24  24  19  21   9   5  22  25  21  16   9  15  13  13  20  11   4   5  13  10   5   9  17  16  11  18  19   4   4   5  15  10  15  23
