 120 
   0   0   0   0   0   0   0   0   0   0   0   0   0   3   0   0   0   0   0   0   0   0   0   0   0   0   0   0   0   0   0   0  45   0   0   0   0   0   0   0   0   0   0   0   0   0   0   0   0   0   0   0   0   0   0   0   0   0   0   0  14   0   0  12   0   0   0   0   0   0   0  16  45   0   0   0   0   0   0   0   0   2   0   0   0   9   0   0   0   0   0   0   0  31   0   0   0   0   0   0   0   0   0   0   0   0   0   0   0   0   0   0   0   0   0   0   0   0   0   0
  30   0   0   0   0   0   0   0   0   0   0   0   0   0   0   0   0   0   0   0   0   0  12   0   0   0   0   0   0   0   0  15   0  24   0   0  50   0   0  36   0   0  21   0   0   0   0   0   0   5   0  19   0   0   0  20   0   0   0   0   0   0   0   0   0  15   0   0   0  47   0   0   0   0   0   0   0   0   0   0   0   0   0   0   0   0   0   0   0   0   0   0   0   0   0   0   0   0   0  38   0  48   0   0   0   0   0   0   0  35   0   0   0   0   8   0   0   0   0
   0   0   0   0   0   0   0   0   0   0   0   0   0   0   0   0   0   0   0   0   0   0   0   0   0   0   0   3   0   0   0   0   0   0   0   0   0   0   0   0   0   0   0   0   0   0   0   0   0  18   0   0   0   0   0   0   0   0  11   0   0   0   0   0   0   0   0   0   0   0   0   0   0   0   0  30  11   0   0   0   4   0   0  46  35   0   0   0   0   0   0  48   0   0   0   0   0  40   0   0  26   0   0   0   0   0   0   0   0   0   0   0   0   0   0   0   0   0
   0  14   0   0  49   0   0   0   0   0   0   0   0   0   0  49   0   0   0   0  15   0   0   0   0   0   0   0   0   0   0   0   0   0   0   0   0   3   0   0   0   0   0  12   0   0   0   0   0   0   0   0   0   0   0   0   0   0   0   0   0   0   0   0   0   0   0   0   3   0   0   0   0   0   0   0   0   0   0   0  40   0   0   0   0   0  49   0   0   0   0   0   0   0   0   0   0   0   0   0   0   0  44   0   0   0   0   0   0   0   0   0   0   0   0   0   0
   0   0   0  13  11   0   0   0   0   0   0   0   9  21   0  35   0   0   0   0   0   0  31   0  25   0   0   0   0   0   0   0   0  43   0  16   0   0   0   0   0   0   0   0   0   0   0   0   0   0  41   0   0   0   0   0   0   0   0   0   0   0   0   0   0   0   0   0   0   0   0   0   0   0   0   0   0   0   0   0   0   0   0   0  11   0   0  39   0   0   0   0   0   0   0   0   0   0   0   0   0   0   0   0   0   0   0   0   0   0   8   0   0   0   0   0
   0   0  42   0   0   4   0   0   0   0   0   0   0  22   0   0   0   0  47   0   0   0  47   0  31   0   0   0  16   0   0   0   0   0   0   0   0   0   0   0   0   0   0   0   0   0   0   0   0   0   0   0   0   0   0   0   0   0   0   0   0   0   0   0   0   0   0   0   0  49   0   0   8   0   0   0   0   0   0  13   1   0   0   0   0   0   0   0   0   0   0   0   0  46   0   0   0   0   0   0   0   0   0   0   0   0   0   0   0   0  47   0   0   0   0
   0  46   0   0   0   0   0   0   0   0   0   0   0   0   0   0   0   0   0  27   0   0   0   0   0   0   0   0   0   0  19   0   0   0   0   0   0   0   0   0   0   0  43   0   0   0   0   0   0   0   0   0   0   0   0   0   0   0   0   0   0   0   0   0   0   0   0   0   0   0   3   0   0   0   0   0   0   0   0   0   0   0   0   0   0   0   0   0   0   0   0   0   0   0   0  21   9   0   0   0   0   0   0   0   0   0   0   0  14   0   0  38   0   0
   0   0   0   0   0  45   0   0  16   4   0   0   0   0   0   0   0   0   0   0   0   0   0   0   0  27   0   0   0   0   0  10   0   0   0   0   0   0   0   0   0   0   2   0   0   0   0   0   0   0   0   0   0   0   0   0   0   0  31   0   0   0   0   0   0   0   0   0   0   0   0   0   0   0   0   0   1   0   0   3   0   0   0   0   0   0   0   0   0   0   0   0   0   0   0   0   0   0   0   0   1   0   0   0   0   0   0   0   0   0   0   0   0
   0   0   0   0   7   0   0   0   0   0   0   0   0   0   0   0   0   0   0   0   0   0  17  16  34   0   0   0   0   0   0   0   0   0   0   0   0   0   0   0   0  42   0   0   0  38   0   0   0   0   0   0   0   0   0   0   0   0   0   0   0  21   0   0   0   0   0   0   0   0   0   0   0   0   0   0   0   0   0   0   0   0   0   0   0   0   0   0   0   0  14   0   0   0   0   0   0   0   0   0   0   0  15   0   0   0   0   0   1   0  46  30
   0   0   0   0   0   0   0   0   0   0   0   0   0   0   0   0   0   0   0   0   0   0   0   0   0   0   0   0   0   0   0   9   0   0   0   0   0   0   0   0   0   0   0   0   0   0   0   0   0   0   0   0   0   0   0   0   0   2   0   0   0   0   0   0   0   0   0   0   0  19   0   0  42   0   0   0   0   0   0   0   0   0  15   0   0  38   0  11   0   0   0   0   0   0   0   0  20   0   0  42   0   0   0   0   0   0   0   0   0   0   0
   0   0   0   0   0   0   0   0   0   0   0   0   0   0   0   0   0   0   0   0   0   0   0   0   0   0   0   0  15   0   0   0   0   0  49   0   0   0   0   0   0   0   0   0   0   0   0   0   0   0   0  15   0   0   0   0   0   0   0   0   0   0   0   0   0   0   0   0   0   0   0   0   0  20   0   0   0   0   0   0   0   0   0   0   0   0   0   0   0  10   0   0  41   0   0   0   0   0   0   0   0  39   0   0   0   0   0   0  32   0
   0   0   0   0   0   0   0   0   0   0   0   0   0   0   0   0   0   5   0   0   0   0   0   0   0   0   0  46  44   0   0   0   0   0   0   0   0   0   0   0   0   9   0   0   0   0   0   0   0   0   0   0   0   0   0   0   0   0   0   0   0   0  37   0   0   0   0   0   0   5   0   0   0   0  10   0   0   0   0   0   0   0   0   0   0   0   0  43   0   0   0   0   0   0   0   0   0   0   0   0   0   0   0   0   0   0   0   0   0
   0   0   0   0   0   0   0   0   0   0   0   0   0   0   0   0   0   0   0   0   0   0   0   0   0   0   0   0  44   0   0   0   0   0   0   0   0   0   0   0   0   0   0   0   0   0   0  37   0   0   0   0   0   0   0  28   0  48  23   0   0   0   0   0  13  18   0   0   0   5   0   0   0  38   0   0   0   0   0   0   0   0  25   0   0   0   0   0   0   0   0   0  37   0   0   0  48  45  20   0   0   0   2   0   0   0   0   0
   0   0  31   0   0   0   0   0   0   0   0   0   0  25  44   0   0   0   0   0   0  37   0   0   0   0   0   0   0   0   0   0   9   0   0   0  24  19   0   0   0   0   0   0   0   0   0   0   0   0   0   0   0   0   0   0   0   0   0   0   0   0   0   0  36   0  25   0   0   5   0   0   0   0   0   0   0   0   0   0   0   0   0   0   0   0   0   0  34   0   0   0   0   0   0   0   0   0   0   0   0   0   0   0   0   0   8
   0   0   0   2   0   0   0   0   0   0   0   0   0   0  22   0   0   0   0   0   0   0   0   0  14   0   0   0   0   0   0   0   0   0   0   0   0   0   0   0   0   0   0   0  22   0   0   0   0   0   0   0   0   0   0   0   0   0   0   0   0   0  12   0   0   0   0   0   0   0   0  31   0   0   0   0   0   0  11   0   0   0   0   0  30   0   0  46   0   0   0  18   0   0   0   0   0   0   0   0   0   0   0   0   0   0
  12   0  11   0   0   0   0   0   0   0   0   0  27  15   2   0   0   0  34   0   0   0   0   0   0   0   0   0   0   0   0   0   0   0  11   0   0   0   0   0   0   0   0  41   1   0   0   4   0   0   3   0   0   0   0   0   0  48   0  16   0   0   0   0   0   0   0  38   0   0   0   0   0   0   0   0   0   0   0   0   0   0   0   0   0   0   0   0   0   0   0   0  14   0   0   0   0   0   0   0   0   0   0   0   0
   0  16   0   5   0   0   0   0   0   0   0   0   0   0   0   0   0   0   0   0   0   0   0   2   0   0   0   0   0  25   0   0   0   0   1   0   0  38   0   3   0   0   0   0   0   0   0   0   8   0  10   0   0   0   0   0   0   0   0  41   0   0   0   0   0   0   0   0   0   0   0  38   0   0   0   0  46   0   0   0   0   0   0   0   0   0   0   0   0   0   0   0   0  40   0   0   0   0   0   0  13  49  48   0
   0   0   0   0   0   0  50   0   0   0   0  32   0   0   0   0   9   0   0   0  23   0   0   0   0  20   0   0   0   0  38   0   0   0  32   0   0   0  41   0   0   0   0   0   0   0   0  39   0   0   0   0   2   0   0   0   0   0  23   0   0   0   0   0  45   0   7   0   0   0   0  11   0   0   0  48   0   0   0   0   0   0   0   0   0   0   0   0   0   0   0   0   0  37   3   0   0   0   0   0   0   0   0
   0   0   0   0   0   0   0  18  22   0   0   0   0   0   0   0   0   0   0   0   0   0  24   0   0   0   0  31  44   0   0   0   0   0   0   0   0  41   0   0   0   0   0   0   0   0  26   0   0   0  43   0   0   0   0   0   0   0   0   0   0   0   0   0   0   0  23  50   0   0   0   0   0   0   0   0   0   0   0   0   0   0   0   0   0   0   0   0  37   0   0   0   0   0   0   0   0   0   0   0   0   0
   0   0  39   0  16   0   0  35   0   0   0   0   0   0   0   0   0  12   0   0   0   0  26   0   0   0   0   0   0   0   0   0  15   0   0   8   0   0   0   0   0  47   0   0   0   0   0  22   0   0   0   0   0   0   0   0   0   0   0   0   0   0   0   0   0   0   0   0   0   0   9   0   0   0   0   0   0   0   0   0   0  35   0   0   0   0   0   0  19   0   0   0   0   0   0   0   0   0   0   0   0
   0   0   0   0  44   0   0   4   0   0   0   0   0   0  31   0   0   0   0   0   0   0   0  21   0   0   0   0   0   0  42   0   0   0   0   0   0   0   0   0   0   0  17   0  16   0   0   0   0   0   0  24   0   0   0   0   0   0   0   0   0   0   0   0   0   0   0   0   0   0   0   0   0   0   0   0   0   0   0   0   0   0   0   2   0   0   0   0   0   0   0   0   0   0  15   0   0   0   0   0
   0   0  20   0   0   0   0  33   0   0   0  45  46  18   0   0   0   0   0   0   0   0   0   0   0   0   0   0   0   0   0   0   0   0   0   0   0   0  37   0   0   0  22   0   0   0   0   0   0   0   0   0   0   0   0   0   0   0  46   0   0   0   0   0   0   0   0   0   0   0   0   0   0   0   0   0   0   0   0   0   0   0   3   0   0   9   0   0   0   0   0   0   0   0   0   0   0   0   0
   0   0   0   0   0  15   0   0  43   0   7   0   0   0   0  50  35   0  24   0   0   0   0   0   0   0   0   0   0   0   0   0   0   0   0   0  14  10  49   0   0   0   0   0   0   0   0   0   0   0   0   0   0   0   0   0   0   5   0   0   0   0   1   0   0   0   0   0   0   0   0   0   0   0   0   0   0  39   0   0   0   0   0   0   2  43   0   0   0   0   0  23   0   0   0   0   0  23
   0   0   0   0   0   0   0   0   0   0   0   0   0   0   0   0   0   0  41   0   0   0   0   0   0   0   0   0   0   0   0   0  16   0   0   0   0   0   0   0   0   0   0   0   0   0   0   0   0   0   0   0   0   0   0   0   0   0   0   0   0   0   0   0   0   0  25   0   0   0   0   0   0   0   0   0   0   0   0   0   0   0   0   0  26   0  40   0   0   0   0   0   0   0   0   0   0
   0   0   0   0   0   0   0   0   0   0   0   0   0   0   0  48  44   0   0   0   0   0   0   0   0   0   0   0   0   0   0   0   0   0   0   0   0   0   0   0   0   0   0   0   0   0   0   0   0   0   0   0   0   0   0   0   0   0   0  15   0   0  28   0   0   0   0   0   0   0   0  22   0   0   0   0   0   0   0   0   0   0   0   0   0   0   0   0   0   0  22   0   0   0   0   0
   0   0   0   0   0   0   0   0   0   0  50   0   0   0  41   0   0   0   0   0   0   0   0   0   0   0   0   0   0   0   0   0   0   0   0   0   0   0   0   0   0   0  31   0   0   0   0   0  40   0   0   0   0   0   0   0   0   0   0   0   0   0   0   0   0   3   0   0  16   0   0   0   0   0   0   0   0   0   0   0   0   0   0  32   0   0  16   0   0   0   0   0  30   0   0
   0   0   0   0  37   0   0   0   0   0   0  14   0   0   0  31   0   0   0   0   0   0   0   0   0   0   0   0   0   0   0   0   0  46   0   0   0   0   0   0   0   0   0   0   0  12   0   0   0   0   0   0  19   0   0   0   0   0   0   0   4   0   0   0   0   0  44   0   0   0  35   0   0   0   0   0   0   0   0   0   0   0   0   0   0   0   0   0   0   0   0   0   0   0
   0  48   0   0   0   0   0   0   0   0   0   0   0   0  34   0   0   0   0   0  19   5  12   0   0   0   0   0   7   0  32   0  13   0   0   0   0   0   0   0  17   0   0   0   0   0   0   0  20   0   0   0   0   0  26   0   0   0  28   0   0   0   0   0   0   0   0   0   4   0   0   0   2   0   0   0   0  32   0   0   0   0   0   0   0  27   0   0   0   0   0   0   0
   0  48  16   0   0   0   0   0   0   0   0  34   0   0   0   0   0   0   0   0   0   0   0   0  22   0   0   0   0   0   0   0   0   0   0   0   0   0   0   0   0   0   0   0   0   0   0   0   0   0   0   0   0  19   0   4   0   0   0   0   0   0   0   0   0   0   0   0   0   0   0   0   0   0   0   0  34   0   0   0   0   0   0   0   0   0  49   0   0   0   0   0
   0   0   0   0   0   0   0   0  40   0   0   0   0   0   0   0  31  10   0   0   0   0   0   0   0   0   0   0   0   0   0   0   0   0   0   0   0   0   0   0   0   0   0  15   0   0   0   0   0   0  13   0   0   0   0   0   0   0   0   0   0   0   0   9   0   0   0   0   0   0   0   0   0  39   0   0   0   0   0   0   0   0   0   0   0   0   0   0   0   0  42
   0   0   0   0   0   0   0   0   0   0   0   0   0   0   0  14   9   0   0   0   0   0   0   0   0   0   0   0   0   0   0   0   0   0  14   0   0   0   0   0   0   0  48   0   0   0   0  11   0   0   0   0   0   0   0   0   0   0   0   0   0   0  36   0   0   0   0   0  49   0   0   0   0   0  35   0   0   0   0   0   0   0   0   0   0   0   5   0   0   0
   0   0   0   0   0   0   0   0   0   0   0   0   0  34  17   0   0   0   0   0   0  24   0   0   0   0   0   0   0   0   0   0   0   0   0  26   0   0   0  22   0   0   0   0   0   0   0   0   0   0   0  33   0  37   0   0   0   0   0   0   0   0  40   0   0   0   0   0   0   0   0   0   0   0   0   0   0   0   0   0   0   0   0   0   0   0   0   0   0
   0   0   0   0   0   0   0   0   0   0   0   0   0   0   0   0   0   0   0   0   0   0   0   0   0   0   0   0   0   0   0   0   0  26   0   0   0   0   0   0  42   0   0   0   0   0   0   0   0   0   0   0   0   0   0   0   0   0   0   7   0   0   0   0   0   0   0   0   0   0   0   0   0   0   0   0   0   0   0   0   0   0  13   0   0   0   0   0
   0  21   0  47   0   0   0   0   0   0   0   0   0   5   0   0   0   0   0   0   0   0   0   0   0   0   0   0   0  50   0   0   0   0   0   0   0   0   0   0   0   0   0   0   0   0   0   0   0   0   0   0   0   0   0   0   0   0  27   0   0   0   0   0   0   0   0   0   0  13   0   0   0   0   0   0   0   0  31   0   0   0   0   0   0   0   0
   0   0   0   0   0  50   0   0   0   0   0  32   0   0   0   0   0   0   0   0   0   0   0   0   0   0   0   0   0   0   0   0   0   0   0   0   0   0   0   9   0   0   0   0   3  43   0   0   0   0   0   0   0  10   0   0   0   0   0   0   0   0   0   0   0   0   0   0   0   0   0   0   0   0   0   0   0   0   0   0   0  40   0   1   0   0
   0   0  12   0   0   0   0   0   0   0   0   0   0   0   0   0   0   0   0   0   0  38   0   0   0   0   0   0   0   0   0   0   0   0   0   0  37   0   0   0   0   0  19   0   0   0   0   0   3   0   0  27   0   0   0   0   0   0   0   0   0   0   0   0   0   0   0   0  11   0   0   0   0   0   0   0   0   0  44  24   0   0   0   0   0
   0   0   0   0   0   3   0   0   0   0   0   0   0   0   0   0   0   0   0   0   0   0   0   0   0   0   0   0   0   0   0   0   0   0  28   0   0   0   0   0   0   0  12  21   0   0   0   0   0   0   0   0   0   0   0   0   0   0   0  42   0   0   0   0   0   0   0   0   0   0   0   0   0   0   0   0   0   0   0   0  37   0  12   0
   0   0   0   0   0   0   0  12   0   0   0   0   0   0   0   0   0   0   0  24  32   0   0   0   0   0   0   0   0   0   0   0   0   0   0   0   0   0   0   0   0   0   0   0  35   0   0   0   0   0   0  13   0   0   0   0   0   0   1  44   0  35   0   0   0   0   0   0   0   0   0   0   0   0   0  41   0   0   0   0   0   0   0
   0   0  40   0   0   0   0   0   0   0   0   0   0   0   0   0   0   0   0   0   0   0   0   0   0   0   0   0   0   0  42   0   0   0   0   0   0   9   0   0   0   0   0   0   0   0   0   1   0   0   0  19   0   0   0   0  23   0   0  15   0   0   0   0   0   0   0   0   0   0   0   0   0   0   0   0   0   0   0  34   0   0
   0   0   0   0   0   0   0  42   0   0   0   0   0   0   0   0   0   0   0   0   0   0   0   0   0   0   0   0  47   0   0   0   0   0   0   0   0  10   0   0   0  48   0   0   0   0   0   0   0   0   0   0   0  12   0   0   0   0   0   0   0   0   0   0   0   0   0   0   0  45   0   0   0   0  10   0   0   0   0   0   0
   0   2   0   0   0   0   0   0   0   0   0   0   0   0   0   0   0   0   0   0   0   0   0   0  36   0  15   0   0   0   0   0   0   0   0   0   0   0   0   0   0   0  31   0   0   0   0   0   0   0   2   0  22   0   0   0   0   0   0   0   0   0   0   0   0   3   0   0   0   0  25  32   0  36  31   0   0   0   0   0
   0   0   0   0   0   0   0   0   0  11  35  22   0   0   0   0   0  34   0   0   0   3   0  33   0   0   0   0   0   0   0  33   0   0   0   0   0   0  34   0   0   0   0   0   0   0   0   0   0   0   0   0   0   0   0   4   0  27  10   0   0   0  20   0  43   0   0   0   0   0   0   0   0   0   0   0   0   0   0
   0   0   0   0   0   0   0   0   0   0   0   0   0   0   0   0   0   0   0   0   0   0  21   0   0   0   0   0   0   0   0   0   0   0   0   0   0   0  30   0   0   0   0   0  47   0  26   0   0   0   0   0   0   1   0   0   0  41   0  10   0   0   0   0   0   0   0   0   0   0   0   0  20   0   0   0   0   0
   0  42   0   0   0   0   0   0   0  23   0   0   0   0  11   0   0   0   0   0   0   0   0   0   0   0   0  33   0   0   0   0   0   0   0   0   0   0   0   0   0   0   0   0  17   0   0   0   0   0   0   0   0   0   0   0   0   0   0   0   0   0   0   0   0   0   0   0   0   0   0   0   0   0   0   0   0
  40   0   0   0   0   0   0   0   0   0  13   0   0   0   0   0   0   0   0   0  49   0   0   0   0   0   0   0   0   0   0   0   0   0  49   0   0   0   0   0   0   0   0   0   0   0   0   0   0   0   0   9   0   0   0   0   0   0   3   0   0  29   5   0   0   0   0   0   0   0   0   0   0   0   0   0
   0   0   0   0   0   0   0   0   0   0   0   0  10   0   0   0   0   0   0  22   0   0   0   0   0   0   0   0   0   0   0   0   0   0  14   0   0   3   0   0   0  39   0   0   0   0   0   0   0   0   0   0   7   0   0   0   0   0   0   0   0   0   0   0   0   0   0   0  34   0   0   0   0  42   0
   0   0   0   0   0   0   0   0   0   0   0  11   0   0   0   0   0   0   0   0   0   0   0   0   0   0   0   0  46   0   0   0   0   0   0   0   0   0   0   0   0   0  32   0   0   0   0   2   0   0   8   0   0  20  29   0   0  25   0   5   0  17   0   0   0   0   0   0   0   0  49   0   0   0
   0   0   0   0   0   0   0  23   0   0   0   0   0   0   0   0  10   0   0   0   0   0   0   0   0   0   0   0   0   0   0   0   0   0   0  12   0   0   0   0   0   0   0   0   0   0   0   0   0   0   0   0   0   0   0   0   0   0   0   0   0  13   0   0   0   0   0   0   0   0   0   0   0
   0   0   0   0   0   0   0  27   0   0   0   0   0   0   0   0   0   0   0   0   0   0   0   0   0   0   0   0   0   0   0   0   0   0   0   0   0  23   0   0   0   0   0   0   0   0   0   0   0  27   0   0   0   0   0   0   0   0   0  36   0   0   0   0   0   0   0  12   0   0   0   0
   0   0   0   0   0   0   0   0   0   0   3   0  44   0   0   0  16   0   0   0   2   0   0   0   0   0   0   0   0  12   0   0   0   0   0   0  38   0   0   0   0   0   0   0   0   0   0   0   0   9   0   0   0   0   0   0   0   2   0   0   0   0   0   0   4   0   0   0   0   0   0
   0  34   0   0   0   0   0   0   0   0  21   0   0   0   0   0   0   0   0   0   0   0   0   8   0  47   0   0   0   0   0   0   0   0   0   0  24   0   0   0   0   0   0   0   0   0   0   0  18   0   0   0   0   0   0   0   0  40   0   0   0   0   0   0   0   0   0   0   0   0
   0   0   0   0  48   0   0   0   0   0   0   0   0  37   0   0   0   0   0  12   0   0   0   0   0   0   0   0   0   0   0   0   0   0   0   0   0   0   0   0   5   0   0   0   0   0   0  33   0   0   0   0   0   0   0   0   0   0  11   0   0  20  20   0   0   0   0   0   0
   0   0   0   0   0  43   0   0   0   0   0   0   0   0   0   0   0   0   0   0   0   0  28   0   0   0   0  26   0   0   0   0   0   0   0   0  33   0   0   0   0   0   0   0   0   0   0   0   0   0   0   0   0   0   0   0   0   0  21   0   0   0   0   0  22   0   0   0
   0   0   0  46   0   0   0  19   4   0   0   0   0   0   0   0   0   0   0   0   0   0   0   0  35   0   0   0   0   0   0   0   0   0   0   9   0   0  29   0   0   0   0   0   0   0   0   1   0   0   0   0   0   0   0   0   0   0   0   0  24   0   0   0   0   0   0
  12   0   0   0   0   0   0   0   0   0   0   0   0   0   0   0   0   0   0   0   0   0   0   0   0   0   0   0   0   0   0   0   0   0   0   0   0  47   0  17   0   0   0   0   0   0   0   0   0   0   0   0   0   0   0   0   0  26   0   0   0   0   0   0   0   0
   0  47   0   0   0   0   0   0   0   0   0   0   0   0   0   0   0   0   0   0   0   3   0   0   0  42   0   0   0   0   0   0   0   0   0   0   0   0   0  41   0   0   0   0   0  50   0   0   0   0   0   0   0   0   0   0   0   0   0  49   0   0   0   0   0
   0   0   0  29   0   0   0   0   0  46   0   0   0   0   0  13   0   0   0   0   0   0  20   0   0   0   0   0   0   0   0   0   0   0   0   0   0   0   0   0   0   0   0   0   0   0   0   0   0   0   0   0   0   2   0   0   0  43   0   0   0   0   0   0
   0   0   0   0   0   0   0   0   0   0   0   0   0   0   0   0   0   0   0   0  18   0   0   0   0   0   0   0   0   0   0   0   0   0   0   0   0   0  30   0   0   0   0   0   0   0   0   0   0   0   0   0   0   0   0   0   0   0   0   0   0   0   0
  18   0  39   9   0   0  10   0   0  13   0   0   0   0   0   0  27   0   0   0   0   0   0   0   0   0   0   0   0  23   0   0   0  43   0   0   0   0   0   0   0   0   0   0   0   0   0  18   0   0   0   0   0   0   0   0   0   0  22   0   0   2
  11   0   0   0  48   0   0   0   0   0   0   0   0   0   0   0   0   0   0   0   0   0   0   0   0   0   0   0   0   0   0   0   0   0  29   0   0   0   0  36   0   0   0   0  34   0   0   0   0   0   0   0   0   0   0  45   0   0   0  42   0
   0   0   0   0   0   0   0   0   0   0   0   0   0   0   0   1   0   0   0   0   0   0   0   0   0   0   0   0   0   0   0   0   0   0   0   0   0   0   0   0   0   0   0   0   0   0   0   0   0   0  33  37   0   0   0   0  31   0   0   0
   0   0   0   0   0  11   0   0   0   0   0   0   0   0   0   0   0   0   0   0   0   0   0   0  38   0   0   0   0   0   0   0   0   0  35   0   0   0   0   0   0   0   0   0   0   0   0   0   0   0   0   0   0   0   0   0   0   0   0
   0   0   0   0   0   0   0   0   0   0  35   0   0   0   0   0   0   0   0   0   0   0  31   0   0  43   0  11   0   0   0   0   0   0   0   0   0   0   0   0  39   0   0   0   0   0  24   0   0   0   0   0   0   0   0   0   7   0
   0   7   0   0   0   8   0   0   0   0   0   0   0   0   0   0   0   0  48   0   0   0   0   0   0   0  27   0   0   0   0   0   0   0   0   0   0   0   0   0   0  16   0   0   0   0   0  19   0   0   0   0   0  27   0   0  42
   0   0   0   0   0   0   0   0   0   0   0   0   0   0   0   0   0   4   0   0   0   0   0   0   0   0   0   0   0   0   0   0   0   0   0   0  46   0   0   0   0   0   0   0   0   0   0   0  18   0   0   0  14  18   0   0
   0   0   0   0   0   0  40   0   0   0   0   0   3   0   0   0  42   0   0   0   1  49   0   0   0  30   0   0   0   0   0   0  18   0   0   0   0   0   0   0   0   0   0   0   0   0   0   0   0   0   0  26   0   0   0
   0   0   0   0   0   0   0   0   0   0   0   0   0   0   0   0   0   0  10   0   0  14   0   0  30   0   0   0   0   0  36   0   0   0   0   0   0   0   0   0   0   0   0   0   0   0   0   0  28   0   0   0   0   0
   0   0   0   0   0  14   0   0   0   0   0   0   0   0   0  38   0   0   0  29   0   0   0   0   0   0   0   0   0   0   0   0   0   0   0  16   0   0  30   0   0   0   0   0   0   0   0   0   0   0   0   0   0
   0   0   0   0   0  19  36   0  35   0   0   0  30   0   0   0   0   0   0   0   0   0   0   0   0  43   0   0   0   0   0  44   0   0   0  44   0   0   8  11   0   0   0   0   0   0   0   0   0   0   0  10
   0   0  14   0   0   0   0   0   0   0   0   0   0   0   0  10   0   0   0   0   0   0   0   0   0   0   0   0   0  16   0   0   0   0   0   0   0   0   0   0   0   0   0   0   0   0   0   0   0   0   0
   0   0   0   0   0   0   0  29  31   0   0  42   0  21   0   0   0   0   0  26   0   0   0   0   0   0   6   0   1   0  30   0   0   0   0   0   0   0   0   0   0   0   0   0   0   0   0   0   0   0
   0   0   0   0   0   0   0   0  16  37   0   0   0   0   0   0   0   0   0   0   0   0   0  33   0   0   0   0   0   0   0   0   0   0   0   0   0   0   0   0   0   0   0   0   0   8   0   0  45
   0   0   0   0   0   0   0   0   0   0   0   0   0   0   0   0  43  11   0   0   0   0   0  26   0   0   0   0   0   0   0   0   0   0   0   0   0   0   0  10   0   0  45   0   0   0   0   0
   0   0   0   0   0   0   0   0   0   0   0   0   0   0   0   7   0   6   0   0   0   0   0   0   0  39   0  22   0   0   0   0   0   0   0   0   0   0   0   6   0   0  28   0   0   0  47
   0  17   0   0   0   0   0   0   0   0   0   0   0   0   0   0   0   0   0   0   0   0   5   0   0   0   0   0   0   0   0   0   0   0   0   0   0   0   0   0   0   0   0   0   0   0
   0   0   0   0   0   0   0   0  18   0   0   0   0   0   0   8   0   0   0   0   0   0   0   0   0   0   0   0   0   0   0   0   0   0   0   0   0   0   0   0   0   0   0   0   0
  18   0   0   0   0   0  20   0  30  36   0   0   0   0   0   0   0   0   0   0   0   0  13   0   0   0   0   0   0   0   0   0   0   0   0   0   0   0   0   0   0   0   0   0
   0   0  10   0   0   8   0   0   0   0   5   0   0   0   0   0   0   0   0   0   0   0   6   0   0   0  34   0   0  28   0   0  17   0   0   0   0   0   0   0   0  46   0
   0   0   0  21   0   0   0   0   0   0   0   0   0   0   0   0   0   0   0   0   0   0   0   0   0   0   0   0   0   0   0   0  28   0  46   0   0   0   0   0   0   0
   0   0   0   0   0   0   0   0   0   0  14   0   0   0   0   0   0   0   0   0   0   0   0   0   0   0   0   0   0   0   0  15   0   0   0   0   0   0  43   0   0
   0   0   0   0  27   0   0   0   0   0   0   0   0  21   0   0   0   0   0   0  49   0   0   0   0   0   0  12   0   4   0   0   0   0   0   0   0   0   0  48
   0   0   0  17   0  50   0   0   0   0   0   0   0   0   0   0   0   0   0   0   0   0   0   0   0   0   0  11   0   0  34   8  29   0   0   0   0   0  37
   0   0  37   0   0   0   0   0   0   0  42   0   0   0   0   0   0   0   1   0   0  41   0   0   0   0   0   0   0   0   0   0   0   0   0   0   0   0
  11   0   0   0   0   7   0   0   0   0   0   0   0   0   0   0   0   0   0   0   0   0   4   0   0  41   0   0  25  38   0   0   0   0   0   0   0
   0   0   0   0   0   0   0   0   0   0   0   0   0   0   0   0   0   0   0   0   0  16   0   0   0   0   0   0   0   0   0   0   0   9   0   0
   0   0   0   0   0   0   0  47   0   9   0   0   0   0   0   0   0   0   0  19   0   0   0   0   0   0   0   0   0   0   0   0   0   0   0
  47   0   0   0   0   0   0   0   0   0   0   0   0   0   0   0   0   0   0   0   4   0   0   0   0   0   0   0   0   0   0   0   0   0
   0   0   0   0   0   0   0   0  23   0   0   0   0  21   0   0   0   0   0   0   0   7   0  50   0   0   0   0   0   0   0   0  48
   0   6   0   0   0  18   0   0   0   0   0   0   0   0   0   0   0   0   0   0   0   0   0   0   0   0   0   0   0   0   0   0
   0   0   0   0   0   0   0   0   0   0   0   0   9   0   0   0   0   0   0   0   0  50   0   0   0   0   0   0   0   0  19
   0   0  24  41   0  36   0   0   0   0   0   0   0   0   0   0   1   0   0   0   0   0   0   0   0   0   0   0   0   0
   0   0   0  46  12   0   0   0   0   0   0   0   0   0   5   0   0   0   0   0   0   0   0   0   0   0   0  11   0
   0  44   0   0   0  37   0   0   4   0   0   0   0  45   0   0   0   0   0   0   0   0   0   0  23   0   0   0
   0  26  37   0  35   0   0   0   0  10   0   0   0   0   0   0  33   0   0   0   0   0   0  41   0   0   0
   0   0   0   0   0   0   0   0   0   0   0   0   0   0   0   0  22   0   0   0   0   0   0   0  17   0
   0   0   0   0   0   0   0   0   8   0   0   6   0   0   0   0   0   0   0   0   0   9   0   0   0
   0   0   0   0   0   0   0   0   0   0   0   0   0   0   0   0   0   0   0   0   0   0   0   0
   0   0   0   0  16  46   0   0   0   0   0   0   0   0   0   9   0   0   0   0   0   0   0
   0   0   0  48   0   0   0   0   0   0   0   0   0   0   0   0   0  38   0   0   2   0
   0   0   0  44   0   7   0   0   0  47   0   0   0   0   0  47   0   0   0   0   0
   0   0  13   0   0   0   0   0   0   0   0   0   0   0   0   0   0   0   0   0
   0   0   0   0   0   0   0   0   0   0   0   0   0   0   0   0   0   0   0
   0   0   0   0   0   0   0   0   0  21   0  35  32   0   0   0   0   0
   0   0   0   0   0   0   0  37   0   0   0   0   0   0   0   0  20
   0  28   0   0   0   0   0   0   0   0   0   0   0  22   0   0
   0   0   0   0   0   0   0   0   0   0   0   0   0   0   0
   0   0   0  24  21   0   0   0   0  48   0  25   0   0
   0   0   0   0   0   0   0   0   0   0   0   0   0
   0   0   0   0   0   0   0   0   0   0   0   0
   0   0   0   0   0   0   0   0   0   0  15
   0   0   0   0   0  14   0   0   0  19
   0  10   0  33   0   0   0   0   0
   0   0   0   0   0   0   0   0
   0   0   0   0   0   0   0
   0   0   0  50   0   0
   0   0   0   0   0
   0   0   0   0
   0   3   0
   0   0
  19

 374
   2  17   5   4  25  12  10  11  20   4  15  24   8  17   1  19  22   9   7  13  16  17   4   5  17  23  10  18  20  11  12   4   3   2  14  19  20   5   8  15   8  16  12  22   5  15   4  11  24  19  18  22  12   1   4  22   3   4  18  16  17   6  24  21  21   3   1  12  17   9   3   9   5  16  14   4  19  11   9  21  11  14   6  14  11  12  24  20  15  18  15   1  13   9   2  10  15   6  15  12  20   6   3  24  15   1  18  21  22  23  23  24   3  20   4   5  11  16   1  23

