 120 
   0  15   0   0   8  38   0  14   4  15   4   0   0  35   0  42   0   0   0   0   5  38  25  28  48   0   0  47  19  45  13   0  32   0   0   0   6  38  47   0   2  48  30  19   2   0   0  46  45  35  47  10   0   0   0   0  11   0  23   0   0  48   0  39   0   0   0   0   0   0   0   0   4   0  16   0   4  15   3   0   1   0  14   0  40   0   1  36  32   0   0   0  37  47  34   9  38   0   0   0  27   0  45  18   0   0  48  47  38   0   0  27  24   0   0   9   0   0   1   1
   2  17   0  49  45  20   0   0   0  38   5  46  30   0   0  38   0   0   0   0   0   5  38   0  10  20   0   1  28   2   0  28  11   0   0   0   0   0  44  32  31   0   0  29   0   9  18   0   1   0  12   0   0  36   0  25   0   6  29   0  33   0  27   1   0  20  38   0  14  36   0   0   0  13   0   7  36  33   7   0  33  44   0   0   0  26   0   0  43  44   0  41  41   8   1  37   0   6   0   4  34   0   0   0   0  48  31   0   0   0   0   0   0   0  34  33   0  18  50
  19   0   2   0  11   0   0   0  37  45  33  29  29   0  20   0   0  18  25  31   0   0   0   2   6  22   4   1   0   0   0   0   0  26  40  42   0  47  49   0  46   0   0  36   0  41  28   0  26   0   0   0  11   0  31   0  44   0   5   5  41  22   0  19   0   4  37   0  16   0   2   0   0   0   0  27  18  34   3   0   0   0  39   0  26  43  48   0   0   0   0   0  37  29  37  39   0   0   6   0   0   0   0  50   0   0  17  33   0  13   8   0  18  14   0   0  11  33
  22   3  27   0  47  36  27   0  40   0  23   3  11  25  13  16   0  20  32   0   0  23  21   0   0  15   0  10   0   0   0   0  35   0  35   9   8   0  17   7   0  32   0  32  12   0   0   0  29  41   0  32  36  45  17   0  43  40  39   0   0  18   0   0   0   0   0   0   6  17   0  45  43  36   0  27   0   1  12   9   0   0   5   0   8  20   0   2  31   0  17   0   0  45   2  18   0   1   0  42   0   0   0  38   0   0  34  32  22   0  45   0  22  34  46  39  46
  23   8  30  22   0   3   0   0  27  30   0   0   0  28   0   0   0  19   0   0   6  32   0   0  14   0  41   5  17  10   0   4  20   0   0  30  14  30   0   0   0   5  10  43   0   0   0   0   2   0  23  43  16  22   0  15  12   0  13   0  50   0  17  22   0   0   0  32   0   0  34   0   0   0  37  36   0   6  34  18   0   0   0  16  20   2  38   0   0  36  10  33   7   3  10  48   8   0  14   0   0   0   0   0  50  39   0  37   0  42  44  16   0   0   0   0
   9   0  49   0  28   0   8  17   9   7  12  15  21  40  11  33   5   0  48  43  44  32  10   2  17   0   0   0  35   0   0   0  29  12   0   0  31   0   3  13  40  37  20   0   0   0  19  42   0  22  13   0  31  33  33  10  17   0   8   0   0  11  45   0   0   0  37   0  26   0   4  32   0   0  45  38  27  28   0  11  24   0  28  28   0  49  27  25   0  16  32  49   0  16  14   0  27  23   0   0  22   0   0   3  16   0  36   0   0  13  26   0   0   2  24
   0  41   0   0   0   0  31   0   0  10  30   0  49   0  12  12   0   0  15  12   0   0  21  28   0  30  11  34  24   0   0   0   0   1   0   0   9   6   0   0   5  49   0  43  38   0   0   0  47   0   0  14   0  46   0   0   0   0   0  39  42  42  13   0  13   0  44  39   6   0  38  24  35   0   0   0  47   0   3   0   0  32   0   0   0  10   0   0   0   0   0   0  25   0  36  17   0  49  30   0   0   0   0   0   5  18   8  22  29   0  44   0  38   2
   1   0   0   0   0   3   0  35  13   0   0  22   0   7   0  38  38   9   0  25  30  33   0  15   0  27   0  32  46   0   0  38   0  21   0   0   0  31   0   0   0  19   0   0  26  32  36   0   0   0   0  32  30   0   8   0  29   0  18   0  21   0  23   0  11   0   7   0   0   0  18  41   0   3  42   0   0  15   0   0  50  22   2  45   0   0   0  46   0   0  26  29  29   0   0   0  21   0   0   0   0  35  19   0  43  21   0   6  27  22  34  30  10
   0   0  49   0   0  41   0  36  19   0   0   0   0   0   0   0  49   0   0   9  36   0   0  35   0   0   0  47  47   0  10   0   0   0   0   0   0   0  11   0  41   0   6   0  24   0   0   0  14   0  10   0   0   0  10  43   0   0   0   0  33   0  12   0   0   2   0  25   0   0  15  44  10   0   0   0  10   0  12  41  21   0   0  37  38  35   8   0  45  48   0   1  14  22   4   0   4  36   0  11  46   0   0   0   0  25   1   0  23  46   0   0
  49   8   0  27  26   0  31   2   0   0   0   0   9   0  28  22   0   5  37   8   7  14  50  45  29   0   0   0  30   4   0   0   0   0   0  37  24  12  23   9   0   0   9   0   0   0   0   0   0   0   0   0   0   8  13  27   0  42  25  12  29   0   0   0  41  25   0  30  23   0   0  50   0  25  32   0  21  26   0   3  49  43  16   0  10   0   0   0   0  38  37   0   0   0  13   0   0   0  15   0   0   0   0  26   0   0  16  31   0  22   0
  19  13   0   0  46  26  33  15  11   0   0   0   0   0  14  49   0   0  24  45   0  30  10  23   0   0  38  48  15   4  12   0  29   0   0  28   0   0   0   0  13   0   3   8   0   0  35  39   0   0   0  29   0  10  19   0   0  35  19   7   0   5   0  29   6   5   0   0  20   0  19   8   8   0  27   0  35  23  40  12   0   0   0  16   0   0   0   0  20   0   0   0   8   7   0   0   0   0   0   0  36   0   0   0  15   9   0   0  49   0
   0  10  29  33   0  32   0   0   0  50  41  26  38  16  32  39   0   0  26  36  27   0   0  21   5   0  25  18  16   0   0   0  12   0   0   0  39  37  22   0   0   9   0  24   0   0   0  23   0   0   0   0   0   0   0  21   0  50   9   0  23   0  25   0  12   0   0   0   0   0   0   0   0   0  34  44  37  14  21   0  25  50   0  25   0   0  28  13   0   0   0   0   0  22   0   0  22  25   0  43   0  10   4   0   0   0   0   0  28
   0   0  42  40  36   3   5   0  10   0   3   0   0   0   0   0  15   0  25  43   7  38   0   0  18   0  37  19  27  30   0   9   0   1   0  11  20   0   0   0   0   9  26   0  35   0  32   0  33   0  39   0  47  26  36  28   7  31   0  40  26  37   0   0   9  37   0  43  48   0   0   0   0   0   5   0   0   0  26   0   0  36   3  40   0   8   0   0   0   0   0  27   1   0  12   0   0  13  25   0   0  50   0  14  47   0   2   0
  46   0  26   3   2   0   7   0   0  10   0   0   0  24   0   0  40   0  22   4   0  26   3   0  14   0   0   0  18   0  48  42   0  30  34   3  28   0  34  37  27  42  35   0   0   0   0   0  14   0  17  18   0   0  34  44   0  21   0   0  15   0  50  41  21   0  45   0   0   0  40  48   0   0  33   0   0   1   0  50  50  27   0   0  39   0   0  35   0  35   0  43  30  30   0   0  26  45  12  49  50   0  36   0   0   0   0
   2  48   0  42   0  35  24   0   0  15   0   0   0   5  34   0   0   5   2  40   0   5  13   0   0   0   4   0  40  15  30  15   0   0   0   0   1  35   0   0  35   0   0   0   0   0   0  10  41   0   0   2   0   0  46   0  27  24   0   0  48   0   0   0  44  40   0   0  48   0   0   0   0  36  29   0  46   0   0   0   3   1  19   0   0  34  19   0   5   0   0  40   0   0   0  31   3  50   0   0   0   0  37  36  41   0
  36  30  44   0   0  30   0   0   0  50   0  38  29   0   0   0   0  34   0   0   0   0   0   0  43   0   0  43   0  45   0  19  27  27  16  46   0  33   0  46   0   0   0   0   0   0   0  24  15  27   0  46   0   7   6   0  29   0   0  25   0   0   0   0  33   6   0   0  39  37  50   0   8  37  45   0   0   0  41  24   0  19   0   0  27  11   0  42  36   0   0   0   0   0   0   9   0   0  36  45  28   0   0  31  16
   0  42   7   0   0   0  47  27   0  32   0  14   0   0   0   0  19  25  17   0   0   0  17   0   8   0  29   0  34  17   0   0   0  10   0  36   0  14  13  46  45   0  10  33   0   0  48   0  43   0  43   0   0   0   4  50  17  33   6   0  30   0  33  14   0   3   0   0   0   0   0  11   0   0   0   0  35  10   0   0  40  15  28   0   0   0  47   0  31  39  46  26   2  20   0   9   0   0  11   0   0   0   1   0
   0   6   0   0  28   0  40  17   0   0  26  35   6   0  27   0   0   0  39   0   8   0   0   0   0  30  46   0  45  13  10   0  31  46   0  43   0  13   1   0   5  17   0   0   0   0  37  47  30  36   0   0   0   0   5   2  13   0  45   0  11   0   0   0  15   9  27  42  34   0  39  28   0   0   0   0  27   0  18   0   0   0   0   0  25   0   0  21  38  18  14  32   0  24  11  13   0   0  40   0  24  13   0
   1   0  45  24  39   0   5  14   0  29   0   0   0  25   7  13  49  28   0  12   0   0  42  46   4  10   0   3  22   0   0   0  35   0  19  38   0   0   0  12  16   0   0  44   0  24   0  11   0  33  25   0   0   0  12   0   5   0   0   6  22   9   0   0  45   4  43   0   0  44  12  30   0   0   0   0   0  18  32   0   0   0  19   0  46  10   0   0  12   0  50   0  50   0  38   8  50   0   0  28   0   4
   0  14  20  40  26  42   0  19  22   0   0   0   0   0   0   0   0   0   0   0   0   0   0   0   0   0   0  17  35  28   0   0  47   0  34   0   0  47  43  10   0  49  26   7  22  37  40  26  29   0   0  48   0   6   0  49  18  41   0   6   0   7  19   0  24   0  29   0   0   0  39   7  34  20   0   3   0  37  43   0   0   0  43  16   0  30   4   0   0   0   0  38   5   0  12  24   4   0   4  43  31
   0   0   3   0  42   0   0  33   0   0  19  46   0  21   0   0   0   8   1   0  14  27  40   0  29  16   0  48  24  23  20   0   4  37   0   0   0   0  45  12   0  22   0   0   0  15   0   0   0   0  22   0   0  33   0  22  20   6   0   0  10   0   0  31   8   0  18  42   0  44   0  40   0   0  21  30   0  22   9   0   0  27  11   0   0  20   0   0  42   0   0   0  11  31   0   2   2   0   0   0
   9   0   0  10  16  32  20  12  42   0  22   9   0   0   5   0   0   0  13  10  13  28  19   0   6  41   0   0   0   0  40   0  34  11  42   0   0   0   0   0   0   0   8   8   0  40   0   0  36  27   0  30  29  12   9   0   0   0   0  50   0   0  21   0  44  30   0   0   0   0   0   9   0  38   0  33   0   0   0   0  16   0   0  38  19   0   0   4   5   0   0   8   3   0   0   0   0   0   0
  20  20   0   0  37   1   0  35   9   0  42  21  30   0  17  23   2   9   0   0  23   0   0  35   0  46   0   0  49  24   0   0   0   0   0  18  22   0  21   0  37   0   0   0  18  14   0  22  16  42   0   0  48   1   0   0   0   7   6  46  18  27  34  21   0   1   7   0   0  45   0   0   0   0   0   2   0  43   0   0   0  43  49  24  14  13   0  32   0   0   6  34   0  33   0  35   0   0
   6   5   9   0   0   0   0  17  45   0  47  30   0   0   0  13   0  39   4  40  33   0   0  33   0   0  37  40   0  46  49  22   0   0  25   0   0   0  23  48  12   0   0   6   0  30  24  39   0  27  33  11   0  45   0   6  32  34  36   0  10  40  46  11   6   0  38   0   0   0   0   9  11   0  16  38   6   0   0   0   0   0  10   0  19   0   0   0   0   0   0   0   0  50   0   0   0
   0  38  43   0   0  38   0   0   0  25  38   0   0  41  13   0   0   0  41  18   0   0  48   0   0   0  30   0   0  46   0   0   0  24  27   0  50  28   0   0  26   0  37  37  20  25  45  40   0   0   0   0   0  46  27   0  18  22   5  10  13  42   0   0  46   0  31   8   0  32   0  24  42  40  15   0   0   0   0   0   0   0   0  13  18  50   0   0   0  46  31   0  13  10   0  40
   8   0  36   0   0   0  47  48  47  22  21  13   0   0   9   0  33   0   0   0  49  24  49  46  22   0   0  39   0  39   0   0   0   4   0   4  26   0  49  38  27  42   0  16   0   0   0   0   0   0  13   0   0   0  31   0  38   0   0   0  49   7   9   0  11  37  33   8   0  44  41  33  47   0  38   0  44  15   0   0   0  34  49   0   1  36  26  27   0  46   0   0  24  30   0
   0   0   0   0   0   0   0   0   0   0  47  35   0   0   9   0  19  30   0   0   0   0   0   0   9   0  42   8   0   0  32  39  35   0  48  14   0   0  14   0   0   0  14  47   0   0   0  10   0  32   0   7   0  28  26  21  23   0  24   0   0  16   0   0  40  22  41   0   0  22   0   0  22   0  12  27   0   0   5  27   0   3   9  41   6  21  23  48   0   5  26  16  27   0
  14  32   9  25   9   0  37  28   0  24  10   0   0   0   0  38  45   6  30  32   0   7  47   0   0  28  21   0   0  36   0  19   0  23   0  28   0  33  25  16  42   0  43   0  17   6   3  38   0   0  19  43   0  39  27   0   0   0   0  11  34   0   0  42   0  46   0   0  22   1   0  38   0   0  42   0   0  49   0   0   0   0  37  30   0   0  37   0  21   0  46  34   0
  44  31   0   8   0   0  13   0   0  26   2  21   0  18  36   0   0   2  14   0  28   0   0  10   0  11   0  16   0   9   0  47   0  29  48  22   0   0   0  38   0   0   0  35   0  50   0   0   0   9  18   0  31   0  13  47   0   0   0  30   0   0   0  22  28  33   0   0  41  35  22   0  49  45  30  13  35   0   0  20   0  13   2   0   0   0   0   0  45   4   0   0
  43  49  20  39  18  25  46   0   0  43  28  17   0   0   0   0  17  16   0   0   0  24  22   0  23  38   0   0   0  34   0   0   0   0  26   0  31   0   0  41   0  25  34   0   0  25   1  33   0   0  21   1  50  41   0  19   0  12  34  24   3   0  12   0   0  12  21   0   0  12  19   0   0   0   0  28   8   0   0  16   0  27  10   0   0   0   9  23  13  47  48
  32   0  34  45   0  43   0   0   0   0   0   0  25  14  33   0   0   0   0   0  43   0   0   0   0   0   0  24  25   9   0  27   0   0   6  30  16  48  47  17  27   0   0  50   0   0   0   0   0   0  25   0   0   3  50  45  38   0   0   0   0   0   0  45  26   0   0   0   0   0   0  10   0  36   0  38   0  26   0  25   0   0  34   0   0   0   0   0  20  15
   0   0   0   0  45  17  30   0  40   0  46   0   0   0   1   0  30   0   0   0  39   0   0   0  26   0  27   0   0  39  13  29  41   0   1  37  47   0   0   0   0   0   0   0   0   0   0  42   0  43   0   7   9  16   0   0   0  32   0  29  22   0   0  35  42  17  36  10  32   0   0  49   0   0  46   6   0   0   0  34   0   0   0   0   7   0   0   0   0
   0   0   0  30   0  28   0  43  16   0  11   0   0  23  39   0  50  49   0   0   0  10   0   0   0   0   0  26   0   0   0   0  40  11   0   0   0   0  36  33  30   0  12  43  28   2  32   0   0  50   0  47   1  11  37   1   0  13   0  32   8   0  11  20   0  15  14  10  40   0   1  45   0  24   0   0  24  16   6   0  18   7   0  28  35  29   0  18
  18   0   5  30  49  10   0  26   0   0  22   0   0   9  42   0  22   0  33   0   0   4  40   0   0   0   0  37   0  12  35   0  20   0  16   6   0   0   0   0  16   9   0   1  36   0  24  36  25   0   0  24  39   1   6  29   0   0   0   0   0  35  19   0   0   0  49   0  47  37   0   0   5  41  30   5  49   0   0   0  13   0   0  23   0   0   0
   0   0  46   0   0   0  13   0  18   0   9  15  38  16  32   0  21   0   6   0  25   0  36  18  12   0   0  39   0   0  10   0   0   0  46   1   0   0   6   9  45   0   0   0  41  25  17  19   0   0   0  23   0  42  35   0   0   0   0   6   1   0   0   0   0   0   0  25   5   0  39  13   0  15   0   0  12  17   0  33   0  27   0   0  23   0
   0  11  39   0   1   0  44   0   2   0   0  19   0  28  22   3  41   6   0  17   0  23   0   0  33  26   0   0   0  26  24   0   0   0   0   0  25  24  10  15   5   0   5   0   0  15   0  31  19   0  19  14  18   3  14   0   0   3  44  49   3   0  22   0   0   0  35  12   0   0  49  45  38   0   8   0   1  47   0  23  27  11   0  16   0
   0  23   0   0   6  28   0   0  24  26   0   0   0   0   0  20   0  10   0   0  21  33  10  44   0   0   0  40  17   0  43   0  11   0   3   0   0   0   0  10  45   0  39   0   0  39  42   7   0  35  14   0  29   0   0  33   0  39   0   0   0   0   0  11   0   0   0  15  49   0  24   0   0  28   0   0  26  28  19   0   0  39   0  41
  23  14   0   0  40   0   0  13  48  25   0  31   0   0  50   0   0  30   0   8   0   0  17  20   0  32   0  27   6   0  11  40  40  15  14   3  47  19  46   0   0  40  27  34   0   0   0  17  14   8   0  34  38   0   0   3   0  20   1   0  26   8  21  23  45   0   0  35   0  24   0  49   0  29  26   8   8   0  32   0  12   0   0
  22   0   0  32   0  25  15   0   0  45   0  19  36   0   0   0   0  24  20  11  23   0   0   9  28   0  49  29   0  13   9  43  34   0   0   2  39   5   0  18   0   0  36  22   0   0   3   8  28  21   0  46   0   0  24  40  41  18  45   0   0   0   0   5   0   0   0   0  14   0  25  33  14   0  50  23   0   0  42  19  50   0
   0  14   0  43   0  45   3  37   7   0  47  32  41  28   4   0  32   0  23   3   0   3  13  42   1   0   0   0   0   0   0   0  32   0   0   0   0   0   0   0   0   0   0  48  18  25  34   1  23  43  16   0  33  48   0  29  39   0   0  30   7   0  14   0  35   0  21  17  32   3   0   0   0   0   0   0   7   0   0   0  50
  21   0   0  43   0  21  35  48   0   5   0   0   0  15  31  43  21   0   0   0   0   0  24  30   0  20  35  11  38   0   7  22  34   0   0  36   4   0  22   0   8  50  16  13   0   0   6   0   0   0   0   0   0   0  37   0   0   0   0   0   0   8   0  14   0   0   0  18  13   0  14   0  40   0  39   0   0   0  38  15
  46   0   0  33  41   0   0  41  39   0  22  18   0   0   0   0   0   9   0   0   0   6   1   0   0   0  20   0   0   0   0   5  39  35   0  15  32  47   0  48  32   0  24  35   0  11  47   0   0  22   5  43   2  48  44   0  45  16  16   6   7   0   0   1   0   0   0  10   0  12  34  50  48   0   0   0  47   0   0
   0   0   5  22  21  23   0   5   0   0  20   0  13   3  21  14  14   1   0   0   0   1   0  19   0   0   2   0  18   0   9   0  11  40   0  11  46  50   0  30  49   0   0  14   0   0  21   6  10  49   0   6   7   0  36   0  34  30  14  50  50  44   0  18  49  21  23  42   0  45   0  20  23  44   0  31   0   0
   0   0   5  25   0  22   0   0  13  45  10   0   0  46   0  20  15   0   0  14  35  40   0   8   0  27   0  34  16  17  27  37   0  46  22   0   0   0   0  39   0  18   0  15   0   0   0   0  18  38   0  17  17   0   0   0   0   1   3  15  29  20   6   0  39  34   0  39  46  22   0   0   0  48  20  17   0
  12   0   0  46   0   0   1   6   0   0   0   0   0   0   0   0   5  13   0  32  32  50   0   5  35   0   0  40   0   0   0   0   0  22   0  22  48  10  44   0   0  24   0   0   0  25   0  22  39  25   0   0   0  16   0  50   9   0   4   0   0  29   0   0  40   0   3   0   0   0   0   0   0   0  44   0
   0  36   0  43   0   0   0   1  28   0   0  35   0   0   0  46   0  50   1  33   4  14   0  45  10  32  41  42   0  31   0  50   0  10  37  31   0   6   0   0   0   0  42   0   0   0  30  25   0  37   0  36   0  20  43  28   0   0  24  25  19   0   0  42   0  47   0   0  50  45  46   0  45   0  49
  31  40   0  19   0   0   0   0   0   0  38   0  17   0   0  29   0  36   7   4  11   0   7   0  38  32   0   0   0  27   0   4   0   0  25  48   0   0  37   0   0  10  14   0   0   0  28  42  37  36   0   0  28   0   0  10   0  18   0   0   0  11  16   0  23  28   3   0   0   0   2   0   0  22
  48  30  17   0   0   0   0  27   0   0  23   0   0  20   0   0   0   0  35  49   0   0   0   6   0  27   0  41   0  47  46  19   0   3   0   0  30  40  17   0   0  42  50   0   0   0   0   0  29  29  39   0  21   0   7   9  47  23  24   2  29   0   0   8   0   0   0   0   0  42  13   0   0
  20  10   0   3   8   0   1   0   0   0   0   2  22   0  39   0   1   0   0   0   0  32   0   0  45   0   0   0   0  23   0   0   0   0   0   0  27  31  36  13   0  40  31   3  12  15   0   3   4   6  25  30   0   0  41  11   0  28  24  37   0  13  47   0  47  33  21   0   0  42  16   0
   1  30   6   0   0  17  34   0   0   2   0  30  34   0  13  15  41  10   0  11  38   0  28   0   0   7   0  17   0  34   0  50  21   0  27  33   2  46   0  45  30   0   0  10   0  21  28   6   0  29  35   0   0  36   0   0   0   4  38  47   0   0   0  43   0  48   0   0   0  35   0
   0   0   0  28   0   0   0   0   0   0  25  48   0  33   0  23  29  36  30  43  49   0  41   0   0   0   5   0  48   1   0  19   0   5   0   4  19   0  18  44   0   0   0   0  47   0  40  34  20  20  39  32  29  41  44   0   0  27  25  38   0   0   0  50  37   0  26   0   0  30
   0  38   0   0   0   0   0  47  32  14  47   0  50   8  35  36  12   0   0   0   0   0   0   0  39  28   0  43  27   0  39   0   0   0   0   0   0   0   0  37  36   0   0   0   0  24  30   0  12  11   0   0  46   0   0   0   0   0   0  25   5   0   0   0   0   0   1   0  48
   0  22   0  17   0  45  12  19   5   4   0   0   4  48   0   0   0  35  44   0  21   0  15  41   7   0   0   0  48   0   0   0   0   0  13   0  47  22   0   0   0   0   0   0   0  19   0   0  20   0   0  21   0   0   9   8  32   0  23  38  27   0   5  49   6   0   0   0
   0   0  23  45   0   1  50   0  49  44  10   0  48  15   0   0   0   0   0   4   0  10   0   0   0   0  45   0   0   0  45   0  32   0  37  34   0   0   0   5  26   0   0   0   0   0   0   0   4   0   0   0  46   0  26   0  28  49   0   0   1   0  49   0   7   0   5
  26  25   0  32  40   0   0  25   0  15   0   2   3   0  49   0  50   0   5   0  16  31   5  45   0   0  15  10  33   0   3   0  24  21   5  35   0  14  46  44   0   0  42   0   2  15   0  42  15   0  35   0   0   0   0  19   0   0   0   0  18   0   5   1  49   0
   0   0  43   8  21  43  33   3  36  38   9  47   0  24   0  32   0   0   0  33   0   0  14   0  20   6   0   8  35  44   0  15   0   0   0   0   0   0   0  33   0  34  30   1  37  17   0   0  17   0   0   0   0  33   0   0   0  31  12   0   0   0  37  22  11
   0  50  26   0   0  35   0  28   0   0  47  40  49   6   0   0  20   0   0   0   3  38  36   9   0   6  25  25   0  25   0  30  47  49  48  14   0   0  35   0   6   0  15   0   0   0  29   0  21  44   0   0  44   0  34   0  32   8  15  33  26   0   0  37
   0  45  12  19   0   0  47  49   0   0  10  26  12  33  39   0   0   0   0   0   0  23   9   0   0   0  13  22   0  41   0  22   0   0  32   0  10  33  24   0   0   0  44  25   0  24   0   0   0   0   0  31  24   0   0  16   0   5   0  18   0   4   0
   0   0  35   0   0  47   0   0   0  47  16  42   0  39   0  32   0   0   0   0  43  10   5  11   0   0  17  32   0   0  13  19   0  43   0  37  13   0  37  35  29  39  20   0   0   0   0   0   0  49   9  34   7   0   0  14  34   4   0  20  30   0
  26  12   0   0   0   0   5  13   0  39  44   0   0   0   0  43   0   2   0  25  19  41  33  25   0  40  50   0   0   0   0   4  41   0  18   0   0  38   0   6   0   0  12  12   0  26   0  19   0  50  31   0  26   5  46   3  36  33  15  11  37
   0   6   0  46   0  35   0  31   0  22   9   0   0   0   0  33  37   0   0  14  39   0   0  14   0   0  34   4   6   0   0  27   0  24   0   0   3   0   0  44   0   0  46  43   4  35  11   0   1  22  34  34   0   3   3   0  37  23  38   0
   0   0   0   0  48  48   0   0   0  15   0   0   0   9   0   0   1  39   5   0   0  21   0   0  36   0   0   0  38  24   0  25   0   0   0  45   0  29   0  19  46  35   9  44  10   0   0  21  32  12  37  48   0  47   0  30  26   0  33
   6   0   4   0  39  12   6  20   2   0   0   0   0   0  42   0   0   0   0   0  12   0  41   0  41  17   0   9   0  23   7  45   0   0   0   0  43   0  38  17   0  29   0   0   0   0  37   0  43   0   0  22  49  41   0  10   0   0
  42   0   0   0   6   0  25   0   0   1   0   0   0   0   8   0  44  13  26   0   3  30  22   0   0   6   0  26  28   8  38   0   1  33   0  37  50   0   0  40   0   0  48   8  24  22  32  15  11  33   0  24  47  24   0  31   0
   0   0   0   0  46   0   8   0  16   3  44  14   0   0   0   7  47   0  22   0  21   0   0   0   0   0  45   0   0   0   0   0   0   0   0  42  25  14   0   0   0   0  12   3   0   0   0   0   7  21  15  37  21   0   0  32
   0  45  34  24   0   0   0   0  25   0   0  35   0   0  34   0  42   0  47   0  31  47   0  42   7  14   0  26   0   0   0   2   0   0   5  27   0   0  12  30  41  31   0   0   0  36   0   0   0   0   0  16  24  11   0
  13  46  11   0  11   0   7   0   0  41  16   0   0  12   0  45   0   0  48   0   0   0   0   0   0  50  17   3  19   0   0  21   0   0   9   0  41   0   0   0   8  17   0   0   0   0  39   0  13   0  20  29  27   0
   0   0  30   0   0   0   0  27  48  42  24   0   0  29   0  12  25   0   0   0  27  15  49   0   0   0   0  15   5   0   0   0  11   0  14  35  23   0  22   0  29   0   0   0   0  47   0   1  22   7  30  45  49
   5   0   0  30   0  37   0  16   0   0   0  50   0   0  43  43   0  20   4   0   0  13  38   0  43   0   9  45  49   3  42  40  36  18   0   0   0  29  40   0  48   0   0   0  39   0   0   0  27   0   1  10
  35   0   0   0   0   0   0   0   0  43  42   0   7  20   0  43   0  32   0   8  10  38   2   0   0  29  18  21   0   0  36  41   0  16   0   0  35   0   0  27   0   0   0   0  47  32  32   0   0   0  17
   0  36   0   0  42   0  38   1  23   0   0   0   0   9   0   0   0   0  26  25  20  50   0   0   0  41   0   0   0   0  41  16   0  35  40   0   0  32   0  45   0   0   0   0   0   0  32  27  50   0
  14   3  32   0   0   0  19   0  30   0   6  24   0   0   0  23   8   0   0   0   0  33   0  30   0   0   0   0   1  48  45   0   0   2   0  15   0  11  40  15   0   0  13   0   0  43   0   0   0
  22  49   0   0   0   0   0   0  28  20  33  28  34  17   0   4   2  20   0  30   0   0   0   0   0  43  45  40   0  27   0   0   0   0  16  31   0   8  41   0   0  26  13   0   0  15  12  24
   0   0  45   0  16  20  25   7   0   0   0   0  21  21   0  16   0   6  19   2  32   0   0  10   0  37   0  14  14   0   7   0   0   0   0   0   0  28   0   0   0  22  26  42   0   0   8
   0  14   0   0  41  28   0  12   0  26   0   0   0   0  35   3  15  24   0  22  18  10   0  38   8   0  40   0   5  46   0   2  33  40  49  10   0   0   0  40  17  47  13   2   0  23
  17   0   0   0  12   0  16   0   0  32  40   0   0  18   0   0   0  27   9   0  29   0  37   0   0   0  26   2   0  13   0  25   0   1   0  28   0   0   0   0   0   0   0  20   0
   0  30   3   0   0   2   0   0  29  11  35   9  17  35  34   0   0  12   8   0  38  39  24  42  41  47   7  38  14   8   0  26  30  34  17  39   0   6  34  41  43  18   0  32
   0  31   0   0   0   0  29   6   0   0  40   0   0  40   0   7  31  30   0  44  24   0   0  36   0   0   0   0   0  44   0   8   4   0  27   0  35  32   0  50   0   0   0
   0   0  12   4  18  28   0  48   0  44  24   0   0   0   8   0  37   9   0   0   0  43   2   0   0  28   0  16  24  19  32  31  19   0  50   0   0  31  21  48   0   0
   0  39   5  23  47   0  30  33   0   0  17  28   0  49   0   6   0  26   0  13  39  47  33  15   0  48   0   0  40  22   0   0   0   0   3  26  46   0  46  50  35
  15  30   0   0  10   1   0  14   0   0   0  38   0   0   0   0   0   8   0  11   0   0   0   0   0   0   0   0   0   0   0  50  40   1   0   2   0  22   0   0
  22   9  36   0   0  35   0   0  36   0   5  11   0  28  21  35  25   0   4  21   0  14  19   0   0   0  24   0   0   1  13  29   0   0   0  27  42  33  35
  21   0  15  28  44  20  20   5   2   0   0   0  13  27   0   0   0   0   0   0   0  36   4   0   0   0   4   0  13   0   0  14  48   0  46   0  17  13
  36   0   0  10  11  28  27  21   0  33   0  28   0   0   1   2  28   0  35   0  26   1   7   0   0   0   0   0   0   0  27  46  46  41  30   0   3
  13   0   0  22   0  24   0   0  32  18  27   0   2   0   0   0  30   0   1   0   0   0  15  48   0   7  50   3  35   0   9   0   0   0  50  18
  45  41  18  32  17   0  29   0   0  45   0  49   0   0  24  12  31   0  25  38  39   0  38  17   0   0   5   0  21   0   0   0   0   6   0
   0   0   0   0  15   0   0  29   4  19   6   0   0  21   0   0  20  25  41   0   0   0   0   4   4  25  13   0  33  20   0  13   6   0
  24   1  36   1  24   3   0   0  39   0   0   0   0  37  21   0   1  19  13   0  50  50   7  12  14   0   0  45   0  43  49   0   0
  42   0  14   0   0   0   0   0   0  31  24   0   5  29   0  17   0   0  41   0   0  43   0  49  37   0   0  27   0  35  23  29
   0   0   0  21   7  41  46   0   0  17   0  40   0   0  22   0   0  36  50   1   0   0  40   2  22  31   0   0   0  39   0
  44   0   0   0   0   0  32  35   0   0  42  12   0   0  21   0   9   0   0   0  49   0   1  33   0   0  25  11   0  29
  42   0  18  13   0   0   0   2   0   9  43   4   0  19  42   0   0  10   3  16  50   0  28  49  42   0   0   0   0
   6   0  46   0   0   2   5  45   0   9   0  36   0   4  49  14   0  29  39  31   0   0   6   9   0  12   0  38
   0   0  41   0   0   8   0  26   0   0   0  47  36   0   0  10   9  47   0  42   0   0   0  23   0   0   0
   0   0  42   0   0   0  22   0   0   0   0  25   0   0   0   6   0   0  37  12  22   0  49   0  17  27
   9   0   0   0   0   0   0   0  25   0   6   0  45  17  44   0   0   0   3   0   9   0  27  48  26
   0   0   0  25   0   0   0   0  32  14   0   0   0   0   5  37  34   0  19   0  50   0   0   0
  24  42   0  14   0  34   0  26   0   0  33  43  24   0  14  50   7   0  25   8   0   0   0
  34  11   0  32   0  18   0   0   0   0   0   0   0  30   4  38   5   0  15   0  14  39
  45   8   0  13   3   0  31   0  27   0   0  28   0   0   0   0   0   0  19   0   0
  16   0  39  49   0  20  27   0   0   0  49   0   2   6   0   0   0   0  36  49
  17  20   2   0  30   0   0   0  36   1  41   0   0  48   0   0  15  29  41
   0   0   0   0  17   3   0   0   0  12   0   0  28   0   0  25  46  33
   6   0   0   0  24   0  46  11  38  45  22   0   0  32  42   0  10
  50   0   0  38   0   0  45   1  11   0   3  20   0  24  42   0
   0   0   0   0   4   7   0   0   0  15  12   0  30   0  41
   0   0   0  10  45  20   0   0   0   0  33   0   0   0
  40  33   0   0   0   0  35  45  37  28   0  37  14
  13  18  43   0   0   0   0  10   0   0  22  18
   0   0   0   0   0  34   0  29   0  49   0
  14   0   0   6  42   0  12   0   0  28
   0   0  33  28   0  48   0   0  24
  15   0  10   0   0   2   6  32
  35   0   0  42  44  28   0
   0  26   0   0  23   0
   7   5  19  39   0
  43  24  32   0
   5   0  24
  18   0
  33

  96
  19  18  16  19   5   5  20  24  12  18  14  12  14  14  22  20  23  16   7  25  14  18  22  10  13  25  19   6  13   2  12  15   7  17   2   8   2   6  19  17   7  23  15  10   4  12  10  14  23  11  11   6   3   2   4  23   1   9  13  16   2  21  15  14  12   5  14  10  13   6  17  22  25  21   2  13  14  17  17  19  16  25   2  25  16   1   6  13  20  18  17  15   9  24  20  19  10  10   4  16   9  17  24  11  22  16   3  20  12   1   3  15  21  23  17  17  25  16  18  15
