 120 
  26  31   0   0   0  37  22  19   7  46  12  29   1  46   0  38   9   3  15   0   9   1  37  34   2  19   0  39   0  50  29  29  12  30  50  31  41   8  15   4  50  14  35   5  35  24  14  48  17  24  31   2  28  23  41   4   0  30   0   0   0  27  24  50  43   0  31   0  26  15  49  26   5  18  48  26  36   5  27  18  19   0  34   0  29   9   0  33   0  36  22   9  41   5  30   0   9   0  33  40  33  22   0  26  28  21   8  36  50   5  26   0  34  11  45  33   0  32  12  36
  30  49  19  23  36   0   0  41  29   0  12   8  23  27  47   0  33  13  14  27  11  30   3   8  42   0  20  26   0  48  20  11   0   2   0  30   0  20  12  44  46  11   0  24   0   0  38  17  26  42  19  34  43   0   0  28   8  28   1  46  13   3  47  10  15  38  25   0   0  37   4  43  20   0  32   0  13   0  49  14   0   0   7   0  41  32   0   0  17  49   0   0  31   0   0  24  41   0   0   0   0  23   0  49   0   0  29   0   8  34  46  40  44  29  39  24  30  15   6
  31   0  26   7  43  19   0  37  45  35   0  32   8   0   4  20  33  37  23   0   0  19   0  43  18  45  21  25   0  39  11  24   0  31  10   4  47   8  44  26   0  35  14   0  43   0  23  32   0  34  22  36  22  11   0  27   0  18  37   6   7  13  26  10   0  23  33  36   2   0   0  48  34   4  31  43   0  14  34   0  19   0  41   7  37   0  20   0  33  23  24  13  32  13   0  10   5  30  29  43  35  14  22  37   0  38  22  49   0  43  27  45  11   0  13  47  19  31
  10   0  50   0   0  12  26  20   0  28  14  44  33  18  36   0  16  15   0   0  14  30  45  41   0  15  35   0  33  30  28   0  45  18  24  12   0   0   0   0  42  39  29  39  18  48  22   0  23  15   0  16  11  28   0  49  14  27  50   0  25   7  10  48  26   0  46  49  26  46  15  44   0   0   3  48  26  23  29  24  36   0   0  33  50  15  40   5   0  48  34  40  47  29   0   0  10  49  16   5  14  37   7  26   0   0  16  45   3   0  23   7  40   0  38  41  24
   0   0  46  16   6  47  34   3  29   1  14   0  31   9  13   0  32  10   5   0   0  10   1   1  39   1  36   6  24  38  19  32  35  48  40  35  18  11   0  46  30  10  41  39  20  42   0   0  41  27   0   0   0  31  20  34  27  50   0   4  25  35   2  40  50  48  30   0  34  26   5  39   0   0   0   0   0  43   6   0  22  45  49   0   0  24  21  19  25  43   0   0  45   0  37  38  24  15   0  42  48  50   8  24  24   0  19  12   0  10  44   3  30  29   0   8
   2  40  23  42   1   2  11  26   2  33   9   0  47   0   2   1   0  19  27  16  36  26   0  20  32   0   0   0   0  41  31   0   0  44  31   9   0  21   0  25   0  22   0  37  24   0   0  34  36  34   0  36  28  30  22   0   0  37   0  20  18  10   0   0  16  27  13  27  12  17  41   1   0   2   8  16   3  16   0  25  47  21  13  10   3  27  30  37   3   2  45   0  42  29  45   0   0  18  38  12   0  34   0  38  14  30   4   0   8  29  24   1  33  14  24
  10  24   0   0  28  35  12  26  48  45   6  14   0  11   0  15  45  42  18  37   0   2  48   1   1  15  10   0   0  25  36  26  39  50  29  16   7   0   3  35   3  39  24   0  32  25   2   2  30   0   0  28   3  17  36  10   1   0  19   0  16  37  34  36  37   0   0   0   0   0   0  36   8  23   0  49   8  13  15  37  24   9  31   0  41   3   0  17   0   6  42  37   1  23   0   2  10  46  48  18   0   0  34  30  10   1  19   0  40  43  18  46  22  18
   0   9  46   6   6   0   6  27  24   0  46  27  45  34  37  48   0   0   0  43  50   0  44   6  26   0  16   0  43   9  31   0   0  20   4  39   4   0  40  39  25  27  49  27   0  16  43  11  12   8  44   0  15  28   0   0  38   0   7  49   9  14   0   3  30  30  15  32  12   0  33  38  36   0  34  26   0  41   0   0  28  16  45  46   0  10   0  45  17  29   4  11  15  14  35  44  49   0  17  44   0   0  40  47  20   0   4  28   3  32   6  11  21
  26  13   0  11   0   1  26  27   5  18  22   7  39   0  46   0   1   0   0  13   0  27  11  43   0  14   9   7   0   0   0  22  43   0   8  47   0  48  15   0  20  26  50   0   0  15   0   0  26  37   0  25  32   0  12  37   0  50   0  24  15   0  30   9  27   2  33   0   0   2  26  38  42  45  26   8   0  36  41  43  46   0   0  18  27  20  36  41  10   8  42  42  23  35   0  35   9  28  11   4  14   0  42  23   5   1  10  28   8  20  33   6
  31  28   0  31   6  18  48  27  12   3  33  28  35   0  16   0  41  33   0  50  28   0  12  11  35  44   0  29  42   0   5   7  24  45   5   9  43  37  39  13  16  14   1   5   4  19  33  25  50   8  40  36   0  14  14  39   0   7   0   0   2  40   0  48   0  28  49  29  47  39  36  45  22  35  39  50  50  32  18  46  11  12  38   8  41   0   0  12  47  38   2  12  38  24   0   0  39  38  35  40  31  42   5  47  36  10  26  12   2  12  22
   0   7  20   0   0   0  30   0  21  21   2  28  23  39  39   0  27  24  13  34  22  46   0   0  20   0  24  48  30  44  34  28   0  13  30  34  14   0   0  30  21   0   2  46   0  42  40   4  23   0   0  14  45   9  29  23  37  41  47  49  48  12  15   0   9   0   0   0  37   9  27  43  12   0  18  15  31  27   6   0   0   0   0  27   0   0   0   4   3   0   9  20   0  45  40  28  16   0   7  47   1   0  11  47  17   0  16   8   0   3
  22   0   6  18  14  45   0  14   0  24  47   9  44  50  23  29   0   0   3   0   0   0   0   0   0   5   3   5   0  33   0  35  10  36   6   0  39  36  35  47  39   0   0  34  42   0   0  31  27  50  31  14   7  10  12  34   6  13   0  38   9   2  47  31  19   0  28  36   6   8  45  43   0  31  28  10  13  35  29   0  14  28   0  16  13   6   0   0   0  11   0   0  14  17   5  17  46   3  40   0  50   3  10  21  35  36   0   0   3
  48   7  39   5   0   0  34  44   0  37  40   9  36  22   0   0   8  28   0   0  33  22  22   6  13   0  37   1  24   2  13  31  45  14  17  41   0   0  21  30   0   8   0   0   0  31  34  45   0  17  31  45   0  49  40   7  39  31   0  30  23  12   0   0  38   0  22   0  11  45  24   0  25   0   0  37  14  17   0  34  38  16   4   6  28   8   0  46   0  44  29  40  25   0  41  20   0  39   8  23  34  34  44  24   0   8   0   0
  10   0  15   0   0  47  29   0  19  48  25  40  42   1  48  48   0  43  12  49   6  40  47   0   1   0   0  26  32   0  28   0   0  40  26  30   8   0  34  28  19  29  44  25  26   5  50   0  41  34   1  13  23   0  36  25  32  39   0  26   0  45  13   0   0   9  38   0  25  41  12  10  21   0  18  14  40  35   0  38  36   2  34   0  13   1  25   0   4  32  39  18  19   0  19   0  16   0  49  16   3   5   0   0   0   0   5
  23  32   5  24  34  15   0  15   0   0  31  24  43  42   7  20  36   0  39   1  29  38   0  23   3   1   4  10  27   4   5  14  41   0  39   0  49  42  27  31   5   0   0  21  17  28  38  19  26  23  49   0  34  42  29   0  37  11  50  27   0  18  49  28   9  21   0  24  39  26   0  15  33  45  19  11   3  44  49  16   0  34  37  19   3  10  13  37  20   0  35   0   0   0  16  13  46  48  34  33   0   0   2   1   0   0
  32  22  24   0  21  29   0  46   7  32  43  34  47  25   0   0   0   0  18  34  48  25   7  46  50   3  22   0  28   0  41   5  42  25   7   0  32   0  41  25  12  28  26   1   1  28  26   5  36  40  41  29  27  19  28   0   7   0   9  40   0   0  31   0  22  23   0  10  10   3   0  40  40  24  43   2  19  24  14   0  25  20   2  18  35   0   3  47  20  40   5   0  28  16  42  32   2  37  25  47  42   0   0  44  23
   0   0   0  38   0   0   0   0  38  48  16  19  24   0  33  37   0   4   0  40  47  22   0   0   0  23  13  23  27  50   1  39  13  45  30   4   0   9  13  24  32  28  48  34  50  36   0   0  19   0  46   0  12  32  46   0   7  24  45  18   9  33   6  14  20   1  24  46  11  32   9   0   9   0  25   0  23  36  31  28   8  20   0   0  35  12   0  33  41  21  37   0  17   7   0   1  39  25  26  14  21   2  18   0
   0  28  16  48  31   0   9   0  41  31  10  12  50  21  47  43  37  34  22  46  41  39   0   0  25   7  22  17  15  31   6  41  32  24  49  23  32  25   7   0  38   0  20   0  49   0   0  30  49  45  29   0  20  50  17  33  37   0   0   4   0  49   2  39  21  45  48  19  47  34  15  33   9   5  37  21   9   0   6  18   7  43  48  43   8  28  31  19   0  15  11   0  45  37  25  43  30  32   0  48  16   0  36
  44  32   5   0  23  16   0   0  39  22   0   0   4  47   4  29   8  39  39  40  39  15  29  26  18  36   0  16   0   0   0   0  45  19  26  49  45  44   0  20   7   0   0  32  22  48  37   0  17  25  13  33  44  45  33  27   0  49  49  45  37  42  47  23  30  33  35   0   0   8   0  39   0  29   0  42  30   0  16  47  45  33  45   2   7  17  23  25   0  14   0   0  27   0   0  36  42   2  49  48  21   4
  46  31  30  38   9  38  25   0   0   0   9   0   3  15  27  36  33  31  39  28  22   0  35  33  42  25  10  47  18   1  27   0  20  35   0   0   0  12  16  28   2  26  47  35  36  20   6   2  22  21  22   2   0  34  47  26  20  39   0  13  18  14   0  39   3  21  21  40   6   0  22  44   0  20  20  46  46  23  50   0   0  47  35  39   3  47   0   0  47   0   7   0   5   2  10  22  22  14  47  37  47
  49  22  46  49  27   0  39   0   0  36  27   0  36   0  46  22   5   2  36  20  30   0   3   0   0   0  41   0  31  36   0  13  22  37   4   5  49  32  29   0   0   3  30  20   0   0   0   0  34  44  22   0  27   2  36  24   0  37  22   0  23   0   0   0   5  29  16  17  40   0   0   0  36  41  33  49  49   6   1  49  24  15  39  40  39   0   0  10   4   0   0  28   0  29  17  19  10   0  43   0
  32   0  27   6  26   4  32   0  41  36   0  29  35  26   0  21  10   0  43   0  27  40  44  47   0   0   0   0  10  28  31   6  11  35  43   9  10   0   9   6   0  35   0  36   3  43  17   0  20  18  31   1  36   0   0  19   2  20   3  46  19   0  19  21   0  48   0  24  25  14   0   0  42  10   4  28  25  29   7   0  47   2   0  27  30  26   0   0  39  46  35  31   0   6  43  38   0  48   0
   4  16  13   0  38  50  34  43   0  38   4  14   0  43   2   0   0  34  48  44   0  23  32  40  45   7   0  22   0  49   7  41   0  20  42   0  13  14   0  11  45   0   0  16  10  38   9  23   0  46  29  41  17   0   7  13  40   7  33  13  26   9  19  46  48   0   0  45   4  16   2  23  32   0  25  48  50   7   2  25   0   0  49  46  14   0   5  38  29  29  44  44  45  37   0   1  38   0
  48  28  50  19  40   2  22  25  17   0  36  21  38  34  38  31   2  12   0   9  31   0   0  40   0   0   0  39  44  37   2   0   5  50   0  14  44  22  25  18  12  31   0  21  26  32   0  18  23  50  22   0  37  28  35  36   0   0   0   0   6  44   7   0   0   6   0  41   9  16  18  49  15  36  17   0  40   0   4   0  37  47   0  36  16   0  39  22  48  14   6   0   7  29  30   0   0
   0   0  49   0  44   9  15  12   7   0  38  49  23  49   7  38  16   0  22  39  19  23  17   7  28  23  26  23  11  37  24  26  35   0  49   0  35  25   9  23   4   0  26  29   0  40   7  29   5  22  22   0   0   0  28  12  25  26  43  13   0  29   2  24  50  40  38   7   7   0   0  36  26  45  24  34   0   6  35  27  23   7  16   0  47  18  17   0  10  22   0  15   0  26   0   5
  34  34  17   0  18  36  35   4   0  14  45   0   0  41  47  41  13   0   4   0  18  17  49  13   0  36  47  30  22   6   0  19  20   0   0   0  38   0  25   0   0  19  23   0   1   0   6   0   0   0   0  28  33  19  37  38  28   0  31  32  36  25  11   0  15  49  27  30  25   6   0   0   0  39  21  22  25  25  50   0  31   0   0  15   0  48  45  13   6   0  39   0   0   3  17
   7  24   0   0  35   0   4  42  43   9  44   0   0   0  17  28   4   4  27  46   5   0   0  14  37   0  13   0  11  33   0  15  12  43   3  15  40   0   6  10  29   0   0  16   0  49  26   0   0  12   0   0  43   2  47  33   9  24  38   0  47  43   8   0  26  49  22  30  22  13   8   0   0  19   0  42  34  40  32  37  24  39   1  42  26  42  43   0  49  44  19  19  16   0
  39   0  40  16  17  25  38   0  47  40  32   4  14  13   0   0  39  43  45  24  26  39  11  10   0  11  10   2   0  10   0  49  35   0  34   0  12   0   0  48  27   1   0   0   3   2  33  25  24   0  41   7  44   0  29   0  33   0  25  27   0  17  37   9   0  49  21  36   0  14  33   0  30  25  16  45   0   0  18  27  15  48  43  17   5   0  44  48   8  44   0   0   0
  27   0  41  28   0  36  29  36  46  18  18   0   9  44  12  41   0  35  43  24   5  19   1  45   1  23  16  37   0  44  13   0   8  17   0  47   0  43  49  48   0   0  15   3  39   7   0  37  46  12  32   3  16  49  27  18  38  41   9   5   0  34  12  18  16  17  39  15  36   3   0   4  27  15  42  45  45  40  41   0  42  24  49  27  35   0  43   0  13  42  46  15
   0  43   0   0  46   0  30  14   0  50   0  27  43  16  14  29  28  17  20   0  40  16   0   0  15   0  25   0  35   0   0   9   8   0  42  34  38  11  27  40   0   7  19  44   0  46   0   8   8   0  19   0   8  17  41  28  15   1  33  43   0   0  50   0  43  34  21  37   3  20  39  43   9  39  35  14   1   0  38  36  10   0  45  13   0  50   0  27   0   7  21
  45   4   0  33  24  17   0  23  38  32  42  42  34  34  44   0  18  29   0  16   8   0  38   8  49   0   1   0  10   0  43   1   0   0   0  23  21   0   0   0  32   7   0  20   0  41  44  27  19  27  49  42   0   0   0  43  26  36   7  25  48   0  49  38  28  45  44  29  11   0   9  43   0  32  10   0  13   6  19   6   1   9   0  11   8  17  36   0   0  20
   0  15  10   7   0   0   0  21   5  17  50  45  10  22   2  23   1   0  20  33   7  19  25   0  27   3  33   0  31   4  39  14  39  35  37  42  38  35   9   3  20  13   0  47   0   5  41  50   0  45   0   9  15  26  36  39  35  17  33  29   0   0  28  16  17  13  38  13   0   8  10   0   0  25   9  44   0  32  15  39   0  43  31  16  18  19   4  14  37
  30  25   0  47   0   3   8   0  37  44   2  11  33  13  22  21  45  30   0   8  13  33   0   0  24  40   8   9   0  41   0  14   0  47   0  20  25  42  31   0  39   0  36   8   0  14   0  48  12  40   1   0  11  30  48  31  22   0   0   9  40  10  27  35   0   0   0  22  40  32   4   0  20   0  15  25  34  27   5  29  14  39  28  45  14  17   0  46
   4  46  15   1  32   0  23  48  14  23  31  32   4   9   5  45   5   0  49  27   0  21  16   0  27   0  20  32   0  36  29  15  23  14   9   9   0   0  49  26   0   0  17   0  45   0   0  45   7   0  29   4  43  30  46  15  49  27  31  10   0  27   0   0   1   7   7  39  25   0   0   7  42  26  22  39  32  33  24  48  23  45  50  22  20  19  18
  46   0  18  25   0  45   0   3  22  15   0  13   0   1  47  20   7   4  37   6   0   0  32   0  38   0   7  18  50  19   0  47   4  26  21   5  12   5   4   0   0  15   0   0   0   2   0   0   4  12  14   2  49  46  47  14  46   4   4   1   0  35   0   9  39   0   0   0   0  34  26   0   0  33  16   2  29   0  13  13  40  32  10   2  31  50
  14  26   2   0   0  26   0  20  27  50  33   9  41   0  31  46   0  19  49  20   0  46   0  37  49  35  44  47  47  29  16   0   0   0  21  28   7  28   5   7  25   1  15   0  47  43  12  19  13   0  42  39  20  49  24  19   0   8  29   0  23  45   0   0  14   1  46   0   3  35   0  21  46  28   0  25  38  46  48   0   0  12  14  17  10
   0  48  50   0   8   6   0  26   7  40  43  46  27   7   0  37   0  20   1  49   0  19  21   0   6  33  10  28   8  25  48   0   1   8   0  27  17  10  43   2   0  30   0  37  16  50   0   0  36  33   0   0   8  31  49  22  49  17   6   5  27   0  13  29  32  21  27  14  14  35   3  43  18   0  10   0  34  37   0   4  10  37  40  45
   0   3   0  35  48  33   0   9   2  26   0   0   9  42   0   0  40   4   0   0  41  12  30   0  20   1  22   2   9  12  30  34  19   0  45  17  14  17  18   0  21   0  38   0  43  23  22   0   0  40   0   9   0   6  45  50  20   0  16  10   0   0  22  19   0  29  45  14   0   5  10  25  36   0  42  34  42  19  47   0   1  28   9
   8  20  36   0  33  24   1  18  16  27  31  49  10   6   4  48   8   1   2  12  44  21  46  15  40  28  19   2  11  43   0   7  10   0  24  32  38   0  26   3  22  39  13   2  30  49   7   0   0  35   0   0  28  34   5   0  39   5  41   0  48  10  46  32   0  24   5   0  26   0  29   1  17  24  48  24  32   0   0  10  11  50
   0   0   2  10  34  10   0  24  13  42  38   0  44   0   0   0   0  18  23   0   0   0   9   0   7  38   0   0  29   0   0   0   6   0  14   0  28  43  25   7  12  34   2  30  22  48  28   0  48  48   0   6   0  34   8   0  21   9   0  41  39  10  17  44  19  28  16   9   0  47  16  32  43  49   8  13  11  31  14  18   0
   0  37  48   5  20   0  16   4  29  39   0   0  15  16  34  33  23  27  47  43   5  19  22  10  34  23  11   1   0   0  44   9  37  38   0  18  31  37  39  29  26   0   0  25   0  24   8   2  10  23   4   0   0  39   0  15  36  10   5   0   8  24  14   3   0  44   0   0  21   8  21  43   2  19  19   0   0  22  15  26
   0  13   0   3   0   0   0  41  21  40  20  40  39  19  41  23  49   7   5  38  12   0   0  29  23   0   6  30   0  31  27  36  45  45  41  40  41  27  18  24   0  49  43  39  29  31  17  17  26  10   0   0   8   4   0   0  47  38   1  43   0  25  36   0   0  19  31  24   0  37  37  44  20  20   0   0  20  17  30
  41  18   0  12   9  40  27   0   0  33  10  27  31  20  41   7  13   0  46  18   0  32  20   0  43  12  42  49  47   0  19  18   0   9   0   4  19   0   3  33  28  29  13  27   2  32  11   0   3   6   0  30  22  38  11  46   0  31  18   0  28  26   4   6  37  39  16  38   0  20   5  21  14   0   0  13  22  25
   0  46   0  38  10  38  35  32   0   5  49  45   9  31  18  49  46  40  16  34   0  50   0   3  33  46   9   5  29  35   0  24  19  21   0  37   0   0  30   0   6   7  22  44  17  10  17  11   3  13  45   0   0  47  23  11  19  45  44  25  44  21   7  23  30   0  23   0  23   6   0  37   0   0  16  38  43
  37   0   0  19  14  16  29  47  12  46   0   3  18  29  23   9  47  25   0   0   0  21  34   0  38   0   0   0  14   0  35   0  43  23   0  25  45  16   1  40   3  31   0  40  21  37  47  42   0   0   7   0   9  48  25   6  21   0  37  21  41   0   8  43  40  47  18   0   0  20  45  41  26   9  43  12
  49   0  15  24  40  32   0  18  42  41  37  25   0  43   0   0   0   0  38   5  39  11   0   0  20  18   0   0  26  43  42   0   0   0   4   0   0  38  32   0   0  19  46   1  13  37  15   0  35  42  38  22   6  29  49   7   3  29  18   0  29  38  34  20  30   5   5  22   0  47   0   0   0  49   0
   0   0   0  43  40  43  30   8  29  47   0  28  20  21  37   0   7  43  19  13   0  29   0  33   0  48  19   0  39  22  46  43  35   1  22  25  11  26   6  35  22  26  15  26  48  28  23  16   0  40   0  30  41  10  33   0   0  25   0   0  16   9  37  26  19  37  37  47  43   1  34  15  11   0
   1  45  39  31  35   1  37  33  13   0   0   0   6  18  31  40   0  11  29   9  17   0   0   0  47  36   0  15  15  14   0  27   0   0   0  48   9   0   0  45   9   2  43  22  32  11  48  30  25  26  11  16   0   0  37   0   0   0   0  47   0  25  39   0  38  19   0  15  24   0  24  42  35
  42   8  22  13  19  28  40   7  28   0  24   0   0  45   0   0  50  25  31  32  18   0  35   0  39  46  33  24  31  50  10   0  38  22  39  13  35  31   5  34   0   5  44   0  29  17   0  28  19  32   4   0  19   0  16   9   0  18  27  37   0   7  37  39   0  28   3   0  29  24   0   0
  34  44  38  36   9  24  45  45  32  39   0  35  22   5   0  31  41  40  25  40  11   0   3  29   1   0  47  31  49   0   4  43  21  24   4  42   0  24  19  16   0   0   7  20  30  33   0  26   0   0   0   0  27   0  15   0   0  29  49  26  23  40  25  20   0  45  24  31  45   0  18
   0  31   4  23   0  31  30   4  30   0  22  42  26  38  25  44  44  30   0  50   0   0   5  19  35  25  17   0  31  22  49   0   0  14  16  40   0  34   0  43  22  43   0  34   0   0   0  22  31  48   0   0   0  22  41   0  14  26  43  11  27   0  21  48  29   0   0  10  14  17
   0  29   0  23  21  47  45   0   0  20   0  17   0  30  15  21   0  12   0  20   4   1  18  30   0  31   9  30   0  28  37  38  27  38  16  28   0   0  38  48  19  50  27  17  26   0   0   0  49   0   6  16  15  40   0  12   2   0  46   0  29  35   0   1  36  42   0  25  11
   0   3   0  27  29   5  28  11  34   0  47  23  34  18  17   0   0   2   9  22  46  42   6  42   0  45   9   0   0  47   9  26  34   1  13  42  16  43   0   0   6  48  15  33  44  38   0  29  19   0  46   0  27   0  50   0  44   3  49   5  49  41  32  20  13   6  36   0
   1  46  17   0  23  41   0   5  18   0   2   3  42  21   8  10  45  32   1   0  47  38  44  28  17  14  46   0  22  32   2   5  47   0   1  28   0   7   6   0   2  29   0  18  23  39  36   0   0  16   6   0  18  39   0  44  13  32  36   0  39  31  44   0  32  16  46
   2  23  15   9  50  48   0   1   0  23   0   0  45  25   0  48  46   0  30   4  21  18  41  26  22  35   0  33  37   1   0   0   0  20  36   3  22  24   0  50   0  23  49   0  46  22   0   0  38  31   4  37  23   0   0   2   0   0  48  42  30   6   1  19   0  34
  35  29  36  10  27  46  32  18  36  25  40  40  30  40  27   7   0  49   0  39  10  44   0  36   1  38   0  11  46  49  49  11  30   0  33  23   8   3   0   0   0  35  20   0   1   0   9  23   0  25  28  18  17  20   0   0   7   4  26   0  40   0   9   0  40
  36  16   0   0   0  29  44  13  21  10   0   0  44  29  28  41   2  32  34   8  48   0  50  10  49  39  48  11   0  32   4   0  13  19  31  49  47   0  31  12   0  24  31  33   0   0  48   1   0   1  35   0  43   5  25   6   9  43  42  36  49  45  45  36
   0  33  24   0   0   0  15  37   9  26  39   3  45   7  43  16  15   2  27  38  45  30   0  45  34  11  21  30  16  16   0  19   0  15   6   6  47   0  10  39  23  23  31   0   0  37   8  30   0   9   0  16  19  50  11   0   1  20  37  41  11  12  26
  32  49   0  33  14  49  33  28  43  37  49  50  11   0   0  49  19  29  46  21   1  29   5  32  39   0  33  31   3  47  25  20  23  22   0  38  26   0  11  31  11  11   0  34  34  27  18   0  13  46   5  48   0  37   6  47   0  42  32   0  37  13
   0  21  10  15  12   0   0   0  27  22   0  41  41   0   0   1   0   0   5  17  24   0  24   0  22  33  24   0   8  22  50   0  14   0  26  32   9  50  29  43   0   0   0  20  22   7   0  29  40   0  23  47  31  41   5   7   0   6  13  46   0
  18  36  21  41   0  18   0   0   0  35  39  41  49   5  43  45   0   0  37  25   0  47   0  47  26   0   0  30  33  48  28  46   3   4   0   0  33  31  16   0   0  41  34  27  43   0  40   0  28   0   0  35  45  46   8   7   0  12  32  50
   0   0  48   2  11  36  31   0  48  12  40   0   0  31  40   0  21  49  28   0   2  20   0  34  31   0  31  26   2  16   0   0   1  38  16  32  24   9   0  19  15   0  28   7  23  35   0  50   5   5  23  36   3  48   0   1  47  48  31
  11  34   0  48  23  50   0  35  14   0   2  27  47  32   0  32   0  14  30  22   0  21   1   0   2   0   0  16   0  42  23  48  23  39   0   0  27  50  22   8   2  10  34   9   0   0   0  36  15  15  16  49   0   9  14   5   0  15
  46  11  15  41  42  39   5  49  50   0  16  43  50  31  49  35   0   0  11   0   9   3  44  20  20  13   0  39  25  30  10   9  50  24  50   0   0  14  36   0   9  36   0  27  11  44  11   0  48  21   0  48  18   0   0  14  45
   8  33  33  11   0  34   0  49   0   7   0  25  45  22   5  20   0  44  48   0   0   0  22  29  43  27   0   0  20  41  18  27   0   0   0  26   0   0  22  16  36   0   0   0   0   0  42   6   0  48  34  21   8  31   7   6
  40  12  31   1  39  22  22  24   0   0   6  48  26  20  34  50   0   0  41   0  16  23  10  35  25   4   0  50   0  41  15  26   0  25  49  44   2   1   6  25  38  38  45  11  17   0   5  41  43  41  34  34   9   0  10
  20   0   0  19  32  44  22  31   0   1   4  22  23   0  19   5  28  13  43   0   0  16   0  13  31   0  11   1  46   0   7  46  28  23   0  12   0  15   0  14  43   2  30   0  46   0   0  34   7   6   3   2  41   0
  24  47   8  24  48   0  48   1   0   3  25   0  27   0   0   0   8  12  11  22   0   0   0   3  26  20  43  33   9  16  47  41  18  16  17  18   0   0   0  49   7  19  41   0   4  39   0  18  24   0   0   4  27
  11  40   1   0  11  15   4  16   0   0   0   0  24  48  25  32   8  16  21  15  24   8   4  50  26  45   0  28  12  44  30  24  18   0  41  49   0  31  47  21  50  39  49  13   0   2  36  44   5  21   0  23
   0  19   0  19  13   1   9   4  38   0   4   0   0   1   0  41  27  36  14  11   0  19  33  34  50   0  12   4  40  28   0  34  43  33  18  21   2   0  28  42  38   2  48   0   1  39   3  14  33  41   0
   0   7  28  40  17   0  18   0  38  20  38  42   7   0  28  50  45  34  36   0   0  47  21  21   0   1   0  14  23   9   0  49   0   5   5  12   0   0  33  31   0  26  17  21   0   0   0  38  43  43
   0   5  13  31  36  13  50   0  17   0  48  28  47  47   3  24  47  14  39  17  29  38   0   0  43  16   0   0  47  18   5   1  48  32   1  34  26  45   0   3   0  48  49  44   0   0   0   0  22
  40   0   9   0   0  38   0   0  31   0   5   0  44  46   0   0  27  11   2   0   1  46   8  16   0  33  49  34   0  45  24   6   0   8  42  21   1  18  26   0   0  47  36  42  11  14  38  13
   8  10   0  13  10   0  50  41  30   7  47  41  15  46  23  31  38  43  24   0  15   0   0  21   0   0   4  25  31  42  10   0  40  46  39   0  44  24  42   0  22  13  26   0  32   0   2
   9  25  37  33   0   0  26   6  10  18   4  48  15   0  36   3   0   8   0  42  37   0   6   0  29   4  18   8   0   6   0  13   4  41  39  23  30  30  25  50   0   0  35  24  38  16
  18   0  39  10   0   4   0   0  12  22  15  32   3   8   0  49   0   0   0  29  22   0   0   6   8   0  36  30  33   0  36  13  24  25   0  18  23  21  44  25  21   0  49   9   0
  44  48  46  14   0  22   9  48  38  11   0  40   0  44  46  23   0   0  44  23  28   0   3   0  40  13  23  47   8  29   0   0   2   0   0  10  25   0  26  14  32   0  25   0
  46   0  42  16  39   0  42   0  19   0  17  47   0  47   0   0   0  47   0   0  23   0   5   0   0  26   0   8   0   6   0  14  15   8  47  32   0  34   3  21   0  45   0
  36   0  40   3  18  14   0  23  16   0  32  13  48  38   0   0  27  37  46  37  28  24  10   3   0  27  35   0  28   0  39  12  19  29  11   8  47  43  38  43   0   0
   5  24  44  14   8  33  18   0  25  46   7   0   0  44  50  46   0  40   0  22  28  21  16  36   0  28  39  20   8   0  19  50  45   1  11  50  29   0  35  43   0
  27   0  49  14   0  46  16   4   0  17   0  44   0   0   0   3   0   3   0  34  42  37  48  21   4   0  37  48   1  29   0  20  47  33   0  39  32  49   0  47
  42   0  22  27   0  23   0  34  30  10   6  44  24   0   9  19   3   0  18  34  22  19  45  23  46  42   0  18   5  35  50  33   0   0  10   0  33   0  37
   0  21  43  44   0  36  18   0  24  40  36   0  42  10  18   0  26  38   6   0  28   0   0  45  44   0  13   0   8  11  26   0  50  16  32  36  12   0
  18   9  35   6  26  47   0   5  43  43  16  42  33  13  44  41   0   0  45  13  18   6   8  18  16  19   0  19  23  17   6  10   0  46   0  40   0
  29  47   4  28  31   0  15  19  42   0  33   0   0  46   0  38  26  10   7   9  40  20   0  10  41  42   0   5  49  44   0   3  50  48  15  46
   2  45  24  29   2  37  15  24   0  50  32  35  26  20   0   0   4   0  16  28  25  39   4  11  44   7  44  42   0  49   0  37   8  31   0
   0  20  32   0   0  30  21   0   0  27  13  49  18  10  31  21  11   0   0   0  23  29   8  41  12  20  47   0  49  24   0  32   0  50
   5   0  20  21  14   8  19   4  29  14   0   0  35   9   3   0   1   1   0   0  12   0  26   0   9  36  22  35   2  16  15   0   1
  15   8  20  22   7   0  13   0   2   8  10  18   0  11   0   6  42  33  46   0  12  42   6  19  37  47  12  44   0  31   0   0
   6   7  17   0  46   4  32  20   4  10  39  38   0  35   0   8  24  45  21   0  16   3  49  49  16  14  47  28  40   0  47
   0  18  23  28  15   4  36  22   6  31   0  37   0   0  13   0   5  37   0  45  18   3  41  10  28   8  18  34  48  43
  16   0  29  29  42   6  35   0   0   0   2  40  39  16  33  27  22  29  12  45   6  24   0  11   0   0  30  38  21
  42  26   0  31   0   0   0  46   1  49   9  12   0  15  31   0  47  46  24  20   5   6   0  47   0   0  45  40
  45   0  50   7   0  33  45   2   0   0  25  18   0  25  43  48   0  14  21  44  30   1  19  31   0  13  26
  20  49  26  19   2  30   0   0   8  27  43   0   0  34   6  27  47  33   0  42   0  34  15  41   9  14
   0   0   0  46  35   0   3   0   0  48  22   0  46  44  31   0  18  49   3   0  28  34  16   6   0
   0   0   5   0   0  31   0   0  36  32  43  48  42  34  34  15   4  35  24   0   0   6   5  36
  19   0   0  13   0  22   0  23  12   7   2  30   0  44   0   0  15  30  24  40  28  42  42
  47   0   0  24  20   0  30  45  19   0   6   5  24   0   0  48  42   0  47   4   0  10
  15  26  42   0  13   0  24  11   0   0  30  43  40   3   8   0  10  44  49  28  18
  17  35  20   0   0   0  29   0  13   0   0  19   2   9  10   0   0  22  36   0
   0   0  50  17  35  45  32   0   0  31  13  21   0   0   0  34  16   0  38
  35  11   2   7  42   0   7   0  49  20  24   0  40  36   9  33  41   0
  43   0  29  43   0  11   0  47  37   0   3  44  23  49   6   0   0
  29  45   0   0  38  10   0  22  15  19   0  13   0   1  22  11
  48  39   0  15  26  44   9   0  47  12   0  18  46  18  15
  48  48  45  38  36  20   0  43   6   0  49   0  46  39
  45  27  39  48  36  20  49  30   4  48   3  27  23
   0  32  24  37  18  36  41  18   7  49   0  10
   0   9  46   0  30  44   0  27  49  46  19
  16  15  15  44   0  37   0  13  22  32
   0  27  23  17  36  30  30  42   0
  45  25  21  25  35   0  25   0
   8  41   0   1  24  44   7
  43  15  30  47   0   0
  44  39  33  43   0
  16  43   0  37
  30   7   0
   0  33
  41

 1006
  14  19  11  15  16  24  14   7  17   2   7   2  17  20  12   5  24  18   7   7   8  19  17  21  19  18   3   7  11  18  22  25  20   7  14  17  25   4  10   7  17   9  20  24  20   4   7  19  24  25  20   9   3  24  20  18   5   8  23   9  15  15  21  10   9  12  23   2  11   4  16  18  20  20   6   2   2   4   5  22   4  10  13  10   8   1  21   5   5  22  25  14   8   4  23  24   1  10   2   3   1  12  17  12  20  13  23  23   6   7  15  13  13  10  12  17   9  20  21   7
