 120 
   4   0  26   0   0   0   0   0   0   0   0   0   0  42   0   0   0  50   0   0   0   0   0  27   0   0   0   0   0   0   0   0   0  18   1  47  43   0   0   0  26   0   0  36   0   0   0   0   0   0   0   0   0   8   0   0   0   0  24   0   0   0   0   0   0   0   0  36   0   0   0   0   0   0   0   0  19   0   0   0   0   0   0  18   0   0   0   0   0   0   0   0   0   0  32  36   0  15   0   0   0   0   0   0   3   0   0   0   0   0   0   0   0   0   0   0  44  11   0   0
   0   0   0  32   0   0   0   0   2   0   0   0   0   0   0   0   0   0   0   0   0   0   0   0  26  26   0   0   0   0   0   0   0   0   0   0   0   0   0   0   0   0   0   0   0   0   0   0   0  30   0   0   0  18   0  26   0   0   0   0   0   0   0  41  13   0  22   0   0   0   0   0   0   0   0   0   0   0   0   0   0   7   0   0   0   0  12   9  49   0   0   0  23   0   0  40   0   0  23   0   0   0   0   0   0   0   0   0   0   0   0   1   0   0   0   0   1   0   0
   4   0   0   0   0   0  28   0  16   0   0   0   0   0   0   0   0   0   0   0   0   0   0   0   0   0   0   0   0   0   0  45   0   0  35   0  14   0   0  50   0   0   0   0   0   0   0   0   0   0   0   0   0   0   0   0  19   0   0  40   0   0   0   0   1   7   0   0   0   0   0  13   0   0   0   0   0   0   0   0   0  22  40   0   0  18   0   0  16   0   0   0   0   0   0   0  37   0   0   0   0   0   9  50   0   0   0   0   0   0   0   0   0   0   0   0  48   0
   0   0  42   0   0  18   0   0   0   0  12   0   0   0   0   0   0   0   0   0   0   0   0   0  47   0   0  29   0   0   0   0   0   0   0   0   0   0   0   0   0  26  21   0   0   0   0   0   0   0   0   0   0   0   0   0   0   0   0  22   0   0   0   0   0   0   0   0  40   0   0   0   0  35   0  35   0   0  43   0   0   0   3   0   0   0   0  46   0  16   0   0   0   0   0   0   0   0   0   0   0   0   0   0   0   0   0   7   0   0   0   0   0   0  47   0  15
   0   0   0   0   0  38   0   0   0   2   0   0   0   0   0   0   0   0   0   0   0   0   0   0   0   0   0   0   0   0   0   0   0   0   0   0   0   0  42   0   0   0   0   0  19   0   0  16   0   0  28   0   0  13  30  41   0   0   0   0   0   0   0  14   0   0   0   0   0   0   0   0   0   0   0   0  41   0   0   0   0   0   0  36   0   0   0   0  45  15   0   0   0   0   0   0   0   0   9   0   0  28   0   0  14   0   0   0   0   0   0   0   0   0   0  25
   0  25   0   0   0   0   0   0   0   0   0  18   0   0   0   0   0   0  34   0   0   0   0   0   0   0   0   0   0   0   0   0   0  19   0   0  28  41   0   0   0   0   3   0   0  41   0   0   0  10   0   0   0   0   0   0   0   0   2  37  45   9  12   0   0   0   0   0  46  48   0   0   0   0   0   0   0   0   0   0   0   0   0   0   0   0  40   0   0   0   0  19  13   0   0   0   0  21   0   0   0   0   0  33   0  25   0   0   0   0  24   0  20   0   0
   0   0   0   0   0   0   8   0   0   0   0   0   0   0   0   0   0   0   0   0   0   0   0   0   0  48   0   0   0  25   0   0   0   0   0   0   0   0   0   0  40   0  33  13   0  35   0   0   0   0   0   0   0   0   0   0   0   0  13   0   0   0  23  28   0   0   0  31   0   0   0   0   0   0   0   5  31   0   0   0   0   0   0   3   0   0   0   0   0   0   0   0   9   0   0   0   0   0   0   0   0   1   0   0   0   0  15   0  49   0   0   0   0   0
  11   0   0   0   0   0   0   0   0   0   0   0   0  35  29   0   0   0   0   0   0   0   0  27   0   0   0   0   0   0   0   0   0   0   0   0   0   0   0  16  19   0   0  37   0   0   0   0   0   0   0   0   0   0   0   0  10   0  39   0   0   0   0   0   0  42   0   4   0   0   0   0   0   0   0  41   0   0   0   0   0   0   0   0   0   0   0   0   0   0  34   0  50   0  38   0   0   0  35   0   0  24   0  44   0   0   0   0   0   0   0   0   0
   0  29   0   0   0   0   0   0   0   0   0   0   0   0   0   0  20   0   0   0   0   0   0   0  35   0  15   0   0   0   0   0   0   0   0   0   0   0   0   0   0   0   0   0   0   0   0   0   0   0   0   0  43   0   0   0  25   0   0   0   0   0   0   0   0   0   0   0   0   0   0   0   0   0   0   0   0   0   0   0   0   0   0   0   0   0   0   0   0  48   0   0   0   0   0   0   0   0   0   0   0   0   0   0   0   0  13   0   0   0   0   0
   0   0  32   0   0  36  42   0   0   0   0   0   0   0   0   0   0   0   0   0   0   2  29   0   0   0   0   0   0   0   0   0  23  48   0  29   0   0   0   0   0   0   0   0  15   0   6   0   0   0   0  46  13  35   0   0   0  27   0   0   0   0   0   0   0  36   0   0   0   0   0   0  29   0   0   0   0   0   0   0   0   0   0  45   0   0   0   0   0   0   0   0   0   0   0  41   0   0   0   0   0   0   0   0   0   0   0   5   0   0   0
   0   0  40   0   0   0   0  38   0   0   0   0   0   0   0  13  45  31  41   0   0   0   0   0   0  42   0   0   0   0   0   0   0   0   0   0   0   0   0   0   7   0   0   0   0   0   0   0   0  45   0   0   0   0   0   0   0   0   0   0   0  21   0   0   0   0   0   0   0   0   0   0   0   0   0   0  37   0   0   0   0   0   0   0   0  45   0   0   0   0   2   0   0   0   0   0   0   0   0  39   0   0   0  44   0   0   0   0   0   0
   0   0   0   0   0   2   0   0   0   0   0  24   0   0   0   0   0   0   0   0  27   0   0   0   0   0   0   0   0   0   0   0   0   0   0   0   0   0   0   0   0   0   0   0   0   0   0   0   0  47   0   0   0   0   0   0  11  50   0   0   0   0   0   0   0   0  32   0   0   0  25   0   0   0   0   0   0   0   0   0   0   0   0   0   0   0   0   0   0   0   0   0   0   0   0   0   0   0   0   0   0  35   0   0  39  38   0   0   0
   0   0  16   5   0   0   0   0  21  45   0  10   0  38   0   0   0   0   0   0   0   0   0   0  14   0   0   0   0   0   0  35   0   0   0   0   0   0   0   0   0   0   0   0   0  14   0   0   0   0   0   0  19   0   0   0   0  28   6   0   0   9   0   0   0   0   0   0   9  10   0   0   0  10   0   0   0   0   0   0   0   0   0   0   0   0   0   0   0   0   0   0   0   0   0   0   0   0   0   0   0   0   0   0  47   0   0   0
   0   0   0   0   0   0   0   0   0   0   0   0  35   0   0   0   0   0  47   0   0   0   0   0  44   0   0   0  45   0   0   0  25   0   0   0   0   0  50   0   0   0  41   0   8   0   2   0   9   0   0   0   0   0   0   0   0   0   0   0   0   0   0   5   0   0   0   0   0   0   0   0   0   0   0   0  31   0   0   0   0   0   0   0   0   0   0   0   0   0   0   0   0   0  40   0   0   0   0   0   0   0   0  24   0   0   0
   0  22   0   0   0   0   0  25   0   0   0   0   0   0   0   0  28   0  40   0   0   0   0   0  31   0   0   0   0   0   0   0   0   0   0   0   0   0   0   0   0   0   0   0   0   0   0   0   0   0  35   2   0   0   0   0   0   0   0   0   0  22  37   0   0   0   0  33   0   0   0   0   0   0   0   0   0   0   0   0   0   0   0   0  43   0   0  27  19   0  46   0   0   0   0   0   0   0   0   0   0   0   0   0   0  50
   0   0  29  29   0  50   0  25   0   0   0   0   0   0  50   0   0   0   0   0   0   0  14   0   0   0   0   0   0   0   0  48   1   0   0   0   0   0   0   0   0   0   0   0   0   0   0   0   0   0   0   0   0   0   0   0   0   0   0   0   0   0   0   0   0   0  22  12  11   0   0   0  17  50   0   0  29  50   0   0   0   0   0   0   0   0   0   0   0   0   0   0   0   3   0  30   0   0   0  24   1   0   0   0  29
   0   0   0   0   0   0   0   0   0   0   0   0   0   0   0   0  18  39   0   0   0   0   0   0   0  18   0   0   0   0   0   0   0   0   0   0  19   0   0  47  29   0  33   0   0   0  39   0   0  35   0   0   0   0  39   0   0   0  32   0   0   0   0   0  15   0   0   0   0   0   0   7   0   0   0   0   0   0   0  49  28   0   0   0   0   0   0   0   0   0   0   0   0   0   0  17   0   0   0  10   0   0   0   0
  19   0   0   0   0  11   0   0   0   0   0   0   0   0   0   0   0   0  36   0   0   0   0   0   0   0   0   0  37   0   0   0   0   0  45   0   0   0   0   0  36  39   0   0   0   0   0   0   0   0   0   0   0   0   0   0   0  15  14   0   0   0   0   0   0   0   0   0   0   0   0   0   0   0   0   0   0   0   0   0   0  20   0   0   0  18   4   0   0   0  36   0   0   0   0   0   0   0   0   0   0   0   0
   0   0   0   0   8  39   0  32   0   0   0  47   0   0   0   0   0   0   0   0   0   0   0   0   0   0   0   0   0   0   0   0   0   0   0   0   0   0   0   0   0   0   0   0   0  12   0  42   0   0   0   0  43  30   0   0   0   0   0   0  44   0   0   0   0   0   0   0   0   0   0   1   0   0   0   0  33   0   0   0   0   0   0  38  50  34   0   0   0   0  33   0   0   0   0   0   0  11   0   0   0   0
   0   0   0   0   0   0   0  17   0   0   0  28   0   0   0   0   0   0   0   0   0   0   0   0   0   0   0   0   0   0   0   0  49   0   0   0  40   0   0   0   5   0   0   0   0   0   1   0   0  25   0   0   0   0  33   0   0   0  37   6   0   0   0   0   0   0   0   0   0   0   9   0   1   9   0   0   0   0   0   0   0   0   0   0   0   0   0   0   0  32  43   0  42   0   0   0   0   0   0   0   0
   0   0   0   0   0  47   0   0  31   0   0   0   0   0   0   0   0   0  10  30  14   0   0   0   0  46   0   0   0  33   0   0   0   0   0   0   0   0   0  50   0   0   0  16  13   0   0   0   0   0  28   0   4   0   0   0   0   0   0  18   0  17   0   0   0   0   0   0   0   0   0   0   0  11   9   0   0   0   0   0   0   0   0   0   0   0   0   0   0   0   0   0   0   0  40  22   0   0   0   0
  20   0  28   0   0   0   0   0   0   0   0   0   0   0  33   0   0   0   0   0  34   0   0   0   0   0   0   0   0   0   0   0   0   0   0  40   0  48   0   0   0  31   0   0   0   0   0   0  31  16  34   0   0   0   0   0   0   0   0   0   0   0   0  34  16   0   0   0  35   0   0   0   0  18  37   0   0   0   0   0   0   0   0   0  27   0   0   0   0   0   0   0   0   0   0   0   0   0   0
  29   0   0   0  45   0   0   0   0   0   0   0   0   0   0   0   0   0   0   0   0  34   0   0   0   0   0   0   0   0   5  37  35   0   0  29   0   0  42   0   6   0   5   0   0   0   0   0  22   0   0   0   0   0   0   0   0   0   0   0   0   0  46   0   0   0   0   0   0   0  26   8   0   0   0   0   0   0   0   0   0   0  39   0   0   0   0  38   0  39  27  22   0   0   0   0   0   0
   0  29   0   0  27   0   0   0   0  12  46   0   0   0   0   0   0   0   0   0   0  33   0   0   0   0   0  38   0   0   0   0   0   0  16   0   0  43   0   0   0   0   0   0   0   0   0   0   0   0   0   0   0   0   0   0   0   2   0   0   0   0   0   0   0   0   0   0   0   0   0   0   0   0   0   0   0   7   0   0   6   0   0   0   0   0   0   0   0   0   0   0  48   0   0   0   0
   0   0   0   0   0   0  37   0   0   0   0   0   0   0   0   0   0   0   0   0   0  27  32  16  22   0   0  41   0   0   0   0   0   0   0   0   0  43   0   0   0  41   0   0   0   0  35   0   0   0   0   0   0  38   0   0   0  48   0   0   0  21   0   0   0   0   0   0   0   0  34   0   0  31  10   0   0   0   0   0   0   0   0   0   0  26   0   0   0   0   0   0  50   0   0   0
   0   0   0   0   0   0  30   0   0   0   0   0   0   0   2   0   0   0  40   0   0   0   0   0  32   0   0   0   0   0   0   0   0   0   0   0   0   0   0   0   0   0   0   0   0  43  15   0   0   0  30   0   0   0   0   0   0   0   0   0  46   0   0   0   0   0   0   0   0   0   0   0   0  37  14   0   0  31   0  44   0   0   0   0   0   0   0   0   0   0   0   0   0   0   0
   0   0   0   0   0   0   0   0   0   0   0   0   0   0   0   0   0   0   0   0   0   0   0   0   0   0   0   0   0   0   0  36   0   0   0  12   0   0   0   0   0   0  12   0   0   0  32   0  20   2   0   0   0   0   0   0   0   0   0   0   0   0   0   0   0  25   0   0   0   0   0   0   0   0   0   0  48   0   0   0   0   0  29   0   5   0   0   0   0   0  22   0   0   0
   0   0   0   0   0   0   0   0  17   0   0   0   0   0  17  45   0   0   0   0   0   0  40   0   0   0   0   0   0   0   0   0   0   0   0  23   0  24   0   0   0   0   0   0   0   0   0  11   0   0   0   0   0   0   0   0   0   0   0   0   1   0   0   6   0   0   0   0   0   0  27   0   0   0   0   0   0   0   0   0   0   0   0   0   0   0   0   0   0  18   0   0   0
   0   0   0  13   0   0   0   0   0   0   0   0   0   0   0   0   0   0  10   0   0   0   0   0   0  41   0   0   0   4  18   0   0   0   5   0   0   0   0   0   0  35   0   0   0   0   0   0   0   0   8   0   0   0   0   8   0   0   0   0   0   0   2  12   0   7   0   0   0  31   0   0   0   0   0  26   0   0   0   0   0   0   0   0   0   0  33   0   0   0  22   0
   0  13   0   0   0   4   0   0   0   0   0   0   0   0   0   0   2   0   0   0   0  16   0   0  46   0   0   0   0   0   0   0   0   0   0   0   9   0   0   0   0   0   0   0   0   0   0   0   0  22   0   0  41   0   0  40   0   0   0   0   0   0   0   7   0   0   0   0   0   0  33   0   0   0   0   0  18   0   0   0   0   0   0  37   0   0   0   0   0   0  15
   0   0   0   0  25   0  50   0   0   0  13  24   0   0   0   0   0   0   0  23   0   0   0  24  49   0   0   0  43   0   0   0   0   0   0   0   0  25   0   9   0   0   0   0   0   0   0   0   0   0   0   0   0  47   0   0   0   0   0   0   0   0   0   0   0   0   0  34   0   0   0   0   0   0   0   0   0   0   0   0   0   0   0  30   0   0   0  13  21  47
   9   0  27   0   0   0   0   0   0   0   0   0   0  27   0   0  14   0   0   0   0   0   0   0   0   0   0   0  15  42   0   0   0   0   0  18   0   0   0  36   0   0   0   0   0   0   0   0   0   0   0   0  10   0   0   0   0   0   0   0   0   0   0   0   0   0   0   0   0   0   0   0   0   6   0   0   0   0  48  37   0   0   0   0   0   0   0   0   0
   0   0   0   0   0   0   0   0  25   0   0   0  46   0  50   0  30   0   0  41   0   0   1   0   0   0   0   0   0   0   0   0   0   0   0   0   0   0   5   0   0   0   0   0  47   0   0   9  37   0   0   0   0   0   0   0   0  45   0   0  31   0   0   0   0   0   0   0   0   0   0   0   0   0   0   0   0   0   0   0   0  21   0   0   0   0   0   0
   0   6  45   0   0   0   0   0   0   0   0   0   0   0   0  17   0  31   0  43   0   0  41   0   0   0  17   0   0   0   0   0   0   0  42   0  11   0   0   0   0  22   0   0   0  43   0   0   0   0   0   0   0   0   0  34   0   0   0   1   0   0   0   0   0  26  37   0  40   0   0   0   0   0   0  10   0   0   0  14   0   0   0   0  39   0   0
   0   0   0   0   0   0   2  11   0   0   0   0   0  44   0   0   0  50   0   0   9   0   0   0   0   0  47   0   0   0   0   0   0  50   0   0  22  33   0   0   0   0   0   0   0   0   0   0   0   0  38   0   0   0   0   0   0   0   0   0   0   0   0   0   0   0   0   0   0   0   0   0   0   0   0   0   0   0   0  21   0   0  44   0  29   0
   0   0  21   0   0   0   9   0   0   0   0   0   4   0   0   0  30   0   0  29   0  41   0   0   0   0   0   0   0   0  22   0   0   0   0   0   0   0   0   0  38   0   0  23   0   0   0   0   0   0   0   0   1   0   0   0   0   0   0   0   0   0   0   0   0   0   0   0   0   0   0   0   0   0   0   0   0   0   0   0   0   0   0   0   0
   0   0   0   0  15   0   0   0   0   7   0   0   0  45   0   0   0   0   0   0   0   0   0   0   0   0   0   0   0   0   0   0   0   0   0   0   0   0   0   0   0   0   0   0   0   0   0   0   0   0   0   0   0   0   0   0   0  30   0   0   0   7   0   0   0   0   0   0   0  22   0   0   0   0   0   0   0   0   0   0  21   0   0   0
   0  12   0   0   0   0   0   0   0  12   0   0   5  10   0  30   0   0   0   0   0   0   0   0  27   0   0   0   0   0   0   0   0   0   0  32  27   0   0   0   9   0   0   0   0   0   0   0   0  21   0   0   0   0  24   0   0   0   0   0   0  12   0   0   0   0  24  37   0   0   0   0   0   0   0   0   0   0   0  45  28   0  31
   0   0   0   0   0   0   0  44   0   0   0   0   0   0  40   0   0   0   0   0   0   0   0  42   0   0   9   0   0   0   0  14   0   0   0   0   0  38  18   0   0   0   0   0   0   0   0   0   0   0   0  40   0   0   0   0  37   0   0   0   0   0  18   0   0   0   0   0   0   0   0   0   0   0   0   0   0   0   0   0  33   0
   0   0   0   0   0   0   0   0   0   0   0   0  44   0   0   0   0   0   0   0   0   0   0   0   0   0   0   0   0   0   0   0   0   0   0   0   0   0   0   0  21   0   0   0   0   0   0   0   0   3   0   0   0  26   0   0   0   0   0   0   0   0   0   0  24   0   0   0   0   0  41   0   0   0   4   0   0   0   0   0   0
   0   0   0   0  29   0   0  39   0  32   0   0   0  35   0   0   0   0   0   0   0  49   0   0   0   0   0   0   0   0   0   0   0   0   0   0  46   0  37   0   0   0  33   0   0   0   0  28   0   0  40   0   0   0   0   0   0   0   0   0   0   0   0   0   0   0   0   0   0   0   0   0   0   0   0   0   0   0   0   0
  10   0  36  17  43   0   0   0   5   0   0   4   0   0   0   0   0   0  33   0   0   0   0   0   0  33   0   0   0   7   0   0   0   0  48   0   0   0   0   0   0   0   0   0  28   0  18   0   0   0  18   0   0   0   0   0   0   0   0  17   0   0   0   0   0   0   0  39  21   0   0   0   0   0   0   0   0   0   0
   0   0   0   0  24   0  42   0   0   0   0   0   0   0   0   0   0   0   0   0   0   0   0  23   0   0   0   0  40   0   0   0   0   0   0   0   0  34   0   0   0   0   0   0  43   0   0  44  46   0   0   0   0  16   0   0  13   0   0   0   0   0   0   0   0   0  15   0   0   0   0   0   0   0   0   0  46   0
   0   0  19   0   0   0   0  19  30   0   0   0   0   0   0   0   0   0  25   0   0   0   0   0   0   0   0   0   0   0   0   0   0   0   0   8   0   1   0   0   0   0   0   0   0   0   0   0   0   0   0   0  20   0   0   0   0   0   0   0   0   0   0   0   0   0   0   0  47  42   0   0   0   0   0   0   0
   0   0   0   0   0   0   0   0   0  27   0   0   0   0   0  50   0   0  13   0   0   0   0   0   0   0   0  10   0   0  48   0   0   0   0   0   0   0   0   0  14   0   0   0   0   9  42   0   0  18   0   0   0   0   0   0   0   0   0   0   0   0   0   0  50  12   0   0   0   0   0   0   0   0   0  38
  14   0   0   0   0   0   0   0   0   0  40   0   5   0   0   0   0   0  10   0   0   0   0   0   0   0   0   0   0   0   0   0   0   0   0   0   0   0   0   0   0  22   0   0   0   0   0   0  34   0  17   0  26   0   0   0   0   0   0   0   0   0  14   0   0   0   0   0   0  45   0   0   0  10   0
   0  21   9   0   0   0   0  43   0   0   0   0   0  34   0   0   0   0   0   0   0   0  23  22  41   0   0  17   0   0   0   0   0   0   0   0   0   0  13  18   0   0   0   0   0   0   1   0   0   0   0   0   0   0   0   0   0   0   0  29   0   0   0   0   0   0   0  36   0   0   0   0   0   0
   0   0  15   0   0   0   0   0  16   0   0  17   0   0   0   0   0  50   0   0   0   0   0  10  37  23   0   0   0   0   0  36   0   6   0   0   0   0   0   0   0   0   0   0   0   0   0   0   0  49   4   0  45  20   0   0   0   0   0   0   0   0   0   0  27   0   0   0   0   0   0   0   0
  20   0   0  33  30   0  47   0   0   0   0   0   0   0   0   0   0   0   0  12   0   0   0   0   0   0   0   0   0   0   0   0   0   0   0   0  46   0   0   0   0   0   0   0   0   0   0   0   0   0   0  14   0   0   0   0   0   0   0   0   0   0   0   0  24   0   0   0   0  45   0   0
   0  17   0   0   0   0   0   0   0   0   0   0  21   0   0   0   2   0   0   0  25   0   0   2   0   0   0   0  25   0   0   0   0   0   0   0   0   0   0   0   0   7   0   0   0   0   0   0   0  22   0  20   0   0   0   0  29   0  43  37   0   0   0   0  44   0   0   0   0   0   0
   0   0   0  32   0   0  35   0   0   0   0   0  42  22   0   0   0   0   0   0   0   0   0   0   0   0   0   0   0   0   0  49   0   0   0   0   0   0   0   0   0   0   0   0   0  49  36   0  12  35   0   0   0   0   0   0   0   0   0   0   0   2   0   0   0   0   0   0   0  43
   0   0   0  40   0   0   0   0   2   0   0   0   0   0   0   0   0   4   0   0   0   0   0   0   0   0   0   0  13   0   0   0   0  44  40  48   0   0   0   0   0  37   0  14   0   0   0   0   0   0   0   0   0   0   0   0   0   0   0   0   0   0   0   0   0   0   0   0   0
   0   0   0   0  39  40   0   0   0   0  43   0   0   0   0   0   0  25   0   0   0   0   0   0   0   0   0   7   0  48   0  48   0   0   0   0  42   0   0   0   0   0  11   0   0  35  38   0   0   0   0  23   0   0   0   0   0  16   0   0   0  36   0   0   0   0   0  20
   0   0   0   0  36   0   0  39   2   0   0   0  35   0   0   0   0  16   0   8   0  39   0   0   0   0   0   0   0   0   0   0   0   0   0   0   0   0   0   0   9   0  23   0   0   0  44   0  48   0   0   0  33   0   2   0   0   0   0   0   0   0  28   0   0   0   0
   0   0   0   0   0  30  14   0  31   0   0   0   0   0   0   0   0   0   0   0   0   0  33   0   0   0   0   0   0   0   0   0   0   0   0   0   0   0   0   0   0  27   0   0   0   0   0   0   0   0   0   0   0   0  10   0   0   0   0   0   0   0   0   0   0   0
   0   0   0   0   0   0   0   0  49   1   4   0   0  46   0   1   0   0   5   0   0   0   0   0   0   0   0   0   0   0  34   0   0   0  35  38   0  47   0   0   0   0   0   0   0   0   0  24   0   0   0   0   0   0   0   0   0  27   0   0   0   0   0   1   0
   0   0   0   0   0   0  38   0   0  14   0   0   0   0   0   0   0   0   0   0  25   0   0   0   0   0   0   0  13   0   0   0   0   0   0   0   0  28   0   0   0   0  19   0   0   0   0   0   0   0   0  49   0   0   0   0   0   0   0   0   0   0   0   0
   0   0   0   0   0   0   0   0   0   0   0  41  25  20   5   0   0   0   0   0   0   0   0   0   0   0   0  18   0   0   0   0   0   0   0  32  16   0   0   0   0   0   0   0   0   0   0   0   0   0   0   0   0   0   0   0   0   0   0   0   0   0   0
   2   0  46   0   0   0   0   0   0   0  17   0   0   0   0   0   0   0   0   0   0   0   0   0   0   0   0   0  22   1   0   0   0   0   0   0   0   0   0   0   0   0   0   0   0   0   0   2   0   0   0   0   0   0  23   0   0   0   0   0   0  11
   0   0   0   0   0  36  19   0   0   0  44   0   0   0  37   0   0   0   0   0  14   0   0   0   0   0   0   0   0   0   0   0  15   0   0   0   0   0   0   0  26   0   0   0   0   0   0   0   0  23   0   0   0  45  13   0   0   0   0   0  38
   0   0   0   0   0   0  45   0   0   0   0   0   0   0  12   0   0   0   0   0   0   0   0   0   0   0   0   0   0   0   0  21   0   0   0   0   0   0   0   5   9   9   0   0   0  29   0   0   0   0   0   0   0   0   0   0   8   0   0   0
   0   0   9   0   0   0  44   0   0   0   0   0   0   0   0   0   0   0   0   0   0   0   0   0   0   0   0   0  22   0   0   0   0   0   0   0   0   0   0   0   0   0   0   0   0  19   0  41   0   0   0   0  15   0  44  47   0   0   0
   0   0   0   0   0   9   0   0   0   0   0  16   0   0  10   0   0   0  23   0   0   0   0   0   0   0   0   0   0   0   0  22   0   0  26   0   0   0   0  40   0   0   0   0  10   0   0   0  33   0  10   0   0   0   0  31   0   0
   0   0   0  26   0   0   0   0   0   0   0   0   0   0  20  28   0   0   0   0   0   0  18   0   0  11   0   0   0   0   0   0   0   0   0   5   0   0   0  22   0  16   0   0   0   0   0   0   0  16   0   0   0   0   0  40   0
   0   0   0   0   0   0   0   0   0   0   0   0   0   0  32   0   0   0   0   0   0   0   0   0   0   0   0   0  13   0   0   0   0   0   0   0   0   0   0   0  25   0   0   0   0   0  24   0  10   0   0   0   0   0   0   0
   0   0   0   0  12   0   0   0   0   0   0   0   0   0   0   0   0   0   0   0   0   0   0   0   0   0   0   0   0   0  32   0   0   0   0   0   0   0   0   0   0   0   0   0   0   0   0   0   0   0  42  33   0  10   0
   0   0  39   0   0   0  14   0   0   0   0   0   0   0   5   0   0   0   0   0   0  47   0   0   0   0   0   0   0   0   0   0   0   0   0   0   0   0   0  17   0   0   0   0  18   0   0   0   0   0   0   0   0   0
  45   0   0   0   0  46   0   0  49   0   0  41   0  45  11  33   0  24   0   0   0   0   0   0   0   0   0   0   0   0   0   0   0   0   0   0   0   0   0  34  46   0   0  45   0   3   4   0   0   0   0   0   0
   0   0   0   0   0  41   0   0   0   0   0   0   0   0   0   0   0   0   0  17   0   0   0   0   0   0   0   0   0   0   0   0   0   0   0   0   0   0   0   0   0   0   0   0   0   0   0   0   0   0   0   0
   0   0   0   0   0  17   0   0   0   0   0  29   0   0   0   0   0   0   0   0   0   0   0   0   2   0   0   0   0   0   0   0   0   0   0   0   0   0   0   0   0   7   0   0   0   0   0   0   0   0  35
   0   0   0   0  12   0   0   0   0   0  32   0   0  47   0  22   0   0   0   0   0   0   0   0   0   0   0   0   0   0   0  33   0   0   0   0   0   3   0   0   0   0   0   0   0   0   0  47   0   0
   0   0   0  28   0   0  39   0  49   2  49   0   0   0   0   0   0   0   0   0   0   0   0   0   0  24   0   0   0   0   0   0   0   0  43   0   0   0   0   0   0   0   0  34   0   0  10   0   0
   0   0   0  42   0   0   0   0   0   0   0   0   0   0   0  18   0   0   0   0   0   0  26   0   0   0  46   3   0   0   0   0   0   0   0   0  13   0   0   0   0   0  22   0   0   0  42   0
   0   0   0   0   0   0   0   0  23  16   0  46   0   0   0   0   0   0   0   0  23   0   0   0   0   0   0   0  30   0   0   0   0   0   0   0  41   0   0   0  50  41   0   0  37   0  41
   0   0   0   0   0   0   0   0   0   0   0   0   0   0   0  29   0   0   0   0   0   0   0   0   0   7   0   0   0   0   0   0   0   0   0   0   0   0   0   0   0   0   0   0  34   0
   0   0   0   0  49   0   0   0  22   0   0   0   0   0   0   0   0   0  38   0   0   0  39  10   0   0   0   0   0   0   0   0   0   0  48   0   0   0  13  33   0   0   0   0   0
   0   0   0   0   0  38  29   0   0  20   0   0   0   0   0   0   0  13   0   0   0   0   0  30   0   0   0   0   0   0  45   0   0   0   0   0   0   0   0  46   0   0   0   0
   0  45   0   0   0   0   0   0   0   0  42   0  20   0  23   0   0  46   0   0   4   0   0   0   0   0   5   0   0   0   0   0   0   0  32   0   0   0   0   0   0   0   0
   0   0  13   0   0   0   0   0   0   0   0   0   0   0   0   0   0   0   0   0   0   0   0   0  45   9   0   0   0  12   0   0   0   0   0   0   0   0   0   0   0   4
   0   0  25  19   0   0   0   0   0   0   0   0   0   0  33   0   0   0   0   0   0   0  36   0  24   0   0   0  14   0   0   0   1   0   0  40   0   0   0   0   0
   0   3   0   0   0   0   0   0   0   0   0   0   0   0   0   0   0   0   0   0  15  11   0   0   0   0  19  29   0  36   0   0   0  11   0   0  33   0  33   0
  46   0   0   0   0   0   0  15   0   0   0   0   0   0   0   0   0   0  50   0   0   0  20   0   0   0   0  16   0   0  41  26   0   0   0   0   0  49   0
  18   0  35   0   0   0   0   0   0   0   0   0   0   0   1  43   0   0   0   0   0  10   0   0   0   0   0  34  39   0   0  46   0   0   0   0   3   0
   0   0   0   0   0   0   0  21   6   0   0   0   0   0   0   0   3   0   0   0   0  26   0  50   0  20  42   4   0   0   0   0   0   0   0   0   3
   0   0   0   0   7   0   0  44   0   0   0   0   0  31   0   0   0   0   0   0  31   0  28   0   0   0   0   0  11   0   0   0   0   0   0   0
   0  10   0   0  42   0   0   0   4   0   0   0   9   0   0   0  30   0   0  12   0   0   0   0   0   0   0   0   0   0   0   0   0   0   0
   0   0   0   0   0  32   0   0  19   0   0   9   0   0   0  30   0   0   0   0   0   0  15   3   0   0   0   0   0   0   0   0   0  11
   0   0   0   0  23   0   0   0   0   0   0   0   0  30   0   0   0  11   0  29   0  19   0   0   0   0   0   0   0   0   0   0   0
   0   0   0   0   0   0   0  35   0   0   0   0   0  46   0   0   0   0   0   0   0   0   0   0   0   0   0   0   0   0  26   0
   0   0   0  33   0   0   7   0  38   0   0   0   0   0   0   0   0   0   0   0   0  31   0  48   0   0   0   0   0   0  21
   0   0  43   2   0   0   0   0   0   0  24   0   0   0   0  16   0   0   0   0   0   0   0   0  23   0  27   0   0   0
   0   0   0   0   0   0   0   0   0  33   0   0   3  13  45   0   0  46   0   0  40   0   0   0   0   0   0   0   0
   0   0   0   0   1  44  14   0   0   3   0   4   0   0   0   0   0   0   0   0   0  43   0   0   0   0   0   0
   0   0   0   0   0  12   0   0   0   0   0  42   0   0   0   0  12   0   0   0   0   0   0   0   0   0   0
   0   0   0   0   0   0   0   0  40   0  44   0   0   0   0   0   0   0  36   0   0   0   0   0   0  26
  37   0   0   0   0   0   0   0   0   0   0   0   0   0   0  35   0   0   0   0   0   0   0   0   0
   0  39  48   0   0   0   5   0   0   0   0   0  21   0   0  12   0   0   0   0   0   0  41   0
   0   0  12  38   0   0   0   0   5   0   0   0   0   0   0   0   0   0   0   0   0   4   0
   0   0   0  11   0   0  29   0   3   0   0   0   0   0  23   0   0   0   1   0   0   0
   0   0   0   0   0   0   0   0   0   0   0   0   0   0  12   0   0   0   0   0  27
   0   0   0   0   0   0   0   0   0   0   0   0  14   2   0   0   0   0   0   0
  24   0   0  47   0   0   0   0   0   0   0   0   0  32   0   0   0   2   0
   0   0   0   0   2  44   0   0   0   0   0   0   0   0   7   0   0   0
   0   0   0   0   3   0   0   0   0   0   0   0   0   0  32  43   0
   0   0   0   0   0  21   0   0   0   0   0   0   0   0   0   0
   0   0  36   0   0   0   0   0   0   0   0  45   0   0   0
   0   0   0   0   0   0   0   0   0   0  29   0  26   0
   0   0   0   0   0  50   0   0   0   0   0   0   0
  13   0   0   0   0   0   0   0   0   0   0   0
  42   0   0   0   0   0   0   0   0  42   0
   0   0   0   0   0   0  15   7   0  29
   0   0   0   0   0   0   0   0   0
   0   0   0   6   0   0   0   0
  39   0   0   0   0   0   0
   0   0   0   0   0   5
   0   0   0   0  10
   0   0  16   0
  43   0   0
   0   0
   0

 1584
   5  21  21  22   2  22  12  18  16  18  17  21   6  17   4   7  25  17  21  13  23  20   3   3   8  10   1  17  11  10   7  19  18  23  12  22  17  25  13  20  17   8  23  21  25   2   4   3  22   3  23  25  18  17  20  25   5  24  19   9  25   1   4  22  11  19   7   1  13   5   5  10  13  23   6  21   1  15  24  11  19   7  10   3  18  17   9  16   4   2  24   6  13   2   1   6   8  25  22  18  25   3  14  23  12   4  10   4   9   5  22  18  25   4  22  15  15  18  19  10

