 120 
   0   0   0   0   0   0  21  39   0   0   0   0   0   0   0   0   0   0   0   0   0   0   0   0   0  25   0  14   0   0   0   0  42   0   0  20   0  30   0   0   0   0   0   0   0   0   0   0   0   0   0   0   0  33  40  37   0   0   0   0   0   0   0   0   0   0   0  23   0   0   0   7   0   0   0   0  40  23   0  23   0   0   0   0   0   0  14  50   0   0   0   0   0   0  11  25   0   0   0  14  22   0  43  13   0   0  43  42   0  22   0   0   0   0   0   0   0   0  24   0
   0   0   0  42   0   0  41   0   0  40   0   0  29  27  27   0   0  30   0   4   0  35   0   0   0   0   0   0   0   0   4   0  28   0   0  26   0   0   0   0   0   0   0   0  18   0  41   0   0   0   0   0   0  48  19   6   0   9   0  40   0   0  15  19   0   0   0   0   0   0   0   0   0   1   0   0   0   0  33   0  23   0  27   0   0   7   0   0   0   0  43   0   0   0   0   0  21  23   0  40   0   0   0  36   0   0   0   0  27   0  37   0   0   0   7   0   0   0   0
   0  40   0   0   0  24   0   0   0   0   0  35   0   9   0   0   0  34  26   0   0   0  22   0   0   0   0   0   0   3   0   0   0   0   0   0   0   0   0  37   0   0   0   0  37   0   0  13   0   0   0   0   0   0   0   0  28   0   0   0   0   0  30   0   0  22   0   0  13   0   0   0   0   7   0  33   0   0  28   0   0   4   1   0   0   0  40   0   0   0   0   0   0   0   0  31   0   0   0   0   0   0   0   0   0   0   0   0   0  42   0   0   0   0   0   0   0   0
   0   0   0   0   0   0   0   0   0  15   0  17  42   0   0   0   0   0   0   0   0   0  38  32   0   0   0   0   0   0  45   0   0   0   0   2  48   0   0   0   0   0   0   0   0   0   0  48   0   0   0   0  38   0   0   0   0   4   0   0   0   0   0  10  31   0  28   0  14   0   0   0  30   0   0   0   0   0   7   0   0   0   0   0   0   4   0   0   0   0  30   0   0   0   0  17   0  27   0   0   0   0   0   0   0   0   0   0   0   0   0  49   0   0   0   0   0
   0   0  35   0   5   0   0   0   0   0   0   0  40   0   8   0   0   0   0   9  27  43   0   0   0  19   0   0   0   0   0  45   0   0  38   0   0   0   0   0   0   0   0   0   0  32   0  38   0   0   0  27   0   0   0   0   0   0  29   0   0   0  11   0   0   0  18   0   0  38   0   0   0   0   0   0   0   0   0   0   0   0   0   0   0   0   0   0   0   0   0   0   0   0   5   0   0   0   0   0   0   0   0   0   0  40  21   0  47   0   0   0   0   0  46   0
   1   0   0   0   0   0   0   0  18  16   0   0   0   0   0  22   0   4  16   0   4   7  26   5   0  43   0   0   0   0   0   0   0   0  32   0   0   0  24   0   0   0   0  28   0   0   0  43   0  31   0   0  49   0   0   0   0   0   0   0  17  11   0  19  39   0  47   0   0   0  22   0  36   0  42  33   0   0   0   0  41   0   0   0   0   0   0   0   0   0   0   0   0   0  20   0   0   0  50   0   0   0   0  39   0  15   0   0   0   0   0   0   0   0   7
   0   0   0   0   0  40   0   0   0   0   0   0   0   0   0  48   0   0   0   0   0   0   0  26   0   0   0   0   0   0   0   3   0   0   9   0   0   0   0   5   0   0  21   0   0   0   0   0  27   0   0   0   0   0   0   0   0   0   0   0   0   0   0   0   0   0   0   0   0  38  31   0  22   0  23   0   0   0   5   0   0  45  28   0   0  42   0   0   0   8   0   0  44  47   0   0   0   0   0   0   0   0   0   0   7   4   0   0   0   0   0   0   0   0
   0   0   0   0   0   0   2   0   0   0   0   0   0   0   0   0  24   0   0   0   0   0   5   0   0   0   0   5   0   0  22   0   0   0   0   0   0   0   0   0   0   0   5   0   0   0   3  12   0  18   0  47   0   0   0   0   0   0   0  26   0   0   0   0   0   0   0   0   0   0   0   0   0  45   0   0  46   0   0   0   0   0   0  21  40   0   0   0   0   0   0  34   0   0  18  29   0  24  33   0   0   0  31   0   0   0   0   0   0  41   0  19   0
   0  38  37   0   0   0  44   0   0  46   0   6  27  16  47  27   0  14   0   0   0   0   0   5   0   0  33   0   0   0   0   0   0   4   0   0   5   0   0   0   0   0   0   0  49   0   0   0  14   0  15   0   0   0   9  27   0   0   0   0   0   8   0   4   0   0   0   0   0   0   0   1   0   0   0  29  21   0   0   0   0   0   0   0   1  10   0   0   0   0   0   0  50   0   0   0  27  33  47  41   0   0   5  33  31  29   4   0   0   0   0   0
  40   0  40   0   0   0  33   0  40  25   0   0   0   0   0   0   0  30   0   0   0   0   0  31   0   0   0  45  19   0   0   0  45   0   0   0   0  49   0   0   0   0   0   0   0   0  42   0   0   9   0   0   0   0   0   0   0   0  21   0  48  15  24   0  26   0   0   0  17   9  50   0   0   0   0   0   1  28   0   0   0   0   7   0   0   0   0   0   0   0   0  28   0   0   6  22  45   0  38   0   0  22  16   0  32   0   0   0  45   0   0
   0  11   0   0  41   0   0   0   0   0  34  47   0  45  32   0  10   0   0   0  39  40   0  12  50   0  48   0   0  34   0   0   0   1   0   0  42  23   0   0   0   0  27   0  37  38   0   0   0   0   0   0   0   0   0   0   6   0   0   0  13   0  28  22   0   0   0   0   0  34   0   0   0   0  46   0   0   0   0   0   0   0  24   0  44   7  29   0   0  18   0   0   0   0   3   0   0   0  38   0   0   0   0   0  20  28   0  10   0   0
   0  31  36   0   0  40   0   0  12   0   0  15   0   0   0   0  12  40   0   0   0   0   0   0   0   0   0  12   0   0   0  17   0   0   0   0   0   0   0  23   0   0   0   0   0   0   0   0  49   0  10  46   0   0   0   0   0   0   0   0  29   0   0   0  19   0   0   0   0   0  34  42  19  10   0  32   0   0   0   0   0   0   0   0   0   0  31   0   0  40   0   0   0   0  45   0   0  18   0   0  45  17   0   0   0   0   0   0   0
   0   0   0  12   0   0   0   0   0   0   0   0   0   0   0   0   0   0   0  16   0  32   0   5   0  27  19   0   0   0   0   0   0   0   0   0   0   0  43   0  43   0   0   0   0   4   0   0   0   0   0   0   0   0   0   0   0   0  18   0   0   0  28  47  12   0  19   0   0   0  48   0  30   9   0  42   0   0  10   0   0   0   0   0  32   0   0  33   0   0  35   0   0   0   0   0   0   6   0   0   0   0   0   0   0  32   0   0
  45   0   0   0  49   0   0  42  10   0   0   0   5   0   0   0   7   0   0   0   0   0   0   0   0  19  17   0   0   0   0  25   0   0   0   0   0   5   0   0   0  28   0  36   8   0  11   0   0   0   0   0   0   0  21   0   9   0   4   0  33   0   0   0   0   0   0  25   0   4   0   0   0   0   0   0   0   0   0   0   0  38   0   0   0   0   0   0   0   0  18   0   0   0  21   0   0   0   0   0   0   0  24   0   0   0  11
   0  29   0   0   0   0  16  15   0   0  12  33   0   0  18   0   0   0   0   0   0   0  44   0   0   0   0   0   0   0   0  44   0   0   0   0   0   0   0   0   0   0   0   0  32   0   0   0   0   0   0   0   0   5   0   0   0   0   2  41   0  35   0   0   0  40   0   0  42   0   0   0   0   0   3  49   2   0  27   0  35   0   0   0   0   0   0   0   0  21   0   0   0   0   0   0   3  44   0   0   0   0   0   0  23  39
  49   0   0   0   0  34   0  46   0  36  20   0   0   0   0  37   0  18  49  13   0   0   0  28   0   0   0   4  11   0  12   0   0   0  24   0   0   0   0  27   5   6   0   0  21   0   3   0  39   5   0   0   0   0   5   0   0   8   0  47   0   0   0   0   0   0   0   0   0   0   0  28   0   0   0   0  23   0   0  35   0   0   0   0   0   0   0  47   0   0   0   0   0   0   0   0  17   0   0   0   0   0   0   0   0
   0   0   0   0   2  50   0   0   0   0  23  44  10   0   0   0   0  31   0   0   0   0   0  39  22   0   0   0   0  42   0   0   0   0   0   0   0   0   0   0   0   0   0   0   0   0   0   0   0   0  29   0   0   0   0   0   0   0   0  14   0   0   0   0   0   0   0   0   0  37   0   8   0   0  11  16  35   0   0   0   0   0   0  17   0   0   0   0   0   0   0   0  27   0   0  16   0   0   0   0  29  26  27   0
   0  16   0   9   0   0  43  18   0   0   6   0   0   2   0   0   0   0   0   0  34   0   0   0   0   0   0   0   0   0  41   8  24   0   0   0   5  39  25  42   0   0  20   0   0   0  44   0   0   0   0   8   0   0   0   0   5   0   0   0   0   6   0   0   0   9   0   0   0   5   0   0   0   0  11   0  38   0  13   0   0   0  22   0   0  16   0  41   0   0  38   0   0   0  10   0  13   0   0   0   4   0   0
   0   0   0   7   0   0   0   0  43   0  14   0   0   0   0   0   1   0   0   0   0   0   0  28   0   0   0  39  31   0   0   0   0  23   0   0   0   0   0   0   0  14   0   0   0   0   0   0   0   0   0   0  17  47   0   0   0   0   0   0   0  48   6   0   0   0   0   0   0   0   0   0   0   0  18   0   0   0   0   0   0   0   0  32   0   0  25   0   0  12   0   0   0   0   0   0   0  36   0   0   0  34
   9   0   0   0   0   0   0   0   0   0  26   0  34   0   0   0  41   0   0   6   0   0   0  46   0   0   0  44  19   0   0   0   0   0   0   0   3   0   0   0   0   0   0  26   0   0   0   0   0   0   0  50   0  12  26   0   0   0   0   0   0   0   0   0  13   0  31  38   0   0   0   7   0   0   0   0  10   0   0   1   0   0   0   0   0   0   0   0   0   0   0   0   0   0   0   0   8   0   0  19  45
  28   0   0  22   0   0   0  13   0  15   0   0   0  25   0  23   0   0   0   0  44  45   0   0  34   0   0   0   0   0   0   0   0   0   0   0   0  20   0   0   0   0  37  48  49  17   0   0   0   0   0   0   0   0   0   0   0   0   0   0   0   0   0   0   0   0   0   0   0  34  29   0   0  31   0   0   0   0   3  10  12   0   0   6   0  29   0   0   0  10   0   0   0   0   0   0  10   0   5  13
   0   0   0   0   0   0  15   0  17   0   0   0  16   0  33  47   0   0   0   0   0   0   0  50   0   0   0   0   0   0   0  37   0  32  26  31   0   0   0   4   0   0   0   0   0   0  12   0  33  21   0   0   0   0  39   0   0   0  28   0   0   0   0  37   0   0  47  26   0   0   0  36   0   0   0   0   0   0   0   7   0   0   0   0   0   0   0   6  40   0   0   0  49   0   0   0   0   0  34
  40   0   0   0   0  13   0   0   0   0  47   0   0   0   0   0   0   0   0   0  43  29   0  10   0   0   0   8  42   0   0   0   0   0  30  26   0   0  37   3  20   0   0  47   0   0   0   0   0   0   0  40   0  43   0   0   0   0  41   0  48   0   0   0   0   0   0   0  30  22   5   0   0   0   0   0   0  47   0   0   0  32   0   0   0   0  27   0   0   0   0   0   0   0  25   0   0   0
   0   0   0   4   0   0   0   0   0   0   0  29  14  17  30   0   0   2   0   0   0   0   0   0   0   0   0   0   0   0   0   0   0   0   0   0  29   5   0   0   0   0   8  24  39   0   0   0   2   0   0   0   0   6   0   0  12   0   0   0   0   0  40   0   0   0   0   0   0  15   0   0   0  33   0   0   0   0   0   0   0   0   0   0   0  32   0   0   0  26   0   0  23   0  32   0   0
   0   0   0   0  29   0   0   0  44  44  49   0   0   0   0   0   0  43   0   0   0  37   0  30   1   0   0   0   0   0  39   0   0   0   0   0  13   0   0   0   6  26  16   0  15   0   0   0   0   0   0   0   0   7   0   4   0  16  25   2   0   0   0  34  46   0   0   1  42   0  23   8   0   0   0   0  37   0   0   0   0  37   0   0   0   0   0   0   0   0   0   0   0   0   0   0
   0   0   0   0   0   0   0  29   0  19  37  43  10   0   0   0  49   0   0  37   0   0   0   0   0   0   0   0  28   0  11  41   0  48  16   0  35  32  22   0   6   0  22   0  26   0   0   0   0   0   0   0   0   0  23  29   0   0  50  12   0  43   0   0   0  35   0   0   0   0   0   8   0   0   0   0  21   0  23   3   0   0   0   0   0   0  30   0   0   0   0  37   0   0   0
   0   0   0   0   0   0   0   0   0   0  33  48   0   0   0  20   0   0   0   0   0   0   0   0   0   0   0   0   0   0  16   0   0  18   0   0   0   0   0   0  10   0   0  42   0  21   0   0   0   3   0   0   8   0  12   0   0   0   0   0   0   0   0   0   0   0   0   0   0   0   0   0   0   0   0   0   0   0  24   0   0   0   0   0   0   5   0  29   0   0   0   0   0   0
  13   0   0  12   0  48   0  15   0   0  11  49  13   0   0   0  35  41  29  43  28   0   0   0   0   0   0   0   6   0   0   0  38   0   0  44  11   0   0   0   0  29   0   8   0   0   0   0   0  42   0   0   0   0   0   6   0   0  35   0   0   0   0   0   0   0   4   0   0   0  25   0   0   0  39   0   0  50  28  15   0   0  25   0   4   0   0   0   0  23   0  40  31
   0  16  39   0   0   0   0   0  24  15   0  23   1  21  32   0   0   0  47   0   0  22   0   0   0   0   0  33   2   0   0  43  13   0  13   0   0   0   0   0   0  23   0   0   0  18   0   0   0   0  18   0  31   0   0   0  23   0   0   0  32   0   0   0  36  20   0   0  24  48   0   0   0   0   0   0   0   0   0  17  42   0   2   0  46   0  42  42   0   0  20   4
   0   0   1   0   5   0   0  35   0   0   0   0  22   1   0  27   0   7   0   0   0   0   0  39   2   0   0   0   0   0   0   0   0   0   0   0   0  25  45   0   0   0   0   0  28  50   0   0   0   0   0  46   0  11   0   0   0   0   0  40  23   0  38   0   0  42   0   3   0   0   0   0   0   0   0   0  45   0   0   0   0   0  29   3  31   0   0   0   0   0   0
   0   0   0  23  27   0  40   0   0   0   0   0   0  42   0  14   0  10   0   0   0   0  14   0   0   0   4   0   0   0   0  16  38  48   0   0   0   0   0   0   7   0   0   0   0   0   0  32   0   0   0   0   0   0  36   0  18   0  13   0   0   0   0   0   0   0   0   0   0  40   0   0   0   0   0  21   0  15   0  46   0   0   0   0   0   0   0   0   0   0
   0   0   0   0   0   0   0   0   0  41   0  24   0   0   0   0   0  24   0   0   0   0   0  34   0   0   0   0   0   0   0   0  38   0  38   0  25   0   0  35   9   0   0  14   0  24   0  36   0   0   0   0   0  14  19   0   0   0   0  36   0   0  22   0   0   5   0   0   0  50   0   0   0   0   0   8   0   5  24  46  14   0   0   0   4   0  11   0   0
   0   7   0  43   0   0   0  23   0   0   0   0   0  12   0   0   0   0   0   0   3   0  19   0  16   0   0   0   0   0   0  13   0   0   0   0   0   0   0  15  40   0   0   0   0   0   0   0   0   0   0  11   0   0  10   0   0   0   0  13  49   0   0   6   0   0   0  35   0  38   0   0  39   0   0   0   0   0   0   0   0   0  42   0   0   0   0   0
  19   0   0  32   0   9   0   0   0   0   2  32   3   0   0   0   0  50   0   0   0   0   0   0  41   0   0   0   0   0  49   0   0   0   0   0   0   0   0   0   0   0   0   0   0   0   0   0   0   0  36   7   9   0   0   0  21   0   0   0   0   0   0   0   0   0  20   0  13   0   0   0   0  25   0   0   0   8   0   7   0   0   0   0   0   0   0
   5   0   0   0   0   0  14   9   0  39   0   0   0   0   0   0  12  34  49   0   0   0   0   0   0   0   0   0   0  12   0   0  21   0  44   0  26   0   0   0  37   0   0  10  28  40   0   0   0  44   0   0   0   0   0   0  26   0   0   0   0   0   0   0   0   0   0  19   0   6   0   0   0   0  14  37   0  42   0   0   1   0   0   0   0   0
  35   0   0   0   0   0   0   0   0  38   0   0   0   0   0   0   0   0   0   0   0   9  21   0   0   0  44   0   0   0   0   3   0   0  46   0  42   0   0  21   0  28  23   0   0   0   0   0   0   2   0   0  22  40   0   0   0   0   0  24   0   0   0   0   0   0   0   0   0  36  10   6   0   5   0   0   0   0   0   0   0   0   0   0   0
   0  44   0   0   0   0   0   0   0  16   0   0   0   0   0  46   0   0   8   0   0  37   0   0   0   0   0   0   0   0   0   0  43   0  45   0   0   0   0  38   0   0   0   0   0   0   0   0  14   0  36  22   0   0   0   0  38   0   0  30   0   0   0   0   0   0   0   0   0  35   0   8   0  12   4   0   0   0   0   0   0   0  18   0
   0   0   0   0   0   0   0   0   0   0   0   0   0   0   0   0   0   0   0   0  34   0   0   0   7   0   0   0   0   0   0   0   0   0  23   0  49  39   0   0  42   0   0  17   0  45   0   0   0   0  32   0  36  15   0   0  43  13   0   0   0   0   0   0   5   0  39   0   0   0   0   0   0   0  38   0  16   0   0   0   0   0  45
   0  29   0  20   0   0  23   0   0  48   0  32   0  47   7   0   0   0   0  44   0   0   0  11  49  16   0   0  10  49  47  41   0   0   0   0   0   0   0   0  33  26   0   0  15   0   0   0   0   0  39   0   0   0   0   0   0   0   0  16  45   0  20  15   0   0   0   0   0   0   0  25  46   1   0  20   0   0   0   0   0   0
   0   0  18  18   0   0  12   0   0  26  25   0   0   0  34  26   0  34  35   0   0   0   0   0   0   0  14   0   0   0  15   0   0   0   0   0   0   0   0   0   0   0  28   0   0   0   0  21  30  14   0   1  17   0   0   0   6  47   0   0   0  40   0   0  39   0  47   0   0   0   0   0   0  16   0   0   0   0   0   0   0
   0  14   0   0   0   0   0  20  48   0   0  33   0   0   8   0   3   0   0   0  45   0   0   0   0   0  40   0   0  50  50   0   0   0   4   0   0   0   0   0   0  50   0   0   0   0   6   0   0   0  33   0   0  32   0   0  10   0   0  49   0   0  14   0   0   0   0   0   0   0   0   0   7   0   4   0   0   8   0   0
   0   0   0   0  29  41   0   0   0  47   2   0   0   0   0   0   0  14   0   0   0   0   0  31   5   0   0   0   0   0   0   0   0   0   0  12   0   0   0   0   0   0  36  11   0   0   0   0   0   0   0   0   0   0   0   0   0   0   0   0   0  42   0   0   0   0   0   0   0   0   0   0   0   0   0   0   0   0  12
   0   0   0   0   0   0   0   0  18   0   0   0  48  11  22  29  17  20   0   0  25  32   0   0   0   0   0   0   9   0   0   0   0   0   0   0   0   0   0   0   0   0   0   0   0   0   0   0   0  31   0  33   0  27   2   0   0  17   0  38  35   0   0   0   0   0   0   0   0  47   0   0   0   0   0   0   0   0
   0   0   0   0   0   0  50   0   0   0  35  19  25  42   0   7  27   8   0  13   0  12  28   0   0   0   0  45   0   0   0   0  31   0  45   0   0   0  25   0   3   0   0   0   0   0   0   4   0   0   0  32   0  36   0   5   0  26  27   1   0   0  36   4   0   0   6   0  16   0   0   0   0   0  33   0   0
   0   0  10   0   3   0   0  24   0   0   0   0   0   0   0   0   0  22   0   0   1   0   0   0  22   6   0   0   9   0  16  29   0   0   0   0   0   0   0   0   0   0   0  25   0   1  11   0   0   0   0   0  42   0   0   0   0   0  26   0  14   0  21   0   0   0   5  15  34   0   0  28   0   0   9   0
   0   0   0   0   0   0   0   7  35   0   0   8   0   0   0   0   1  31   0   0   8   0   0   0   0   0   0   0   0  19   0   0  46   0   0   0   0  36   0   0  31   7   0   0   0   0   0  28   0  44   0   0   0   0   0   0   0   0  34   0   0   0   0   0   0   0   0   8   0   0   0   0  16   0   0
   0   0   0   0   0   0   0  17   7   0   0  24  20  38   0   0   0   0   0  12  27   0   0   0   0   0  27   0   0   0   6  43   0   0   0   0   0  43   0   0  45   0   0   0   0   0   0   0   0   0   0   0   0   0   0   0  42   0   0   0   0   0   0   0   0   0   0   0   0   0   0   0   9   0
   0   0  20   0   0   0   0  11   0   0  26   0   0   0   0   0   0  12   0  27   0   0   0   8   0   0  50  49   0   0   0   0   0   0   0   0   0   0   0   0   4   0  36   0   0   0  34   2   0   0   0   1   0   0  23   0   0  18   0   0  35   0   0   0   0  22   0  42   0   0   0   0  42
  50   0   0   0   0   0   0   0   0   0  24   0   0   4   0  44   0   0   0   0   0   0   0   0   0  20   0  21   0   0   0   0   0   0   0   0   0   0   0  38   0   0   0   0   0   0   9   0   0   0   0   0   0   9  46  24  28   0  46   0   1   0  38   0   0   0  34  33   0   0  14   0
   0   0   0   0   0  41   0   0   0  19   0   0   0   0   0   0   0   0   0   0   0   0   0   0   0   0   0   0   0  43   0   0   0   0   0  47   0   0   0   0   0   0   0   0   0   3  49   0   0   0   0   0   0   0   0   3   0  14   0   0   6   0   0   0   0   0   0   0   0   0   0
   0  42  34   0   0  38   0   0   0  38   0   3   0   0   0   0   0   0   0   0   0   0   0   0   0   0   0  46   0   0  18   4   0  23   0   0   0   0   0   8   0   0   0  16   0   0  35   0  19   0   0   0  39   0   0   0   0   0   0  43   0   0   0   0   0  13  35  13   0  46
   0  46  18   0   0  48   0   0   0   0   0   0   0   0   0   0  23   0   0  44  36   0   0   0   0   0   0   0   0  43   0   0   0   0   0   0  20   0   0   0   0   0   0   0  49   0  32   0   0   0   0  12   0   0   0  19   0  16  40   0   0   0   0   2   8  11   0   0   0
  12   0   0   0   0   0   0  13  46  32   0   0   0   0   0   0   0   0   0   0  34   0   0  34   0   0   0   0   0   0   0   0   0   0  39   0   0   0   0   0   0   0   0   0   0   0  22   0   0   0   0   0   0   0   0   0   0   0   0   0   0   0   0   0   0   0   0  35
   0   0   0   0   0   0   0   0   0   0   0   0   0  24  48  16   0  34   0   0   0   0   0   0   0   0   0   0  31   0   0   0   0   0   0   0   0  10   0   0   0   0  41   0   0  13   0   0   0  23  27   0   0   0  15   0   0   0   0   0   0   0  26   0   0   0   0
   0  22   0   0   0   0   0   0   0   0   0   0   0   7   0   0   0  27  13   0   0   0   0   1  43   0   0   0  11  21   0   0   0   0   0  28  15  15   0   0   0   0   0   0   8   0   0   9   0   0   2   0   0  39  24   0   0   0   0   0   0  19   0   0   0   9
   0   0   0   0   0   0  44  22   0   0   0   0   0   0  35  15   0   0   7   0  17   0   8  29  28   0   0   0   0   0  40   0  22   0   0   0  26   0  34   0   0   0   0   0   0   0   0  28   0   4   0  27   0   7   0   0   0   0   0   0   0   0  47  41   0
   0   0   3   0   0   0  19   0   0  30   0   0  13  31   0   0   0   0   0   0  48   0   0  34   0   4  43   0   0   0   0  40   0   0   0   0   0   9   0   0   0   0   0   0   0  38   0   0   0  39   0   1   0   8  18  21  33   0  37   5   0   0   0   0
   0   6   0  43  16  42   0   0   0   0  47   0   0  39   0  20  45   0   0  15   0   0   0   0   0   0  13  48  47   0   0   0   0   0   0   0  50   0  13   9   0  33  12   0   0  12   0   0  20  24  28   0   0  38   0   0  48  17  40   0   0   0   0
   0   0   0   0  32   0   0  15   0  45   1   0   6   0   0  37   0  35   0   0   0  42   0   0   0   0   0   0   0   0   0   0   0   0  24  45   0   0   0  17   0   0   0   0   0  11  32  50  10   1  29  46   0  33  12   0   3   0  15   0  15   0
   0   0   0   0   0   1   0   0   0   0   0   0  21   0   0  16  49   0   0   4   0   0   0  19   0   0   0   0   0   0   0   4   0   0   0   0   0   0   0   0   0  42   0   0   0   0   0   0  16   0   0  13   5   0   0  34   0   0   0   0   0
   0   0   0   0   0  18   0   0   0  35   0   0   0   0   0  24   2   0   0   0   0   0  10   0   0   0  11   0   0   0   0   0   0   0   0   0  28   0  37   0   0   0   0  31   0   0   5   0  32  16   0   0  25   0  26   0   0   0   0   0
   0   0  43  48   0   0  40  42   0  31   0   0   0   0   0   0   0   0   0   0   0   0   0   0  10   0  11  16   0   0   0   0  36   0   0   0   0  42   0   3   0   0   0   0   0  10   1   0   0   0   0   6   0  40  24   0   0   0  10
   0   0   0   0   0   0   0   0   0   0   0   0   0  13  27  22   0   0   0   0  40   0   0   3   4   0   0   0   3   8   0  44   0   0   0   0  40   0  36   0   0   0   0   0   0  33  35   0   0  44  33   0   0   0   0  38  39   0
   4   0   0   0   0  30   0   0   0   0   0   0   0   0  48   0   0   0   0   0   0   0  44   1   0   0   0  40   0   0   0  50   0   0   0  14   0   0   0  15   9   0  23   0  12   0   0   0   0  16   0  37   0   0   0   0  28
   0   0   0   0   0  50   0   0   0   0   0   0   0   0   0   0   0   0   0  25   0   0   0  18  17  40   9   0   0   5  22  48   0   0   9   0  18   6   0   0   0   0   0  34   0   0  41   0  15   0   1   0   0   0   0   0
   0   0   0   0   0   0  16  20   0   0   0   0   0   0   0   0   0   0   0   0   0   0   0   0  38   0   0   0   0   0   0   0   0   7   0   0  37  30  42   0   0   0  11   0   0   0  33   0   0   0  22  44   0   0   0
   0   0  21   0   0   0   0  16   0   0  43  43   0  14   0   0   0  26   0   0  18  40   0   0  23  18   0   0   0   0   0  27  32   0  34   0  42   0   0   0   0   0   0  48   0   0   0   0   0  18  23   0   0   0
   1  24   0   0   0   0  37   0   0   0   0   0  35   0   0   0   0   0  43   0  31   0   0  37  19  33  19   0   0   0   0   7   0   0   0   0  30   0   0   0   0   0   0  47  43   0   0  30   0  38   0   0   0
   0   0   0   0  23  11   0   0   0   0   0   0   0   0   0   0  30   0  11  12   0   0   0   0   8   0   0   0   0   0  13   0   0   0  11   0  11   0   0   0   0  14   0   0  24   0   0   0  37  35   0  44
   0   0  22   0   0   0   0   0   0   0   0   0   0   0  15   0   0  40   0   0   0   0   0   0  22   0   0   0   0   0   0   0   0   0   0   0   0   0  40   0  28   0   0  31   0   0   0   0   0   0   0
  28   0  31  27   7   0  49   0   0   0   0   0   0   0   0   5   0   0   0  24   0  21   0  10   0  32   0  43   0   0   0   0  10  13   0   0   0   0   0   0   0   0  18   0   0   0   0   6   0  21
   0   0   0   0   1   0   0   0   0   0   0   0   0  18   0  29   0   0   0   0  22   0   0   0   0   1   0   0   0   0  32   0   0   0  21   0   0  37   1   0   0  31   0   0   0   0   5   0   0
  23  21   0   0   0   0   0   0   0  34   0   0   0   0   0   0  19   0   0   0   0  32   0  32   0  22   0   0   0   0  21  27   0   0   0  40   0  19   0   0   0   0   0   0   0  14   0   0
   8   0   0   0   0   0   0   0   0   0   0  42   0  12   0   6   0   5  11   0   0  39   0   0   0   0   0   0   0   0  14  43   0  34   0   0  44  16   0  10  34   0   0   0   0   0  14
   0   0  40   0   0   0  27  12   0  38   0  40   0   0  44   0   0  20   0   0   0   0   0   0  26  26   0   0   0   0  19   0   0   2   0   0   0   0  27   0   0   0   0   0   0   0
  19   0   0   0   0   0   0   0   0   0   0   0   0   0   0  35  46   0   0   0   0  24   0   0   0   0   0   0   0  40   0   0   0   5   0   0  35   0   4   0   0   0   0   0  11
   0  10   0  43   0   0   0   0   0   0   0   0   0   0  49   0   0   0   0   0   0   0   0   0   0   0   2   0   0   0   0   0   0   0   0   0   0  23   0   0   0   0   0   9
   0   0   0  34   0   0   0   0   0  49  26   0   4  14   0   0   0   0   0   0   0   0  19   0   0  27   0   0   0   0  21   0   0  29   0   0  21   0   0   0   0   0  15
  35   0   1   0  43  47   0   0  19  33  36   0   0   0  31   0   0  23   0  22   0   0   0   0   0   0   7  16  10   0   0  45   0   0   0  10   0   0   0   0  24   0
   0   8   0   0   0   0   0   0  27   0   0  23   0   0   0   0   0   0   0   0   4  27   0   0  38   0   0   8   0  26   0   0  36   0   0   0   0   0   0  46   0
   0   0  49   0   0   0   0   0  18   0   0   0   0   0   0  10  29   0   0   0   0   0   0   0  26   0  38   0   0   0  47   0  48   6   0   0   0   0   0   0
   0   0   0  16  22   0   0   4  43   0   0   0   0   0   0   0  20   0  33   0   0   0   0   0   0   0  47   0   0   0   0  32   0   0   0   0   0   0   0
  21   0   0   0   0   0   0   0   0  40   7   0  28   0   0   0   0   0   0   0   0   0   0  30   0   0  33   0  26  21   0   0   0   0   0   0  29   8
   0   0   0  12   7   0  23   0   0   0   0  31   0   0   0   9  25   0   0   0   0  27   0   0   0   0  49   0   0   0   0   0  44   0   0   0   0
  19   0  28   4   0   0   0   0   1   0   0   0   0  29   0   0  33   0   0  17   0   0   0  48   0   0   0   0   0   0  11   0   0   0   7   0
   0   0   0   0   0   0   0   0   0  48   0   0  18   5  48  23   0   0   0   0   0   0  16   0   0   7   0   0   0   0  24  45   0   0   0
   0  18   0   0  48   0   0  37   0   0   0  21   0   0   0   0   0   0  50   0  25   0   0   0  22   0  24   0   0   0   0   0   0  46
   2   0  13  43   0   0  10   0   0  14  15   0   0  33   0   0   7   0   0  16   0   0   0   0  15   0   0   0   0  50  18   0  40
  45   0   0   0   6   0  35  19  19   0   0   0   0   0   0   0   0   0   0   4   0   0  49   0   0   0   0  32   0   0   0   9
   0   0   0   0  20   0   0   7  10   0   0  37   0  25   0   0  23   0  41  42   0   0   0   0  24   0   0   3  46   0   0
   0   0   0   0   7   0   0   0  17   0  21  42   7   0  34  40   0   0   0   0   0  27   0   0   0   0  13  50  25   0
   0   0   0   0   0   0   0  42   0   5   0   0   0   0   0   0   0   0   0   0  46   0   0   0   0   0   0  40  23
   0   0   0   0   0   0   0   0   0   0   0  28   0   0  47   0   0   0  10   0  24  48   0   0   0   0   0   0
   0   0  15   0   0   0  20   0   0   0   0   0  34  32  34   0  16   0   0  33  38  29   0   0  26   0   0
   0  22   0  40   0   0  34   0   0   0   0   0   0   0   0   0  33   0   0   0  48   5   0   0   0   0
   0   0   0   0   0   0  41   0   0  44   0   0  14   0   0   0   8   0  40   0  29   0  32   0   0
   0  11   0   0  30   4  48   0   0   0  23   0   0   0   0   0   0   0   0   0   0   6   0   0
   0   0   0   0   0   0   0  50   0   0   0  40   0   0   0   0  12   0  24   0   0   0   0
   0  13   0   0   0   0   0   0   0   0  45   0   0   0   0   0   0   0   0  24   0  10
  46   0  11   0   0   0  17   0   0   0   0   0   0   0  25  18   0  21   0   0   0
   0   0   0   0   0   0   0   0   0   0   0   0   0   0  46   0  35   0   0  14
   0   7   0   0   0  36   0   6  46   0   0   0   0   0  50   0   0   0   0
  41   0   0   0   0   0  32   0   0   0  38   0   0   0  43  19   0   0
   2   0   0   0   0   0  43   0  11   0   0   0   0   0  42   0   0
   0   0   0   0   0  38   0   0   0  37   0  19   0   0   0   0
   0  15   0   0  50   0   0   0  33   0   0   0   0   0   0
   0   0   0  44  22  42   0   0   0   0   0   0  28   0
   0   0   0   0  13   0   0   0   0   0  31   0   0
   0  39   0   0   0   0  33   0   0  16   0  22
  25  21   0   0   0   0   0  21   0  10   0
   0  11   0   0   0   0   0   0  40  17
   0  23   0   0   0   0   0   0   0
   0   0  23   0   0   9   0   0
  42   6   0   0  29   0   0
   0   0   0   0  21  17
   0   0   0   0   0
   0  15  27   0
   0   0   0
   0   1
   0

 415
   6  13  16   3  19   4  25  15  15  14   7  20  23  17  11  24  14  15  19  19  11   7  12   2  13   1  23   7  15   5   4  13   1   9   2  14   5  24  15   5  16  19   6  18  22  15  25  19   2   5   1  21  16   6  11  24   2   6  18  11   5   7  11   8  16   3  25  22   8   4  12  25  15  25  16   4  14  17   3  13   7   9  24  12   2  21  10   5   9  16  24   4  21  13   5  18  21  21   7   3   9  18  15  22  17  13  17  15   3  12  10  20  18   5   1  15  10  22  22  24
