 120 
  19  30  37  40   7  28  42  48  50  37  46  37  32   2  26  34  42  19  32  13  26  14  27  47  48  33  29   1   8  46  18  29  45  42  43  28  35  48   5  18  26  33  28   7  46  23  26   3   8  23  32  35  14  20   4   9  28   6  19  42  20  31  34   7  32  40  29  44  22  30   7   8  43   2  10  28   8  31  36  17   5   6   3  21  46  45  36  36  45  10  41  38  33  37  15  15  11  39  28  39  28  21  32  32  13  20  42  21  46  40  27  40  29  39  34  38  49  27  17  38
  29  29  48  14   4  24  17   3  48   7  45  30  35   7  28  47  45  16  20   3  48  50  32  23  19  26  40  48  28  32  39  45  46  27  41  29  27   5  21   4  46   6  29  24  42  28  19   9  23  16  19   6  50  14  43  15  23  47  14   8  15  46  18  29  26  13   7  37  20  26  46  48  42  22  13  38  40  45  14   6  24  38  17   6  40  23   1  43  33  47  18   8  20  30  15  25  46  38  39  16  47  43  13   4   9  23  33  29  11  30  13  23  13  20   7  31  20   8   5
  44  39  23  23  18  32  29   3  43   6  28   9  49  50  10   9   7  22   8  16  12   8   3  43  42  29  38  14  48  21  24  49  41  49   6  28   8  20  11  37  47  28  25  36  10  49  36   8  49  35  33   7  26   5  29  38   9   7  13  16   4  22   4  38  22  22  28  28   9  20  48  22  20  16  41  21  38  48  45   8  33  30  18  35   7  16  38  28  24  16  26  17  34   4  11  29  26  14  14  24  15  14  43  10  28   1  41   5  50  26   7  47  17  40  33   3   9  18
  39  46  30  29   1  11  38   1  49   7  26  37  13  26  32  14  40   9  31   9  43   5  12  14  15  13  28  29  42   5  15   8  46  38  13  47  30  43  24  20  41   7   3   7  14  46   6  13  17  24  43   4  48  47  43  44  40  26  33  20  29  24  36  18   4  46   1  11  33  11  23  40   9  44  38  26  35  20  27  37  17   1  35  43  28  48  48   8   8   8  26  45   6  33  31  38  35  46  45  26   3  45  36  38  33   2  28  22  33  17   8   4  10  37  43   4  22
  17   7  39  22  44  25  33  20  42  39  46  24  48  27  12  24  34  12  22  19   5  33  48  22  26  44   5  33  36  44   3   9  26   2  50  34  29   8  29  48  34  31  21  18  15   5  38  41  44  20  36  43  14  15  28   5  24  34  23  20  21  48  19  24  20  26  33   7  46  34  49  15  33   2  39  18  28  42  15  29  25  46  46  41  23  10  37  21  34   1   7  15  33  12  43  39  26  32  37  16  49  20  43  17   8  25  44  15  17  14  25   6  15  49   9  45
   9  45  49  40  20   6  38  33  35  50  34  42  10  24  44   6  17   8  39  44  37  38   5  40  47  23  27  48  14  16  29  18  41  44  39  29  26  34  44  49  44  31  36   3   8  44  37  25   4  39  17  30  38  38  45  27  27  44  31  40  48  50   5  43  33  13  45  49  36  41  32   8  23  49  40  33  46  20   3  46  36  35  47  43  49   3  40  45  35  38  37   1   4  31  25  29   7  26  33  35  48  18  31  47   8  30  24  40   7  29  48  38  47  39  33
  28  44  36  45  50   4  48  19  26  27  34  15   3   8  23  25  24  19  50  31  12  27  43   7   6  46  16  33  12  24  20   5  47  38  48  49  15  41   5  12  41  50  32  27   8   7  38  34  26   8   2  31  10  18  31   9  48  39  12  14  11  14  50   4   2  22  37  49  45  45  36  34  49  27   1   3  41  43  33  10  38  29  39   8  49  46  39  19  16  22   3  36  46  47   2  41  21  30  34  43  32   8  46  13  15  34   5   5  13  11  27  13  33  29
  41   8   2   6   6   9  44   3  28  22  35   2  43  15  19  49   4  35   3   5  39   5  10  13  40  10  38  38  28  32  41  42  10   5  16  47  45  33   9  20   5  19  26  38  37  28  41  12   8  33  46  10  45  11  30  16  12  39  49  30  15  35  46  20  33  36   5  15  49  14  42  45  16  40  30  36   7  21  30   6   5  16  43  37   7  19  27  12  26  27  37  12  20  39  13   2  34  40  29  17  44  49   3  44  27   4  40  29  49  28  22  32   4
  42  34  17  42  11   5  40   3  40  48  11  35  45  21  20  36  34  38   9  20  48  13   3  23   7  47  24  11   4  23  40  16  21   1  44  46  44  24  18  20   4  11  34   1  49   5  32  10  20  39  48  16   3  36  21  47  20  39  24  41  31  38  26  31  47  49  18  15  47  30  11   2   7  50  16  11   2  16   4  13   7   9  15   3   9  20  43  26   6  27   2  14  28  24  12  48  45  22   6   8  45  41   4  11   3  45  42  24  18  18   5   2
  39   4  25   3  18   7  34  33  26  19  18  22  44  45  19   3  49   1  19  28  34   8  46  23  45  45   8  11  44  48  34   6  45  22  15  38  13  29   5  42  36   6  47  38  45  30  28  46  44  40  26  49  46  20  17   7  30   7  44  14  29   5  37   2  34  42  48  42  18  46   6   5  32  10   4  28  44  19  30  49   8   4  36  35  22   2  17   9  49  26  43  24  14  33  21  15  30  23  31  31   7  31  19  47  16   5   9   2  19  46   2
  49  39  14  28  12  42  37  29  50  50  24  12   6  49  12  47  39  28  29  41  18  26  49  47  38   3  43  50  49  44  18  20  42  30  36  26  50   5   9  23  40  34   8  13  37  33  28  20  17  40  26  30  35  24  25   7  21  37  50   2  38  17   7  32   2  16  20  33  43  43   8  29  24  47  38  18  18  33   2  31  24  42  18   4  29  14  14  25   1  32  27  22  18  31  27  50  34  36  14  26  36  25  19  16  40  30  20  17  47  26
  30  35  48  17  39  48  46  22  31  37   4   9   9   6   4  45  15  26   6  12  35  18   6  34  19  20  10  36  46   9   9   4  42   8   5  17  45  38  31   1  20   4  19  40  50  15  43  37   8  39  20  32  36  35  40  13  40  42   4  46  50  24  50  20   4  14  14  42  50  34   6  22  41  38  12   7  21   8  16  40  18  19  30  34   4   8  26  49  21  47  48  13  25  14   4  28  46  35  14  33  11  43  25  31  29  43  45  48   5
  42  14  14   1  21  21  33   7  22  19  24  11  17  38  38  28  30  29  20  43  23  24  19  32  35  47  12  20  41  27  10  18  49  16  37  24  30  34  43  50  32  11  43  13  25  19  32  39  50   9  30  14  22   6   4  41  14  24  33  10  17   1  42  50  48  44  41  16  15  24  35   6  30  39  36  43  15  15  16  30   3  48   3  49  25  20  18  45   4  25  45  49  44  14  18  46  14  11  18  38  12   9  31   9   4  26  24  33
   2  31  16  19  32  19  50  27  18   5  15  38  47  24  49  29  46  23  16  16  34  33   3   1   1  14  16  23  20  26  46  14   1  19  13  13  40  46  22  31   4  15   8  18  14   4   9  47   4  17  49   3  27   8   8  26  35  16  41  40  11  46  43  12   8  39  49  45  23   2   9  35  32  43  45   1  16   9   4  18  32  28  42   5  46  48  50  42  30  32  16   5   2  31  26   7  43   7  18  19  45   5  28   9  20  17  21
  24  44  14  16  33   6  27  44  26  30  44  21  21   1  47  25  24   5  43  38   9  36  18  49   9  30  44  44   3  19  39  22  14  16  19  29  30  36  31  43   9  26  26  49   1  29   7  28  10  23  49  49  34  47  40  48  37   2  30  26  26  34  15  42  17  26  39  22  30  35  23  22  30  48  39   3  15  29  45  29  24   2   8  19   1   8  49  45  31  10  13  26  10  16  45  12   1  48   3  49  38  26  19  29  43   4
  36  33  45  47   3  17  39  34   3  43  47  31  27  17  11  40  48   9  39   5   9  30  42   8  49  50   1   6  46  38  30   1   3  44  50  45  16   8  25  44  29  45  12  50  33  45  40  30  28  15  29  25  28   9  44  49  21  13  27  13  16   6   1  29  35  37  48  48  39  25  29  44   7  15  35   8  23  36  30  11  21   6  24  18  46  44  25   5  14  20  19  28  27   8  32  33  44   7   9  30  10  34  11  10  36
  12   4  13  18  48   7  22   2  20  11  15  33  48  25  47  19  10  26  23  15  42  41   5  17  36  23  14  39  30  44  46   3  43   1  13  27   4  40  41  49  33  33  44  43  41  44   4  33  22  25  45  22  35  50  11  44  11  23  16   1   8  48   1  16  40  49   5  35   5  30   8  31  50  24  19  49  43  22   5  18  35  26  26  28  17  17  10   3  13  50   3  25   7  26  50  18  47  13  16  23   3   7  47  24
   5  44   5  14  16   9  32  10  11  20  21  17  33  29  18  28   9  46  35   4   2   9   2  20  22  28  14  34  44   7  10   9  39  46  20   5  46   5  29  49  20  42  17  46  41   6  23  17  37  38  19  41   1   5  33  48  24  34  44  41  36  19  43  21  34  14  11  29  43  49  50  39  35  13  37  22  48   3  24  24   8  50   7  15   5  42  43   8  23  39  10  45   9  26   5  49  25  22  18  35   2  11  32
  43  45  26  48  40  31  45  30  30  45   1  37  48  22  21  10  39  41   2  23  14   8  47  48  22  13   2  15  46  24  20   4  46  33  32  48  44  29  32  43  35  43  45  22   2  36  27   6  17  36  44  31  42  18  31  41  50   1  35  37  41  43  28  36  47  36   8   4  21  42  29  25  17  34  30  18   7   5  35  36  28  19  40  20  47  20  11  48   2  35  43  49  21   1  18  16  41  25  29  39  22  13
  16  33   6  40  36   8  14   2   6  38  43  31  38  36  20  29  44  14  22  21  36  36  41   3  23  50  50   6  42  34  21  20  36  37  32  41  10  26  18  41   2  21  42   5  14  18  12  45  15  33  24  19  30  35  29  38  26  10  29  48   3  35   1  43  44  43  18   5   2   6   6   5  17  18  34  15  21  21  50  13  46  19  32   9  12  37  35  43  36  17  36  11  41  37   8  11  42  40  26  26  27
  28  50   8  18  41  30  17  12   5   6  16  11  26  19  17  34   6  41  16  24  31  13  25   7  24  24  25  44   8   1  26  26  46   1   4  41  16   8  10  45  21  47   7  41  12  19  11  13  32  16  48  27  40  28  12  31   6   4  40  18  21  18   2  19  30  12  26  10  23  35  24  10  11  31   1  15  20  35  31  38  14  35  14  11  44  47  49  16  11  25  46   5   7  50  20  41  44  47   5  20
  40   2  13   3  42  31  22  14  47  34   5  13  45  42  47  10  22   4  28  12  11   9  41  17  25  48  38   3  44  29  25  12  11  23   7   3  48  37  42  10  17  18  28  36  45  29  43  16   7  32  43  17  22  40  42   5  15  10  18  37  33  30  13  31  49  30  40  23  38  39  35   6  38  45  41  20  44   3  21  39  23  47  12  19  28   3  45  21  29  27  48   4  45   3   7   2  21  25  30
  21  22   5  21  33  30  50  34  22  48  13  11  17  39  39  13  11  11  45  30  31  18  18  37  38   4   3  27   2  47   5   6  43  41  40   7  45  25  11  29  48  33  23  26  28  14  42  10   9  48  24  23   4  26  19  15  37  36  42  44  37  45  10   2  30  10  41  24  22  10  11  18  25   4  25  29  28  47  47  43  10   2  15  18  40  15  43   2   1  42  14  24   4  42  29  44  21  27
  15  36  41  28  16  34  47  49  22  41  23  41  24   4   9   6  50  32  35  30  11  32  35   7   8   1  44  42  17  14  32  50  47  50  20  22  24  14  10  24  18  48  22  20  31  20   2   6  25  16  30  43  49   1  44   2  16  13   3  16  38  28  21  47   3  31  43  31  33  42   5   4  41  18  37  39  24  13  43  31  13   2  16  36  48  33  13  38  30  40  13  10  10   7  43  19  38
  19  46  49  33  10  21   2  19  46  28  14  20  13  30  28  13   6   4  17  17  45   7  25  28  21  37  43   7  47  25  41  24  46   6  40  33  32  13  13   4  10  46  25  32  42  16  26  25  42  44  29  42  30  21  12  23  30  15  25  28  32  21  40  32  15  25  32  22  28   4  17   8  50  15   9  34  13  49  25   9  45  42  43  31  18   9  14   2  37  48   1  22  44  34  16  43
  44   1  42  36   5  36  40  12  11  50   1  37  15   2  12  40   8  48  23  24  39  37  11  37   1  17  17  37  30   1  19  21  25   4  46  18  29  21  15   8   4  43  31  30  45  28  29  23  20  21  39  36   5  13   4  16   6  13  43  22   1   8  11  31  27  25   2  13  49  39  50  23  21  37  44   9   1  27  26  20  34  33   7   1  29  49  34  22   3  46  22  34   8  22  19
  35  39   3  26  34   9  30  50  31  28  43  12  40   1  34  18  36  24  18  16  40   5   5  29  29  24  41  37   4  33  36  45  13  12  13  42  36  44  50  29   9   9  26  40   8  19  27  49  27  49  13  10  11  50  29  12  15   7  32   1  43  19  47  30  49  34  10  48  20   3   5  37  19   2   8  22  27  15  15  34   9   8  48  25  49  41  30  41  35  18  10  21  27  25
  33  42  34  47   1  29  15  28  12  42  13  42  47  27  27  29  17  10  25  31  50  31  11  41  14  50  33   8  27   1  49   9  18   6  12  35   9  27   1   5  41  11   1   2  28  33  26  32   5  31   3   3  12  14  10   8  12  22   8  18  26   4  31  33  36  41  12  29  16  40  44  41   1  46  21   7  23  48   9  37  48  26   3  19  11  22  21   3  40  21  30  26  39
  36  27  41   5  49  50  21   3  17  38  25   8  17  29  22  14  30  28  34  42  13  49  26   5  46  23  10  11   8  17  42  29  28  39  49  30  31  28  13  20  17  25  26  17  25  30  42  32  12   5  34  42   5  17  21  26  37  44  48  18  10  12  43  24  43  33  33  12  17  35  23   7  22  33  22  48   8   4  36  28  29  20  38   4  49  27  41  47  41  24  11  49
  24  29  38  38  23   4  48  33  32  50  43  36  28   6  32  38   9  17   6  39  34  27  28  34  13  21   4  21  46  27   9  21  19  20  43  17  21  24   9  46  48   8  47  27   4  48   6  22   4   1  14  13  30  35  50  41  25  28  34  27   7  44  36  32  26  46  48  19  36   8   2  27   5  49   8  11  37  18  28  28   2  41  11  41  49   2  36  17  24  14   9
  40   3  48  38   7  37  39  14  46  21  27  47  49  50  48   5  20   4  30   3   7   5   3  31  40  29  41  16  17  15  15  14  27   7   3  25   9  25  15  44  41  33  35  32  19  16  45   6  12   4  49   2  41   6   8  35  36  14  23  28  19   8  18  21  29  46  29  36  40  14  22  31  46  47  20   9  19  29  27   4  29  49  28  36  44  35  47  39  21   4
  38  47   7   8   7  26  44  18  27  13  45  30  39  11  22  25  43  25  28   5  21  32  41  40  16  50  38  45  35   6  48  20  17  30  21  23  42  28  32  31  14  12  19   5  30  15  43  46  45  49  26  41  37  48  35  43  13  28  20  17  48  42   1  18  39   3  15  25  29  22  26  18  20  45  25  37  28  20  48  43  18  14  15   3  48  40  22   3   6
   2  44  30  47  33  49  21  41  48  41  29   3  28  32  38   2  38  12  41  34  19  48  20  39  23  32   4  14  17  16  35  26   9  17  47   1  24  27  15   2  28  11  48  20  17   1  37  44  36  19  28  10   4  24  10  19  16  11  17  24  45  23  17  36   8  33  18   6  24  25  30  42  19  21  37  17  34  15  48   2   8   2   9  23  21  18   2  15
   7  19  30  29  20  13  50  35   8  47  48  50   7  49  28  16  29  13  29  11  38  35  31   3  33  41  39  23  41  22  45   7   3  40  16  24  45  35  25  18  34  11  25  22  19  19  37   1  23  39  20  34  15  15  48   4  41  17  19  48  14  42  27  22   9  45   6  34  32  35  13   9  11   3  13  17  41  24  31  24  18  19   6   9   9  35  13
  46  37  22  36  43  12  23  36   4   3  44  48  24  43  17  50  42  15  19  50  30   8  17  10  42  30  48   2  16  12   3  16  29  50  43  41  16  25  49  46  38  12   5  42  34  24   8  27  10  15  16  50   1  26  50  46  34  24  33  25  39  39  49  39  12  20  24   9  34  16  11  40  35  28  29  18   3  11  36  28  27   9  34   3  37  35
  43   8  48  20  47  37  34  50  50   2   7  22  22  47  16   8  25  28  19  47   9   9   5  28  31  47  32  16  37  25  20  44  18  29   1  13  46  40  20  32  44   4  47  39   3  45  18  44  19   9   5  43  35  39  29   2   7  24   8  44  10  28   6  50  47  17  44  47  29   3  23   1  47  21  48  32  22   6  15  48  49  42  19  26   7
   7  46   3  20  22  38   2  32  37  36  34  20  41  25   3   2  14   9  17  47  48   9  41  15   6   7  46   2  48  43  46   4  26  43  16  42  38   3   5  44  38  50  35  12  47  12  41   5  36  17   1   6   9  27  32  36  50   6   9  15  41   5   3  37  39  22  12  45  23   9  47  48  20   5   1   5   8  14  14  36  46  22  30  39
  39  23  38  32   7   1  24  10  32  19  30  21   3  26   8  31  50  14  41  17  29  23  17  50  17  47  23  19   2  16  43  43  31  27  47  43  12  36  17   7  26  19  44  15  36  21  26  40  33   1   8  12  50   4  12   1  31   5  13  44  37  42  31  35  38  32  40  48  18  14  14  41  45  36  18  42  19   8   2  15  37  49   9
   7  34  18  22   9  36  36   3  18  36  18   8  19   2  43  10  38  31  45  25  48  36  13   5  21  10  40  24   7  20  36  18  24  14  41  14   5  50   3  30  26  36  34  13   7  24  25  46  37  29   1  14   3  29  38   7  50  12  46  33  45  37  31   5  30  30  18  47  24  33  26   7   4  36  37  42  50  29   6  40  12   2
  20   5   7  28  46  39  32  15  11  50  43  11  12  41  26  46  16  24  50  33  45  35  37  30   2  42  22  32  15  44  32  16  13   4   2  40  36   9  26  19  17  21  28  10  14  33  43  12  38  26  38  37  10  11   7  44  44  32  35   6  11  15   3  31  21  37  42   3  11  18  39  38  11  49  17  15  27  26  14   5  25
  31  17  43  50   5  14  10  23  45   4   3  11  11  20  37   7  30  26  31  26  12  31   9  11  43  35   2  45   5  34  26  29   2  42  20  35  44   6  30   8   9   4  18  25  38  14  30  49  37  35   2  13  17   4  32  47  30  49  12   9  17  34  24  47  28  13  28  47  15  16  38  31  32  37  37   7  50  13   8  31
  23  35  48  17  28  42  25  14  35  34  44  31   7   6  31  21  41   8   5  14  12  15  43  13  47   9  37   1  48  15  21  42  33  50  31  23  22  25  46  43  16  43   7  20  32  12  49   1  15  50  35  46  21  39  27  33  48   1  13  35  31  14  41   1   7   3  31   2  30  50  49  43  28  20  13  41  27  16  16
  46  15  38   4  42  26  10  12  32  33  23  47  21  37  24  28   8  13  36  25   2  30  18  38  19   4  22   4  43  34  12  27  49  36  23  39  22   9  17  29  10  14  35  28  38  31   6  25  14  46  10   3  37  20  27  39  48  49  32   4  46  38   2   3  31  20  29  50   3  18  50  11  44  25  21  36  23  17
  32  24  49  31  50  46   3  13  37   1  23  16  45  17  37  22  26   8  40  33  27   4  12  45   2   6  12  11   3  39   8  10  36  46  20  16   5  46   7  44  25  50  15   9   9  17  28  18   4  21  41  14  47  42  47  33  50  13  49  17  19  40  37  19  35  29   5   9  38   8   6  39  32  11  10  42  16
  10  20   3  22  25  14  45  34  28  29  49  28   9  21   7  24  31   5  22  11  28  31  37  44  43  45  17   9  30  33  35  16  41  23  29  27  30  37  17   1  42  15   6  50  47   5  35  20  29   4   7  20  18   1  26  15  38  44   5  20  46  40   3  41  31   7  10  16  28  15  11   9  33  18  50  17
  46  33   3  25  45  36  19  28  14  22  15  12  14   1   8   2  26  50  18  45   2  21  23  37  18  24  22  18  36  14  11  48  14   8   5  49  16  28  26  18  42   8   9  24  48  31   4  35  47  23  48  33  27  34  24  31  18  22  13  20  45  10  28  50  20  40   4   5  35   3  33  41  35  22  42
  48  39  26  40  19  48  49  23   6  44  27   7  34  40  42   7  24  36   7   6  31  10  19  22  15  22  34   7  22  36  15  44  37  45   3   6  43   6  47  18  13  38  18  19  32  18  34  37  35   6  12  48   6  36  40  33  15   8   5  19  47   6  47  11  22  49  22  42  39  17  35  33  30  37
  48   3  34   5   5  21   4   8  24  43  27  13  43  33  18  33  11  17  34  43  27  33  20  32  28  28  14  26  50  37  24  18   2  44  28  44  12  48  37  22  34  31  22  12  20  43   8  22  35  22  18  45  46  25  43  13  34  24  11   1  21  33  30  50  33  20  40  26  26  37   1  22  31
  33  20  19  29  22   6  44  12  12  14   2  43  33   2  20  38  33  15  10  16  46  41   2  31  50  44   3  36  16   5  16  50  17  17   8  21  26  50  22  23  50  21  14  14   1  36  48  27  46  10  26  14  28  27  41  15  18  42  20  30  50  19  33   6  26  19   6  13   5  17   1  45
   1  50  28  36  25  18   8   7   1  44  40  39  32  18   1  25  48  42  22  16   3  10   2   2  10  44  13  13  35  24  43  40  21  17   4  23  34  37   4  30   2   2  26   9  42  19  30   3  49  12   3  19  28   6   3  21  35  45  50  18  14  18  34  22   9  27   2  45   4  50  45
  45  12  28  49  31  13  31   1  32  40  23  17  17   4   7  36  28  28  25  34  36   5  38  21  18  40  25  37  34  40  40  50  41  35  44  39  44  13   5  42  26  15  10   4  49  29  18  11  24  25  34  47  33  12  45  42  45   7  12  40  32  11  45   1  25  33  13  47  20   1
  26  38  34   9  10  27  29  48  47  46   6  29  21  23  18  36   4  46  44  12  26  29   6  31  44  31   6   6  15   4  24  27  33  11  36  42  27  17  15  14  50  27  22  11  30  40  46  26  16  37  28  29  43  36  29  12  32  27  14  14  23  22  47  22  39  43  34  19  31
   3  17   6  16  17  37  16  11  43  27  30  45  37  28  32   7  37  23  43  46   1   7  15  50  21  42  12  42  40  24  36   2  15  44  37  10  40  27   7  18  37  32  30  44  46   3   1  32  25   9  31  32   1  17  15   2  21   2  46  18  42  38  39  49  33  20  27  25
  24  50  10  31  12   4  10  36  22  41  24  20  32  41  35   1  30  30  10  35  36   6  21  42  39  50   8  47   6  16  38  43  15  18  29  46  21  46  45  32  20  18   9  30  12  18  22   3  46  39  26  16   5  50  48  41  48  47  16  20  32  14  41  41  35   4  27
  35  42  19  39   2  13  28  29  16  41  43  10  43  35  27   4   5  27  27  34  45  35  29  45  17  37   4   4  33  24  39  40   5  15  39  50   7  36  22  48   6  38   3   5   7  30  42  13  14  16  30  34  17   6  43   9  42  20  25  29  10   9  11   5  30  12
  32  16  16  33  11  45   2  40  48  46  21  27  20  19  50  10  12  41  32  37  27  20   1  21  49  38   3  40   7  32  49  44  29  45   4  44  40  45  32  16  11  18  49   9   2   8  27   5  41  44   6   1  36   8  20  19  40  24  12  13   5  26  17  23  47
  36   8  15   7  48   3  42  23  28  13   1  40  12  24  33  19  13  17  31  41  47  18  28  14  32  13  48  43  22  24   8   9   5  47  23  43  13  15  11   3   2   9  48   7  37  12  50  25   2   2  45  50   1  15   1  43  49  17  40  10  24  50  19  28
  36  45  48  25  50  38  15  32   4  23  36  41  20  16  14  26  26  26  30   9  42  42   9  50  28  10  44   1  22  29  33  13  21  41  49  13  48  28  46  29   8   4   2   5   9  10  24   2  19   7   7  30   5  37  40  18  48  47  21  20   5  34  30
  19  42  50  18  45  21  44  50  35   1  24  40  44  31  22  42  13  40  26  39  28  13  50   5  25  25  29  21  30  22  26  45  33  22   7   7  47  36  30  47   9  24  50  40  46  48  34  27  30  24  46  39  17  12  44  13  43  30  29  14  21  45
  10  48  15  27   2  11  49  48  20   3  10  20  31  27  47  29  16  12  16   6  48  37  25  42  44  48   5   2  39  50  43   4  21  34  44  40  34  46  19   3  29  25  13  12  49  41  33  47  46  46  30  30  27  14  42  16  33  10   1  29  24
  47  50  49  19  29  22  48   3  32  35  26  46  12  10  31  32   9  31   4  25  40  27  13  27   6  21  19   8  18  32  48  40  13  35  19  47  24  46  21  38  10  32  36  37  30  26   9  38   3  17  17  11   8  36   4  30  24   9  24   3
  27   6  34   8  24  12  22  20  35   5  41  43   8  21   9  30  47  31  28  34  26  42  37  36  14  38   7  48  47   6  13  42  20   3  31   5  44  24  42  46  17  13  31  46  26  26  10  18  18  33  32  40  33  44   4  46  25  41  10
  42  42   5  44   7  17  11   6   6   2  47  19  30   3  21  11  17   6  46  31  12  39  25  22   2  24  44  27  46  47  29  40  11  11  44   2  40  34  31   5   7  13  44  18  12  25  26  48  31  31  43  41   6  33  24  32   3  30
  37  44  16  11  33  28  38  47  47  19  13  40  10   5  45  37  20  17  30  17  29  44  47  49  37   9  16  40  48  41  50   2  19  35  38  16  26  15  46  41  32  38   5   8  23  34  10  26   2  12  34   9  43   5   7  38  43
  21  41  30  26  43  14   2  21  41  23  30   7  26  12  49  28  14  45  16  28   3  41  40  39  36  45   1  14   7  41  48  37  15  26  10  35   8  24  29  44  32  29  48  48  38  19  41  44  35  33  15   5  23  47  32   2
  28   8  18   3  45  36  32  34  49  13  10  47  23   4   2  35  37  12  35  41  42  25  33   1  33   9  34  24  33  38   2  17  44  25  25  13   7  13   3  44  23  39  12  38  38   8  18  15   8  43  46  22  24  46  40
  12   7  34  36  35  17   2  10   2  31  40  12  24  11  47   1  20   9  49  40  50  21  49  13  12  42  16   1  10  30  22  44   9   4  23  41  29  46  45  38   2  39  19  23  41  35   6  34  36  30  16  25  24   2
  12  43  21  48  33  22  20  13  10  17  23   7  29   6  26  33  11  48  31  48  20  43  46  13  15  47  37  35  25  42  26  44   2  14  16  22   5  12  45  44  30  30  18  11  15  16  18  16  26  23  19   9  40
  24   6  24  42  14  16  41   9  16  47  20  38  18  41  27  34   7   3  38  50  48  11  24  21  49   8  36   8  45  46  43  49   1  22  18  39  49  29  44   4  18  31   7  38  45   4   1  30  10  24  39  30
   9  28  18  49  28  27  25  10  23  27  21  12  39   8  13   1  33  24  12   7   4   6  28  49  25   4  25  37  10  32  44  28  12   7  44  17  24  35  33  34  19  28  31  45  42  31   1  34  33  48  30
  18  17  29  29  22  11  30   7  13  32  46  44  12  47  44  37  12  33  32  21  47  22  22  40  22  45  28  49  29  15  16  33  46  21  20   2  19   1  18  41   7  47  36   5  45  26  27  37   7  31
  27  26  16  16  26  19  48  37   9  40   4  37   7  38   5  24  41  50  30  48  34  33  38   1  23   3  23  46   7   3   3  19  28  48  27   3  10   7  20  36   5  12  48  23   6  34  37  46   9
  17  44  48   4  44   8  14   3  45  26   5   5   1  49  34  48  38   6  49  10  46  12  46  30  10  42  11  13  18   7  48  33   5  12  26  28  37   2  49  46  41  14  21   9  43  16  40  39
  45  19  40  40  38  33  19  43  17  14  28   6  22   1  50  19  48  20  16   8  32  24   4  29   3  10  19  11  19  11  49  47  41  47  38  50  41  16  33  31  38   4  43  11  23  42  26
   1  22  42  15  50  15  42  26  43   8  21  45  27  31  32  10  40   9  50  35  42  49  50   4  50  11  42  19  43  22  16  50  25   2  40  24   4  43  17  20  44   6   4  21  36  26
  44   6  39  40   3  25  46  40  34  44  39  36  10  42  30  28  48  42   3   5  10   9  12  24  19  29   2  45  46  40  18  46   9  21  29  37   8  19   9  23  29  36   7  38  24
  27  38  35  24  39  28  31  31  46  43  49  15   3  35  31  10  48  27  21  32  47  37  46   2   6  32  36   4  40  11  20  10  50  31  48  13  16   5  13  19  43   2  50  41
  45  22  13  40   6  35   5  40   7   2  32   8   8   8  31   6  48   8  36   7   2   8  16  13   2  41  44  41  25  40  50  20  41  26  29   6  33  21  33  38  26  42  38
   7  18  37  43   8   9  34  33  25  36   7  10  34  40  34  10  16  25   2  12  45  45  47  21  39   3   7  46  22   7  42  24  49   4  41  33  12  42  48  46  20  31
  32  46  49  49  41   5  38  49  23   2   4   2  30   2   3  11  45  16  28   3  40  39  41  27  27  25  49   9   2  37  43  18  43   2  34  31  30  45  38  42  37
  50  28  30  16   3  19  16  12  43  35  12  36   5  34  50   4  31  35  24  38  33  23   3  34  17  27  31  42  37  38  26  19  35  31  43  13  45   4  13  31
  29  42  33  21  41  28   8  19  46  40  37  35  20   1  15  28  20  15  19  28  21   5  44  46  10  17  38  31  50  29  43  48  16  45  30   7  19  35   1
  31  42  39  35  17   3  45   4  22  49  35   2  40  35  10   3  21  39  20  16  46  23  35  24  34  15  18  32  30  22  48  19  13   5  42  39  41  30
  24  12  41  49  16  47  11   3  23   4  13  23  50  29  45  43   2  31  30  27  42  32  29  44  40  23  27  50  46  32  31  49  17  47   3  45  29
  14  29  38   2  43  10  19  33  44   6  15  30  23  42  14  44  25  45  29   2  27  36  27   8  25  49  50   8  31  33   1  13  39  29  14  10
  29  40  13  41  28  39  37   9   8  31  22   2  43  18  11  28  34  10  34  29  26  44  44  40  39  39  45  31  40  25  38  50  33  11  32
  30  29   5  25   6  28  39  24  42  32  25  50  26  35  15  17   7  47  44   8   9  19  31  12  12  14  41  40  21  24  40  36  49  48
   6  22  20   8  45   6  11  44  38  42  12   4  40   7  13   2  37  31   1  40  19  32  19  22  10  10  12  18  31  36  42   9   3
   4  15  44  20  38  21  27  46  42  37  23  23  47  18   1  24  44  41  31  48   6  48  38  38  29  25  24  18  30   3  28  12
  12   9  11  40  38   3  13  27  27  23   3  24  38  31  38   2  48  19  24  40  32   8  30  23  33   5  32  13  26  42  46
  34  45  40  48  50   6  20  40  44   4  49  17  47  19  49  35  29  27  18  30  44  46  27  12  40  44  25  49  25  11
  17   1  18  28   2  41   1  37   9  38  19  10  15  12  17  49  21  31   6  33  40  44  10   8  40  27  31  44  49
  20  24  50   3  46  25   8  49  21  31  16  16   9   7  48  37  21   5  15  16  44  17  41   8  13  19  40  45
  25  32  13  33  12  11  34  27  35  34  15  23  33  30   5  34  13   1  49  27  27  46   2  36  31  29  37
  19  30  18  21   7  12  15  22  25  13  47  23  10   4   9  16   7  26  19  34  23  17  31   1   9  34
  27  34  34  31  20  26  26   6   4  44  28  26  14  43  23  30  17  13  44  27   4  16  42  11  22
  11  22  12  23  49  25   1  47  46  15  34  28  13   5  18  29  12  43  20  39  11  33  17  18
  33  12  23  35  21  36  11   9  32   3   1  37  25   5   4  47  28  46  33  22  41  15  14
  17  19  21   2  38  17  22   6  42  46  48  23  13  36  14  31  32  48   8  41  36  22
  19   6  30  50  26  32   4  42  12  44  33  19  24  25  28  16  41  30  22  32  20
  39  27   3  19   9  25  14  36  36   9  14  17  18  33  13  25  20  18   4  35
  23  35   1  14   7  50  23  21  33  13  46   6  41   9   6  42  19  35  44
  20  35  12  44  50  16   6   9  21  30  48  37  36  49  29  26  31  21
  40  21  20  45  24  17  31  12   2   5  26   3  19  34   6  41   8
  11  28  45  40  27   7  33  19  43  41  27  24   3  26   5   5
  16   2  21  11  37   1  26  26  38  11  38  22  14  40  37
   3  27  50  27  42  19  15   4  49   1  43  14  47  11
  11  31  49   3  24  20  46  46  25  44  49   4  13
  20  48  50  37   6  27  27   2  24  15   4  33
  17  50  24  31  14   3  21  18   8   7   7
  39  35  23  41  36  37  46  45  23  12
   5   1  30   8   1  17  45  47  16
   9  36  16  50  12  31  30  37
  37  31  11  48  42  30   5
   8  44  46  17  50  29
  13  17  18  35  50
  46  42  46  19
  39   5  50
  49   7
  27

 479
  19  21  16  21  10  11   3  13  25   2   9   5   6  21  25   9   1   2  13   2  17  16  11  16  14  22   7  14  17  21   2  21   1   2  20  25   2  22  25   4   9  18  11  18   8   4  15  18  13   1  10   9   6  22   4  16   8   1  19   2  13   5  10  22  10  12  16  12  25  12  14   1  17  24   4  25  16   1  23  10  16   2   7  21  17  18  18   2  17  19  22  10   7  21  22   7   8  25  24   1  10  14  23  12   1  21  18   8   4  14  20  17  25  10  18  13  25  25  16  11
