 120 
   0   0   0   0   0  50  29   0   0  20   0  28   0   0   4   0  50   0  13   0   0   0   0  37   0   0   0  28   0   0   0   0  32   0   0   0   0   0  30   0   0  48   0   0   0   0   0   5   0   0   0  20   0  10   0   0   0  29   0   0  31   0   0   0   0  29   9   0   0   0   0   0   0  25  14   0   0  37   0   0   0   0   0   0   3   0   0   0   0  11   0   0   1   0   0   0   0   0   0   0   0   5   0   0   0   0   0   0   2   0   0   0   0   0   0   0   0   1   5   0
   0   0   0   0   0   0   0   0   0   0  40   0   0  19   0   0  17   0   0   0   0   0   0  37   0   0  39   0  13   0   0   1   0   0   0   0   0  19   0   0   0  31   0   0   0   0  35   0   4   0   0   0  46   0   0  23   0  38  39  37   0   0   0   0  24  33   0   0   0   0   0   0   0   0   0   0   0   0  15   0   0   0   0  26   0  48   0   0  22   0   0  45   0   0   0   0   0  24   0   0   0   0   0  35   0   0  12  19  18  31   0  21   0  26  12  31   0   0   0
   0  20   0   0  11   0   0   0   0  20   0   0   0   0  32   0   0   0   0   0   0  42   0   0   0   0   0   0   5   0   0  14   0   0   0  23   0   0  45   0  41   0   0  11   0   0   0   0  12   0  36   0   1  38   0  37   0   0   0   9  40   0   0   0   0  12   0   0  34   0  23   0   6  27   0  20   0   0   0   0   0   8   0   0   0   0  39  44   0   0   0  28   0   1   0   0   0   0   0   7   0  46   0   0  27   0  10   0   0   0   0  18   0   0   0   0   5   0
   0  19   0   0   0   0   0   0   0  40  23   0  46   0   0   0   0  27   0   0   0   4   0   0   0  50   0   0   0   0  34   0   0  22  26   0  21   0  16  28   0   0   0   0   0  24   0   0   0   0   8   0   0   0   0   0   0   0   0   0   0   0   0   0   0   0   0   0   0   0   0   0   0   0  13  29   0  45   0   0   0   0   0   0   0   0   0  43   0  17   0   0   0   0   0   0   0  26   0  37  15   0   0   0   0   4   0  29   0   0   0   0   5  50  25   0   0
   0  31   0   0   0   0   0  45   0  12   0  41   0   0  31   0   0   0   0  20   0  11   0   0   0   4   8   0   0  40   0   0   0   0   0  22   0   0   0  33   0   0   0  13   0   0   0   0   0   0   0  37   0   0   0   0   0   0   0   0  11   0  49   0  42   0  21   0   0  42   0   6   0   0   0   0  48   5   0   0   0   0  27   0   0   0   0   0   0   0  23   0   0   0   0   0   0   0   0   0  20   0   0  34   0   0   0   0   0   0   0   0   0   0   0   0
   0   0   0   0   0   0  33   0   0   0   0  36   0  32   0   0   0   0   0   0   0   0   0   0   0  16  13   0   0   0  30   0   7   1  30   0   0   0   0   0   0  20  13   0   0   0   0  36   0   1   0  37   0  44  32   0   0   0   0  15   0   0   0   0   0   0  37   0   0  41   0  17   7   0   0   0  49   0   0   0   0   0   0   0   0  29   0   0   0   0   0   0   0   0  29   0  38   0  21   0  16   0   0   0   0   0  14   0   0   0   0  41   3   0  28
   0   0   0   0   0   0   0   0   0   0   0  37   0  45   0  44   0   0   0   0   0   0   0   0   0   0   0   0   0   0   0   0   0   0   0   0   0  44   0  14   8   4   0   0  34   0   0  12  15  36   4   0   0   0   0   0   0   0   0   0   0   0   0  35   0   0   0   0   0   0   0  29   7   0   0   0   8  45   0   0   0   0   0   0   0   0   0  27   0   0  31   0   0   0   0   0   0  18  45   0  32   0  37   0   0   0   0   0   0   0  41   0   0   0
  28   0   0   0   0   0   0  40   0  46   0   0  22   0   0   2   0   0  22  37   0  50   0   0   0   0   0   0  34   0   0   0   0   0   0   0   0   0   0   0   0   0   0   0   0  25   0   0   0   0   0   0   0  41  23   0   0   0   0   0   0  14   0   0   0   0   0   0  26  16   0   0   0   0   0   2   0   0  20  27   0   0   0  49  20  17  36  40   0  25   0   0   0  44   4  34   6   6   0   0   0  29   0   0   0   0   0   0   0  34   0   9   0
   0   0   0   3  38   0   0   0   0   0   0   0   0   0  50   0   0   0  29   0   0  46   0   0   0   0   0   0  33  23   0  48   0  34   0   0   0   0   0  50   0  27   0   0   0   0  26   3   0   0   0   0   0   0   0   6  29   0   0   0   0   0  21   4   0   0   0  16   0   0   0   0   0  10   7   0   0   0   4   0   0   0   0  50  16   0   0  25   0   0   0  11   0  38  19   0   4   0   0   0   0   0   0   0   0   0   0  22   0   0   0   0
   0   0   0   0   0   0  46  24   0   0  30   0   0   0   5  37   0   0   0   0  33   0   8   0   0   0   0   0   0   0   0   0   0   0   0   0   0   0  12   0   0   0   0  16  11   0   0   2   0   0   0  28  41   0   0   0  27   0   0   3   0   0  48   0   0   0   0   0  44   0   0   0  33   0   0   0  16   0   0   0   0   0  24  38   0  36   0   0  39   0  26  11   0   0   0   0   0  36  20  20   0   0   0   0   0   0   0   0   0   0   0
  29   0   0   0   0   0   0   0  27   0  47   0  37   0  25  29   0   0   0  32   0  29   0   0   0   0   0   0   0   0   0   0   0   6  23   0   0   0  10   0   0  39   2   0   0   0   0   0  28   0   0  46   0   0   0   0   0  36  44   0   0   0  20   0  34   0   0   0   0   0   0   0   0   0  42   0   0   0  24  32  14   0   0   0   0  26   0   0   0   0   0   0  34   0   0  44   0   0   0  29   0   0   0  12   0   0   0   0   0   0
   0   0   0   3   0   0   0   0   0   0  10   0   0   0   0   0   0  25   0   0   0   0   3   0   0   0   0   0   0   0   0  42  25   0   0   0   0   0   0  32   0   0   0  21   0   0   0   0   0   0   0  42   0   0   0  15  14   0   0   0   0   0   0   0  37   0   0   0   0  24   0   0   0   0   0   0   0  34   0   0   0   0   0   0  14   0   0   0  24   0   0   0  33   0   0   0   0   0   0   0   0   0   0  29   0   0   0  45   0
   0   0   0   0   0   0   0   0   0   7   0  15   0  41   0   0   0   0   0   0   0  43   0   0   0   0   0   0   0   0   0  16   0   0   0   0   0   0   0   0   0   0  50  41   0  23   0   0   0  29  26   0  31   0   0   0   0   0   0   0   0   0   0   0  25   0   0   0  14   0   0   0   0   0   0   0   0   0  40   0   8  50   0   0   0  25   0   0  37   2  41   0   0  21   0   0   0  35   0  35   0  29   0  18   0  16   0  12
   0   0   0   0   0  49  20   0   8   0  37   0   0  30   0   0   7  47   0   0   0   0   0   0   0   0   0   0   0   0   0   0   0   0   0   0   0  41   0   0  29   0   0   0  41   0   0   0  14   0   0   0   0   0   0   0   0   0   0  15   0   0   0   0   0   0   0   0   0  44   9  49   0   0  24  44  42  42   0   0   0   0   0   5  46   0   0   0   0  27   0  26   0   0   0   0   0  30   0   0   0   0   0   0   0  33   0
   0   0  27   0   0  37   0   0  10   0   0   0   0   0   0   0   0   0   0   0   0   0  18   0   0   0  21   6   0   0  41  50   0   0  35   0   0   0   0   0   0   0   0   0   0   0   0  15   0   9  43  44   0  48   0   0   0   4   0   0   0   0   0   0   0   0   0   0   0   0   0   7   0   0  17   0   0   1  36   0   0   0   0   0   0  41   0   0   0   0   0   0   0   0   0  38  32   0   0  28   0   6   0   0   0   0
   0   0  16   0   0   0   0   0   0   0   0   0   0   0   0   7   0   0  46   0  29   0   0   0   0   0   0   0   0   0   0   0   0   0   0   0   0  21   2   0  39  11   0   0  31   0   0   0   0   0   0   0   0   0   0  47   0  27   0   2   0   0   0   0   2   0   0   0   0   0   0   0   0   0   0   0   0   0  21   0   0   0   0  49  32   6   3   0   0  47  14   0   0   0   0   0   0   0   0   0   0  32  36   0   0
  44   0   0  12   0   0   0   0   0   0   1   0   0  29   0  45   0   0   0   5  11   0  36   0   0   0   0   0   0   0   0   0  47   0   1   0   0   0   0   0   0   0  19   0  35   0   0   0   0   0   0   0  25   0   0   0  17  35   0   0   0   0  38   0   0   0   0  34   0   0   0   0   0  17   0   0   0   0   0   0   0   0   6   0  20   0   0   0  47   0   0   0   0   0   0  27   0   0   0   0   0   0   0   6
   0  34   0   0   0   0  38   0   0   0  50   0   0  39  23   0   0   0   6   0   0   0  44   0   0   0   0   0   0   0   0   0   0   0   0   0   0   0   0   0   0   0   0   0   0   0   0   0   0  30  33   0   0  33   0   0   0  21  33   0   0   0   0   0  40   0   0   0   0   0  29   0  40   0   0   0   0   0   0   0   0   0   7   0   0   0  38  21  49   0   0   0   0   0  12   0   0  33   8  31   0   0   0
   0   0   0   0   0   0   0   0  18   0  47  31   0   0   0  15   0   0   0   0   0  19   0   0   0   0   0   0   0  40  32   0   0   0   0   3   0   0   0   0   0   0   0   0  46   0   3  37   0   0   0  37   0  22   0   0   0   9   0  14   0   0   0   0   0  35  48   0   0   8  50  13   0   5  50  49  27   0  15   2  41  41   0   0  43   0  20   0   0  41   0   0   0  40   0   0   0   0   0   0  14   0
   0   0   0   0   0   0   0   0  17  14   0   0   0   6   0   0  44  35  24   0   0   0   0  15   0   0   0   0   0   0   0   0   0   0   0   0   0   0   0   0   0   0   0   0   0   0   0   0   0  16   4   0   0   0   8   0   0   0  19   0   0   0  17   0   0   0   0   0   0  44   0   0   0   0   0   0  21   0  23   0   0   8  35   0  32  34   1   0  28   0  46   0   0   0   3   0   0   0   0   0   0
  42  12   0   0   0  12   0   0   0   0   0   0   0   0   0   0  10   0   0   0  49   0   0   0   0   0   0   0  47  35   0   0   0   5   0   0  13   0   0   0   0   0   0   0   0   0  24   0  49  18   0   0   0   0   0   0   0   0   0   0   0   0   0   0   0   0   0   0   0   0   0   0   0   7  36   0   0   0   0   0   0   0  40   0   0   0   0   0  26   0   1   0   0   0   0   0   0   0   0  34
   0   0  27  12   0   0  38   0   0   0  24  38  46   0   0   0   0   0  39   0   0  21   0   0   0   0  46   0   0   0   0   0   0  10   0   0   0   0  33   0  34  13   0   0   0   0   6   0   0  47   0   0   0   0   0   0   0   0  46   0  20   0   0   0   0  42   0  26   0   0   2   0   0   0   0   0   0   0  45   0   0   0   0   5  27   0   0   0   0   0  38   0   0   0   0   0  47   0   0
  15   0   0   0   0   0   0   0   0   0   0   0  29   0  12   0   0   0   7   0   0  46   0   0   6   0   0   0   0   0  25  46   0   7   0   0   0   0  14  41  12   0   0   9   0   0   0   0   0   0   0   0   0   0   0  32   0   0   0   0   0   0   0   0   0   0   0  27   0  49   0   0   4  28   0   0  24   0  27   0   8   0   0   0  17  41   0   0   0   0   0   0  28   0  45   0   0   0
   7   0   0  22   0   0   0   0  43   0   9   0   1   0  13   0   0   0   0   0   0   0   0   0  43   0   0   0  16   0   0   0   0  45   0  29   0   0   0   0  36  36   0  39   5  34   0   0  48   0   0   0   0   0   0   0   0   0   0   0  10   0   0   0   0   0   0   0   0   0   0   0  33  42   0   0  27  40   0  28   0   0   0   0   0  10   0   0   0   0   0   0   0  40   0   0   0
   0  12  37   0  44   0  43   9  41   0   0  18   0  31   0   0   0   0  48   0   0   0   0  44   0   0   0   0   0  34   0   0   0   0   0   0   0   0   0   0   0   0   0   0   3   0   1   0   0   0   3   0  41   0   0  26   0   0   0   0   6   0  27   0   0  44   0  35   0   0   0   0   0   0  47   0   4   0   0   0   0   0  40   0  23   0  41   0   0   0  23   0   0   0   0   0
   0   0   0  46   0   0   0   0   7  21   0   0   0   0   0   0   0   0   0   0   0   0   0   0   0   0   0   0   0   0   0   0  11   0   2   0   0   0   0   0   0   0   0   6   0   0   0   0  17   0  25   0   0   0   0   0  45   0   0   0  12   0   0   0   0   0   0   0   0   0  37   4  19   0   0   0   5  40   0   0   0   0  24  49   0  50   0  23   0  39  10   0   0  37   0
   0   0   0   0  35   0   0   0   0   0   0  28  32   0   0  14  45   0  30   0   0   0  35   0  26   0   0   0   0  41   0  12  17   0   0   0   0  22   0   6  46   0   0   0  23   0   0   0   0  41   0  27   0   0   0   0   0  49   0   0   0  42   0  32   0  48   0   0   0  39   0   0  41   0   0   0   0  43   0  37   0   0   0   0   0   2   0   0   0  12   0   0   0  22
   8  45   0   0  25   0   0   0  27   0   0   0   0   0   0   0  49   0   0   0  35   0   0   0  32   0   0   0  18   0   0   0   0   0   0   0   0   3  19   0   3  19   0   0   0   0   0   0  19   0   0   0   0  15   0   0   0   0   0   0   0   0   0   0  32   0  11   0   0   0   0   3   0  47  44  17  29  32   0   0   0  41   0   1   0   0   0   0   9   8   0   0   0
  20   2   0   0   5   0   8   0   0  42   0   0   0  46   0   0   0   0   0   0   0   1  30   0   0   0   6   0   0   4   0  33   0  46  22   0   0   0   0   0   0   0   1  46   0  35   8   0   0   0   0   0   0   0   0  24   0   0   0   0   0  12   0   0   0   0   0   9   0   0   0  34   0   0   0   0  18   0   0   0   0   0   5  47  29  40   0   0   0   0  21  23
   0   0  30   0  14   0  12  14  27  30  15   0   0  39   0  11  16   0   0   0   0   0   0   0   0   0   0   0   0   0   0   0   0   0   0   0   0   0   0   0  40   0   0   0  37   0   0   9   0   0   0   7  34   0   0   0  31   0   0   3   0  36   0   0   0   8   0   0   0  25   0  39   0  28   3   0   0   0  45   0   0  33   0   0  25   0   0   0   0   0   0
   0  31  13   0   5   0   0   0   0   0   0   0   0  11   0   0   0   0   0   0   0  34   0   0   0  34   0  50   0   0  50   0   0  39   0   0   0   0   0   0   0   0   0  30   0   0   0  24   0   0  47   0  41   0   0   0   0   4   0   0   0   0   0   0   0   0  43   0   0   0   0   0   0   0   0   0   0   0   0   0   0   0   0   0   0   0   0   0   0   0
   0   5   0   0   0   0   0   5   5   0   0   0   0  29   0   0  50  43   0  16   0  32   0  33   0   0   0   0  24  13   0   0  40   0   0   0  28  27   0   0   0  23   5   0  28   0   0  42   0   0   0   0   0   6   0   0   0   0   0   0   0   0   0   0  26   0   0   0   2   0   0  31   0  31  27   0   0   0   0   0   0   0   0   0   0   0   0  23   9
   0   0   0   6   0   0   0  40   0   0   0  17   0   0  40   0  20  45   0   0   0   0   0   0   0   0   0   0   0   0   0   0   0   0  24  26   0   0   0   0   0   0   0   0   0  28   0   0   0   0   0   0   0   0   0   0   0   0   0   0   0   0  43   0   0   0   0   0  41   0   0   0   0   0   0   0   0  26   0  40   0   0   0   0   0   0   0   0
   0   0   0   5  31   0  34   0  12   0   0   0   0   0   0  33  38   0  25   0   0  35   0   0   0   0   0  42   5   0  35   0   0   0  26   0   7   0   0   0   0   0  35  17   0  19   0  13   0   0   0   0   0   0  24   0   0   0   0  45  18   0   0  45   0   0   0   0   0  44   0   0   0   0   0   0   0   0   0  42   0   4   0   0   0   0   0
   0   0  49   0   0   0   0   0  14  36   0  20   0   0   0   0   0   0  27   0   0   0   0   0  40   0   0   0   0   0   0   0   8   0   0   0   0   0   0   7   0   0  35  19   0  34   0   0   0   0  48   0   0   0   0   0   0   0   0   0   0   0   0  24  20   0   0   0   0   0   3   9   0   0   0   0   0   0   0   0   0   0   0   0   0   0
   0   0   0   0   0  25  39   0   0  35   0   0   0   0   0   0   0   0  39   0   0   0   0   0  36   0  41   0   0   0   0  11  11   0   0  48   0   0   0   0   0   0  42   0   0   0   0   0   6  32   0  41   0   0   0   0   0  35   0   0   0  34   0   0   7   3   0   0   0  13   0   0   0   0   0   0  33   0   0  25   0  32  10   0   9
  25   0   0  29  12   0   0   4   3   2  32   0   0   0   0   0  11   0   0   0   0   0   0   0   0   0   0   0   0  29   0   0   0   0  15  47   0   0  19  47   3   0   0   0   0   0   0   0   0   0   0   0   0   0  15  48  18   0   9  36   0   0  34  44   0   0   0  11   0  13   0   0   0   0   0   0   0   0   1   0   0   0  13   0
   0  28   0   0   0   0   0   5   0  35   0   0   0   0   0  20  23   0   4   0   0   0   0   0   2   0   0   0   0  30  15   0   0   0   0   0   0  26   0   0   0  38   0   0   0   0   0   0   0   0   0   0  12   0   0   0   0   0   0  16   0   0   0   0   0  40   3   0   0   0   0   0   0  22   0   0   0   0   0   8   0   0   0
   0   0   0  43   0  44   0  44   0   0  25   0   0   0  32   0   0   0   0  10  41  48   6   0   0   0  10   0   5   0   0   0   0  14   0   0   0   0   0   0  41   0   0   0   0   0  21  34   0   0   0   0   0   0   0  42   0   0   0   0   0  38   0   0   0   0   0   0   0   0  24   0   0   0   0  23   0   0   0   0  47  38
  27   0  45   0   0   0   0   0   0   0   0   0   0   0  24   0   0   0  49   0   0   0  32   0   0  21   0   0   0  14   0   0   0  39  21   0   0   0   0   0   0   0   8  37   0   0   0   0  31   0  25   0   0   0  44   0   0   0   0  19   0   0  39  35   0   0  15  34   0   0   0   0   0   0  30   0  22   0   0   0   0
   0  21  14   0   8   0   0   0   0  25   8  30   0   0  19   0   0   0  39   0   0   0  34   0   5   0   0  30  26   0   0   0   0   0   0   8  41   0   0   0   0   0   0   0   0   0   0  37  22   0   0   0   0   0   0   0  48   7   0  14   0  47   0   0   0   0   0  21   1   1  31   0   0   0   0   0   0   0   0   0
   8  36   0   0   0   0   0   0   1   0   0  27   0   0   0   0   7   0   0   0   0   0   0   0   0   0   0   0   0   0   0   0  48   0  25   0   0   0   0   0   0   0   0   7   0   0   0   0   0  24   0   0   0  18  28   0   0   0  31   0   0   0   0   0   0   0   0  28   0   0   0   0   0   0   0   0   0   0   0
   0   0   0   0  30  22   0   0   0   0  44   0   0   0   0  17   0   0   0  23   0   0   0  32   0   0   0   0   0  25   0   0   0   0   0  18  45  13   0  32   0   0   0   0   0   0   0   0   0   0  48   0   0   0   0  23   0   0   0   0   0  24   0   0   0  10   0   0   0   0   0  12   0  42   0   0  12   0
   0   0   0  31   0   0   0   4   0   0   0   0   0   0   0   0   0   0  29   0   0   0   0   0  20   0   0   0   0   0   4   0  42   8   0   1   0   0   0   0   0   0   0   0  39   0   0   0   0   0   0   0   0   0  15  37   0   0   0   0   0   0   0   0   0   0  49   0  23   0   8   0   0  17  21   4   2
   0  22   0   0  45   0   0   0   0   0   0   0   0   0   0  24  28   0  13  24   0   0  28  40   0  34   0   0   0   6   0  39   0  21  23   0   0   0   0  48  41   0   0  46   0   0   0   0   0   0   0   0   0   0   0   0   4   0  50  47   0   0   4   0   0   0   0   0   0   0   0   0   0   0   0   0
   0  29   0   0   0   0   0   0   0   0  48   0  47   0  38   0   0   0   0  19   0   0   0   0   0   0   0   0   0   3   0  43   0   0   0  49   0   0  22   0   0  33   0  44   0   0   0   0   0   0   0   0   0   0   0   0   0   0   0  10   0   0   0  26   0   0   0   0   0  25  36  47   0  45   0
   0   0   0   0   0   0   0  30   0   5  44   0   0   0  45   0   0   0   0  36   0   0   3   0   0   0   0   0   0  27  12  14   0   0   0  45   0   0  36  25   0   0   0   0   0  19   0   0  26   0   0  44   0   0   0   0   0   0  40  34   0  35   0  35   0   0   0   0   0   0   0   0  40   8
  12   0   0   0   0   0  33  42   0  12   0   0   0   0   0   0   0   0   0  15   0   0  29   0   0  22  44   0   0  40   0   0   0  37   0  49   0   0   0   0  15   0   0   0   0   0  22   7   0   0   0  24   0  40   0   0   0   0   7   0  22   0   0  28   0   0   4   0   0   6   0   0  19
   0   0   0   0   0   0  16   0   0   0   0   0  31   0  25  17   0   0  40  40   0   0   0   0   0  32   0   0  24   0   8   0   0  12  37  17   0   0   0   0  46   0  17   0   0  16   0  24   0   0   0  37   5   0   0   0  14   0   0  43   0  42   5   0   0   0  42   0   0   0   0   0
   0   0   0   0   0  42   0  30   0   0  46   0   0   0   0   0   0  43   0   0   0   0   0   0  23  16   0   0   0   0   0   0   0   0   0   0   0   1   0   0   0  21   0   0  35   0  33   0   0   0  19   0   0  12  28  13   0   0   0   0   0   0   0   0   0   0   0   0  34   0  20
   0   0   0   0   0   0  45   0   0   0   0   0   0  33   0   8   0   0  23   0  45   0   0   0   0   0   0  16   0  29   0  34   0   0   0   0   0  31   0   0   0   0   0   0   0   6   0   0   0   0  46   0   0   0  11   0   0   0   0   0  45   0   0   0  40   0   0   1  45   0
   0   0   0   0   9  41   0   0   0   0   0  21   0   0   0   0  38   0   0   0   0  30   0   0   0   4   0  47   1   0   0   0  40   0   9   0   0  19  10  25   0  38   0  12  38   0  48   0  38   0   0   0   0   0   0  12   4   0  27   0   0   0  30  42   0   0   4   0  40
  43   0   4   0   3  12   3   0  27   0   0  14   0   0   5  35   0   5  48   0  43   0   0   2  26   0   0   0   0  47   0   0   0   0   0   0  41   0   0   0   0   9   0   0   0   0  42  16   0   0   0   0   0   0   0   0  29   0  30   0   0  47  48   0   0   0   0   0
   0   0   0   0   0   0   0  50   0   0   0   0   0   0   0  45   0   1   0   0   0  29   0  15   0   0   0  40   0   0   0   0   0  47   0  23   0   0   0   0   0   0  45   0  15   1   0   0   0   0   0   0  38   0   0  34  31  27   0   0   0  10   0   0   0   0   0
   0   3   0  47   0  15   0   0   0   0  36   0  39   0   0   0   0  25   0   0   0   0   0   0   0   0   0   8   0   0   1  16   0   0   0  28   0   0   0   0   0   0  20   0  24   0   0   0   0   0  31   0   0   0   0   8   0   0  12   0   0   0   0  32   0  48
   0   0   0   0   0   0   0   0  25  45   0   0   0   0   0   1   0   0   0   0   0   0  46   0   0  26   0   0   0   0   0   0   0   0   0   0   0   0   0  49   0   0   0  29   0   0   0  47  27   0   0   0  16   0  10   0  30   0   0   0  11   0   0   0   0
   0   0   0  30   0   0   0   0  47   0   0   0   0   0   0   0   0   0   0   0   0  39   0   0   0   0   0  44   0   0  28   0   0   2   0  48   8  20   0  11  38   0   3  26   0  39  22   0   0   0  43   0   0  23  29  21   0   0   0  12   0  22   0   0
   0   0   0   0   0   0   0   0  32   0  29   0   0   0  33   8   0   0   0  28   0   0  34   0   0   0   0   0   0   0   0  23   0   0  21   0   0   0   0  33  12   0   0  36   0   0  49  46   0   0   0   0  48   0   0  45   3  10  32   0  30   0   0
  17   0   0   0   0   0   9   0   0  43   0   0   0   0   0   0   2   4   0   0   0   0   0   0   0   0   0  49   0   0   0   0   0   0   0   0  16   0   0   0   0  44   0   0   0  45   0   0   0  27   0   0  23   0   0   0   0   0   0   0  40   0
  22  22   0   0   0   0   0   0   0   0   0   0   0   0   0   0   0   0   0   0   0  47   0   0   0  50   0   0   0   0  42   0   0  25   0   0   0   0  14   0  28   0   0   0   0   0   0  46   0   6   0   0  35  30  49   0  47   0   0   0   3
   0   0   0  42   0   0   0   0  16   0   0   0  14   0   0   0   0   0   0   0   0  47   0   0   0   3   0   0   0   0   0   0   0   0   0   0   0   0  22   5   0   0   0   0  31   0  29  29   0  27  40   0   0  48   0   0   0   0   0   0
   0   0   0   0  15  15   0   0   0   0   0   0   0   0   0   0   0   0  24   0   0   0   0   0   0   0   0   0   0  18   0   0   0  27   0   0   0   0   0   0   0   0   0   0  17  37   0   0  12   0   0   0   9  30  28  24   0   0   0
   0   0   0  46   0   0   0   0   0   0   0  17   0   0   0   0   0  39   0   0   0   0   0   0   0   4   0   0  22   0   0   0   0   0   0  17  16   0   6   0   0   0   0   0   0   0  33   0   0   0   0   0  24   0  16   0   0   0
   0   0   0   0   0  27   0   0   0   0   0   0   9   0   0   0  35   0   0   0   0   0   0   0  44   0   0  48   0   0   0  49   0  50   0   0   0   0   0   0   0  10   0  37   0  47   0  49   0   0   0   0   0   0   0   0   0
   0   0   0   0   0   0   0   0   0   0   0   0   0   0   0  12   0   0   0  43   0   0   0   0   0   0   0   8   0   0   0  46   0   0  32   0   0   0   0   0   0   0   0  22   0   0   0  25   0   0   0  26   0   0   0   0
   0   0   0   0   0   0   0  44   0   0   0   0   5   0   0   0   0   0   0   0   0   0   0   0   0   0   0   6   0   0   0   0  26   0   0   0   0   0   0  41   0   0   1   0   0   0  19  35  22   0   0   0   0  43   0
  34   0  49   0  23   0   0   0  11   0   0   0   0   0   0   0  41  48   0   0   0  50   0  29   0  34  44   0   0   0   5   0   0   0   0   0   0   0   0   0   9   0   0   0   0   0   0   0   0   0  21   0   0  44
   0   0   0   0   0  40   0   0   0   0   0  34   0   0   0   0   0  50   0  43   0   0   0  44   0   0   0   0   0   6   0   0   0   0  49  37  29   8   0   0   0  48   0   0   0   0   0   0   0  47   0   0   0
   0  36   0  18   0   0  36   0  44   0   0  47  50  33   0   0  41   0   0   6   0   0  42   0   0  14   0   0   0  42   7   0   0   0   0   0  40   0  18   7   0   0  18   0   0  16   0   0  16   0  48   9
  29   0   0   0   0   0   0   0   0   0   0   0   0  41   0   0   0   0   0   0  30   0   0   0  33   0   0   0   0   0   0   0   0   0   0   0   0   0   0   0  44   0  41  17   0   0   0   0  11   0  43
   0  43  45   0   0   0  35   0  35   0   0  37   0  24   0   0   0   0  10   0   0   0   0   0  28   0   0   0  39   0   4   0   0   0   0  28   0   0   0  47  35   0   0   0   0   0   0   0   0  50
   0   0   0   3   0   0   0  40   0   0  26   0   2   0   0   0  20   0  34  47   0   0   0   0   0   0   0   0   0  22  44   0   0   0   0   0   0   0   0   0   0   0   0   0   0   0  45  19   0
   0  34   0   0   0   0   0  36   0  37   0   0   0   0   0  40   2   0   0  47   0   0   0   0   0   0  46   6   0   0  27  41  36   0   0   0   0   0   0  19   0  46   0   0   0   0  30   0
   0   0   0  10   0   0  36   0  44   0   0   0   0   0   0   0   0   0   0  30   0  24   0   0   0   7   0   0   0   6  33   0   0   0   0   0   0   0   0   0   0   0  41   0   9   0   0
   0   0   6   0   0   0   0   0   0  10  38   0  39   0   6   2   0   0  17   0   0  33   0   0   0   0   4  10   0   0  43   0   7   0  39  12   0  49   0   0   0   0  47   0   0   0
  29   0  29   0   0   0   0   6   0   0  47   0   0   0   4   0   0   0   0   0   0   0   0   0  15   0   0   0   0   0   0   0   8   0  44  37  13   0   0   0   1   0   0   0   0
   0  36   0   0  28  27   0   0   0   0   0   0   0   0   0  29   0   0   0  43   0   0   0   0   0  15   0  19   0   0  37   0   0   0  12   0  12  28   0   0   0  39   0   0
   0   5   0   0   0  31   0   0   0   0   0   0   0   0   0   0   0   0   0   0   9   0   0   0   0  39   0   0   0   0   0   0  14   0  32   0   0  13  11   0  40   0   0
   0   0  13   0   0   0   0   0   0   0   0   0   0   0  14   0   0  47   0   0   0   0   0   0  12   0   0   0  38  30   0   0   0   0   0   0   0   0   2  43   0   0
   0   0   0   0   0   0   0  12   0   9   0   0  41  25   0   0   0   0   0   5   0   0   0   0  18   0   0  14  20   0   0   0   0   0   0   0  35   0   0   0   0
  18   0  30   0   0  20   0   0   0   0  13  39   0   0   0  47   0   0   0   0  33   0   0   0   0  15   0   0   0   0   0   0   0   0   0   0  11  33   0   0
   0   0   0  46   0   0   0   0  27   0  20   0   0   0   0   0  33   0   0   0  42   0   0   0  17   0  26   0   0   0  37   0   0   0   0   0  48   0   0
   0   0  48   0   0   0  49   0  30   0   0  34   0   0   0   4   8   6   0  38   5   0   0  14   0   0   0  27  35   0   0  30   6   0   0   0   9   0
  47   0  33   1   0   0   0   0   0  33   0  29   0   0   0   0  10   0   0   0   0   0   0  45   0   0   0  28   0   0  36   0   0  47   0   0   0
   0   0   0   0   0  23   0   0   0  31  35  27   0   0   0   0   0   0  20   0   0   0  48   0   0  11   0  13   0   0  24   0   0   0   0   0
  14  33   0   0  25  23   7   0   0   0   0   0  38  28   0   0   0  38   0   0  26   0   0   0   0   0   0  37   0   0   0   0   0   0  38
  41   0  48  19  24  21   0   0   0   0   0   0   0   0   0   0   0   0  32   0   0   0   0   0   0   0   0   3  26   0   0   0   0   0
   0  26  25   0   0  50   6  25   0   0   0   0   0   0   0   0   0   0   0   0  46  26   0   0   0   0  16   0  36   0   0   0   0
   0   0  26  12   0  22   0   0   0   0   0   0   0   0  15   0   0   0   0   0  24   1   0  28   0   6   0   0   0   0  40   0
   0   0   0   0  20   0  21   0   0   0  28   0   0   0   0   0   0   8   0  50   0   2   0   0  49   9   0   0   0   0   0
   0   0   0   0   0   0   7   0   0  18  13   0   0  27   8   0   0  30   0   0   0   0   0   0   0   0   1   0   0  33
   0   0   0   0   0  46  22  12   0   0   0   0   0   0   0   0   0  41  14   0   0   0   0   0   0   0   0   0   0
   0   0  21   0   0  23  36   0   0   0  30   0   0  23   0   0   0   0   0  44  19  40   7   4   0   0   0   0
   8  48   0   0   0   0   0   0   0   0   0   0  26  22   0   0   0   0   0   0   0   0   0   0   0   0   0
   0   0   0   0   0  12   5   0   0   0   0  14   0   0   0   0   0   0   0  20   0   0   0  40   0   0
   0  40   0   0   0   0   0   0   0   0   0  28   0  13   0   0   0  31   0   0   0   0   0   0   0
   0   0   0   0   0   0   8   0   0   0   0   0   0   0  15   0   0  23   0   0   0   0   0   0
   0   0  34   0   0   0   0   0   0  30   0   0  39   0  27   0   0   0   0   0  21   0   0
   0   0   9  20   0   0   0  22   0   0  11   0   0   0   0   0   0   0  12   0   0   0
  49   0   0   0   1   0   0  16   0   0  34   0  33   0   0  46   0   0   0   0   0
   0  27   0   0  20   0   0   9   0  37  21   0   0   0   0   0   0   0   0   0
   0  12   0   0   4   0  36  43   0  21  44   0   0   0   0   0   0  19  14
   0  31   0   0   0   0   0   0  34   0   0   0  36  14   0  32   0   0
   0   0   0   0   0   0   0   0   0  30  34   0   0  37   0   0  48
   0   0   0   0   6   0   0  36   0   0   0   0   0   0   0   0
   0  33   0   0   0   0   0   0   0   0   0   7   0   0   0
   0   0   0   0   9   0   0  26   0   0   4   0   0   0
   0   0   0   0   0   0   0   0   0   0   0   0   0
   0   0   0   0   0   0   0  37   0   0  13   0
   0  39   0   0   0  16   0   2  34   0  44
   0   0  21   0   0   0   0   6   0   0
   2   0   9   0   0   0   0   0   0
   0   2   0   1   0   0   0   0
   0   0   0   0   0  16  21
   0   0   0   0   0   0
  12   0  43   0   0
   0  43   0  44
   0   0   0
   0   0
   0

 314
  23  12  17   7   1   8  18  11   6   7  20  21  10   2   3  18  19  13   6  19  16  23  15  22  10  11   6   6  14   8  10  10  17  20   5   8   2  22   9   7  21   7   4   9   2   8   2  20   6  19   6  22  23  11  23   3   6   8  10   6   1  10  16  17   3  11  17   8  18   1  21  18  24   7   7  17   6  19  20  24   3   8  22  16   9   8  13  14  22   1  21  25   6  21  25   2  11  12  19  11  21  20   1   5   5   1  17  12   9  24   3  17   2  21  20   2   4  17  20  23
