 120 
   0   3   0   0   0   0  30   0   0   0   0   0  47   0   0   0   0   0   0   0   0   0   0   0   0   0   0   0   0   0   0  26   0   0   0   0   0   0   0   0   0   0   0   0  21   0  27  35   0   0   0   0   0   0   0   0   0   0   0   0  34   0   0   0   0   0   0  25   0   0   0   0   0   0   0   0   0   0   0   0   0   0  14   0   0   0   0   0   0   0   0   0   0   0   0   0   0   0   0   0   0   0   0   0  18   0   0   0   0   0   0   0   0   0   0   0   0   0   0   0
   0  33  22   0   0   0   0   0   0   0   0   0   0   4   0  44   0   0   0   0   0   0   0   0   0   0   0  25   0   0   0   0  24   0   0   0   0   0   0   0   0   0  37   0   0   0  38   0   0   0   0   0   0   0   0   0   0   0   0   0   0   0   0  45   0   0  16   0  25   0   0   0   0   0   0  27   0   0   0   0   0   0   6   0   0   0   0   0   0   0   0  44   0   0   0   0   0   0   0   0   0   0   0   0   0   0   0   0   0   0   0  16   0   0   0   0   0   0   0
   0   0   0  39   0   0   0  50   0   0   0   0   6   0   0   0   0   0   0   0   0   0   0  15   0   0   0   0   0   0   0   0   0   0   0   0   0   0   0   0   0   0   0   0   0   0   0   0   0   0   0  43   0  45   0  24   0   0   0   0   0   0   0   0   0   0   0   0   0   0   0   0   0   0   0   0   0   0   0   0   0   0  47   0   0   0  21   0   0   0   0   0   0   0   0   0   0   0   0   0   0   0   0   0   0   0   0   0   0   0   0   0   0   0   0   0   0   0
  32   0   0   0   0   0   0   0   0   0   0   0   0   0   0   0   0   0   0   0   0   0   0   0  31   0   0   0  20   0   0   0   0   0  10   0   0   0   0   0   9  28   0   0   0   0   7   0   0  50   0   0   0   0   0   0   0  38   0   0   0   0   0   0  38   0   0   0   0   0   0   0   0   0   0   0   0   0   0   0   0   0   0   0   0   0   0   0   0  25   0   0   0   0   0   5   0   0  50   0   0   0   0   0   0   0   0  31   0   6   0   0   0   0   0   0   0
   0   0   0   0   0   0   0   0   0   0   0   0   4   0   0   0   0   0   0   0   0   0   0   0   0   0   0   0   0   0   0   0   0   0  49   0   0   0   0   0   0   0   0   0   0   0   0   0   4   0   0   0   0   0   0   5   0   0   0  13   0   0   0   0   0   0   0   0   0   0   0  34   0   0   0   0   0   0   0   0   0   0   0   0   0   0   0  42   0   0   0   0   0   0   0   0   0   0   0   0   0   0   0   0   0  44   0   0   0   0   0   0   0  13  28   0
   0   0   0   0   0   0   0   0   0   0   0   0   0   0   0  50   0   0   0   0   0   0   0   0   0   0   0   0   0   0   0   0   0   0   0   0  22   0   0   0   0   0  49   0   0   0  24   0   0   0  40   0   0   0   0   0  38   0   0   0   0   0   0   0   0   0  47   0  50   0   0   0   0   0   0   0   0   0   0   0   0   0   0   0   0   0   0   0   0   0   5   0   0   0   0   0   0   0   0   0   0   0   0   0   0   0   0   0   0   0   0   0   0   0   0
   0   0   0   0   0   0   0   0   0   0   0   0   0   0   0   0   0   0   0   0   0   0   0   0  41   0   0  28   0   0   0   0   0   0   0   0   0   0   0   0   0   0   0   0   0   0  22   0   0   0   0   0   0   0   0   0   0   0   0   0   0   0   0   0   0   0   0   0   0   0   0   0   0   0   0  25   0   0   0   0   0   0   0   0   0   0   0   0   0   0   0   0   0   0  33   0   0   0   0  22   0   0   0   0   0   0   0   0  37   0   0   0   0   0
   0   0   0   0   0   0   0   0   0   0   5   0   0   0   0   0   0   0   0   0   0   0   0   0   0   0   0   0   0   0   0   0   6   0   0   0   0   0   0   0   0   0   0   0   0   0   0   0   0   0   0   0   0   0   0   0  49   0   0   0   0   0   0   0   0   0   0   0   0   0   0   0   0   0   0   0   0   1   0   0   0   0   0   0   0   1   0   0   0  36   0   0   0   0   0   0   0   0   0   0   0   0   0   0   7   0   0   0   0   0   0   0   0
   0   0   0   0  22   0   0   0   0   0   0   0   0  50   0   0   0   0   0   7   0   0   0  15   0   0   0   0   0   0   0   0   0   0  45   0   0   0   0   0   0   0  34   0   0  10   0   0   0   0  47   0   0   0   0   0   0   0   0  27   0   0   0   0   0   0   0   0   0   0   0   0   0   0   0   0   0   0   0  13   0   0   0   0  43   0   0   0   0   0   0   0   0   7   0   0   0   0   0   0   0   0   0   0   0   0   0  30   0   0   0   0
   0   0   0   0  21   0   0   0   0   0  16   0   0  39  49   0   2   0   0   0   0   0   0   0   0   0   0  32   0   0   0   0   0   0   0   0   0   0  46   0   0  39   4   0   0   0  38   0   0   0   0   0   0   0   0   0   0   0   0  40   0   0   0   0   0   0   0   0   0   0   0   0   0   0   0   0   0   0   0   0   0   0   0   0   0   0   0   0   0   0   0  16   0   0   0   0   0   0  25   0   0   0   0   0   0   0   0   0   0  28   0
   0   0   0   0   0   0   0   0   0   0   0   0   0   0   0   0   0   0   0   0   0  33   0   0   0   2   0   0   0   0   0   0   0   0   0   0   0   0   0   0   0   0   0   0  33   0   0   0   0   0   0   0   0   0   0   0   0  47   0  42   0   0   0  13   0   0  16   0   0   0   0   0   0   0  28   0  31   0   0   0   0   0   0   0   0   0   0   0   0   0   0   0   0   0   0   0   0   0  28  26   0   0   0   0   0   0  34  35   0   0
   0   0  20   0   0   0   0   0   1   0   0   0   0   0   0   0   0   0   0   0   0   0   0   0   0   0   0   0   0   0   0   0   0   0   0   0   0   0  34   0   4   0  13   0   0   0   0   0   0   0   0   0   0  27   0   0   0   0   0   0   0   0   0   0   0   0   0   0   0   0   0   0   0   0   0   0   0   0   0   0   0   0   0   0   0   0   0   0  50   0   0   0   0   0   0   0   0   0   0   0   0   0   0   9   0   0   0   0   0
   0   0   0   0   0   0   0   0   0   0   0   0   0   0   0   0   1  20   0   1   0   0   0   0   0   0  21   0   0   0   0   0   0   0   0   0   0   0   0   0   0   0   0   0   0   0   0   0   0   0   0   0   0   0   0   0   0   0   0   0   0   0  42   0   0   0   0   0   0   0   0   9   0   0   0   0   0   0   0   0   0   0   0   0  40   0   0   0   0   0   0   0   0   0   0   0  40   0   0   0   0   0   0   0   0   0   0   0
   0   0   0   0   0   0   0   0   0   0   0   0   0   0   0  17   0   0   0   0  14   0   0   0   0   0   0   0   0   0   0   0  32  14   0   0   0   0  40   0   0   0   0   0   0   0   0   8  32   0   0   0   0   0  24   0   0   0  30   0   0   0  36   0   0   0   0   0  36   0   0   0   0   0   0   0   0   0   0   0   0   0  33   0   0   0   0  11   0   0   9   0   0   0  21   0   0   0   0   0   0   0   0   0   0   0   0
  48   0   0   0   3   0   0   0   0   0  32  36   0   0   0   0   0   0   0   0   0   0   0   0   0   0   0   0   0   0   0   0   0  32   0   0   0  32  20   0   0   0   0   0   0   0   0   0   0   0   0   0   0   0  19   0   0   0   0   0   0   0   0   0   0   0   0   0   0   0  49   0   0   0   1   0   0   0  23   0   0   0   0   0   0   0   0   0   0   0   0   0   0   0   0   0   0   0   0   0   0   0   0   0   0   0
  29   3   0   0   0   8   0   0   0   0   0   0   0  13   0   0   0   0   0   0   0   0   0   0   0   0   0   0   0   0   0   0   0   0   0   0   0   0   0   0   0   0   0  47  32   0   0   0   0   0   0   0   0   0   0   0   0   0   0   0  12   0   0   0   0   0   0   0   0   0   0   0   0   0   0   0   0   0   0   0  46  23   0  16   0   0   0  46   0   0  49   0   0   0   0   0   0   0   0   0   0   0   0   0   0
   0  33   8  26   0   0   0   0   0   0   0   0  50   0  18   0   0   0   0   0   0   0   0  25   0   0   0   0   0   0   0   0   0   0   0   0   0   0  19   0   0   0   0   0   0  25   0   0   0   0   0   0   0   0   0   0   0   0  35   0   0   0   0   0   0   0   0   0   0  27   0   0   0   0   0   0   0   0   0   0   0   0   0   0  34   0   0   0   0   0   0   0   0   0   0   0   0   0  32   0   0   0   0  48
   0   0   0   0   0   0   0   0   0   0   0   0   0   0   0   0   0   0   0   0   0   0   0   0   0   0   0   0   0   0   0   0   0   0  39   0   0   6   0   0   0   0   0   0   0   0   4   0   0   0   0   0   0   0   0   0   0   0   0  34  19   0   0   0   0   0   0   0   0   0   0   0  46   0   0   0   0   0  33   0   0   0   0   0   0   0   0   0   0   0   0   0  23   0   0   0   0   0  41   0   0   0   0
   0   0   0   0   0   0   0   0   0   0   0   0   0   0   0   0   0   0   0   0   0   0   0   0   0   0   0   0   0   0   0   0  48   0   0   0   0  15   0   0   0  27   0   0   0   0   0   0   0   0   0   0   0   0   0   0   0   0   0   0   0  40   0   0   0   0   0   0   0   0   0   0   0   0   0   0   0   0   0   0   7   0   0   0  29   0   0   0  44   0   0   0   0   0   0   0   8   0   0   0  27   0
   0   0   0   0   0   0   0   0   0   0   0   0   0  14   0   0   0   0   0   0   0   0   0   0   0   0   0   0   0  34   0   0   0   0   0   0   0   0  38  39   0   0   0   0  22   0  43   0   0   0  13   0   0   0   0   0  25  46   0   0   0   0   0   0   0   0   0   0   0   0   0  47   0   0   0   0  23   0   0   0   0   0   0   0   0   0   0   0   0   0   0   0   0   0   0   0   0   0   0   0   0
   0   0   0   0   0   0   0   0   0   0  17   0   0  40   0   0   0   0   0   0   0   0   0   0   0   0   0   0   0   0   0   0   0   0   0   0   0   0   0   0   0   0   0  27   0   0   0   0   0   0   0   0   0   0   0   0   0   0   0   0   0   0   0   0   0   0   0   0   0   0   1  44   0   0   0   0   0   0   0   0   0  48   0   0   0   0   0   0   0  18   0   0   0  44   0   0   3   0   0   0
   0   0   0   0   0   0   0   0   0   0   0   0   0   0   0   0  23   0   0   0   0   0   0   0   0   0   0   0   0   0   0   0   0   0   0   0   0   0   0   0   0   0  21   0   0   0   0   0  13  13   0   0   0   0   0  17   0   0   0   0   0   0   0   0   0   0   0   0   0   0   0   0   0  34   0   0   0   0   0   0   0   0   0   0   0   0   0   0   0   0   0   0   0   0   0   0   0  10   0
   0  13   0   0   0  23  18   0   0   0   0   0   0   0   0   0  31   0   0   0   0   0   0   0   0   0   0   0  48   0   0   0   0   0   0   0   0   0   0   0   0   0   0   0   0   0   0   0   0   0   0   0   0   0   0   0   0   0   0   0   0   0   0   0   0   0   0   0  27   0   0   0   0   0   2   0   0   0   0   0   0   0   0   0   0   0   0   0   0   0   0   0   0   0   0   0   0   0
   0   0   0   0   0   0   0   0   0  41   0   0   0   0   0   0   0   0   0   0   0   0   0   0   0   0   0   0   0   0   0   0   0   0   0   0   0   0   0   0   0   0   0   0  31  49   0  35   0  44   0   0   0   0   0   0   0   0  14   0   0   0   0   0   0   0   0   0  22   0   0   0   0   0  38   0   0   0   0   0   0   0   0   0   0   0  25   0   0   0   0  17   0   0   0   0   0
   0   0   0   0  37  11   0   0   0   0   0   0   0   0   0   0   0   0   0   0   0   0   0   0  19   0   0   0   0   0   0  49   0   0   0   0   0   0   0   0   0  25   0   0   0   0   0   0   0   0   0   0   0   0   0   0   0  19   0   0   0   0  37   0   0   0  26   0   0   0   0   0   0   0   0   0   0   0   0   0   0  10   0   0   0  30   0   0   0   0  29   0   0   0   0   0
   0   0   0  39   0   0   0   0   0  16   0   0   0   0   0   0   0   0   0   0   0   0   0   0  29   0   0   0   0   0   0   0   0   0   0   1   0   0   0   0   0   0   0   0   0   0   0   7   0   0   0   0   0   0   0   0   0   0   0   0   0   0   0   0   0   0   0   0   0   0   0   0   0   0  35  32   0   0   0   0   0  43   0   0   0   0   0   0   0   0   0   0   9   0   0
   0   0   0   0   0   0   0   0   0  29   0   0   0   0   0   0   0   0   0   0   0  46   0   0   0   0   0   0   0   0   0   0  21   0   0   0   0   0   0   0   0   0   0   0   0   0   0   0   0   0   0   0   0   0   0  25   0   0  38   0  21   0   0   0  28   0   0   0   0   0   0   0   0   0   0  26   0   0  13   0   0   0   0   0   0   0   0   0   0   0   0   0   0   0
   0   0   0   0  16   0   0   0   0   0   0   0   0   0   0   0   0  13   0   0   0   0  48   0   0   0   0   0   0   0   0   0   0   0   0   0   0   0   0   0   0   0   0   0   0   0   0   0   0   0   0   0   0   0   0   0   0   0   0   0   0  31   0   9   0   0   2   0  21   0   0   0   0   0   0   0   0   0   0   0   0   0   0   0   0   9  34   0   0  40   0   0   0
   0  18   0   0  32   0   0   0   0   0  32   0   0   0   0   0  46   0   0   0   0   0   0   0   0   0   0   0   0   0   0   0   0   0   0   0  28   0   0   0   0   0   0   0   0   0   0   0   0   0   0   0   0   0   0   0   0   0   0   0   0   0   0   0   0   0   0   0   0   0   0   0   0   0  21   0   0   0   0   0   0   0   0   0   0   0   0   0   0   0   0   0
   0   0   0   0   0   0   0   0   0   0   0   0   0   0   0   0   0   0   0   0   0   0   0   0   0   0   0   0   0   0   0   0   0   0   0   0   0   0   0   0  45   0   0   0   0   0   0   0   0   0   0   0   0   0   0  50   0  18   0   0   0   0  17   0   0   0   0   0   0   0   0   0  49   0   0   0  25   0   0   0   0   0   0   0  17   8   0   0   0   0   0
   0   0   0   0   0  17  28   0   0   0   0   0   0   0   0   0   0   0   0   0   0   0   0   0   0   0   0   0   0   0   0   0   0   0   8   0   0   0   0   0   0   0   0   0   0   0   0   0   0   0   0   0   0   0   0   0   0   0   0   0   0   0   0   0   0   0   0   0   0   0  17   0   0   0   0   0   0   0   0   0   0   0  33   0   0   0  47   0   0   0
   0   0   0   0   0   0   0   0   0   0   0   0  38   0   0   0   0   0   0   0   0   0  10   0   0   0   0   0   0   0  17   0   0   0   0   0   0   0   0   0   0   0   0   0   0   0  15   0   0   8   0   4  21   0   5   0   0  20   0   0   0   0  39   0   0   2  38   0   0   0   0   0   0   0   0   0   0  41  32   0   0   0   0  22  37   0   0   0   0
   0   0   0  35   0   0   0   0   0   0   0   0   0   0   0   0   0   0   0   0   0   0   0   0   0   0   0   0   0   0   0   0   0   0  40   0   0   0   0   0   0   0   0   0   0   0   0   0  24   0   0   0   0   0   0   0   0   0   0   0   0   0  42  37   0   0   0   0   0   0   0  16   0   0  23   0  42   0   0   0   0   0   0   0   0   0   0   0
  14   0  44   0   0   0   0   0  34   0   0   0   0   0   0   0   0   0  19   0   0   0   0   0   5   0   0   0   0   0   0  10   0  48   0  50   0  10  15   0   0   0   0   0   0   4   0   0   0   0   0   0   0  42   0   0   0  30  23   0  23   0   0   0   0   0   0   0   0   0   0   0   0   0  48   0   0   0   0   0   0   0   0   0   0   0   0
   0   0   0   0   0   0  18   0   0   0   0  40   0   0   0   0   0   0   0   0   0   0   0   0   0   0   0   0   0   0   0  18   0   0   0   0  30  35   0   0   0   0   0  13   0   0   0   0   0   0   0   0  40   0   0   0   0   0   0  35   0  19   0   0   0   0   0   0   0   0   0   0   0   0   0   0   0   0   0   0   0   0   0   0   4   0
   0   0   0   0   0   0   0   0   0   0   0   0   0   0   0   0   0   0  43   0   0   0   0   0   0   0   0   0   0   0   0   0  26   0   0   0  33   0   0   0   0   0   0   0   0   0   0   0   0   0   0   0   0   0   0   0   0   0   0   0  14  50   0   0   0   0  32   0   0   0   0   0   0  11   0   0   0   0   0   0   0   0   0   0   0
   0   0  24   0   0  31   0   0   0   0   0   0   0   0   0   0   0   0   0  12   0   0   0   0   0   0   0   0   0   0   0   0   0   0   0   0   0   0   0   0   0   0   0   0   0   0  42   0   0   0   0   0  35   0   0  37   0   0   0   0   0   0  34   0   0   0   0   0  15   0   0   0  27   0   0   0   0   0   0   0   0   0   0   0
   0   0   0   0   0   0   0   2  38   0   0   0   0   0   0   0   0   0   0   0   0   0   0   0   0   0   0   0   0   0  39   0   0   0   0   0   0   0   0   0  23  35   0   0   0   0   0   0   0   0   0   0   0   0   0   0   0   0   0  47   0  46   0   0   0   0   0   0   0   0   0   0   0   0   0   0   0   0   0   0   0   0   0
   0   0   0   0   0   0   0   0   0   0   0   0   0   0   0   0   0   0   0   0  33   0   0   0   0   0   0   0  50   0   0   0   0   0   0   0  30   0   0   0  14   0   0   0   0   0   0   0   0   0   0   0   0   0   0   0   0   0   0   0   0   0   9   0   0  43   0  19   0   0   0   0   0   0  38   0   0   0   0   0   0   0
   0   0   9   0   0   0   0   0   0   0   0   0   0   0   0   0   0   0   0   0   0   0   0   0   0   0   0   0   0   0  17   0  11   0   0   0   0   0   0   0   0   0   0   0   0  40   0   0  12   0   0   0   0   0   0   0   0   0   0   0   0   0   0   0   0   0   0   0   0   0   0   0   0   0   0   0   0   0   0   0   0
   0   0   0   0   0   0   0   0   0   0   0   0   0   0   0   0   0   0   0   0   0   0   0   0   0   0   0   0   0   0   0   0   0   0   0   0   0   0   0   0   0   0   0   0   0   0   0   0   0   0   0   0   0   0   0   0   0   0   0   0   0  36   0   0   0   0   0   0  17  33   0   0  50   0   0   0   0   0   0   0
   0   0   0   0   0   0   0   0   0   0   0   0   0  42   0   0   0  18   0   0   0   0   0   6   0   0   0   0   0   0   0   0   0   0   0   0   0   0   0   0   0   0   0   0   0   0   0   0   0   0   0   0   0   0   0   0   0   0   0  33  43   0   0   0   0   0   0   0  13   0   0   3   0   0   0   0   0   0   0
   0   0   0   0  32   0   0   0   0   0   0   0   0   0   0   0   0   0   7   0   0   0   0   0   0   0   0   0   0   0   0   0   0   0   0   0   0   0   0   0   0   0   0   0  39   0   0   0   0   0  14   0   0  49   0   0   0   0   0   0   0   0   0  25   0   0   7   0   0   0   0   0   0   0   0   0   0   0
   0   0   0   0   0   0   0   0   0  49   0   0   0   0   0   0   0   0   0   0   0   0   0   0   0   0   0  22   0   0   0   0   0  40   0  46   0   2   0   0   0   0   0   0   0   0   0   0   0   0   0   0   0   0   0   0   0   0   0   0   0   0   0  39   0   7   0   0   0   0   0   0   0   0   0  49   0
   0   0   0   0   0   0   0   0   0   0   0   0   0   0   0   0   0   0   0   0   0   0   0   0   0   0   0  19   0   0   0   0  35   0   0   0   0   0   0   0   0   0  25   0   0   0   0   0   0   0   0   0   0   0   0   0   0  45   0   0   0  40   0  42   0   0   0   0   0   0   0   0   0   0   0   0
   0   0   0   0   0   0   0   0   0   0   0   0  23   0   0   0   0   0   0   0   0   0   0   0   0   0   0   0   0   0   0   0   0   0   0   0   0   0   0   0   0  19  20   0   0   0   0   0   0   0   0   0   0   0   0   0   0   0   0   0   0   0   0  41   0   0   0   0   0   0   0   0   0   0   0
   0   0  50   0   0   0   0   0   0   0   0   0   0   0   0   0   0   0   0   0   0   0   0   0   0   0   0   0   0   0   0   0   0   0   0  16   0   0   0   0   0   0   0   0   0   0   0   0   0   0   0   0   0   0   0   9   0   0   0   9   0   0   0   0   0   0   0   0   0   0   0   0   0  43
   0   0   0  30   0   0   0   0   0   0   0   0   0   0   0   0   0   0   0   0   0   0   0   0   0   0   0   0   0   0   0  18   0   0   0   0   0   0  15   0   0   0   0  19   0   0   0   0   0   0   0   0   0   0   0   0   0   0   0   0   0   0   0   0   0   0   0   0   0   0   0   0   0
   0   0   0   0   0   0   0   0   0   0  50   0   0   8   0   0   0   0   0   0   0   0   0   0   0   0   0   0   0   0   0   0   0  39   0   0   0   0   0   0   0  21   0  48   0   0  21   0   0   7   0   0   0   0   0   0   0   0   0   0   0   0   0   0   0  47   0   0   0   0   0   0
   0   0   0   0   0   0   0   0   0   0   0   0   0   0   0   0   0   0   0   0   0   0   0  49   0   0   0   0   0   0   0   0   0   0   0   0   0   0   0   0   0   0   0   0   0   0  13   0   0   0  28   0   0   0   0  29   0   0   0  41   0   0   0   0   0   0   0   0   0   0   0
  36   0   0   0   0   0   0   0   0   0   0   0   4   0   0   0   0   0   0   0   7   0   0   0  45   0   0  47   0   0   0   0   0  33   0   0   0   0   0   0   0   0   0   0   0   0   0  18   0   0   0   0   0   0   0   0   0   0   0   8   0   0   0   0   0   0   0   0   0   0
   0   0  34   0   0   0   0   0  36   0   0   0   0   0   0   0   0   0   0   0   0   0  47   0   0   0   0   0   0   0   0   0   0  25   0   0   0   0   0   0   0   0   0   0   0   0   0   0   0   0   0   0   0   0  21   0   0   0   0   0   0  11   0   0   0   0   0   0   0
   0   0   0   0   0  19   0   0   0   0   0   0   0   0   0   2   0   0   0   0   0   0   0   0  41   0   0   0  32   0   0   0   0   0   0  25   0   0   0   0   0   0   0   0   0   0   0   0   0   0   0   0   0   0  22   0   0  45  40   0   0  19   0   0   0   0   0   0
   0   0   4   0   0   0   0  37   0   0   0   0   0   0   0   0   0   0   0   0   0   0   0   5   0  15   0   0   0   0   0   0   0   0  15   0   0   0   0   0   0   0   0  18   0   0   0   0   0   0   0  33   0   0  31   0   0   0   0  13   8   0   0   0   0   0   0
   0  16   0   0   0   0   0  38   0  45  47   0   0   0   0   0   0   0   0   0   0   0   0   0   0   0   0   0   0   0   0  24   0   0   0   0   0   0   0   0   0   0   0   0   0   0   0   0   0   0   0   0  15   0   0   0   0   0  16  41   0   0   0   0   0   0
   0   0   0   0   0   0   0   0   0   0   0   0   0   0   0   0   0   0   0   8   0   0   0   0   0   0   0  22   0   0   0   0   0   0   0   0   0   0   0   0  37   0  46   0   0   0   0   0   0   0   0   0   0   0   0   0   0   0   0   0   0   0   0   0   0
   0   0  24   0   0   0   2   0   0  17   0   0   0  36   0   0   0   0   0   0   0   0   0   0  23   0   0   0   0   0   0   0   0   0   0  21   0  20   0   0   0   0   0   0  27   0   0   0   0   0   0   0   0   0   0   0   0   0   0   0   0   0   0   0
   0   0   0   0  36   0   0   0   0   0   0   0   0   0   0   0   0   0   0   0  17   0   0   0   0   0   0   0   0   1   0   0   0   0   0   0   0   0   0   0   0   0   0   0  37   0   0   0   0   0  32   4   0   0  39   0   0   0   0   0  24   0   0
   0   0   0   0  28   0   0   0   0   0   0   0   0  25   0   0   0   0   0   0  29   0   0   0   0   0   0   0   0   0   0   0   0   0  42   0   0   0   0   0  48   0   0   0   0   0   0   0   0   0   0   0   0   0   0   0   0   0   0   0   0   3
   0  41   0   0   0   0   0   0   0   0   0   0   0   0   0   0   0   0   0   0   0   0   0   0  26   0   0   0   0   0   0   0   0   0   0   0   0   0   0   0   0   0   0   0  44   0   0   0   0  11   0   0   3   0  12   0   0   0   0   0   0
   0   0  30   0   0   0   0   0   0   0   0   0   0   0   0   0   0  41  49   0  44   0   0  21   0   0   0   0   0   0   0   0   0   0   0   0   0   0   0   0   0   0   0   0   0  26   0   0   0   0   0   0  25   0  23   0   0   0   0   0
   0  19   0   0   0   0   0   0   0   0   0   0  24   0   0   0   0   0   0   0   0   0   0   0   0   0   0   0   0   0   0   0   0   0   0   0   0   0   0   0   0   0   0   0   0  10   0   0   0   0   0   0   0   0   0   0   0  29   0
   0   0   0   0   0   0   0   0   0   0   0   0   0  26  44   0   0   0   0   0   0   0   0   0   0   0   0   0  47   0   0   0   0   0   0   0   0   0   0   0   0   0   0   0   0   0   0   0   0   0   0   0   0   4  24   0   0   0
   0   0   0   0   0  20   0   0   0   0  47   0   0   0   0   0   0   0   0   0   0   0   0   0   0   0   0   0   0   0   0   0   0   0  50  50   0   0   0   8   0   0   0   0   0   0   0   0   0   0   0   0   0   0   0   0   0
   0   0   0  34   0   0   0   0  43   0   2   0   0   0   9   0   0   0   0   0  11   0   0   0   2   6   0   0   0   0   0   0   0   0   0   0  39   0   0   0   0   0   0   0   0   0   0   0   0   0   0   0   0  41   0  48
   0   0   0   0   0   0   0   0   0   0   7   0   0   0   0   0   0   0   0   0   0   0   0   0   0   0   0   0   0  21   0   0   0   0   0  25   0   0   0  36   0   0   0   0   0  30   0   0   0   0   0   0   0  23   0
   0   0   0   0   0   0   0   0   0   0   7  36   0   0   0   0   0   0   0  25   0   0   0   0   0   0   0   0   0   0   0   0   0   0   0   0   0   0  38   0   0   0   0   0   0   0   0   0   0   0   0   0   0   0
  13   2   0   0   0   0   0   0   3   0   0   0   0   0   0   0   0   0   0   0   0   0   0   0   0   0  32   0   0   0   0   0   0   0   0   0   0   0   0  50  29   0   0   0   0   0   0   0   0   0   0   0   0
   2  13   0   0   0   0   0   0   0   0   0   0   0  10   0  13   0  14   0   0   0   0   0   0   0   0   0   0   0  28   0   0   0   0   0   0   0   0   0   0   0   0   0   0   0  26   0   0   0   0   0   0
   0   0   0   0   0   0   0  16   0   0   0   0   0   0   6   0   0   0   0   0   0   0   0   0   0   0   0  40   0   0   0   0  26   0   0   0   0   0  49   0   0   0   0   0   0   0   0   0  20   0   0
   0  12   0   0   0   0   0   0   0   0   0   0   0   0   0   0   0   0   0   0   0   0   0  24   4   0   0   0   0   0   0   0   0   0   0   0   0   0   0   0   0   0   0   0   0   0   0   0   0   0
   0   0   0   0   0   0   0  17   0   0   0   0   0   0   0   0   0   0   0  12   0  12   0   0   0   0   0   0  30   0   0   0   0   0   0   0   0  24   0   0   0   0   0   0   0   0   0   0   0
  39   0   0   0   0   0   0   0   0   0   0   0   0   0   0   0   0   0   0   0  33   0   0  31   0  20   5   0   0  27   0   0  35   0   0  10   0   0   0  12   0   0   0  49   0   0   9   0
   0   0   0   0   0  30   0   0   0   0   0   0   0   0   0   0   0   0   0   0   0   0   0   0   0   0   0   0   0   0   0   0  12   0   0   0   0  17   0   0   0   0  13   0   0   0   0
   0   0   0   0   0   0   0  46   0   0   0   0   0   0  26   0   0   0  37   0   0   0   0   0  18   0  42   0   0   0   0   0   0   0   0   0   0   0   0   0   0   0   0   0   0   0
   0   3   0   8   0   0   0   0   0   0  48   0   0   0   0   0   0   0  37   0   0   0   0   0  22  37   0   0   0  22   0   0   0   0   0   0   0   0   0   0   0   0   0   0   0
   0   0   0  27   0   0   0   0   0   0   0   0   0   0   0  21   0  29   0   0   0  50   0   0   0   3  30   0   0  35   0   0   0   0   0   0   0   0   0   0   0  45   0   0
   0   0   0   0   0   0   0   0   0   0   0   0   0   0   0   0   0   0   0   0  24   0   0   0   0   0   0   0   0   0   0  49   0   0   0   0   0   0   0   0   0   0   6
   0   0   0   0   0   0   0   0   0   0   0   0   0   0   0   0   0   0  43   0   0   7   0   0   0   0   0   0   0   0   0   0   0   0   0   0   0   0   0   0   0   1
   0   0   0   0   0   0   0   0   0   0   0   0   0   0   0   0   0   0   0   0   0   0   0   0   0   0   0   0  35   0   0   0   0   0   0   0   0  47   0   0   0
   0   0   0   0   0   0   0   0  35   0   0   0   0   0   0   0   0   0   0   0   0   0   0   0   0   0   0   0   0   0   0   0   0   0   0   0   0  28   0   0
   0   0   0   0   0   0   0  36   0   0   0   0   0   0   0   0   0   0  16   0   0   0   0   0   0   0   0   0   0   0   0   0   0   0   0   0   0   0   0
   0   0   0   0   0   0   0   0   0   0   0   0   0   0   0   0   0   0   0   0   0   0   0   0   0   0   0   0   0   0   0   0   0   0   0   0   0   0
   0   0   0   0   0   0   0   0   0   0   0   0  11   0  39   0   0   0   0   0   0   0   0   0   0   0   0   0   0   0   0   0   0   2   0   0   0
   1   0   0   0   0   0   0   0   0   0   0  12   0   0   0   0   0   0  12   0  40   0   0   0   0  40   0   0   0   0   0   0   0   0   0   0
   0   0   0   0  39   0   0   0   0   0   0   0  19   0   0   0   0   0   0   0   0   0   0   0   0   0   0   0   0   0   0   0   5   0   0
   0   0   0  24   0   0   0   0   0   0   0   0   0   0   0   0   0   0   0  36   6  27  37   0   0   0   0   0   0   0   0   1   0   0
   0   0   0   0   0   0   0   0   0   0   0   0   0   0   0   0   0   0   0  30   0   0   5   0   0   0   0   0   0  13   0   0   0
   0   0   0   0   0   0   0   0   0   0   0   0   0   0   0   0   0   0   0   0  45   0   0   0   0  45   0   0   0   0   0   0
   0   0   0   0   0   0   0   0   0   0   0   0   0   0   0   0   0   0   0   0   0   0   0   0  12   7   0   0   0   0   0
   0   0   0   0   0   0  18   0   0   0   0  12  29   0   0   0  16   0   1   0   0   0  50   0   0   0  44   0   0   0
   0   0   0  11   0   0   0   0   0   0   0   0  31   0   0   0   0   0   0   0   0  43   0   0   0   0   0   0   0
  22  36   0   0  32   0   0   0   0   0   0   0  39   0   0   0   0  16   0   0   0   0   0   0  40   0   0   0
   0   0   0   0   0   0   0   0   0   0   1   0   0   0   0   0   0   0   0   0   0   0   0   0   0   0   0
   0   0   0  36   0   0   0   0   0   0   0   0   0   0   0  36   0   0   0   0   0   0   0   0   0   0
   0  45   0   0   0   0   0   0   0   0  45   0   0   0   0   0   0   0   0   0   0   0   0   0   0
   0   0   0   0   0   0  19   0   0   0   0   0   0   0   0   0   0   0  19   6   0   0   0   0
  24   0   0   0   0   0   0   0   0   0   0   0  29   0   0   0  28   0   0   0   0  21   0
   0   0  19   0   0   0   0   0   0  40   0   0   0   0   0   0   0   0   0   0   0   0
   0   0   0   0   0   0   8   0   0   0   0   0   0   0   0  44   0  25   0   0  47
   0  28   0   4   0   0   0   0   0   0   0   0   0   0   0   0   0   0   0   0
   0   0   0   0   0   0   0   0  13   0   0   0   0   0   0   0   0   0   0
   1  25  40   0   0   0   0   0   0   0   0   0   0   0   0   0   0   0
   0   0   0   0  24   0   0   0   0   0  28   0   0   0   0   0   0
   0   0  23   0   0   0   0  41   0   0   0   0   0   0   0   0
   0   0  34   0   0   0   0   0   0   0   0   0   0   0   0
   0   0   0   0   0   0   0   0   0   0   0   0   0   0
   0   0   8  17   0   0   0   0   0   0   0  42  38
   0   0   0  16   0   0   0   0   0   0   8   0
   0   0   0   0   0   0   0   0   0   0   0
   0   0  16   0   0   0   0   0   0   0
   0   0  12   0   0   0   0   0  38
   0   0   0   0   0   0   0  46
   0   0   0   0   0   0   0
   0   0   0   0   0   0
   0   0   0   0   0
   0   0   0   0
   0   0   0
   0   0
   0

 1324
  24   8   5   5  16  22  22  10  25  19   3  25   5   2  18  21  20  24   4  21  18   3   5  23  14   8  15  14  13   6   6  12  11  23   3  25  18  17   9  14  18   3  22  10  18  16   1   1  19   5  14  16   6   3  24  20   9   9  10  17  16  12  11  12   2  15  17   5  24  11  15  16   4  19  20  17   9   3  22  16  17   6  24  20  23   5  11   7   9  25  23  17  13   6  24  21   2  22   2   7   8   5   3   5  11   3  21  22  12   7   1  15  14   1  13  24   4  18  25   2

