 120 
   0   0   0   0   0  49   0   0   0   0   0   0   0   0   0   0   0   0   0   0  33   0   0   0   0   0   4   0  13   0   0   0   0   0   0  22   0   0   0  40   0   0   0   0   0  38   0   0   0   0   0   0   0   0   0   0   0  15   0   0   0   0  39   0   0   0   0   0  33   0   0   0   0   0   0   0   0  39   0  42   0   0  30   0   0   0   0   0   0   0   0   0   0  44   0  30   0   0   0   0   0  32  42   0   0   0   0  25   0   0   0   0   0   0   0   0   0   0   0   0
  30   0   0   0   0   7   0  11   0   0   2   0   0   0   0   4   0   0   0   0   0   0   0  44   0   0  15   0  21   8   0   0   0  22   0   0   0   0   0   0  40   0   0   0   0   0   0   0   0   0   0   0   0   0   0   0   0  37   0  28   0  22   0   0   0   0   0   0   0  17   0   8  28   0   0   0   0   0   0  29   0   0   0   0   0   0  12   0   0   0   0   0   0   0   0   0   0  35   0   0  29   0   0   0   0   0   0   0   0   0   0   0   0   0   0   0   0   0   0
   0  41  14   0   0  13   0   0   4   0  45   0   0   0   0   0   0   0   0   0   0   0   0   0   0   0   0   0   0   0   0   0   0   0   0   5   0   8   0   0  21   0   0   0   0  43   2   0   0   0   0   0   0   0   0   0   0   0  19  17   0  24   0  29   0   0   0   0   0   0   0   0   0   0   0  30   0  37   0   0   0   0   0  50   0   0   0   0   0  48   0   0   0   0   0   0   0   0   0   0   0   0   0   0   0  45   0   0   0   4   0   0   0   0   0   0   0   0
   0   0   0   0  42   0   0   0   0   7   0   0   0   0   0   0   0   0   0  23  16   0   0   0   0   0   0   0   0   0   0  21   0   0  46   0   0   0   0   0   0   0   0   0   0  42   0   0   0   0   0   0   0  32   0   0   0   0   0   0   0  11   0   0  42  11   0   0   0   0   0   0   0   0   0   0   0   0  20   0  27   0   0   0   0   0   0   0   0  35   0   0  49   0   0   0   0   0   0  35   0   0   0   0  29   0   0   0   0   0   0  22   0   0  10   0   0
   0   0   0  46   0   0   0   0   0   0   0   0   0   0   0   0   0   0   0   0   0   0   0   0   0   0  16   0   0  21   0   0   0   0   0  36   0   0   0   0   0  12   0   0   0   0   0   0   0   0   0   0   0   0   1   0   0   0   0   0  26   0   0   0   0   0  20   0   0   0   0   0   0   0   0   0   0   8   0  17   0   0   0   0   0   0   0   0   0   0   0   0   0   0   0   0   0   0   0   0   0   0  45   0  14  27   9  20   0  31   0  18   0   0   0   0
   0   0   0   0   0   0   0   0   0   0   0   0   0   0   0   0  39   0  20   0   0   0   0   0  48   0   0   0   0   0   0   0   0   0   0   0   0   0   0   0   0   0  45   0   0   0   9   0   0   0   0   0   0   0   0   0   0  12  14   0   0  47   0   4   0   0   0   0   0   1   0   0   0   0   0   0   0   0  37   0   0   0   0   0   0   0   0   0   0   0   0   0  39   0   0   0   0   0   0   0  13   0   0   0   0   0   0   0   0  31   0   0   0   0   0
   0   0   0   0   0   0   0   0   0   0   0   0   0   0   0   0   0   0   0   0   0   0   0   0   0   0   0   0  25   0   0   0   0   3   0   0   0   0   0   0   0   0   0   0   0   0   0   0   0   0   0  22   0  47   0   0   0   0   0   0   0   0  21   0   0  11   0   9  22   0   3   0  16   0  21   0   0   0   0   0   0   0   0   0   0   0   0   0   0   0   0   0   0   0   0   0   0   0   0   0   0   0   0   0   0  24   0   0   0   0   0  45   0   0
  24   0   0   0   9   0   3   0  31   0   0   0   5   0   0   0   0   0   0   0   0  48   0   0   0  45   7   0   0  50   0  18   0   0   0   0   0   0   0   0   0   0   0   0   0   0   0   0   0   0  41   0   0   0   0   0   0   0  30   0   0   0  12   0   0   0   0   0   0   0   0   0   0   0   0   0   0   9  47   0   0   0   0   0   0   0   0  11   0   0   0   0   0   0   0   0   0   0   0   0   0   0   0   0   0  49   0   0   0   0   0   0   0
   0   0   0   0   0   0   0   0   0   2   0   0   0   0   0   0   0   0   0   0   0   0   9   0   0   0   0   0   0   2  16   0   0   0  46   0   0   0   0   0  24   0   0   0   0   0   3   0   0   0   0   0   0   0  39   0   0  15   0   0   0   0   0   0   0   0   0   0   0   0   0   0   0   0   0   0   0   0   0   0   0  39   0   0   0   0   0   0   0   0   0   0   0   0   0   0   0  45   0   0   0   0   0   0   0   0  27   0   0  47   0   0
   0   0   0  50   0   0  12   0  11   0   0   0   0   0  30   0   0   0   0   0   0   0  15   0   0   0   0   0   0   0  39   0   0   0   7   0   0   0   0   0  19   0  34  38  21  41   0   0   0   0  49   0   0   0   0   0   0   0   0   0   0  13   0   0  26   0   0   0  31   0   0   0   0  11   0   0   0   0   0   0  27   0   0   0   0   0   0   0   0   0  31  39   0   0   3   0   0   0   0   0  26   0  43   0   0  14   0   0   0   0   0
   0   0   0   0   0   0   0  16   0   0  18   0  12   0  27   0   0   0   0   0   0   0   0   0   0   0  43   0   0   0   0   0   0   0   0   0   0   0  11   0  26   0   9   8  41   0   0  44  37   0   0   0   0  46   0   0   0  18   0   0   0   0   0   0  22  35   1   0   0   0   2   0   0   0  35   0   0  49   0  10   0   0  38   0   0   0   0   2   0   0   0  11   0  43   0   0   0  28  21   0   0   0   0   0  26   0   0   0   0   0
   0   0   0   0   0   0   0   0  38   0   0   0   0   0  31   0   0   0   0   0   0   0   0   0  19   0   0   0   9   0   0   0   0   0   0   0   0   0   0   0   0   0   0   0   0   0   0  10   0   0   0   0   0   0   0   0   0   0   0   0   0   0   0   0   0   0   0   0  35   0   0   0  46   0   0   0   0   0  15   0   0   0   0   0   0   0   0   0   0  31   0   0   0   0   0   0   0   0   0   0   0  45   0   0   0   0   0   0   0
  20   0   0   0   0   0   0   0   0   0  15   0  27   0  47  25   3   0   0   0   0   0   0   0   0  10   0   0   0   0   0   0   0   0   0   0   0   1  32   0   0   0   0   0   0   0   0   0   0   0   0   0   0   0   0  41   0   0   0   0   0   0   0   0   0   0  10   0   0   0   0   0   0   0   0  21   0  42   0   0   0   0   0  15   0   0   0   0  13  15   0   4   0  17  13   0   0   0   0   0   0   0   0   0   0   0   0   0
   0   0   0   0  13   0   0   0   0   0   0   0   0   0   0   0  16   0   0  16   0   0   0   0   0   0   0   0   0   0   0   9   0   0   0   0   0   0   0   0   0   0   0   0  14   0   0   0   0   0   0   0   0   0   0   0   0   0   0   0   0   0   0   0   0   0   0   4   0   0   5   0   0  11  14  31   0   0   0  25   0   0   0   0   0   0   0   0   0   0   0   5   0   0  11   0   0   0   0   0   0   0   0  46   0   0   0
   0   0   0   0  11   0   0   0  47   0   0   0   0   0   0   0   0   0  48   0   0   0   0   0   0  44   0   0  17   0   0   0   0   6   0   0  15   0   0   0   0   0   0   0   0  12   0   0   0  36   0   0   0   0   0   0   0  35   0   0   0   0   0   0   0   0   0  40   0  35   0   4   0   0   0   0  11   0   0   0   0  12   0   0   0   0   0   0   0   0   0  36   0   0   0   0   0   0   0   0   0   0   0   0  23   0
   9   0  49   0   0   0   0   0   0   0   0   0   0  31  17  16  27   0   0   0   0   0  15  44   0   0   0   0   0   0   0   0   0   0   0   0   0   0   0  16   0   0   0  46   0   0  50   0  33   0   0   0   0   0   0   0   0   0   2   0   0   0   0   0   0   0   0   0   0   3   0   0   0   0   0   0   0   0   0   0   0  49   0   0   0   0  20   0   5   0   0   0  20   0  37   0   0   0   0   0   0   0  48   0   0
  21  10  35   0   0   0  49   0   0   0   0   0   0   0   0  34   0   0   0   0   0  46   0   0   0   0   0   0  25   0   0   0   0  42   0   0   0   0   0   0   0   0  13   0  34  43   0  21   0   0   0   0   0   0   0   0   0   0   0   4   0   0   0   0   0   0  13   0   0   0   0   0   0   0  46   0   0   0   0   0   0   0   0   0   0   0   0   0   0  40   0   0   0   0   0   0   0   0   8   0   0  37   0   0
   0  24   0   0   0  37   0   0   0   0   0   0   0   0   0   0   0   0   0   0   0   0   0   0   0   0   0   0   0  38   0   0   0   0   0   0   0   0   0   0   0   0  10   0   0   0   0   0   0   0   0   0   0   0   0   0   0  17  18   0   0   0   0   0   0   0   0   0   0   0   0   0   0  48   0   0   0   0   0   0   0   0   0   0   0   0   0   0   0   0   2   0   0   0   0   0   0   0   0   0   0   0   0
   0   0  34   0   0   0   0   0   0   0   0   0   0   0   0   0   0   0   0   0   0   0   0   0   8   0  31   0   0   0   0   0   0   0   0   0   0   0  32   0   0   0   0   0   0  49   0   0   0   0   0   0  40   0   9   1   0   0   0   0   0   0   0   1   0   9   0   0   0   0   0   0   0   0   0   0  38   0   0   0   0   0   0   0   0   0   2   0   0   0  33   0  18   0  28  16   0   0   0   0   0   0
   0   0   0   0  34   0   0   0   5   0   0   0   0   0   0   0   0   0  14   0   0   0   0   0   0   0  44   0   0   0   0   0   0   0   0   7   0   0   0   0   0   0   0  31  22   0   0   0   0   0   0   0  14   0   0   0   0   0  20   0   0   0   0   0   6   0   0   0   0   0   0  29   0   0   0   0   0   0   0   0   0   0   0   0   0   0   0   0  14   0   0   0   0   0  28   0  43   0   0   0  24
  19   0   0   0   0  25  44   0   0   0   0   0   0  37   0   0   0   0   2  24   0  20   0   0   0   0   0   0   0   0   0   3   0   0   0   0   0   0   0   0   0   0   0   0   0   0   0   0   0   0   0   0   0   0   0   0  47   0   0   0   0   0   0   0   0   0   0   0   0   0   0   0   0   0   0   0   0   0   0   0   0  25   0   0   0   0  41   0   0   0   0   0   0   0   0   0   0   0   0   0
   0   0   0   0  35   0   0   5   0   0   0   0   0   0   0   0  27  46   0   0   0   0   0   0   0   0   5   0   0   0   0   0   0   0   0   0   0   0   0   0   0   0   0  16   0   0   0  36   0   0   0   0   0  47  30  11   0   0  42   0  20   0   0   0   0   0   0   0   0   0   0  44   0   0   0   0   0   0   0   0   0   0   0   0   0   0   0  19   0  32   0   0   0   0   0   0   0  42   0
   0   0   0   0  27  22   0   0   0   0  34   0   0   0   0   0   0   0  26   0   0   0   0   0   0   0  12   0   0   0   0   0   0   0   0   0   0   0   0   3   0   0   0   0   0   0   0   0  14  13   0   0   0   0   0   0   0   0   0   0   0  31   0   0   0   0   0   0   0   0   0   0   0   0  35   0   0   0   0   0   0   0   0   0   0   2   0   0   0   0   0   0   0   0   0  48   0   0
  19   0   0   0  15   0   0   0   0   0  36   0   0  23   0   0   0   0   0   0   0   0   0   0   0   0   0   0   7   0   0   0   0   0   0   0   0   0   0   0   0   0   0   0   0   0   0   0   0   0   0   0   0   0   0   2   0   0   0   0  16   0   0   0   0   0   0   0   0  45   0  35   0   0   0   0   0   3   0   0   0   0   0   0   0   0   0   0   0   0   0   0   0   0   0   0   0
  18  22   0   0   2   0   0   0   9   0   0  12   0   0   0  24   0   0   0   0   0  13  31   0   0   0  48   0   0   0   0   0   0   0   0   0   0   0  10   0   0   0  13  27   0   0   0  45   0   0   0   8   0   0   0   5   5   0  43   0   0  38   0   9   0   0   0   0   0   0   0   0   0  10   0  10   0   0   0   0   0   0   0   0   0   0   0   0  45   0   0   9  30  19   0   0
  35   0  32   0   0   0   0   0   0   0   0   0   0   0   0   0   0   0   0   0   0   0   0   0   0   0   0   0   0   0   0   0   0   0   0   0   0   0  37   0   0   0   8   0   0  16   0   0   0   3   0   0   0   0   0   0   0   0  50   0   0   0   0   0   0  44  16   0  22   0   0   0  41   0   0   0   0   0   0   0   0   0   0   0   0   0   0   0   0   0  27   0   0  37   0
   0   0   0   0   0   0   0  31   0   0   0  35   0  44  41   0   0   0   0   0  19   0   0   0   0   0   0   0   0   0   0   0   0   0   0   0   0   0  37   0   0   0   2   0   0   0   0   0   0  50   0   0   5   0  38   0   0   0   0   0  11   0   0   0   0   0   0   0   0   0  27   0   0   0   0   0   0   0   0   0  24   0   0   0   6   0   0  44   0   0  11   0   0   0
   0   0   0   0  48   0  18   0   0   0   0  48   0   0  27   0   0   0   0   0   0   0   0   0   0   0   0   0  38   0   0   0   0   0   0   0   0  46   0   0   0   0   0   0   0   0   0   0   0   0   0   0  23   0   0   0   0   0   0   0   0  10   0   0   0   0   5   0   5   0   0   0   0   0   0   0  18   0   0   0   0   0  10   0   0   0   0   0   0   0   0   0  19
   0   6   0  45  46   0   0   0  50   0  41   0   0  39   0   0   0   0   0   0   0   0   0   0   0   0   0   0  32  19   0   0  30   0   0   0   0   0   0   0   0   0   0   0   0   0   0   0  19   0   0  45   0   7  23   0   0   0   0  25  33   0   9   0   0   2   0   0   0   0  29   0   0   0   0   0   0   0   0   0   0   0   0   0   0   0   0   0   8   0  40   0
   0   0   7   0   0   0   0   0   0   0   0  31   0   0   0  31  10   0   0   0   0   0   0   0   0   0  24   0   0   0   0   0   0   0   0   0  11   0   0   0   0   0   0   0   0   0   9   0   0  45   0   0   0   0   0   0   0   0   0   0   0  36   0   0   0  38  15   0  20   0   0   0   0   0   0   0   0   0   0   0   0   0   0   0   0   0   0   0   0   0  21
   0   0   0   0  50   0   0   0   0   0  34   0   0   0  14   9   0   0   0   0   0   0   0   0   0   0   0   0   3   0   0   0   0   0   0   0   0   0   0   0   0   0   0   0   0   0   0   0  50   0   0   0   0   0   0   0   0   0   0   0   0   0   0   0   0   0   0   0   0   0   0   0   0   0   0   0   0   0   0   0   0   0   0   0  38   0   0   0   0   0
   0   0   0   0   0   9   0  34   0   0   0   0  34  17   0   0   0   0   0   0   0   0   0   0   0   0  34   0   0  44   0   0   0   0   0   0  17   0   3   0   0  49   0  13  36   0  25   0   0   0   0   0   0   0   0   0   0   0   0   0  40   0   0   0   0   0   0   0   0   0   0   0   0   0   0   0   0   0   0  46   0  37   0   0   0   0   0   0   0
   0   0   0   0   0   0   0   0   0   0   0   0   0   0   0   0   0   0   0   0   0   0   0   0   0   0   0   0  44   0   0  10   0   0   0  34   0   0   0   0   0   0   0   0   0   0   0   0   0   0   1   0  28   0   0   0   0   0   0   0   0   0   0   0   0   0   0   0   0   0   0   0   0   0   0   0   0   0   0   0   0   0   0   0   0   0   0  24
   0  47   0   0   0   0   0   0   0   0   0   0   5   0   0   0   0   0   0   0   0   0   0   0   0   0   0   0   0   0   0   0   0   0   0   0   0   0   0   0  46  12   0   0   0   0   0  23  10   0   0   0   0   0   0   0   7   0   0   0   0  44   0   3   0   0   0   0  34   0   0   0   0   0   0   0   0   3  10   0   0   0   0   2   0   0   0
   0   0   0   0   0   0   0   0   0   0  32   0   0   0   0   0   0  22   0   0   0   0  11   0   0   0   4   0   0   0   0   0   0  46   0   0   0   0   0  46   0   0   0  29   0   0   0  15   0  28   4   0   0   0   0  27   0   0   0  24   0   0   7   0   0   0   0   0   0   0   0  11   0   0   0   0   0   0   0   0   0   0   0   0   0   0
   0  40   0   0   0   0   0   0   0   0   0   0   0   0   0  35   0   0  13   0   0   0   0   0  21   0   0   0   0   0   0   0   0   0   0   0   0   0   0   0   0   0   0   0   0   0   0   0   0   0   0   0  40   0   0   0   0   0  42   0   0   0   0   1  50   0   0   0   0   0   0   0   0   0   0   0   0   0   0   0   0   0   0  41   0
   0   0   0   0  40   0   0   0   0   0   0   0   0   0   0  23   0   0   0   0  10   0   0   0   0   0  48   0   0  20   0   0   0   0   0  37   0   0   0   0   0   0   0   0   0   0   0   0   0   0  38   0   0   0   0   0   0   1   0   7  33   0   0   0   0   0  16  30   0   0   0  17  28  34  38  44   0   0  23   0   0  13   0   0
   0  50   0   0   0   0  12   0   0   0   0   0  11   0   0   0   6   0   0  11   0   3   0   0  22   0   7   0   0   0  21   0   0   0   0   0  41   0   0   0   0   0   0   0   0  14   0   0   0   0   0   0   0   0   0  23   0   4   0   0   0  50   0   2   0   0  28   8   0   0   0  15   0   0   0   0   0  41   0   0  20   0   0
   0   0   3   0   0   0   0   0  18   0   0   0   0   0   0   0   0   0   0   0   0  19   0   0   0   0  10  18   0   0  23   0   0   0   0  23   0   0   0  46   0  26   0   4   0   0   0   0   0   0   0   0  12   0   0   1   0   0   0   0   0   0   0   0   0   0   0   0   0   0   0  25   0   0   0   0   0   0   0   0   0   0
   0   0   8   0   0   0  42   0   0   0   0   0   0   0   0   0   0   0   0   0   0   9   0   0   0   0   0   0   0   0   0   0   0   0   0   0   0   0   5   0  19   0   0   0   0   0   0   0   0   0   0  22   0   0   0   0  27   0   0   0   0   0   0   0   0   0   0   0   4   0   0   0   0   0   0   9   0   0   0   0   0
   0   0   0  36   0   0   0   0   0   0   0   0   0   0  27   0   0   0   0   0   0   0   0   0   0   0   0   0   0   0   0   0   0   0   0   0   0   0   0   0   0   0  37   0   0   0   0  22   0   0   0   0   0   1   0   0   0   0   0   0  39   0   0   0   0   0   0   0   0   0   0   0   0   0   0   0   0   0   0   0
   0   0   0   0   0   0   0   0   0   0   0   0   0   0  30   0   0   0   0   0   0  12   0   0   0   0  48   0   0  48   0  16   0   0   0   0   0   0   0  33   0   0   0   0   0   0  19   0   0   0   0   0   0   0   0   0  27   0   0   0   0   0   0   0   0   0   0   0  17   0   0   0   0   0   0   0   0   0   0
   0  42   0   0  19   0   0   0   0   0   0   0   5   0   0   0   0   0   0   0   0   0   0   0   0   0   0   0   0   0   0   0   0   0   0   0   0   0   0   0   0   0   0  10  50   0   2   0   0   0   0   9   8   0   0   0   0   0   0  44   0   0   0   0   0   0   0  42   0   0  12   0   0   0   0   0   0  49
  40   0   0  34   0   0   0   0   0   0   0   0   0  43   0   0  39   0   0   0   0  14   0   0   0   0   0   0   0  46   0   0   0   0   0   0   0   0   0   0   0  27   0   0   0   0   0   0   0   0   0   0   0   0   0   0   0   0   0   0   0  45   0   0   0   0   0   0   0   0  38   0  22   0  15   0  10
   0   0   0   0   0   6  34   0   0   0   0  46   0   0  29   0   0   0   0   0   0   0   0   0   0   0   0   0   0   0   0   0   2   0   0   0   0   0   0   0   0   0  13  19   0   0   0   0   0   0   0   0  36   0   0  21   0   0   0   0   0   0   0   0   0   0   0   0   0   0   0   0   0  19   0   0
   0  28   0   0   0   0  27   0  12   0   0   0   0   0   0   0   0   0   0   2   0   0   0   0   0   0   0   0   0   0   0   0  10   0   0   0   3   0   1   0   0   0   0   0   0   0   0   0   0   0  31   0   0   0   0  16   0   0   0  28   0  11   0  50   0   0   0   0   0   0  25   0   0   0  35
   0   0   0   0   0   3   0   0  24  47   0   0   0  14   0   0   0   0  44  28   0   2   0   0   0   0   0   0   0   0   0  23   0   0   0   0   0  11   0   0   0   0   0   0   0   2   0   0   0   0   8   0  46   0   0  19   0   0   0  12   0   0   0   0   0   0   0   0   0   0   0   0   0  37
   0   5   0   0   0  49   0   0   0   0  10  11   0   0   0   0  31   0   0  29   0   0   0   0   0   0   0   0   0   0   0   0   0   0   0   0   0   0   0   0   0   0   0   0   0   0   0   0   0   0   0   0  19   0   0   0   0   0   0  41   0  50   0   0   0   0   0   0   0   0   0   0   0
   0   0  19   0   0   0   0   0   0   0   0   0   0   0   0   0   0   0   0   0   0  24   0   0   0  20   0  11   0   0   0  35   0   0  36   0   0   0   0   0   0   0   0   0   0   0   0   0   0   0   0   0   0   0   0   0   0   0   0   0   0   0   0   0   0   0   0   0   0   0   0   0
  18   0   0   0   0  20   0   0   0   0   0   0   0   0   0  25   0   0   0   0   0   0   0   0   0   0   0   0   0   0   0   0   0   0   0   0   0  26   0   0   0   0   0   0   0   0  17   0   0   0   0   0   0   0   0   0   0   0   0   0   0   0   0  47   0   0   0   0   0   0   0
  50   0  41   0   0   0   0   0   0   0   0   0   0   0   0   0   0   0   0   0   0  40   0   0   0   0   0  43   0   0  31   0   0   0  47   0   0   0   0   0   0   0   0   0   0   0  38  44   0   0   0  34   0   0   0   0   0   0   0   0   9   0   0   0   0   0   0   0   0   0
   0   0   0   0   0   0   0  11   0   0   0   0   0  10   0   0   0   0   0   0   0   0   0   0   0   0   0   0   0   0   0   0   0   0  17   0   0   0   5   0   0   0   0   0  21   0   0   0   0   0   0   0   4   0   0   7   0   0   0   0   0   0  48   0   0   0   0   0   0
   0   0   0   0   0   0   0   0   0   0   0   0   0   0  43   0   0   0   0   0   0  43   0   0   0  21  48   0   0   0   0   0   0   0   0   0   0  13   0   0   0   0   0   0  16   0  30   0   0   0   0  16   0   0   0  33  22   0   0   0  32   0   0   0   3   0   0   0
   0   0   0   0   0  34   0   0   0   0  26   0   0   0   0   0   0   0   0   0   0   0  19   3   0   0   0   0  38   0   0  39   0  32   0   0  29   0   1   0   0   0  18   1   0   0   0   0   0   0   0   0   0   0   0   0   0   0   0   0   0   0  50   0  19   0   0
   0   0   0   0   0   0   0   0  28   3  22   0   0   0   0  12   7   0   0   0   0   0   0  29   0   0   0   0   0  23   0   0   0   0   0  47   0   0  41   0   0   0   0   0   0   0   3   6   0   0   4   0   0   0   0   0   0  35   0   0   0   0   0   0   0   0
   0   0   0   0   0   0   0   0  25   0   0   0  46   0  12  10   0   0   0   0   0  12   0  30   0   3   0   0  38   0   0   0   0   0   0   0   0   0  30   0   0   0   0  22   0   0   0   0   0   0   0   0   0   0  21   0   0   0  14  20   0   0   0   0   0
   0   0   0   0   0   0   0   0   0   0   0   0   0   0   0   0   0   0   0   0   0  34   0   0   0   0   0   0   0   0   0   0   0   0   0   0   0   0   0  42  39  17  40   0   0   0   0   0   0   0   0   0  14   0   0   0   0   0   0   0   0   0  10   0
  35   7  15   0  13   8   0   0   0  47   0  22   0   0   0   0   0   0   0   0   0  16  19  12  36   0   0   0   0   0   0   0   0   0   0   0   0   0  16   0   0   0   0   0   0   0   0   0   8   0   0   0   0   0   0   0   0   0   0   0  16  19   0
   0   0   0   0  39   0   0   9   0   0   0   0  42   0   0   9  10   0   0   0   0   0   0   0   0   0  24   0   6   0   0  43   0   0   0   0   0   3   0   6   0   0   0   0  19   0   1   0   0   0   0   0   0   0   0   0   0   0   0   0   0   0
   0   4   0  26   0   0   0   0   0   0   0   0   9   0   0   0   0   0   0  34   0   0   0   0   0   0   0   0   0   0   0   0  29   0  35   0   0  13   0   0   0   0   0  20   5   0   0   0   0   0   0   0   0   0   0   0   0   0   0   0   0
   0   0   0   0   0   0   0   0   0   0   0   0   0   0   0   0   0  14   0   0   0   0  24   0   0   0   9   0   0   0   0   0   0   0   0   0   0   0   0   0   0   0   0  45   0   0   0   0  37   0   0   0   0   0   0   0   0   0   0   0
   0  16   0   0  17   0  40   0   0   0  33   0   0   0   0   0   0   0   0   0   0   0   0   0   0   0   0   0   0  14   0   0   0   0   0   0   0  49   0   0   0  21   0   0   0   0   0   0   0   0   0  33   0  30   0   0   0  28   0
   0   0   0   0   0   0  28  37   0   0  35   0   0   0   0   0   0   0   0   0   0   0   0   0   0   0   0   0   0   0   0   0  36   0   0   0   0   0   0   0   0   0   0  22   0   0   0   0   0   0   0   0  26   0   0   0   0   0
   0   0   0   0   0   0   0   0   0   0   0  36   0  49   0   0   0   0   0   0   0  42   0   0   0   0   0   0   0   0   0   0   0   0   0   1   0   0   0   0   0   6   0  47   0  21   0   0   0   0   0   0   0  30   0   0   0
   0   4   0   0   0   0   0   0   0   0   0   0   0   0   0   0   0   0   0   0   0   0   0  11   0  16   0   0   0  16   0   0   0   0   0   0   0   0   0   0   0   0   0   0   0   0  10   8   0   0   0   0   6   0  32   0
   0   0   0   0   0  11   0   0   0   0   0   0   0   0   0   0   0   0   0   0   0   0  27   0   0   0   0   0   0   0   0   0   0   0   0   0   0   0   0   0   0   0  24   0   0   0   0   0   0  38   0   0   0   0   0
   0   0   0   0  33   0   0   0   0   0   0   0  42   0   0   0   0   0   0  23   0   0   0   0   0   0   0   0   6   0   0   0   0   0   0   1   0   0  49   0   0   0  19   0   0   0   0   0   0  46   0   0   0   0
   0   0  34   0   0   1   0   0   0   0  26   0   0   0   0   0  38   0   0   0   0  30   0   0   0   0   0   0  48   0   0   0   0   0   8  34   0   0   0   0   0   0   0   0   0   8   0  43   0   8   0   0   0
   0   0   0   0   0   0   0   0  12   0   0   0   0   0   0   0   0   0   0   0  30   0   0  43   0   0   0   0   0   0  21   9   0   0   0  43   0   0   0   0   0   0   0   0   0   0   0  32   0   0   0  19
   0   0   0  46   0   0   0   0   0   0   0   0   0  31   0   0   0   0   0   0   0   0   0   0  26   0   0   0   0   0   0   0   0   7   0   0   0   0   0   0   0   0   0   0   0   0   0   0   0   0   0
   0   0   0  47   0   0   2   0   0   0   0   0   0   0   0  43   0   0   0   0   0   0  33   0   5   0   0   0   0   0  10   0   0   0   0   0   0   0   0   0   0   8   0   1   0   0   0   0   0   0
   0   0   0   0  35   0   0   0   0   0   0   0   1   0  32   0   0   0   0   0   0   0   0  30   0   0   0   0   0  42   0   0  28   0   0   0  35   0   0   0   0  47  44   0   0   0   0  30   0
   0   0   0   0   0   0   0   0   0   0   0   0  49   0  38  26   0   0   0   0   0   0   0  36   0   0   0   0   0   0   0   0   0   0   0   0   0   0   0  14  35   0   0   0  30   0   0   0
   0   3   0   0   0   0  48   0   0  10   0   0  14   0   2   0   0   0   0   0   0   0   0   0   0   4   0  46   0   0   0   0   0   0   0  28  12   0   0   0   0   0   0   0   0   0   0
   0   0  20   0   0   4   0   0   0   0  29   0   0  37   0   0   0   0   0   0   0   0   0   0   0   0   0   0   0   0  18   0   0   0   0   0   0   0   0   0  49  48   0   0   0  35
  18   0   0   0  42   0   0   0   0   0   0   0   0   6   8   0   0   0   0   0  37   0   0   0   0  44   0   0   0   0   0   0   0   0   0   0   0   0   0   0   0  23   0   0   0
   0   0   0   0   0   0  10   0   0   0   0   0   0   0   0   0   0   0   0  35   0   0   0  16  13  49   0   0   0   0   0   0   2   0   0   0   0   0   0   0   0   0   0  19
   0   0   0  38   0   0   0   0   0   0   0   8   0   0   0   0   0  27   0   0   0   0  48   0   0   0   0   0   0   0   0   0   0   0   0   0  13   0   0   0   0   0   0
   3   0   0  21   0   0   0   0  43   0   0   0   0   0   0   0   0   0   0   0   0   0   0   0   0   0   0   0   0  15   0   0   0   2   2   0   0   0   0   0  33   0
   0   0   0   0   0   0   0   7   0   0   0  10   0   0   0   0   0   0   0   0   0   0   0  44   0   0  45   0   0   0   0  13   0  10   0   0   0   0   0   0   0
  22   0   0   0   0   0   0  14   0   0   0  21   0   0   0   0   0   0   0   0  24   0   0   0   0   0   0  33   0   0   0   0   0   0   0   0   0   0  35   0
   0   0   0   0   0   0   0   0   0   0   0   0   0   0   0   0   0   0   0   0   0   0   0   1  42   0  20   0   0   0   0   0   0   0   0   0   0   0   0
   0  36   0   0   0   0   0   0   0   0   0   0   0   0   0   0   0   0   0   0  37   0   0   0   0   0   0   0   0   0   0   0   3   0  42   0   0   0
   0   0   0   0   0   0   0  47   0   0   0   0   0   0  38   0  48   0   0   0   0   0   0   0   0   0   0   0   0   0   0   0   0   0   9   0   0
   0   5   2   0   0   0   0  34   9  23   0   0   0   0   0  26   0   0  20   0   0  48   0   0   3   0   0   0   0   0   0   0   0  45  18   0
   0   0   0   0   0   0   0   0   0   0   0  40   0   0   0   0   0   0   0   0   0   0   0   0   0   0   0   0   0   0   0   0   0   0   0
   0   0   0   0   0   0   0   0   0   0   0   0   0   0   0   0   0   0   0   0  45  37   0   0   0  15   0   0   0   0   0   0   0   0
   0   0   0   0  18   0  36   0  46   0   0   0   0   0   0   0   0   0   0   0   0   0   0   0   0   0  32   0   0   0   0   0   0
   0   0  24   0   0  12   0   0   0   0   0   9   0  37   0   0   0   0   0  20  20   0  23   0   0   0   0  46   0  23   0   0
   0   0  41   0   0   0   0  19   0  21   0   0   0  18   0  14   0   0   0   0   0   0   0   0   0   0   0   0   0   0   0
   0   0  46  37   0  14   0   0   0   0   0   0   0   0   0   0  40   0   0   0   0  22   0   5  47   0   0   0   0   1
  44   0   0  15   0   0   0   0   0   0   0   0   0   0   0   0   0  16   7   0   0  22   0   1   0   0   0   0  31
  26   0   0   0  10   9   0  41  15   0   0  37   0   0  39   0   0   0  20   0   0   0   0   0   0   0   0   0
   0   0  43   0   0   0   0   0   0   0   0  19   0   0   0   0   0   0   0   0   0   0  12   0  23   0   0
   0   0   0   0   0   0   0   0  32   0   0   0   0   0   0   0   0  49   0   0   0   0   0   0   0   0
   0  20   0   0   0   0   0   0   9   0   0   0   0   0   0   0   0   0   0  34   0   0  13   4  50
   0   0  34   0   0   0   0   2  43   0  40   0   0   0   0   0  40  37   0   0   0  12   0   0
   0  46   0   0   0   0   0  26  32   0   0   0   0   0   0   0   0   0   0   0  10   0   0
   0   0   2   0   0   0   0   0   0   0   0   0   0  13   0   0   0   0   0   0   6   0
  43   3   0   0   0   0   0   0   0  31   0   0   0   0   0   0   0   0   0   0   0
   0   6   0   0   0   0   0   0   0   0  44   0   0   0  34  47   0   0   0   0
   0   0   0   0   0   0   0   0   0   0  24   0   0   0  42   0   0   0   0
   0   0   0   0   0   0   0  41   0   0   0   0   0   0   0   0   0   0
   0   0   0   0   0   0   0   0   0   0   0   0   0   0   0   0   0
   0   0   0   0   0   0  10   0   0   0   0   0   0  19   0   1
   0   0   0   0   0  36   0   0   0   0   0   0   0   0   0
   0   0  32   0   0  31   0  49   0  10   0   0   0   0
   0   0   0   0   0   0   0   0  21   0   0  30  40
   0   0   0  20   0   0   0   0   0   0   0   0
   0   1   6   0   0   0  19   0   0   0   0
   0   0  12   0   0   0   0   0   0   0
   0   0   0   0   0   2   0   0   0
   0  22   0  42   0   0  25   0
   0   0   0   0   0   0   0
   0   0   0   0   0  32
   7   0   0   0   0
  42   0   0   0
   0   0   0
   0   0
   0

 1450
   2  17   5  21   8  20   3  17   5   2   7  19  23  19  10  24  24  18  25  14  16   8   4  12   8  25   7  10   2  24   4  14  19  23  10   2   7  12   5  23   6   1  22   5  22   4  19  18  19   9  20   4  17  23  13   9  14  16   4  19  13   4   8  22   4  21  24   5  19   1   3  11  16  19   6  24   6  24  20  15  10   7  17   5   8  14   4   8  16   1  13   3  14  12  17   6  14  21  21  17  10   6  21  11   4  11  12   3  19  21  25  25  17  24  22  19   6  10   2  20

