 120 
  15   0  38   2  41  13   0  13  23  44   1  18   4   0  29   0   0   8   0   0   0  38   0  18   0  26  29  28  49  39   2  29  18  36  24  10  39  25  24  21   0  26  41  11   0  15   0  34  15  10   0  45  29  47   9  47   0   0  25  19  19  12   0  36   0  27   0   1  39   2   3   5  18  44  40  36   0  36  47   0   0  50   0  15  47   4  25  48   0  30   0   6  35  30   0  29  42  14  45  13  30   0   0   0  31  26  32  26  34  26  44  50   1  32  18  47   0  27  13   8
  47  17  43   9  27  11   0   0  43  14  49  34   0  27  50  13   0   9   0   0  49   1  22  49  28   0  14  23  19   0   0  20  11   0   0   0  20  36   0  36  19   0  14  14   9  45   4   0  38   0  15  27  21   0  22  42   6  48  21   0  39  10  27  49  31  50  27   0  14  26  28   0   0  41  25  37  39  11  28   0   2  14  11   6  11  11  17  41  42   0   0  20   0   0  11   0   3   0   0   0   5  20  20   7  42  29   0  46   0  21  11  12   8   0  29  25  10  49  11
  27  42   0  44   8   0  33  50  21  30  35  27  48   8   0   0   4   0  26  29  14   0   2   0  28   0   9  25  14   9  30   0   0   9  16  42   0  46  18   4   0  23   0   7   0  32  49   0  49  19  20  21  27  22   0   0   0  27   6  30   0  49  36   0   0  37   0  11   2   0  39   0   0  47  14   0  28  26  47  28  23  39   0  13   0  18  26   0  48  21  43  26  26  39   0   5  20  33  41   0  27  38   0   0   1   0  35  46  41  49  19  32  12   0  21   0   0  40
  44   7   0  32  36  46  32  24  13  10  40  23  34   0   0   0  47  39  28   3  38  19   0  34   0   5  39   3  49   0   0  22  46  17  41   8   0  27  31   2   0   5  43  47  47   0  49   0  29   0   0  18  47  16  41  17  43   4  21  41  15   8  20  13  46  22   1   0  31  26   0   1  22  19  50  42  40  44   4  16   0   6   0  18   3   0   0  37   0  44  46   0   0   0   0  22  29   0  46  14  43  17   0  32  42  26  16  31  39  21  29  42   8   0   8   0  14
  10   0   0  40   0   3   0   3  18  27   0  16  28  46   0  50   7   0  42   0  40  28   3  49   0  10  45   0  29   0  23  38  32  48  35  10  38  35  18   0   5  35  35  14  13  28  20   6   0  34  15  20  18  27   8  40  19  15  46  46   0  49  35  45   0  46   0   9   0   0   0   0  28   0  33  31  21   0  42  35   8   2  21  27   0   0  43   4   0  42  17  43   5  40  30  13   9  33   1  41   0  16  25   4   0  26   0  49   1  15  44   2  12  17  34  19
   0  48  27  36  45   5   0   0  48  32   0   0  38   0  21  24   4  37  46  42  32   0   4   0   7  41  23  47   0  45   9   0  48   0  24  42  18   7   0   1  23  31  11   0  16   0  30  34  49  21   9  20  18   3   0  15  35   4   0   9  10   0  15  11  44  18  49  39  24   3   5  10   5   3   0  35  32  40  12   8  46  12   0  19   9   0  22  31  19  24   1  38  42  49   0  36  30  17  48  18  24  20   0   9  14   0  28  49   0  27  15   0  26  36  17
  25   5  11   0   0   0   2  39  19  26  24   0  46  38  13  33  10  19  34  25   4  48  33  34  13   3  28  30   0  16  21  25   4  39   0  15  29  17  50   0  12  33  24  12  27  12   4  45   0  45  33  17   0  25  21  48  47  45  16  45   0   1   5  15  32  15  50  21  36  39  38   0   0  24  37   0   0  50  43  34   0  37  28  31  16  13  37  50   6  35   0   2  48  17   3  13  25  11   0  39  33  46  43  45   1  48   0  50   0   7   0  45   0  31
   0   0  10  14  18   3  29   8  23  42   0   0  29  31  24  36  45  47  40  37   9  20   5  40  50  25  13  50  35  47   2  12   0  47  42  46   0   0  11  39  30  15  14   5   0  45  20  44   2  38   6   0  16  46   0  26  36  42  14   8  31  12  30   6  25  45   6  16  45  14  24   0  42  24  24  10   0   0  48   9  46   2  23   0   0  43  20   9  20   8  46  48  21  32  39   0  42   6  18  34  34  12  12  36  47  20  37  46  13  16   3   3  19
   0   0  43  41   7   0  36  42  13  13  36  33  27  46  34  34  26  13  12  27  24   0  25  24  31  27  33   0  32  47   0  33   8   0  20  24   0   0   0  15  22  13   4   4   4  46   0  21   0   0   2  27  14   0   8  33   1  32  41   0   1   0  16  11  36  10  35  17  21  13  27  11  38   5   0  14  24  12   0   0  25  44  50  21   2   3  42  47  30  34   9  47   2  49  50  36  20  29  38  45  37   0  32  49  40   0   1  41  27  15  13  33
   0   0   3  14  39  39   0   0  28  49  42  48  28   0  36  14  17  25  29   1   0  29  17  12  46  20  44  21  23  42  41  13   6   0   0  20  41  40   0   0   0   0  12   0  35   9  35   3   0  31   0  12   0   0   5   0   0   4  30  32  13  38  39  25  11  47  34   0  23  27  42  28   0   0   0   0  29   0   9  10   0   0   0   0  33  11   2  35  31  40  17   0  44  24   0  45   4  18  25  47  43  25  21  40  22  42  26  38  50  32   0
  46  33  27  19   0  10   5   0   5  36  16  49  32  12  44  27   6   7   3  25   0   0   2   2  14  19  16   4  25  41  48  37  49   0  35  18   0  40  22   5  32  11  21  31  18  11  24   0   3  18  11   6  46  16  42  38   5  10  35  22   2  30   2  21  22   0   0  40   6   0  10  26   0  21  19  29   0  46   0  25  19  37  25  24  14  27   0  17   4   2  32  12   0  26   5  10  44  19   9   0   0   0   0  36   0  46   0  31  47  23
   0  27  28  14   0   0  14  44  37  36  10  12   0   0  30  11   0  27  27  45  48  42  19   0   0  38  27  39  36  45   0  28   0   9  34  17   0  45   0   8  17  45  23  44  50   0  37  24   3  16  21   2   0  34  23  35  18   9  36  35   0   0  26   0  30  48   0  24   0   1   6  23   0  28  16  34  29  14  37  49   0   0  10   0  30  32  23  14   9  43  42  34  21   0  14  23   0   1  14   0   3   0   4  10  42  22  28  32  45
  39  38  18  29   8  38  31  26  24   7  30   7  18   2  38   9  24  45   7   1  16   0   5  35   3  28   0  37  16   0  46  48  36  42  31   0   5   9  35  35  22  46   1  20   4   0   0   0   0  24  42   8  20  29  27   5   0  26   0   6  32   0  40  18   0   0   0   0  14  30  32   0  13  27  27   0  32   0   2   9  27   1  12  18   0  32  11  18  38   4   2   0   0   0  11  27  50   1  23  23  11  34  21   9   0  30  23  11
  28   4  26   0   0  38  22  28  20   0  27   6   0   0  50   0  15   0  43   1  35   0   1   3   0  37  29  44  33  14  24  21  48   6   0   0  18   0  30  14   8   6  16   0  14  45  50   0  19  45   1  13   0   0   0  17   4   0  39  20  27   6   6  25   0  40  43  40   7  23  29  20  12  36  27  48  35  42  39  42  30   7   0   0  12  41  41   8  11   6  35  31  28  29  41   1   0  39   0   9  36  19  46  50   6  30  22
   0   1  37  24  19  50  38   9  12  45  32   5  43  16   7  31  49  47  36  44  29   0  12   9   0  45   0  13   0   1   0  24  19   0  29  44  11   0  37   9  49  26  39   7   5  21  12   0  25   0  38  46  47  31  10  33  36  20   0  16  21  39  18  11   0  26  39   2   2  11  37   0  30   0  11   0  43  45  38   0   1  43  10  18   7   6   0  32   1   0  42  11   0  15   0   0   0   0  10   0   0  20  37  31   4   0
  18  16  37  27  33   0  12   0  26   0  10  17  29   0   7  45  11  10  29  49  33  11  13  45  42  34  13   0   0   0  39   6  25   0  38  46   5   0  34   3  27   0   5  23  17  25  12  26  46   3   0  42   4   0  25  20  38   0   0  44  50  38  29  29   4   2   0  44  33  24   0   2  26  24  21   0   0  15  14   9   0  16   0  41   0  16   0   0  28   0  46  18   0  43   8   4  21   6   0  19   0  25   9   0  26
  31   0  42  30  27  12  27   2  42  39  32  21  45  40  23  37  33   7  29  40   0   0  21   3  10   0  18  25  27  49  32  24  14  22  43  50   7  32  47   0  33   3   1  46  10   0   6   6  41  20  20  19  24  14  49   0  19  20  38   0  27  19  47  18   0   0  33   7  39   0   0   0   0   0   0   0  38  47   0  22   5  12   0  50  43  31  14  25  12  30   0   0  49   0  21  45  46   0  21  30  18   1   5  29
  45   0  49  28  49  23  19   0   0   0  26   0  26  28   0  31  40   0  47   0   4   0  41   1  37  28   0  38   7  10   0   0  11  22   0  42   0  30   0  41  35   5   0   0  22  35  41  11   0  21  28   6  27  22  39   7   0  36   0  34  26  10  47  49  28   0  22  30  25   0  17   2   0  38   0  12  38  43  37  36  29  21   0  30   0  22   6  39  32   4  34   0   0  22   0   0  46  48   0  50  34  31  37
  24   0   0  19  29  42  43   9  44  47  46  48  47  47   0   0  36   0  40  33   0  38  29   0   0  42   0  16  48  17  30   0  21   1  28  39  32  49  29   9  40   0   0  45  46   0  42  15  31  26   5  38   0   0  50  12  27  47  39  10   3  31  37  36  50   0  42  22  26   0  30  28  45  27   0   0  42   0  36  11  48  48   0   0  33  49  12   9   6   0  10   0  38  22  10  14   0   6   2  33   0   0
   0  39   0   0   0   0  35  50  31   2  32  47  42   9  40  27   0   0   7   0  14  26  10   7  33   0   0  49   0  41   0   0  38  42   8   0  49  41   0  48   0  26  46  30   8  17  26  44  44   0   5  48  17  28  45  45   0  15  16  27  25  26   0  10   3  19   0   3  47  13  21   4  31  46  16  33   0   6  16  13   0   0   0  44   1   6  20  19   0   0   4  17  11   7   9  11  12  38  32  27  47
  24  18  49  30   0  29  17  44   5   0  43   0   0  47  40  49  29  44   7  13  47  14   0   0  21   0   0  30   0  12  27  45   0   0   0  34   5  18  35  17   0   0  44  42  37  31   9  30  50   0  24  32   0  35   0   0  35  13  16   0   0  13  30  11   0   5  39   0   0  48  32  27   6   0  41  22  15  44   1   0   8   0  17  35  17  11  28   0   0  30  11   0  17  36  16  36   7  12   0  36
   0  37   9   3  33  41   4  17  14   0  40   2   4  17   4  48  30  48  45   0  23  42  35  41   0   3  15  35  14   8  43   4   0   5  49   9   2  30  43  16  40   0  21   0   0  32   0  21  45   0  39  42   3   8   9  14   0  43   7   0  23  19  47  49  26  34   0   0  41  32  35   2   0  44  21  12  34  15  11  30  26   0   0   2   0   0   0  19  14   6   0  12  39  49  35  10  10   0  21
   2  10  37  37   0  14   0   0  34   0   6   0  10  40  36   9   0   0   0  48  41  10   0  12  31  44  39   0  34   1  33  20  10  32  46  33   0  36  10   0  30   1  13  40   0   5   0  24   0  44  26  45  15  31  19   0  20   0  40   0  14  39   6  45  48  49  44  33   0  43   0  30   0  12   0   0  11   0   3  22   0   0  19  14  36   7   1   7  27  14   0  14  47  23   0  10   0   5
  23   0  28  46   0  13  48  12   0   0   0   0  32   6   2  42  13   0  45  15   3   6  34  27  27  37  47  30   0  19  38   1   0   0   5  22  25  19   0  24  37   3  22  25   0  29  18   0  16   0  36  31   8  31   0  43   0  35  36   6   0  50  12  50  35   0   2   0   0  31   3   0  35   2   6   0   0  35  38   3   0  21  32  30  32  36  30  45   0  50   0   0   0   0  43  45   5
   7   6   0   0   7  29   1   0   0   0  36  12  37   0   5  18  20   2  27   2  11   1   0   6  18  32  21   0   0   6  41   0  42   5  28  23  15   0  19   5  38  38  48  43   8  28   0  26   0   0   8   0  20  35  21   0   5   0  48   0  50  30  16  40  29  42  18   9  45  37   1  30   0   0  42  29  15  26   0   0  11  41  26  27  15  13   0   0  43  47   0  48  45  49  31   0
   1  21   0  25  35  48  15  31  49  41  19   0   8  23   0   0  50   0   0  20   0   7   2  25  19   4   0  11   0  11  43   0  21   2  25   0   0   3  18  21  47   0  19  13  18  37  16  36  31  37  34  32  10  29  33   3  10  48  18   1  17  28   0  14   8  24  42   0   0   6  47   0   8   0  49  28   0  21   0  18   0  46   0  10  42  18   3   0  30  31  11   0  50   1  32
   0   1  44  21   8   0   0  23   0   0   0   0  18   1  29   0  14  43   0   5   3   4  50  13  18   5   0  39  26  34  41  46  11  19  31   0  33  10   3   6  31  46   0   0  13  14   0  44  40  32  28   3  45  42   0  30  25   3  19   9  41   0  35  24  45  10  38   7   0  13   8   5  22  48   0  16   0   0  19   0   0  31  17  22  42   4  21   0  31  11  26  21  44  38
  36   0  26  36  50  26  15   1   0  42  18   1  35   0  39  42  18  44  29   0   6   6  15  33  21   0   9  33  46   0   3  34  26   0   0   0  49   0  50   5   9  36   0   0   0  41  47  41   0   0  41  24   0  45  38   6  18  18  44   0  35  23   0  23  36   0  41  15  42  34   7  24   0  40   0  19   9  49  43  14   1   0   4  48  23  27  46   6  43  33   0  48  44
   0  44   0  16   0   9   0  15  41  11  39   0   0   0   0  35   6  43  44  32   0   2  43  26  22  28   2  48  24  42   0  17  15   0  16   1  14   0   7   9   0  12   1  50  15   1   0  49  21  39  47  11   0   0   0  39   4  16  38   0  23  16   0   0  29   8  35  29  13  10  34  50  17  19  14  18   0  30   5   0   0  15  23  40  34   0  10   0  26   0  24  18
  24  30  25  18  27   0   0   0   0  32  45  33  25   0  45   0   9   0   0  10   0   0  23   0   0  46   0  31   0   0   0  22  48   0  33   0   0   0  50  33  27  50  44   0  40  38   0  17  26  24   6   0  21   0  23  28   0   0  42   0   0  22  39  35  12   0  27  37  36  38   0  44  34  34  17  38   0   0   3  36  22  14  49   3  17  40  26  19   1   2  12
  48  26  37  48  26   0  39   1  44  47   0   0  50  24  35   0  47  45  50   0   2   0  29  41  14  23  10   0  24   0  35  38   0   0   0   8  30  34   0   0   0  42  46   0   8  36  22   0  44  47   6  23   1   1  18  22   0  41  47   0   0  37   4   7  42  32   0  32  15  13  27   0  42   0  44  40  24   0   5  26  23  40   0  43  35  40   0  13  49  48
   0  11  33  12  36  44   0   0  35  33  33  50   0   0   8  23   0   0  10   0  28  43  38  43  10  14   0  49  19   0  36  33   0  40   1   0  36  43   0  21  35  35  34  35   7   3  25   0   0  10  13   1  21  28  39  32  43   2  35  28   5   0   0   0  29   0   0  19   0  39   0  41  36  10   0   0   8   1  14   0  50  12  25   2  28  40   0  33  18
  39  13   0   3   0   0  31  22   0   5  46  36   0  32  39  50  25   0   0  18  46  28  44  13  18  11  16   3  14   0   7   0  14   0   0   7  45  42   0  24  13   0  27   2   0  40  17   2   0   6  32  13  10   0  46  38   0  40  23   0   0   5  36  24  27  40  15   0  18  50   5   3  41  40  38  35  33   0  15  13  28   0   0  43   0  16  21  43
   9  32  13  19   0   0   0  17   7  34   0  29   7   2   0  17   1   0  35  30   0  31  32   0  28  34  34   0  13  24  42  13  28   2  45  21  17  13  38  42  21  14  27   0   0   0  42  26  36  37   0   1  10  46  10   0  43   0  25  12  24  11   0  49   0  23  43  25  28   0   0  47  49  14  27  44   0  15  26  50  47   0   0   6   0  49  40
  22  37   0  29  16  42  44  30  34  39   0  38   0  13   8   6  50  13  17  40  11   0  24  38  48  41  40   0   0  32   0  30  16  20  28  20  11  26  15   3  38  46   0  42  28   0  23   7  19   0  29   0  25   0  38   0   0  32  24   0  47  19   0  27   0  19  25  48  20   0  10   9   0  47  43  11   0   0  36  17   8  49   0  45   1  45
  13  13  21  17  20  40  40   0   4  34  18   7  14   6   1   5   2   7  10   0   2  49  35  22  22   0   0   8  33   0   8  14  29  33  48  12   0   3  32   0  33  43  31  40  50  31  47   4   0  48  41   8  23  45   0  47  34  13  30  28   2   0   0   0   0  23  34   0  18   0  46  38   0  50  18   2   0  19  41  28  37   2   0  49   0
   8  26   0  23  32   0  20  46  28  43  34   0  19   0  11  44  14  50  29   0  17   0  36  28  22  20  17   3  10   1   0  47  11  25   0  36  36  23   0   0   0  43  10  43  19  36   7  38  41  13  10   0   0   0  44   3  26  41  44  26  39  12   0  44   0  37   7  42  18  27  46   0  49   5   0  41   0  20   6   0  12  21   0  39
  42   0  37  21  42  11  12   0  22  42  30  43  32   0   0   2  22  13  46  12  44   7   0  31  43  49   1  18  47  20  42  33   1  35  37  38  38   0  47  41   8   1  22  43  30  39   0  39  16  19  12   0  43   0  34   0  47  44  46  24  17   0  43  11  11  50  25  25   0  41  19   0  11  13  15  46  50  37  48   8  28  45  20
   0   9  34   0   0  15   0  41   9  10  17  46  32  22  38  26  23  46  10   0   0   0   0  39  10  23   0  43   6  12  22  29   0  20  30  31   0  37   0  38  23   0  34   0   4   0   7  26  20   0   0  29  21  20  34  45  50  41  25  18  39  46  24  23  24  50  50  35  43  45   0  23  25   9   0  37   0  16  31   6  48  45
   0   0  15  26  17   2  45  21  48   7  41  36  41  20  43  16  11   7   0  20  12  46  29  48  50   1  50  28   0  45  11   0  35   7  24  46  39  42  46   0  45  44  44  39  31  21  47  22  34  40   0  11   0  23   0  39  50  24  37  17  15  46  38  28  46   0   0  32   0   0  46   3  29   3   0   7   0   0  14   0   0
   0  42  16  48  23   6   9  24   2  25  10   0  19  41  34   0  35   0   9   9  22  37  22   0  41   2  45  19   1  47   7  33  34  28  19  49  15   0  26   0  19   0  27  16  39  47   0   0   0  29  32   4   9  22  13  22  23  22   0  42   0  48   0  37  24  12  20  20  21  33   0  39  15  24  10   5  24   0  21  28
  26   0   0   0  24  38  44  27   0   0  50   2   0   0  34   1  20  41  18   0   0  14   0   0  36  33  15  24   8  26  36  23  19  50  14  23  39  50  41   4  13  46  48   0   0   0  20   3   0  48  11   3   1  46  16  12  36  42  17  15  18  27  42  18   1   0  30  17   7   1  30   0   0  19   7  16   0  22  40
   8  28  11   0  14  45  44   7  21  23   0  50   0  25  50   0  26  42  33   0  28  46   0   0  40  31  42  38  20  41   7   0  21  18  34  17  45  32   2  24  40   0   0  35  32  11  17  42  32  39  18   0  35  10  47  34  41  16  12  21  21   0  10  18  33  13  13  33  45   6   3  47  29  22  29   9  46  25
   0  40  44   0  26   0   0   3  40  49   2   4   3  32   0  34   0  50  10   4  43  41   5  38  44  40  37  16  34   0  42  20  28  35  25  36  37   0  37  25   0  20  21   0  49  32  34   5   0   0  12  34   1  41   1   7  43  30   0   0  11   0   0  45   0  23   0   0   0  20  26  15  29   0  38  23   0
   3  46   4   2  11  45  17   0  13   3  20  16  14  22   0   0  27  38  41  11   9   0  31   3  49  23   0  15   7  25  44   3   0   5   0  46   0  36  21  30   6   0   0   6   0   0  16  12  22  14   0   1  17  23   0   0  14  44  43   0  10  49  47   0   0  47  27  48  50  46  23  37   9  49  18   0
  50  34   0  22  38   0  19  50  21   6   0  24  33  45   0  39   0   4  29  48  30  20  37  46   0   0  32  49   0   0  12  12  11   3  14  19   6  35  27   0  45   0  11   0  27   3  29   0   0  11  12  23  32  22   0   0  21   2   1   0  23  17   6  33   0   0  14  26  31  23  23  47  10  43  24
   4  34  42  35   0   0  43  32  15   5  38  18   9  40  39  47  14  22   5  37  14  12   4  37  31  41  16   0   9  32  26   0  22  16   0   0  32   0  36  20  33  42   8  20  37  33   0   0  43  38  38   7   0  33  49   0  30  11  17  42   0  49  26   0  46  27   7   0  26   0  45   6  11   0
  24  21  22  24   7  49  27  20  24   0   0  28  16   0  33   7  47   0  50   0  23  28  47   0  40  14   0   0   0  26  35   4  27   4   0  37  43  50  23  26  50  43  29  33  37  48   0  40  27   0   0   4  45  32   7  27  35  21   2   0  33  27   0  20  15  25   0  13  36  11   0  30  44
  26   0  27   0   8   8  23  48  27  20  47  29  48  12   9  42   0   6  29  13  20   5  36  48  45   8  20  32  32  21  20   6  29   0  18   0  25  31  10   0  41   0  10  18  39  40   0  25   0  46  12  20  30   3  11   0   0  19  19  24   9  36   0   0   0   1  37  32   0  13   0   0
  41  27  45  23  26   0  45   9  40  12  49   0   5  12  33  30  30  34   0  31   0  41   0   0  33  24  28   0  37  19   4  32  42  44  27   0   0   0  19  32  41   0  36  24  49  31  24   0   0   1  25  46   6  40   0  50  48  33   9  18   0  47  34  14  25   0  22  35  40  49   0
  46   1  34  29  30  34  44  28  15   0   0   0  40  19   5   7  21  17  17  27   5  20  21   2  39  32   0   8   0  47  42  31   0   0   0   0  33  49   0  50   0  11   4  41  50   8   9  17  32  43  40  18  31  10  44   5  21  14  44   0   0  30  31  25  26   2   0   0   0  27
  21   0  36  25  21  20   0   0  41  37   6  41  12   0  29  26  47  41  27   0  22  37   0  28   1  19  13   8  17  36   6   0  24  24  50   0  49   2  26   0  13  25   0   0  33  21   0  27   2  33  19   0  16   0   0  27  42   9  42   9  27  11  15  36  50  23  14   3  14
  15   0   5   4   0  22   6   7  30   0   0  12  50  35  10  48  23   6  47  25  11  35   0  30   0  28   0  24  35   6  20  46  44  47  36  44  20   3  44   0  10   0   4  45  37  46   0   0  14   1  24  46  24   0   5  43  45   8  19  30   3   0  40  27   0   7  49   0
  29  24   6   7  23  34   0  38  25   0   0   0  13   0  49   0  15   0   1  30  23  32   5  30  34  15  23  36   0   4  11  38   0  42   3  12  45  41  14  44   0  26  30   7   4   8   2  43   0   0  36   0  27  21  42  14  22  37   4  45  40  15  44   0  30  14   0
  10  43  46   5  29  18   0  29  35  13   0  16   0  24   0   3   7  20   0  14  41  32  11  31   0  19  14  12  14  45  24  29  34  10  13  47  16   0  47  13   0  15  41  32  45  50  45   4   0   0   0   0  10  23  34  47  23   0  38   9  50  50  32   0  28  36
  30  28  49  26  18  21   0  32   0   8   0   2  37  39   0  49   0   0  11  10  20  19  36  18  27  14   0  13  46  14   0   9  44   2  41  46  49  48  13  14   0   1  23  14   0  40   6  27  39  29  40  26   0  28  47  47   0  41   7  49   0  46  45  48  31
   0  24  19  27   0   0  18  13  18  43  33   0   9  27  41  33   0  15  34   0   0   0  17   0   0   1   0   1   1   0  38  46   0  34  12   9  34  11   0   0  37   2  17  50  26   0  23  48  18   0  21   6  45  23  40   0  45   0  35   3  24   0  41  30
   0  38  22  28   0   5   1  29  50  39  31  17   9  28  32  10   0  11  15  32   0   0   0   0   0   6   0   0   0   0  42  27  39   0  27  25  45  17  25  46   0  49  16  23  35   0  34  15  37  14  50  13  49  40   7  11   8  12  16  27   0  13  27
   0  44  49   0  24  18  43   0  26   8  47   0  49  37  10  45   0  30  34   0   0  49   0   0  25  49  49   8  34   0  45   0  38   3   2  28   4  30   0  24  34  16   0  40  32  41  19  41   2  36   0  17   0  39  50  31  19   0   0   0  30   5
  14  49  28  11  10   4  26   0   1  28   4  23  25  49  25   0  33  50  28   1   9  20  45   1  36  27   0   0  36  34  36   0  39  19  13   2  26  40   0  36  24  34  26   5   0   0   0  24  34   5  49   0   1  15  19   6   0   0  41  19  50
   6   7   0  43   3   8  28   6   0   2  32  49  39  36   0   0   0   0   0  35   8  37   0  18  24   0  18  17   3   9   1  27   2  16   9  33  46  42  36  12  37  35  47  22  28  41  10   0  12   0  33  47  32  19  14  48  44   2  47   7
  40  40   1  22  24  22  45  39   0  28  18   0  30  22  12   0   9  20  49  48  34   4   0  27  11  34   0  29  30   9  48   0   0  48  10  16  27   0  26   1  34  27  38  32  23  45  25   9   2   8  31   0  31  47  20   0   0  20  42
  35   0  50  39   0   0  39   1   0  43  12  13  28  42   0  36  33  44   0  16  17   2   0   0  17  26  37  30   2   1   5  42  50  24   0  28  12  41  19  38  21  31  25   0   0   1  10   0  18  24  26  16   0   0  47  37  10  39
  47  45  37  39  46  38   8  37   9  36  38   0   0  28  27  35   0  22  21  47  25  22   8   0   0  19  49  28  45  45   0  13  44  23   0   0   0  49  15  20  15   9   0  29   0  17  27  41   1  31   1  50   0  31  46  23  13
  45  16   0  11   7  11   0  20  17  28   0  28  30  16   0   0  44  26   0   0   6   4  50  33  43  47  49  35  42   0   0  14  25   0  19   0  15  38   8  10   0  19   0  38  13  14  32  22  30   0  22  17  35   1   0   0
  44   3  49  28  38   0  13  41   0   0  22   0   0   0  42  14  32   9   0   0   0  39  19  20  18   0   0  42  47  34  13   2   9  38  50  11  32  26   6  37   2  21  24  28   0   1  17  14  31  38  23   1  47  11  38
  46  36  46   8  24   8   8  11  48   0  42   0   1   0   0  21   0   0  30  35  23  24  48  47  11  14  43   8  24  13  48   6   0   0  47   0  46   0  27   0  49   0  26  38  14  33  34  30   0  44   0  26  32   7
   8  17   5   3  50   1   0   0  21   9   2  39  18  16  12  46   0  43  22  18   0  33  17  22  22  41  47  12  30  43   2   2  30  43  50   6  12  22  43  27  15  42   2  13  40   9   0   0  41   0  15  39   0
   0  28  14   8   2   0  18   2  12   0  38  39   0  18   0  25   6   0  32  17  43  24  24   9  15   0  40  25   0  18   0  17  50  46  25  27   2  49  25   2  27   0  43  10  34  49  10   0  20   1  30  49
  37   6  30  26   0   0  23  15  45  10  26   8   6  11  36  34   0  16   0  31   0  38   0  38  40  24   0  12   0  10  44  41   0  16  45  47  12  16   0   0  37   0  25   0   0  42  41   0  47   5   0
  30  39  28  29  20  39  18  24  46  39  35  39  13  41  39   0   5  33  48  29  44   0  17  40   9  49  18  28  33   0  21   0  10  35   2   0  14  39   0  41  15   5  37   0   8   0   5  20  40  31
  36  19  21  37   0   0  46  28  37  28   5  19  40  50  11  10  22   1  39  13   8  15  42   0   0  22   0   0  21  34   0   8  10  14  14   0  29  32  40   0   0  30  45  24  39  18   0  37  19
  33  34   0  16   0  48  30  21   0  19  50   0   0  49  30  44  15  34   0  24   7   0   0  22  29  30   0  27   0  32  26   0  46  31  19  37   2  25  33   2   2  24  41  24   0  30  23  49
   8   0  14  46  22  48  36  11   0   8  34  33  40   0   0   0  16  43  22   4   0   0  50  10   4  16  25   8  45  35  16  11  46  41   0   2   0   4  29   2   3  50  29   0   0  19   0
  12  17  32  36   0   0   0   2   9   0   4  10  17  35  22  28  22  10  34  13  40  33  41   0  28  37  44  50   7  14  24  40  35   3   0   6   5  22  49  13   0  49   0  43  50  44
  39   9   0  28  49   9  19   0   4  18  37  17   7  40  38  50   0   0   2  20   0   0  14   0  37  27  28  27  37  28  49  33  36  45   5   7   0  19  35  39  45  46   8  20   5
  15  12  27  21  37  43  47  10  19   0  24   5  39  48  40  47   0   4   0   9  38  49  12  10   0  21  34  30  23  31   0   0  16   0   0   0  15   0   6  36   9   3   2  37
   6   0  50  47  28   9   4   0   0  35   0   0  41  32  24  24   0   0   0   0   0  15  40  12  50  50  12  12   6  45  47  34  23  22  31  18   0  28  19  16   4   8   0
   3   6  48   9  17  14  24  37  14  28  27  31   0  21  25  41   0   0   0   2   0  15   1  44   0   8  42  11   0   2   0  10  32  38  45  36  30   0  25   0  23  19
  21   0   0  35  17   7   0   0  42  45  31  41  38  37   0   0   0  50  33  42  34  12  42  21  24  34   0  25   0  31  11   0   2   0  11  32  32  40   5  23   9
   0  48   6  49  23  28   0  18  42  11  38   0  14  27  12  10   2   0   0   0  37  50  13   6  27   0  33  12   0  41  43   0   1  27   4  34  17   3  39  44
  42  27  28  29   0  38  37  37  33  40   0   0  20   0  42  36   0   0  35  24   1  16  27  13  21  45   7   7   0  38  35  23   0  10  45   0   0  28  13
   0   0   0  27  28   0   0  16   1   0   0  30  28  42   2  14   0  37  47  14   1  20  34  47  18  33   0  35   6   4   0  19   3  47  19   0  17   0
   6  37   5  12  12   0   3   0  29  12  37   0  46  10   9  20   0  29  15  35  17   0  40  21  47  23  46  15  21  25  19  12  17  35  16   3   0
  22   0   1  31   3  36  50   0   0  18  33  44  23   1  10   4  22  25   0  27  40   3   0   8  39  19  20   0  40   2   0   0  39  20  32  12
  45   9  34   0   0   8  42   0  28   4  18   9  26   0   0  40  36   0   1   3   0  39  21  42  16   4  12  41   0   0  27  32  47  31  16
   0  14   0   0  23  20   3   7  22  45   4  31  29  35  24  19  17  27  15   0  50  30   6  25  39   0   0   0   0  13  32  24   4  24
   0  16  10   8   0  18   4   0  14  14   8  17  33  49   9   6   1   0  47  28  42  20  26   2   2  19   0  44  36  26   0  48  29
  43   2  41   0   0  24   0  38   0  25   0  15  43   0  38  46   0  15  31   0  34  14  31   7  29   2   0   0  27   0  16   4
  16   0  31  24   0   0   0  11  33   0   0  12  32   0  33  16   2   0   2  43   0  50   1  17   0   5   0  15  40  41  36
  10  35  17  46   2  18   0   0  14   6   7  37  38  44   0  32   6  39   0   0  34   0  33   5  17  34  34  44   0  46
   0  33  30  41  40  40  32   0  37   0  50   0  20   0  13  42   0  47  25  49  30   0   2  12   0   7  34  49   0
   4   0   0  23  49   0   0  13  27  32  35   0  13  50   0   7   7  36  15  45  25  21  36  39  36  18  28   0
   0  30  42   0  46   0   3   0  45   0  26   0   7  31  11  40  13  49   6  39  25  47   7  29   0  13  39
   0  14   8   0  37  16  50  36  49   0   0   0  12  25   6   8  23  35   0  45   0  23   0   3  28  30
  20  21  47  28  14  32   0  40   0  39  16  11  24  20   5  32  43   0   2  14   0   0  13  10  16
  24  50   0  32  29  10  13  46  43  26  47   0   5  27  30  36  28   0  31   0  12   4  23  12
   0   0  35   5   0  47  36  45  35  26  38  13   0  50  23  41   1  29   0  34   0   0   0
   0  29  35  19  37  27   0  45  45  20  38   0  17  16   0  18  45   0  30   0  20  35
  14  24  15  17  44   6  16  34  28   0  50   0  34   0   4   0  48  36  40  50  22
  42   1  32  42  38  34   0  23   4  34  33   0  42   0   0  29  15   0  24  10
  25   1   3   6  10  36  40  28   0  47  20  16  31  10   0  14   2   0   1
  50   1  24  16  33   0  11   0   0  26   0   3  38  45  31   0   0   8
  11  18  37   7  13   0   0   0  40  31  18  49   0  39  48  47   0
  47  27  37   4  12  12   0   6  41   7  21   0   0  25  29  17
  32  44  46  14  30  25  29   0  19  31  48  30   0  46   0
  36  27   0   4  44  45   1   0  18   8  42   0   9  23
   0  14  15   8  19   0  34   0   0   5  35  26   0
   0  18   4   0  13   0  26   3  47   0  13   0
   0   7  36  41  12  48   0   0  45  16  10
   0   2   5  50  16  45   2  12   1   0
   0  41  50   1   0  41   0   0  36
  28  10   0  36  50  45   6  29
  39   0  39   0  44  32   8
  44  13  33  26  16   0
  40   7   0  43  30
   1   8   0   0
  15   0  42
  38  31
  38

 880
   5  12  16   4   7  19   8  10  24  15  11   2  19   9  14  23   2  16  15  12  12  10  15  22  14   6   2  21  18  25   8   2  10   9  14   7  18  24  12  22   3  10  11  20  25  15  16   1  13   6  15   9  24   6   5   5  24   2  11  22  16  17  25   7   7   9   6  13  11   3  24  12  14  18  14  15  24   3  11  18  19  24  25  10  12  12   1  16   1  21   2   9   5  25  10   6  15   4   2  24   9  14   6  16  19   7   6  19  18  10  12  23  19  17  24   5   2   4   1   1
