 120 
  23  36  47  17   0  27   7  19  33   4   0  10   3   0  50   0  32   0   9   0   0  21   0  24  29  28  32  45  46   0  41   0   9  25   0  30   7  17  48   0  28  50  37   0  44   0   0   0  43   5   5   3   0  30  41  43  35  33  46   0   0  13   1  44   4  44  28   0   0   9  22   2   0   0  40  43   1  44  30   0  17  25  13  19   0  33  37  36  39  48   0   0  13  34   8  30  13   0   3   8  35  22  17   0   0  13   0   3  33   0   2  13   0   6  15   0  45  23  15   0
  23  43  14   0  23  11   0   0   0   6  35  38  48  14   0   9  34  13  26  42  14  44   7   0  14   4  42  48  21  29  21   0  36  36  25  41   2  35   5  32  18  22  31  26  18  48   8  50  10  40  36  21  38  32  44  23  29   0  29  22  49  47  48   0   9  31   0  33  49  33  25  46  34   0   4  40  40  49  37  31  27   0  19  15   0   5  18  27  15   9  44  23   4  12  10   4  42   5  29  26  21  12  12   0  15  45   0  20   0  28  33   0   6  22   2   6  24  14  33
  26   0   3  27   3   5  35  20  33  44   9  41  19   0  48  28  11   5   0  18  48  33  46   0  37  46   0  42  34   7   7  38   0  26   0  32  46  16  24   0  35  18   0  18  46   4   1  48   0   8  20  31   4   2  19   0   4   6   8   0  47   8   5   2  18  14  18  28   0   0  24  29   0  16   7  49  39  14  38  35  27  29  46  36  31  27  47   5   0  32  43   0   7  29  26   0  13  16  45  19   0  48   0  24  30  40  41  40   2  16  11   6   0  48   0   0   0   0
   0   0   0   0  26  24  28   7  36  47   4  50   8   4  26   0  10  48   1   0   0  41  38  24  21  10  43   6   0  25  25  18  39  40  47  37  37  49  22  11  41  19   0  18  40  46  44   0  49  44   0  16  35   0   1   0   0   0  44  12  30   0  15  28  36   0  26   0  46   7   5   0   0  46  16  45  16   6  30   9   0   0  39   9   0  21  31  32   0  43  11   0  24  14  20  38  10   0   0  40  27   0  42   0   0   5  27  45  40  39  25  18   3   1   0   0  48
  31   0  11  11  29  27  18  32   0  49   0   6  26  26   2  20   0  30   0   2  42   0  28  28  11   0   3   0  21   0   0   9  50   6  12  19   0   0  43   2   8   6   9  35  19  25  17   7  26  23  19  42  31  20   0  16  21   0  26  12  27  13   0   0   0   6   3  15   4  40   0  33   0   0  30   0   4  38  20  24   0   0   3   0   0   0   0  47  33   0  18  47   0   2   4  38  40  34   0  44  27   7  16  42   7  43  24   1  30  42   0  10  23  32   0  36
  10   0  39  42   1   0   0  24  33  40  20   5  44  46  46  21  49  18   4   2  41  47  23  37   0   0   0  18   1   1  26   3  20  50  11  13  50  43   0   0  34  38  18  10  50   0   4  18  36  48   0   8   0   0   0  48  29   1   0   0   0  45  13   0  37  24  17   5   3  21   0  27  17  30   0  39  50   1  45  22   0   4  24   0  18  16   0  28  10   9   0  31  21  11  12  24  25   2   0  28   0   0   1  19   0  31   0  45   0  37  16   5   1  45  15
  17  43   0  26  13   0  44   1  13   5  28  26  32   0   0  40   0  12   7   0   0  30   3   0  41  43  31   5  15   0  45  43  16   0  14  28  32  24   6  12  17  23  39  13   0   0   0  47   5  40  30  29   5   0  14   0   0   2  47   0  15   7  22  29   0   0   4  28  28  20   0  34   0  19   0  26  34   8  20  21   8  34  30  15  31   0  17  41  34   3   2   0  14   0  30  43  16   0   8  32  14  13   2   0  34   0   0   7  45  47   8  14  30  47
  20   0  11  19  48  25  50  46  40  35  10  23   1   6  17  38  24  26  28  42  20  30   1  33   0  19   0  46  28  37  16   5   4  33  10  20  43  42  27   6  10   0  35  32  12   7  10  44   0  25  43  18   0  12   4  12  14  39  37   2   0   0   0  16  48  44   8   0   0  10  20   0  31  10  30   0   9   1  17   0   0   0  41   6  26  36  50  18  14   0  17   0  28   0   0  39   0   0  45  31  18   0  32   4   0  24   3  10  27   0  43  14   0
  39  28   0   0  23   0  28  47  23  25  19  44  34  44  18  46  16  36   2   0   0   0  14   0   0  34  43  29  12  17   0   1  26   0  24   0   0  24  23  28  42   0   0  15   0  31   0  36  43  17  24  45  38  18  25  38  18  36  26   0  35  27   0   0  50  13   0   0   5   3   0   0   0  14   0   0  11   5  47  16  47  13   0  23  32   8  42  28  48   0  14   6  16   0   0   0  18  19   8   0  22   0   0   0  47  39   0  46  18   0  38  30
   7  45  27  10  16   0   0  30  45   0   0  18  32  20  16  34   0   1   0  23  13   0  36   4  31   0  50  45  47  21  25  34   0  23  32  41   0  45  16  38   0   0  40  24  22   0  35   0  39  32   0  34   0  19  21   0  31   0   5  48   3   0  33   4   5  14   0  11  50   0  49  36  42  50  39  12   0   0   0   0   1  42   0  10   4  18  23  27   0  36   0   8  41   0   0  38   9  41  50   0  21   0  17   0   0  40  48  22  36   2   8
  21  13  29  42   0   0  15  42  18   0   9  45  47   0   0  22  35   0  34  44  43  43  26   0   0   0  50  34  31   1  30   0  12  46  19  37  25   6  32  46   0  32   0  38  15  15   5  13  41   0  20  43  38  35  20  47  22  14  33  17  15  41   9   4  29   0  10  14  39  34   1   0   0   0   2   5  28  35  46   0   0  48  39  27  11  49  25  10   0  13   4  11  26  17  48   0  33  12  18   0  13  31  28  39   0   0  38  12  36  40
  21  31  18  40   7  14  17  21  26   3   0  10  10  46   7   0  17  18  41   0  15   0   2  40   0  26   7  34  41  10   3   0  41  42  27  33   6  23  30  35  29  10  28   1  10  44  10  40   0  27   5  16  35  25  32  45  16   9  50  16  33  14  14  39   7  47   0  44  34  29  23   0  23  11  29  41  39  37  46  20  16  16  35  14  15   0   8   0   3  45   0   9  18  34  41  40  28  10  39  15  38  13  30  44  12  35   0  20  43
  47   0  32  38  21   0  42   5  24  32   5  11   0  23   0   0  14   5   5   1   0  12  34  16   0  48  45  14   9  21   0   0  10  19  42   0  37   0   8  33  28  23   0   5   0  32   0  35  41   8  33  47   1  50  13  40  41  47  12  42   7  11  43  11  29   0  27   0  22   4   0  14  44   1   0   0  31   0  18  15  45  34  50  48  44  32  12  48  15  21  38  30   0  43  21   0   0  37  22  43   0  49   6  19   2  45  19   0
  48   4  13  23  46  27  10   2   0   0   0   0  35  34  47   2  35  29  31   0   0   0   9   0  43  31  36  26   0  50   6  35  28  13  41  35   0  31  20   0   0   3   2   0   0  20  33  42  24  25  38  45  20  14  22   0  10   0   2   0  47   7   6  23  21  39   0  39  21  10  21  18  48   7   0   0  12   0  40  10   1   0   5  33   2  42  45  13   2  24  43  41  18  18  49   0  42  42   7  42  15  20  33  22  18   4  21
  12  40  40   0  22   0  25   0  48  12  32   5  38   0  39   0  27   0   5   0  20  15   0   5   0   9  36   0  47  24  11  33   0  37  46   0   0  37  12  15   0  38  12  45  21   9  16  32  41   0  28  24  39  43   0  36   0   0   0   0  15  49   0  44   8  24  37   0  23  10  14   0   0   5  15  20  27  27   0   0  26  36   0   0   5  26  21  49  17  12   0  32  42   0  34  28   6   0  16  34  50  41  48   0  47   0
  16  17  21  24  15  11   6  38  46   0  33  33   0  49  38  14  23   4  17   0  25  11  33  32   0  48   0   0   0  28  14  22  30  22  36   0   6   0  48   0   2  11   0  47  39  15   0   5  46  33  14  38   0  17   6  18  41  45  12  33  25  42   1  37   2  35  22  21   0  35  18   0  19  37  49  48  28  18  38  38  21  28   0  46   0   2   5   0  44   0   0  15  28  35   0  24  24   0  34  39  50   0   0  25  15
   0   0  45  29  16   0   0  13  15   7  27   0  47  46  17  21   8  50  23   0   0   4  23  47  36  28  43  23   4  24   0  45   7  29   0  28  29  31   5   8  26   0  42  23  37  25  24  19  35  21   6   2  18  10  22   8  20  47  18  18   0   0  29   0  48  49   4   0   0  46  13  42   0  50   5  10   0  19   0  44   4  41   0  40   5   0  47   0  45   0   0  10  42  26  30  37  32  47  19  30  21  26  35  22
   4  34  21   0   0  14   6  49  33  14  47   0  34   0  15  29   0  47   4  37  15  14  37   0  41  21  50  33  45  48   0  29  12  50   0  14   5  36   4   4   0  32  31   0  12  44  42  25   0   9  36  18   0  38   0  46   0  22  25   0  43  12  10  20   6  47  43  50  41  46  29   0  48  16  30   0  45   0  44  14   3  41  42   0   0   0  14  17  12   0   6   4  43  45  18   0  30   0   0  38  15   0  49
  25  43   0  31  36  43  40  44   3  35   0  23   0  13  23  32   6   0  24  39  22  31  31  27  33  50  15  14   0  26  25  16  41  37  46  26  13  42   0  19   0  37   1  42   7  11   7  32  28   4  31  23  11  19  39   0   0   9   0  41  40  17   0  27   0   0  21   9  12  17   0  31   6   0  32  21  18  32  45  17   0  50   0   0  19  31  19  42   0  38   0   0  12   0  47   0   0  40  40   0   0  42
  16   0  18  48  50  50   0   1  40   0  12  23  28  34   5   0  17  50  34  36  43  25   1  29  21   0   8   1  42  19  43   0   0  35   0  20   0   9   0  30   2   0  36  44   0  14  26  35   7  25   0  11   0  36  36   0   1  21  29   9  48  42   0  17  15  35  50  15  45  32  15   0  31  39   0  49  27  15  50  15  18  26   7   4   0  24  20  25  27   0  16  23   0   0  23  12  48  14   6  49  13
  15  15  13  34   0  27  35  16  47   9  21  39  39  36   0  37  28  44  34  37  17   0  12   0  47   1  34   4  12   3  16  12   1  19  18  26  14  34  49  30  43   6  27  28   0   0  23   0  34  42  32  49  33  30  34  42   0  49  38  40   0  16   0  46  35  13   0  11  44   0   0  44  11  36  12   0  18   0  43  28   0  32   0  26  35   5   6  47  20  12   0  14  50  43   6   3  13  33  18   0
  50  20  11   0  16  29  21   0   0  24  32   0  24  36   2   2  23   6  17  30   0   0  26  17   8   2  10  39  45   0  45  18  32   0  38  30  33  24  10  28  23   0  20   0  48  27   0  29   3  32  27  22  29   0   8  11  21  42  48  15   0  45   0  35  47   0  10   3  50   0  20  45  18   0  24  47  41  17  32  33  48   4  48  43  37  46  47  30  29   0   0   0  17  43   0  47   3  18  22
   0   4  29  47   0  22  11  35   1  15  20  46  33  43  49  46  12   0   0  19  36   0   0   3  43  48  10   2   0  15   6   7   0  49   4  30   0   2  37   0  15   0   0   7  15  35  43  46   0   0  27   0   0   0  47   0   2   0   0   0  50   2  24  14   0   0  40  40  44  37  50   5  10   0   0  42  47  40  49  19   4  36  29  46  35  10  38   0   0  42  26   0  38  30  16  39  23   0
   1  25  40  32   0  31  12  46  25  15  21  25  47  50  27  20  39  28   1  37  22  10   0  47  44  47   0  45   0  42  46  25  25   0  16   0  30  26   0  19   0   0  28   0  26  20  21  37  19  35  31  42  32  22  30   0  34   9  30   0   0  18   5  30   6  35   0  46   0  11   0   0   0  28  24   1   0  43   0   8   0  45  25   0  14   0  11  38  28  40  40  13  45   0  43   0  40
  21  27   8  34   0  28  14   0  34   0  46  42   0   0   0   0   5  31  37  19  42  18   0  11  44  46   0   0  10   0  24  16  12   0  16   9  46   0   0  33  18  34  20  45  33   8  13  23  50   0   0   0  34   8  40  40  16   0  29   0   0  34  22  20   0  15  38  11  25  26  49  50  31  33   0   5  45   0   0  22  22  25  11   0   9   0  43  29  35  27  16  42   4  26  29  41
   3   0  41  40   0  38  32  34  27   0   0   0  18  38   8   0   0  27  43   4  11  30   4  10   0  50   0  31   0  25  41  22  23  44   0  18  41   4  15   0  37  16  21   1  14  28  20   0  49  30  30  22   0  49  34  47   0   6  29   0  48   0  22  42   0  31  10   0   0  16   0  24  23  34  43  19  20   0   0  50  25  42  30  39  34  41  26   0  29  13   9  33   0  27   9
  32  31   0   2  24   0  40  42  50  35  45   0   6   1   7   3  10   0  37   0   0   0   1   0   0  25   0  19  41   0   0  50  36   0  31  19   0  23  16  47   2  40  27   3  42   0  45  13  10   4  14   0  35  12   0   9  26   0   0  18  21   9  18   0  46   0   1   0  15  15  24   0   7   0  10   1   0  16   0  34   1  35   0  28  27   4  32  15  35  30  29  36  33   1
  39  39   0   0  48  20   0  11   0  23   0   6  33   0  39   0  24  42   0  30  12   0   4  36  42  26   7  30  24   2  32   4  44  24  27  46   7   0  39  20   0   0  19   5  16  20   1  50  39  25  28  28  49  27   0  25   0   0  30  16   0   0  33  50  38  48   0   0   0  36  19  25   0   4  12   5   0   3  20  10  40  12   0   9   7  16   0  39   0  29  21  50   0
  17   4   0   3  22  41   0  20   0   0  48  19  23   4  32  42  46  38  27   0  14  30   8  43  13   0  14   0  17   0  26  11  29   0  18  30   0   0  11   0   0   0  35   0  35  31  13   1  33   0   9  41   4   0   5  36   0  26   6  50  17  19  15  32  12  43  40   0  31  21  37  39  39   0  33  15   1   0  13   0  13  41   8   7  12  45  17   6   0   0  27  43
  24   0  12  38   2   2   0  19  28  26  26  16   0   0  21  29  16  36  40  13  17  18   6  31  14  16  49  23   2   9  35   8  24  27   9  32  33  33  23  46  16   5  33  46  40  23   0   0   0  18   0  29   0  35   0   3  47  25  11  23   0   0   0  33  32   0  31  10   0   0  41   0   0   4   3   1  37  16   0  29  43  16  30   3   0   2   0  43  43   0  27
  38  24   0   7  19   2  36  35  45  48  22   0  46  49  12  30   0   0   0   0  50  37   0  32  43  41   6  26  15   0  28  16  13  28  44  36   0   0   1  18  39  19   1  19  15   0  49   0   0  32   0  28  20   0  32   0  12  35  42   4   4  15  42  25  11   0  22  47   0   9  44  50  44   0   0  50  12  10  27  10  26  41  47   0  42   0   2  42  14  36
  14   0   0  37  40   5  19   0  33   0   0  11  46  38  37   2  30  42   0  42   0  27  17  47  21   0  47  30  24  25   1   0   0   3  30   4  23  28  26  43  48  23   9   2   0  31  36   0  49  36   8   0  41  41  33  29  15  28   0   0  30  32  14  43  48  43  24   8  42  38  20  39  34   0   0  34   0   0  37  27  29   0   0  50   0  47  37  24  25
  10   0   0  49   7  23   0  21  34   4  15  17  22   0  50  41  34   0  28   0  10  25  44  31  42   0   0  26  42   6   0  13   0  26  37   6  33  31   6  12  30   0  39  48   0  47  33   0  38  28  15   0  36   0  39   5  23  14  40   5   6   6   0  44   0  48  18  47   1   0  10  29   2  29  24  34   0   0  33  13   0  23   6  13   6   0   6   2
   0  50  47   0  17   0  47  32   0  31  40  18  45  32  37  30   0  41   9   7   2   8   2  22  20  47  31   0   3  39   0   0  44   0   0  20  13  28   2  14  23  27  15  45  15   0  38  43  26  42  45  47   5   0  41   4  39  47   0  22  31  11  37  12   0   0  25  10  45   0   0  11  25   0  43  50  42  16   0   0  42   2  20  37  38   3   0
  28  25  17  36   0   0  18  34  23  31  46  40  34  41  26  49  41   7   0   0   0   0   0  30  46  18  17  39   1  12  16   0  19  13   4  48   0   5  23  48  46  34   3  18  48  36  49  24  20  24  42  36  16  43  46   9   0  15   0   2  33  10   4  27   0  31  34  35  17  23   4   0  13  35   5   0  48  50  37  28   9  35   0   0  31   0
   0  21   0  37  37  17  12  48   4  11  18  21  34  23   0  30  10  23  31  36   0  45  30   2   2   0   6  22   0   9   0  29   9   0   1  43   0   0   0   0   0  14  18  35  41   5   0   0  26  34  21  44   0   0  10  34   0  38  10   0  27  49  38  46  46  34   0   5  49   5  24   4   9  31   5  49  14  41  14  22  23  36   0  24   0
  34  44  30   0   0   6   0   9   8   1  16  14   0  14  18   0  50  12   8   0   0  11   0   0   0   0   0  47  19   0  24   0  31   0   0  27  20   0  18  49   0  46   0   0  16   0  23   7  39   1  24   0   0   0   0   0  12  18  30   0  19  15   0   3  29   0   0  37  28   0   0  38  36   0   6  27  12  21  46   0   0   0  49   0
   0   0  16  46  34  13  21  21  43   0   1  12   0   8   5   7   0   0   8  49   0  11   0   0  13   0  40   0  46   5  33   0  17  13  46  25   7  22  13  26   0  33   0  15  28  35   0   0  45  36  33   3  21   0  33   0   9   0   8   0   2  38  33   5   0  46  47   8   0   2  20  11   0  12  25   0   0  14  32  11  31   2   0
   0  20  13  36   0  27  26  17  12   0  33   0  48  35  47   0   0  23   1  42   5  42   0  26  16  35  43   0  27  42   0  41   8   0  45  50  30  31  16  32   0  32  30   6  26  22  43  21   8   0  32  28  34   3   3  37  15  15  49  43   0  28   0   7  42   0  23  24   1  14  13  49   0   0   4  25  44  29  27   0   7  35
  43   0   8   2  49  49   0  32  14   8   0  33  11  31  13   0  23   9  48   0   0   5  40   3  39  36   0  22   0   0  43  38  22  28   0  38  21  14  36  44  41  30  25   6  39  40  25  43   0  49   4  14   0   0  23  49   0  10   0  13  20   1  24  45   8   0  14   6  16   0  33  39  25   2  50  48  10  50  30  30   0
   0  12  20  28   9  50  45   0  34  25   0  29   0  26  35  28   0  26  37  14  27   0  31  14   0   4  29  15  46   0  37   8  40  15   0   0  23  33   0  36  28  39   0  46  12  48  11  14  20  38  15   0  20  17  33   9   0  40   1  19   2   4   6   0  26  31  42  10   0  42  20  35  24  35   0  26  38   0   1  28
  24  37  45   2  18   0  37  17  42  23   0   3  12  14  28  26   0  19  45  27  25  28  20  18   0  26  23  25   0   0  38  14   0  45   6  48  20  15  50   0   6   0   0  30   0  36  47   6  13   1  41  40  22  46   0   0   7  45   0   0  12  12  10  44  16  37   0  16   3  36   5  23   0   0  16  20  47  47   0
  21  16   0  19   0  30   0   0   0  40   0   8  34  47  36  23  20  23  22  41  25  32  27  50  31  44  24   0  42  49  27  14  48  39  23  45  22  13  48   0   0   0   0  47  39  37  35  35  40  18  50  10   4  29  42   0   0  17  10  48   6  31  42   9  22  45  25   0  19   0   0  50  11  25   0  44   0  49
   0   0  39   4  22   0  32  29  30  24  12  35  40  27  32  12   0  14   0  32  36  35   0  48  29  33  13  30  11   0   4   0   0  24   0   6  28   9  18  27   0  31  13  23  48  12  26  37  34   1   1   0  23  37   8   0   0   0  26  39  48  22  23  42   0  47  33   1  21  21   6  20  22   3   0   1   0
   0  34  37  39  28   0  10  18  37   0   0  31   5  27   0  15   0  37  48  39  40  20  18   3   0  45  45  21  37   0  28  27  32  44  26   9   8   8  34   0  28  33   8  25   0  19   8  13  10  17  31  13  47  31   0   0  20   6   0   8   0   4  26  50   0   0   0  26  28   0   0  20   9  46   0   9
  47  11  43   0   0  28  15   0   0  29  10  20  27   0  21   0  49  36   1  40   0  46   0  31   8   3   0   0   0   0  19  26  16  50  10   0  13  47  48  14  49   9   1  40  42  27  45  40   7   0   2  20  32   0  23   0  29  27  20  11  42  34  43  50  46  26  23  39   0  19   0  49  25   0   4
  47   8   3  41  50  40  21  30   0  14  46  21   0  30  31   0  20  50   0  11   0   0  40  20  11   0   0   0   0  11   0   0  27  24  11   0  47   2   0  50   0  33   0   0  22  47   5   0  42   7  33   7  20  33   0  19  36   0   0  15  23   0  11   5   0   0  31  48   0   0  38   0   2  13
   6  19   5   0   6  48  31  46  39  31   0  44  40  12   0  48   6   0  23  14  45  12   0  16   8  10   9  18  17  40   0  29  50  42  33  16   0  16  33   0   5   0  21  15  47  40  39   4   0   0  14   0  14   0  27  38  10   4   0   4  33  36   0   0  23  10   0  32  19   0  15  41   9
  23  25  14  26   0   0  25   0  36  10  15   0   8  46  40  43   0   0  37  49  40   0  22  22  17   0  11   5   0   1  16   0  28   0   3   0   0  18  30  29  15   7   0  34  36   0   2   0   8  40  25   0   0  46  16  29   0  16  32  38  15   0  22   0   0  44  14  31  10  29  44  14
   0   9  19   0   0  17  44  24  29   9  13   0  13  28  31   0   0  50   0   0  47  20   0   0  34  46  49  47  49   0   0  21  30  49   0   0   2  45  48   0  17  10   0  22  49   0  31  21   0   4  44  44  36  41  23  19  16   0   1  24  17  22  27  32  25   0   9  16  10  14  33
  45  30  39  15  19  29  31  40  11  36   1   0  35   0  47  29  46   0  23  12   1  50   0  35  11   0  18   0  16   0  40   0  26  11   0  31   2  37  48  47  17   0  24  20  14  10  13  26  18   0  11  30   0   0  39   0  36  30  12  16  11   0  34   0  37   0  23   0   4  29
   0  13  12  32  16  39  31   8  44  32   0  17   0   0  21  16   0   0   0  39  35   2   0  38  42  25  13  41  17  46  34   5  23   0   9  42   0  48   6   0   5  35  16  15  38   0  17  19  28   0   0  12   5  22   0   0  43   3  22  46  30   3  17  43  35   0  31  27   0
  43  49   0  28  27  21  25   2  41   0   1  29  36  40  24   0   0  41   0  46   0  22   0  17  25  44   2   5   7  18   3  39  18  32  44   0   1  32  25  40   9  43  12   0  22   0  37   7  40  44   0  22  48  26  43  49   0  16   0  47  14   7  37  35   0  29  28  21
   0  50  38  43  13  13  47  42  29  23  21   7  24  12  41   2  33   0   0  12   0  20  34  14  45   7   0   7   0   0  11  47   7   8  33  15  10  30   4   0   0   3   0  37   4   9  10  26  50   0  30   0   0  32   7  13  39   0   8   0  29  50  43  25  38   0  49
  15   0  37   0  49   0  23  42   0  23  20  26   0  22   0  27   0   5  14  47  40  26  35  28  20   0   0  37   0  29  37  19  29  27   0  40  13  10  39  28  48  23  23  23  22  38   1   7   0  45   6   0  22  48  47  16  41   2  21  30  50  40  14   0  27   0
  44  30   0  30  30  14   0   0   0  40  14  28  35  19  36  42  28  41  34  42  29  28  13  40  33   6  17   0  46  38  22   0  27  29   3  37  26  26   5  15   6   9  11  18  44   0  17  41  32  35  24  40  32  45   0   0   0  13  46  22  40  43   0   7  33
   0  49   6  36  50  14  26  33  49  47  38  16   4  46   8  46  29   0   0   0  29  45   0  24  33  15  11  44   0  20  23  29   0  50   0  28  38   0  23  15  23  50   0  28  35   5  20  19  30   0  16  39  21  19   0   0  39  35   0  43   4  35  11   0
  43   6  50  37   8  31   0   9   0   0   7   7  15  49   3  23   0   0   0   0  19  12   0  10   0   0  48  22   0   0  24   0  13  34   0  29  39  15  11  27  37  29  14   0  24  11   0  14  29  21  21  26  40  18  30   2  49  25  38   0   5  11  46
   5   2  19  30  16  14  12   8  32   0   9   0  15  23   0   0   0  16  42   0   0  46  44   0  25   7   9  22  42  20  34  44  45  45  14   3  48   0  29   0  40  24  33  27  13  47  29   2   4  50  27  24  13   0   0  36  30   0  20   0  49   0
   0   0  16   1   0   0   8   7   9   0  41  27   6   7  12  26   0   6  39  24   6  22   7   5  40  20  24  16   0   0  16   0  16  41   0   0   0   9  48  47  38  34  46  34  32   0  15   0  37   0  44  13  31  36  28  43   6  12  49   0  40
  21  12  20   0  36  48   0  45  42  49  37  40  20   0  40   0  29  11  28   0  17   0   0  28   0   0   0   0  39  47   6  20  42  16  11   0  47   0  48  16  44   0   9   5   0  12  28   0  29   0  37   0   6  42   3   0  32  26  13  37
   0   0  28   6   0  26  36   0  45  33  50  18  10  31   0  43   5   0  34  38   0   3   0  31  31   0   0  44  31  11  41  26   0   0  30  25  33   0   7  11   0  33  24  24   9  32   0  13  27   4  50  16   0  11   1   6   2  33   0
   0   0  41  38  37  13  10   0  38  21  24  17  36  48  44  15  13   7  32  16  33   0  27  34   0  35  45   7   0   0   0  11  37  39   7   3  40  21  23   0   0  10   0   0  21   4  24   0  37   0   0  35   0   0  46  40  24   0
  47  50  21  17   0   5  25  25  37   0   1   0  29  11  12  43  39  34   0  11   0  26  49  28  35  36  19  43  45   0  15   0  31  46   9  43  42   0  14   9   0   0  34  38   0  39  39   0  17  31   1   7  32  46   0  28   0
  13  29   0  17   0  49   7  13  36  12   2  48  40  24  30   0  17  13  44   6  24  34   0  37   0   0  35  27   6   7  35   4   0  20  41  31  25  42  13   4  35   0   0   0   0   0  46   0   0  24   0  44   0   5   0   0
  45   0   7  11  17   9   0  20  44  43  38  44  14  32  43  21  13   0  34  47   0  26  22  30   0  46   0   2   4  32  47  28  38  21   0   1  32  19  14  48   0  29  21  44  26  27  22   0  45  15   3   0   0  34   6
   5  45  34  45   0   0   6  23  30  13  32   4  15  35   0  27   0   0   4   8   2   8   0  11  32   0  29  10  22   0  46  35   5   0   1  17  43   0   0   7  35  42   0  33   4   0  16  15   6  45   0  20  32   0
   0  47  44  22   5  28   0  50   7   0   1   0  26  36  23   0  37   7  10   0   1  35   0  47  46  46  33   5  23  30   0  22  21  29  28  30  26  38  49  15  31  48  17  50  22  20  35  31  39  39  16  15  13
  22  15  35  27  37  34  35   0   3   0   9   1   0  50  48   0  35  29  22  44  39   4   0  16  44  47  25  32  18   0  39  37  43   0  13  37  31   0   0   0   0  41  43  11  16  30  45   0  41  32  10  16
   0   0  47  23   5  12  37  11  22   0  19  22  18  22  36   3   0  49  26  35   0   4  43   0   0   0  19   9   3  37  49  39   0   2   0  30  44  27  28  37  13  20  14   0  40  47  19   0   0   5   0
   4   0  28  28   0   3  45   1   0   0   0  31   0  10  23   0   0  28   0  43  42   0  33   0   0  26  11  33   0  47  27  43  21  19  24  42  13   0   0   0   0   0  31   9  21   0  31  14  49   2
  47  45  38   0   8  40  36  24  20  11   0  49   9  45  24   0   5  11   0  20  14   0  21   2   0   0  18  32  25  25   6   1   0   8  49  26   0   0  39  37  37   0  27  45  45  16  19  38   0
  40   0  37  48  50   0  14  48  21  25  36  25  22  47  38  46   0  50   0  47   0  33  37  46  38  46  41   0  14   0  17  23   0  25   0  37   0  14   0  33  35  17  10  28  49  44   9   0
   0  15  24   0  10   0  38  23   0   0  42  40  42  47  12  43  45  30  23  50   2  37   2  17   1  36  41   9  26   3  31  23   0  11  24  48  10   0  43   6  45   7   0  14  43  33  42
  29  29  12   0  49  26   0   0  14   2  32  29  42  49   0   0   0   7  13  42   3  22   3   0  50   0  29  42   0   0   1  33  13   1  45  33   0  37  20  14   1  29  28   9  13  27
  31  35  14  47  29  45  45   6  31   0   3   0  13  23   6  46  23  37   0   0  36   0   4   9  50  24   3  46  32   6  42   0  20  43  28  23  28  48  34  31   5   0  13   0   7
   0   0  10   4   0   0   0  40  40  29  12  44  19   0  14   7   5   0   0  19   0  24  14   0  19  11   8  37   5  49   4  16   0  37  29   0   5  35  23   0  28  48   0  46
  48   0  35  18  22   0  42  27  28  22   0   9   0  33   9   0  37   4   9  40  42  37   0  17  20   0   0   7   0  11  30   0  23  16   2   0  17   0   8  44  36  48  16
   0  26  32  24  43  32  48  18   0   0  50   3   0  10   0  26  14  20  24   6   0  23   0  42  20  17  12   8  11  22  40  23  50   0  29   0  24  22   0   5   2  22
   3  22  49  39  17   0  32  29   9   0  39  23  21   6   5   0   0   2   0  49   0   0  36  48  11   0  18  32  20  10  13  27  29  18   6   0   0   0   8   0  45
   9  45  21   0   7  35   8  17  16  14   0   0  23   3  36   0  42  45  21   0  41   5  17   3   0  44   0  46  15   0  17  15   0  47  33   0  39   2  25  18
   0  36   0   0   0   8   0  23   7   0   0  31   0  45  10  44   0   8  39  20   0   0   8  50  30   0  12  11  25  46   0   5  11  32   0   1  31   0  28
  24   0  10   0  44   1  25   1   0  21   0  12  23  13  28  39   0  15   3   1   9  15  24  37   0   2   0  45   0  34   0   0  19  18  22   0  27   0
  46   0  37   1   0   0   0   0  25   0  44  24  40   0   8   0  11  44  16  46   0   0  37  44  43  13  45   0   0   0  15  16  44  39   4  22  34
  13  30  34  47   0  31  38  33  40   0  36  34  17   4  45   0   0  30   0   7  47  34  37  37  26   8  33  11   0   8   7  35   0   0  27  19
  49  40   0  22   3  16  12  31  43  44  31  39  27   0  18  14  11  48   9  43   0   0  16  39   0  44  11   0  18  42   4   1  50  15   0
  38   0   5  42  39  15  39  41  22  25  46  38  20  39  47  38   0  26   0   7   0  16   0  31  13  17  46  33  29  29   0  38  14  19
  13  43  47   0  23  37  43  13   5  24  32   0  29  34  18  26   0   0  33  27  41  16  49  24   2   0   4  13   0   0  13  50   0
  15   0   0   9  34  13  27  25  18   7   1  19   0  44  28  20  46   3  15  34   0  37  19   0  21  47  32  40  41   0   0   0
   0   0   0   0  45   6  34   2   1  38  16   4  36   0   0   0  45  23  10  19  40   1  36  27  35   0  27  36   0   6  39
  18   6   0   4   3  26  12   0   0   5  26   0  22  27   0  22  45   3  34   0   0   0  11  41  25   0  36   0  17  36
  32  20  43   5  40   0  45  50  43  12  39  42  22   3   3  49   5  16   5   0   0  50  35  31   5  40   0  24  15
  16  28  29  42  20   4  29   0  47   0  27   0  17   7   0  15  24  39  12  35  41  38  12   0  33  41   9   0
  33  44   0  36   0  35   0   0  39  32  19  44   0   0  18   7  21  13   0   0   0  23   0   0   0  26  39
  28  34  27  45  50  36  25   0  21   0   8  14   0   0  36  32  38   8  24  46  23   4  30  21   3  48
  11  47   0  36  12   0  22   5   0   2   4  24   0  38  13  49  36  32  13   0  19  48   0  48  45
  14   7  29  32  29  32   3   0   6  37  41  30   2   5   0   0  41  22   0   0  46  45  33  15
   2  45   0   0   7  25   0   0  19  23   1  32  29   0  50  12  36  16   5   0   0   0   0
  45  27   0  13  25  42  17  34  31  22  22  27  22  10  48   9  35  21  42  41  36   0
   7  41   0   0  21  36   3  23  35   0   0  31  44   0  21  22  13  21   0   9  29
   0  30  22  17  32  23   9   4  30  24   9   9  22   5  26   0  40  26   0  16
   0   0  27  20  17  18  24  12  10  27   0   3   2  13   9   0  34   0  41
   0  17   0   0  15  15  45  29  26  47   3   2  46  11   9   0   0  18
  11  24   6  37  13  25  18   0  29   1  39  24  43  29   7  28   9
   0  21   0  24  11  37   0  33   8   3  10  10   3   0  16  11
   4  36   6  19   0  25   0  48   0  28  23  11  29  11  47
  37   0  34  46  30   8   0   0   2  21  44   0  49   0
   0  50  41   2  31   0  31  38   0   0  10  21   0
  49  39   1   0  15  36   0  26   7  39   0  20
   3  44  24  49  43  50  47   0  21  26  37
  15  25   3   5   0  17  31  25  17   0
  44  28   3   0   1   0  34   0   0
  31  50  13  46  42   0  22  17
  37  30   0   7  21  17  37
  28   9  11  30  38  43
  24   1  34   4   0
  12  38  14   0
  16   7  29
   0  27
  46

 603
  18  12  11  20  16  10  22   6   3   9  20  14  17   2  15  23   3   3  25  14   7  24   2   9  14  12   3  17  25  14  17  25  25   4  18  20   5   8  15  13   6   2  23   6  20  21   6  21   5   6  25   5   7  17  22  22   9  25  11   3  23   6  15  19   8  11  22  21  16   7  12   7   1   7  17  10  10  11   2   7   1  22   7   4  12  17   4   6   4   1  12  16  13  21  18  21  20  20   6  11  17  18  19  19  25  15   2  12  22   9   9   4  24  21  17  20   5  12   1  16
