  60 
   0   0   0   0   0   0   0  35   0   0   0   0   0   0   0   0   0   0   0   0   0   0   0   0   0   0   0   0   0   0   0  46   0   0   0   0   0   0   0   0   0   0   0  15   0   0   0   8   0  31   0   0   0   0   0   3   0   0   0   0
   0   0   0   0   0   0   0   0   0   0   0   0   0   0   0   0   0   0   0   0   0   0  10   0   0   0   0   0   0   0   0  25   0   0   0   0   0   0   0   0   0   0   0   0   0   0   0   0   0   0   0   0   0   0  37   0   0   0   0
   0   0   0   0   0   0   0   0   0   0   0   0   0   0   0   0   0   0   0   0   0   0  12   0  41  34   0   0   0   0   0   0   0   0   0   0   0   0  24   0   0   0   0  15   0   0   0   0   0   0  22   0   0   0   0   0  28   0
   0   0   0   0   0   0   0   0   0   0   0   0  27   2   0   0   0   0   0   0   0   0   0   0   0   0   1   0   0   0   0   0   0   0   0   0   0   0   0   0   0   0   0   0   0   0   0   0   9   0   0   0   0   0   0   0   0
   0   0   0   0   0   0   5   0   0   0   0   0   0   0   0   0   0   0   0   0   0   0   0   0   0   0   0   0   0  45   0   0   0   0   0   0   0   0   0   0   0   0   0   0   0   0   0   0   0   0  22   0   0  13   0   0
   0   0   0   0   0   0   0   0   0   0   4   0   0   0   1   0   0   0   0   0   0   0   0   0   0   0  48   0   0   0  11   0   0   5   0   0   0   0   0   0   0   0   0   0   0   0   0   0   0   0   0   0   0   0   0
   0   0  31   0   0   0   0   0   0   0   0   0   0   0   0   0   0   0   0   0   0   0   0   0   0   0   0   0  34   0   0  20   0   0   0   0   0   0   0   0   0   0   0  42   0   0   0   0   0   0   0   0   0   0
   0   0   0  15   0   0   0   0   0  25  15   0   0  42   0   0   0   0   0   0   0   0   0   0   0   0   0   0   0   0   0   0   0   0   0   0   0  25   0  31   0   0   0   0  22  37   0   0   0   0   0   0   0
   0   0   0   0   0   0   0   0   0   0   0   0   0   0   0   0   0   0   0  22  37   0  35   0   0   0   0   0   0   0   0   0   0   0   0   0  24   0   0   0   0   0   0   0  27   0   0   0   0  48   0   0
   0   0   0   0   0   0  48   0   0   0   0   0   0   0   0   0   0   0   0   0   0   0   0   0   0   0  36   0   0   0   0   0   0   0   0   0   0   0   0  27  44   0   0   0   0  46   0   0   0   0   0
   0   0   0   0  25   0   0   0   0   0   0   0   0  49   0   0   0   0   0   0   0   0   0   0   0   0   0   0   0  49   0   0   0   0   0   0   0   0  43   0   0   0   0  23   0   0   0   0  21   0
   0   0   0   0   0   0   0   0   0   0   0   0   0   0  18   0   0  10   0   0   0   0   0   0   0   0   0  18   0   0   0  39   0   0   0   0   0   0  29   0   0   0   0   0   0  45   0   6   6
  42   0   0  22   0   0   6   0   0   0   0   0   0   0  37   0   0   0   0   0   0   0   0   2   0   0   0   0   0   0   0   0  22   0   0   0   0   0   0   4   0  36   0   0   1   0   0   0
   0  12   0   0   0   5   0   0   0   0   0  44   0   0   0   0   0   0  45   0   0   0   0   0   0  11   8   0   0   0   0  31   0   0   0   0   0   0   0   0   0   0   0   0   0   0   0
   0   0   0   0   0   0   0   0   0   0   0   0   0   0  34   5   0   0   0   0  30   0  42   0   0   0   0   0  13   0   0   0   0   0  24   0   0   0   0  38   0   0   0   0   0  25
   0   0   0   0   0   0   0   0   0   0   0   0  45   0   0   0   0   0   0   0   6   0   0   0   0   0   0   0   0   0   0   0   0   0  17   0  27   0   0   0   0   0   0   0   0
   0  13   0   0   0   0   0   0   0   0  21  47   0   0  41   0  34   0   0   0   0   0   0   0   0   0   0   0   0   6   0   0   0   0   0   0   0   0   0   0   0   0  47   0
  32   1   0   0   0   3   0   0   0   0   0   0   0   0   0  20   0   0   0   0   0   0   0   0   0   0   0   0   0   0  24  39   0   0   0   0   0   0  47   0   0   0   0
   0   0   0   0   0   0   3   0   0   0   0   0   0   0   0  47   0   0   0   0   0   0   0   0   0   0   0   0   0   0   0   0   0   0   0   0  35   0   0   0   0   0
   0   0  26   0   0  16   0   0  22  35   0   0  41  17   0   0   0   0  19   0   0   0   0   0   0   0  20   0   0   7   0   0   0   0   0   0  18   0   0   0   0
   0   0   0   0   0   0   0   0   0   0   0   0   0   0   0   0   0   0   0   0   0   0   0   0   0   0   0   0   0   0   0   0   0   0   0   0   0   0   0   0
   0   0  46   0   0   0   0   0   0   0   0   0   0   0   0   0  32   0   0   0  29  37   0   0   0   8   0   0   0   0   0   0   0   0   0  18   0   0   0
   0   0   0   0   0   0   0   0   0   0   0   0   0  42   0   0   0   0   0   0   0   0   0   0   0  50   0   0   0   0   0   0   0   0   0   0   0   0
   0   0   0   0   0   0   0   0   0   3   0   0   0   0   0   0  47   0   0   0   0   0   0   0   0   0   0  38   0  30   0   0   0   0   0   0   0
   0   0   0   0   0   0   0   0   0   0   0   0   0   0   0   0  35   0  14   0   0   0   0   0   0   0   0   0   0  46   0  32   0  38   0   0
   0   0   0   0   0   0   0   0   0  36   0   0   0   0   0   0  46   0   0   0  22   0   0   0   0   0   0   0   0   0   0   0   0   0   0
   0   0   0   0   0   0   0   0   0   0   0   0   0   0   0   0   0   0   0   0   0   0   0   0   0   0   0  14   0   0   0   0   0  45
   0   0   0   0  36   0   7   0   0   0   0   0   0   0   0   0   0   0   0  35   0   0   0   0   0   0   0   0   0   0   0   0   0
   0   0   0   0   0  14   0   0   0   0   0   0   0  19   0   0   0   0   0   0   0  26   0   0   0   0   0   0   0   0   0   0
   0   0   0   0   0   0   0   0   0   0   0   0   0   0   0   0   0   0   0   0  46   0   0   0   0   0   0   0   0   0  39
   0   0   0  11   0   0   0   0   0   0   0   0   0   0   0   0   0   0   0   0   0   0   0   0   0  42   0   0   0   0
   0   0   0   0   0   0   0   0   0   0   0   0   0   0   0   0   0   0   0   0   0   0   0   0   0   0  12   0   0
   0   0   0   0  50   0   0   0   0   0   0   0   0   0   0   0   0   0   0   0   0   0  41   0   0   0   0   0
   0   0   0  15   0   0   0   0   0   0   0   0   0   0   0   0   0  28   0   0   0   0   0   0   0   0   0
   0   0   0   0   0   0   0   0   0   0   0   0   0   0   0   0   0   0   0   0   0   0   0   0   0   0
   0   0   0  17   0   0   0   0   0   0   0   0  42   0   0   0   0   0   0   0   0   0   0   0   0
   0   0   0   9   0   0   0   0  36   0   0   0   0   0   0  24   0   0   0   0   0   0   0   0
   0   0  48   0   0   0   0   0  17   0   0   0   0   0   0   0   0   0   0   0   0   0   0
   0  29   0   0   0   0   0   0   0   0   0   0   0  16   0   0   0   0   0  17   0   0
   0   0   0   0   0   0   0   0   0   0   0   0   0   0   0   0   0   0   0   0   0
  13   0   0   0   0   0   0   0   0   0   0   0   0   0   0   0   0   0   0   0
   0   0  10   0  35   0   0   0   0   0   0   0   0   0   0   0   0   0   0
   0   0   0   0   0   0   0   0   0   0   0   0   0  23   0   0   0   0
   0   0   0   0   0  21   0   0   0   0   0   0   0   0   0  10   0
   0   0   0   0   0   0   0   0   0   0   0   0   0   0   0  46
   0   0   0   0   0   0   0   0   0   0  34   0   0   0   0
   0   0   0   0   0   0   0   0   0  28   0  25   0   0
   0   0  36   0   0   0   0   0   0   0   0   0   0
   0   0  37   0   0   0   0   0   0   0   0   7
   0   4   0   0   0   0   0  35   0   0  36
   0   0   5  21   0  24  47   0   0   0
   0   0   0   0   0   0   0  32  18
   0   0   0   0   0   4   0   0
   0   0   0   0  45   0   0
   0   0  45   0   0   0
   0   0   0   0   0
   7   0   0  18
   0   0   0
   4   0
   0

 283
  15   9   3   1  16   2   8  24   2  13  11   3  25   9   9  24  16  16  12  14  21  21  17   1   2  25   2  25  21   7  12  11  12   1  21  21   2   6   9  12  18  13  11  24   5  16  19  20  15  20  24  20  21  21  12   2   1   6   2  11

