  60 
   6  15   3  19   8  14  49  42  14   8  29   7  47  49  16   7  22  37  30  34  41  10  46   2  23  12  48  19  27  36  46  43  40   5  22  39   2  41  20  12  48  45   3   9  30  26  35  23   1  26  20   9  36  30  35  41  28  47   7  13
  48  21  25  25  43  39   1  40  16   2  12  31  38   3   8  28   6   1  40  17  33  42  46  34  44   3  34   7  26  27  16  43  17  20  38  46  43  10  31   5  15  15  11   5  26  47  34   9  27  24  36  14  43  34  33  16  36  20  50
   5  38  14  38   8  25  37  34   6   7  44  30  29  33  46  43  43  28   4  41  12  10   1  11  26   4  16   1  24  16  16  29   9  43  30  39  46  30  33   3   6   5  19  23  49  23   7  37  22  18  23  30  22   6   7  15  39  45
   7  33  21  16  24   3  25  39   7  40  33  28  19  13   5   3  22  15  30  35  16   6  25  45  34  32  20  25  50  14  38  45  38  50  21  32   8  14  36  46  49  45  34  28  38  26  11   6   9  37  15  46  49  17  31  44  36
  40   1  25  33  35  10  33   6  21  18  49   3  39   2  45  34  28  42  50  33  47  46  41  31  35  15  29  26  22  47  23   9  30  35  28  10  39  28  47  32   1  33  21   2  17  27  46  18  36  25  13   4  27  43   3  50
  42  46  42  32  20  32  30  34  40  35  32  16  18   5  10  38  13  17  46  37  31  26  31  41  48  13  42   8   3  30  37  47  24  11  40   6  49  50  41   5  47  36   8  31  20  13  43   3  10  41  22  42  27  24  46
  48  50  43  29   7  49  28  42  35   2  38  45  39   2  15  31  21   7  14  30  41  47  26  22  34   3  30  33  37  34  12  42  18   1  22   2  48   3  50  29  16  27   3  18  49  36  47  49  29   1   6  16  10  47
  22  26  27  49  26  48  29   6  28  24  45   9  16  42   4   9   6  25  22  50   4  30   6  45  46  19  33  28  49   1  44  13  26  39  13  33  33  36  11  37  12  18  17  34   4  31  40  19  42   6   6   7  14
   8  20  19  42  43  34  31   6  18  33   4   5  43  16  46  38  23  30  31  35  16  24   6  37  29  28   8  31  31  15  26  29  20   1  48  44   7  33  31  42  44  43  25  18  13  31  30  33   2  37  50  45
  18  48   5  49  41  11  15  33  30  31  31  28  10  42   8  18  37  32  32  31  23  35  24  29  44   2  29  35  44  28  33  39  33  44  37  36   1  17   7  18  26  48   2  13   9  28  29  30  47  46  47
  25   7  24   2  50   8   7  43   9  29  38  32  20  38  27  19  19  21  20  33  42  16   9  21   6  17  40  24  35   3  31  37  10   3  20   2  16  30  47   8  16  43  29   4  23  12  46  11   5  24
  16  30  16  24  25  14  46  50  10   8   8  45  41  29  33  36  15  30  13  33  42  28   3  48  11  24  21  32  26  29  48  27   9  29  36  33  13   4  42   4  46  21  26  22  16  15  24  20  47
  10   7  43  20  46  11   3  39   7  45   3  11  38  47  14  11  37   3   6  28  47   5  50  45  43  41  22   9  30  42  15  49  44  42  21  11  22  23  31  49  45  13   2   4   3  48   7  12
  22  11  21  47  44  39  26  36  45  48   8  20  34  35  20  10  21  15  12  36  34  45  15   8  26  34  42   3  31  25  33  20  45  49  24  11  17  15  45  33  40  39  18   6  24   3  23
  30  26   5  44   8  14  33  46   6  26  42  38  48  46  31  34  32  28  17  35  30  48  32  19  30  34  28  17  28  23   7  33  11  12  39  16  19  29  15  39   8  45  21  40  20  17
  35  29  40  10  45  15  14   9  17  23  14  16  29  41  30  21  10  11   9   3  14  36  44  42  43   8  47  26  30   9  28  22  23  12  22  17  21  21  19  47  41  50  17   3  42
   9  35   3  39  20  16  18  19   9  48   6  46  26  37   9  41  26  35  35   5  41  47  25   1  30  33  24  35  31  36   5  32   2  21  12  18   9  31  14  39  27  17  28  19
  46  32  32  10  35  41   3  31  42  49  44  44  20  12   4  48  39   1  42  20  13  22  24  21  19  23   6  16   1  27  10   6  48   6  46  21  21  36  36  42  39  16  17
   4  11   6  50  33  47   9  42  15  48  27  29  46   1  20  31  50  44  26  34  44   7   6  21  44  31  12   9   7   2  49  34  26  40  40  16  37  22  41   6  22  25
  31  29  25  13   1  39  45   6   8  12  16   3  42  16  36  30  49  42  25  22  20  16  33  28  27   8  45  49   2  16  22  38  39  24   6  47  34   6  43  43  26
  34  17  21  27   9  17  32  43  12  25  12   6  17   6  30   2  13   8  48  15   8   3  41   5  25  45  30   5  15   5  16  46  46   6  38  17  47  50   7  46
  48  28   9  26  40   5  20   6  50  34  26  31  22  30  43  14   5  11  28  37   4  46  38  22  37  19  32  21  45  48   4   4  35  43  20  44  49  20  34
  30  39  36  16  20  46  31  28  30  42  20  31  45  32  11  40  21  23  21  29   2   1   4  36   1  41  33  30   4  13  25  38  14   9  31  36   8  47
  41  18  35  34  21   9  28   6  40  23  44  46  48  14  13  42   6  25  16  17  21   2  19  49  10   3  14  33  50  40  40   7  50  49  21  37  12
   7   6   8   4  28  29  20   1  13  48  50  11  11  21   9  25  36  33  35  12  27  38  41   4   6  33  29  27  44  17  49  13  31   9  46  33
  24  30  20  29  25  14  37  49  30  44  15  48  33  26  50  31  19  24  45  29  27  32  12  27  24  25  11  42  26   3   7  14  45  13  37
  41  20  48   7  29  36  29  13  13  25  46  32  49  35  12  10  30   8  32  19  47  17  49   5  31  24  37  18  15  50  35  10  50   5
   8  26  48   8  19  18   4   7  50  15  23   4  27  16  30   8  37  43  27  23   7  41   5  50  28  24  19  19  13  10  48  37  31
   3  14  18  17  30  11   7  40  46  39   9  46  16  31   9  28   9  46  36   9   6  36  26  32  40  31  36  47  19  32  49   4
  38  33  15  18  45  19  17  28  24  18  40  20  50  23  37  44  44  40   9   8  21  44  17  15  41   5  11   6  30  27   8
  15  34   9  25  20  23  45   5  15  36   7  38  32  16  15  40  23  23  11  45  10  30  20  31  38  13  49  20  33   4
  32  25   1   6  50  32  29  10   3  10  12  34  23   5  29  47   7  35   5  17  22  29  21   1   9  39  23   4  15
  21  15  17  12  36  22  21  34  32  16  20  50  13  32  48  48  14  28  34   6   4  44  27  13  40   6  13  37
  42  31  26  46  50  40  41  43  37  34  34  42   1  12  46  28  44   1  48  45  18  41  40  41  30  30  37
  28  43   9  31  12   4  50   7   3  13   6  22  16  15   8   4  25   8  33  33   2  49  15  27  13  34
  15  42  17  24  22  50   7   6  41   5  38  27  49  19  27  21  42  40  32  19  35  43   6  12  20
  30  31  12  23  38  46  38  14  34   6  34   1  22  42  31  33  30  18  47   5  10  42  23  33
  18  43  23   3  12  32  11  14  40   5  33  40  50  31  18  39   5  14  14  18   4   7   5
  35  47  10  35   7  37  28   2  44  29  38   1  43  31  43  33  21  14  12   1  21  23
  11  34  40  20  38  37  48  43   1  16  19   1  47  16  46   2  10   5  19  28  27
  31  41  10  36  29  24  45  22   6  25  11  47  38  29   9  50   8  14  50  25
  30   7  14   8  39   9   4  12  17  47  10   8  39  14   9  49  27  48  44
   7  48  49  23   6   4  43  40  47   9  24  42  29  27  19  16  14   9
   9  21  49  46  12  41  15  13  42  33  27  10  36  33  40  35  47
  12  39  33  34  31  27   6  25  11  40  23  42  50  16  31  28
   5  17  19  35  18   2  41  42  25  35  16   8   5   5  48
  35  21  21  10  44  33  38   9   5  11  12  19  16  44
  30  31   5   8   7  21  24  23  19  21  16   7  29
  27  11   7  45  38  15  29  30  23  45  25  35
  17  31   5  23  41  35  19  27  46   5  36
  36   9  36  49  41  37  39  22  24  45
   3   3  33   3  26  23  47  39  25
  22   8   6  33  50   8  33  19
  47  27  48   7  31  25  15
   8  29  23  43  24  10
   7  16   2  11   3
  42  41  29  27
  29  19  44
  13  17
  49

 301
  24  16   5  23   1  25  16  24   8  13  11  25   7  12  20  20  13   1  18  17   6   1   3   7  20   1  22  19   6  19  15  14  22   9   8   1  10  16  11   1   7  22  13   7  18  14   5   4  23  14  25  13  18   7   1   3  15  21   3  22
