  60 
   8   7  18   3  32  23  45   1  33  26  33  50  11  41  35  41   7  34  27   8  41  31   4  22   7   2  44  42   5   7  17  36  50  41  44  21  36  43   8  25  21  24  25  46   3  16  43  28  21   4  39   2  13  25  33  42  33  15  26  41
   4  30  39  23  23  15  44  36  35  50  10  31   2   2  25  44  20  35  45  16  15  45  17  38  34   3  35  15  27  45  14  14  25   6  50  26  12   8  20  49  45  25  34  17  39  29  14  48  42  29  36  31  33  31  18  22  20  48  13
   9   6   8  12  49  23  14  30  46  25  47  18  20  11  47  44  34  27  47  31  39  19   4  20   5  20  29  45  41  40   3  32  12  28  35  45  29   3   8  12   4   3  14  45  47  16  19   3  38  24  48  48  37  32  16  49  46  24
   6  47   9  34  24  38  47  18  46  24  29  36  16  41   5  47  37  30  14  34  24  24  33  31  40  22   7   2  39  30  34   1  13  29  18  28  23  28  47  29  12  34  24   8   7  39  47  18  16  39  38  19  49  20   6  45  19
  48  12  24  35  19  30  30  21   9  14  23   9   7  12   7  41  49  31   5  22  22  12  13   9  47  17   4  48  17   9   6  42  33  31  39   9  44   9  12  39  17  30  26  13  10  28  35  46  35  11  27   6   3   6  23  20
  14  36  18  47  41  13   3  12  18  27  21   5  35  27  31  31  40  27  36  27  40  49  48  33  38  32  36  15  13  49  20  33  10  37  12  24  21  15  49  44  11  34   3  34   9  41  30   8  49  36  48  31   9  29  18
  15  33  13  14  23  25  17  16  31  50  39   4  48  17   2   8  49  24  29  22  37  40  16  12   7  15  23  50  15  45  15   6  40  49  21  16  46  16  30  35  36  15  25  32  39  30  49  23  39  11  49  46  21   3
  34  25  45  27  29  38  19  50  41  15  36   9  48   2  12  34  45  40  48  30  48  22  23  10   3   9  35  45  27  23  14   7  15  20  45  20  10  30  32  27  44  20   5  33  10   9  22   9  13  28  27  49  10
  23  29  14  11  46  18  19  50  19  17  16  34   2  28   5   5   5  17  24   5  21  30  40  32  20  34  47  24  45  10  49  43  40  22  31   3  39   1  23  43  27  44   5   2  50  36   3   5  43  26  17  21
  10   7  12  50  21  20   3   6   7  26  29  37  27  30  24  16  26  40   2  17   3  45  37  10  38  46   1  42  29   7   7  35  16   5  32  37  22  32  44  31   5  27  34   3  40   7  33  17  49  13  13
  14  16  45   1  39  11   6   4  47  27  27  45  43  48   1  30  10  43   2  50  39  41  26  32  21  20  24  47   6   5  17  21   1  13  11   3  49  50  40  50  49  29  45  46  22  50  31   3  44  33
  27   2  39  30   4  49  33   3  28  50   3  10  10  23  39  14  44  21  41  29  20  21  19  15   6   9   5  33  27   6  40   9  13  19   4  30   2  33  12  14  29  25  32  49  45  34  16  50  49
   5  13   9  38   2  14  14  10  47  36  29  36  20  17  43  23  31  34  25   2  44  37  38  15   4  18   7  39  18  46  47  31  22  13  44   1  37  39  18  15  17  46   2  28  40  50  27  38
  17  16  17  12   5  42  35  48  43  10  38  39  46  31  12  34  31   4   1   7  17  10  34  34  16  21  25  48  49  19  39  39  20  38  24   4  21  17  43  32  19   8  35  35   5  21  46
  23   7   7   3  18  45  32  31  21  23  17  20  26  14  20  48  37  44  40   1  18  27   7  30  28  41  47   3   4  26  44  43   3  35  46  26  25  19  20  30   2  49  25  30  36  42
   7  28   8  14  32  50  42   5  14  20  14  36   8  26  28   7   1  28  38  36  28   9  29  45  18  11  46  33  35  47   1   4   4  41   7  34  47  11  10  33  42  46  27  15   4
  15  37  40  41   5  20  11  19  11  34  50  12   7  30  46  18  27  11  26  12  39  16  20  32   7  34  19  14  11   1  45   6  30  14   4  12   3  21  34  42  32  48   7  30
  36  43  38  31   7  22  37  33  34  25  44  24  10  36  17  31  16  31   2  45  17  34  29  39  31  47  41  19  19  46  11   6  28  29  37   8  13  42  48  26  19  43   6
   2  24  31  43  43  30  40  21  15  38  10  50   3  19  50  45  16  30  21  26  37  47  40  31  29  28  13  30  27  15  17  37  13  32   5  39  21  16  47  20  44  12
  35  32  23   5  39  33  11  25  31  43  12  30  17  13  25  36   1  37  37   2  33  31   6  36  48  27  21  13  27  25  18  45  25  50  35  12  47   5  21  12   5
  17  27   7  15  36  39  46   9  34  13  39  40  45  16   6  35  37  50   5  15   6  16  28  36  27  35  24  29  47  36  23  33  35  24  13   8  33  33  39  24
  45  43  22  44   5  50   5  47  48  17  14  10  42  11  46  19  41  21  17  33  12  36  28  42  16   1   7  26  37  36  30  19  14  40  16   2  47  44  17
  44   9  50  18   2  25  41   1  23   1  14  42  50   6  44   2   2   4   4  29  30   3  45  16  19  13  18  42   5  26  10  23  10  30  17  18   6  36
  14  23  18   9  27  29  38  24   5   4  14  40  25  49  20  19  35  25  40  31  26  19  40  24   3  22  17  15  14  11  21   7  22   3  21  15  31
  40  11   8  22   3  28   3  20  31  13   7  41  26  27  15  44  19  33  36   2  18  10  36  29  44   6  24  24  44   8  24  47  13   9  45  16
  31  48  49  33  22  17  13  43  20  31  16  30   8  31  41   7   3  39  32  23  18  28  38  22   6  26  22  36  37  20  18  20  26  35  29
   8   2  30  29   3  32  25  35  10   3  26  49  25  50  17  49  29  33  37   7  25  40  46  26  18  39  16   8   9  20  33  14   2  27
  50   3  31  12  22  34  24  49  33  21   8  45  42  40  24  16  26  17  48   2  39  14  32   4  11   9  42  45  16   2  30  28  19
  29  32  40   6  10  45  28  32  34  41  38  29  50  18  39  49  13  35  21  11  28  38  37  18  25  10  17  22  43  26   1  14
  35  22  37  13  32   7   7  26  33  39  14  29  25   7  15   1  12  10  27  48  35  14  49  47  32  32  41  36  21  18   4
   9  10  15  17  20  36  14  27   7  48   2  30  34  21  39  32   7   7  13   2  18   8  34   4  15  12  40  35   4  32
   7  22  20  25   6  41  25  27  16  30  28  43  30  48   9  26  50   6  15  12  22  33  26   1   3   1   9   2  14
  23  37  47  16  16  22  24   4  21  16  46  36  31  39  27  35  43  21  44  11  38  35  27  24  16  23  41  35
  48  12  37  14  17   4   3   6  31  36  13  47  28  12   9  13  42  36  20   6  17  32  12  16  22  34  26
  43  30  41  49  12  11  12  47  21  48  39  33  41  24  28  13  15  24  22  37  25  37   8  19  21  27
  44   1  11  27  26  46  33  19  27  15  48   3   3   8  41  41  44   5  40   6  38  12  48  21  30
  26  15   4  25  37  11  49   3  20  35   7  11  16  26  20   3   9  30  20   4  35  40  14  10
  22  48  35  21  14  10  21   7   1  48  31  50   8  15  23  38  25   5  12  30  16  44  34
   4  33  43  25  26  49  49  50  27  15   1   5   4  31  20   1   3  28  40  50   5   1
  23  48  42  37  21  28   7  40  38  19  32  16  45  24  35   5   3  21   3   8   2
  40   6   2  43  44  23  35  34  46  41   4  28   8  47   2  42  49  49  42  37
  34   8  15  26   7  45  32  33   4   7  17  22  30  13  26  38  12  29  32
   5  42  23  23  29  47  35  37   9  44  10  48  42  20   3   9  35  16
  21  29  42  10   9  27  18  50  32  12  32  35  44   4  28  37  47
   3  13   8  31  10   1  24  45  13  30  50  23  10  42  14  19
  15  22  22  14  26  47   4  45   9   9  16  11  39  36  27
  43  36  41  23   6  45  26  18   7   7  48  30  13  35
  47  26  17  30  34  50   9  45   5   6  50  46  48
  36   3   6  32  27  19  37  17  45  23  19  10
   2  21  17   1  18   7  35  50  12  27   7
  30  15   3  34   6  42  42  34   9   7
  25  43  21  34  27  50  12   3  12
  12  32  47  11  12  50  41  26
  21  15  19  46  35   1   9
  50  11  12   4   9  40
   5  49  23  36  18
  29  17  16  32
  39  50  37
  18  37
   1

 621
  21  22  16   9  15  14  14  18   2  14   8  17   5  20  14   3  23   2   9  10   3  18   4  14  18   6  20   8  18  19  17   8  12   6  24  25  16  11   5  17  23   2  19  11  22  15  23   5   2  16  24  22  25  17   5   8   1  16  20  16
