  60 
  50  33  12  19  28  41   7  17  13   6  11  32   3  25  15   7  17  50  37   8  33   3  18  44  17  38  12  46  37  27  31  20   6  43   6  43  46  39  50  27  25  14  33   4  15   6   7  12  41  42  19  36   9  43  35  42  19  47   2  31
  28  48  33  33   1  11  24  48  15   6  14  35  40   8   5  28   8  45  31  22  35  33  39  20  20   3  35  29  21  15  22  26  39  10   2   8  40  18  14  23  21  31  42  19  37  45  44  48  38   9  38  17  23  43  32  48  28  38  15
  39  32  34  16  39  29   6  40  34   1  35  14   6  47  43  36  18  29  27  23  31  33  50  34  39   2  27  21  23  42   7  20   6  42  19  15  49   9   8  28  14  15  34   9   3  42  19  33  20  46   2  22  35  26  38  11  18   8
  12  41   5  12  20  46   7   8  44  34  47   2  32  25   5  15  27  22  24  42  38  50   1  37  18  10  17  40  31  18   2  23  15  17  36  46  15  16   3   3  12  32  12  40  33  37  47  16  44  33  48  25  49  14   6  47  41
  16  20  24  29  29  50  46  13   1  28  25  31  29  20   9  21  17  31  37  16  26  48  25   1  43   9   6  10  43   5  28  10  27  47  47  15  28  37   4  15   3  40   8  21  38  30  33  30  47  15  19  46  43   4  37  38
  22  26  14  37  13  37  15  46   6   3  15  45  25  31   3  11  38  35  24  11   8   7  28  13  24   6   8  39  19  25  38  35  10  31  22  48  29   5  13  42  47  42  23  22  11  27  34  46  47   8  40  29  33  11  28
   1   5  25  28  11  17   9  20  39   4  33  18  16   3   6   4  39  12  17   6  49  24  50   4  17   9   1  36   5   5   5  48  50   5  29   2   2  12  14   9   2  15  31  24  23   6  43  29  47  13  31  22  29  31
  32  33  23  15  23  28   3  18  39  49  22   5  16  10  30  42  43  34  44  12  18   2   3   4  33  49  21  27  13  37  36  27   7   2  15  30   2   6  50  13  14   8  45  37  38  47  40  43  29  42  43  33  22
  11  47  34  37  40  28  19  20  15  31  20  20  18  30  21  39  25  21   4  19   1   4   2  10   8   6  43   8  39  32  13  33   8  44  49  25   7  29   3  41  45  46  35  12   2  18   9  11  29  22  47  17
  38  23  38  48   1  42  49  20   5  50  31   3  13  24  10  26  26   4  16  23  31   3  37  36  10  14   7  16  41  41  15   1  36   9   4  39  38  22  48  29  45   9   2  41  16  41  19  17  35  49  45
  10  30  17   9  35   5   8  10  41  35  27  49   3   2   9  36   2   1  22  38   1  39  10  40  15   8  36   1  30  45  25  31  41  23  47  47  19  22  20  30  19  33  25  20  28  50  45  33  40  49
  33  14   5   2  40  15  41  45   2  26  27   2  38  49  11  48  34  11  27  41   6   1   5  49  30  17  15  33  29   2  20  29  47   9  32  44  50  17  34  20  45   5   6  39  33   6  48  28  41
  33  41  45  12  26   6  24  26  35  18  25  38  34  33  27  17   5   8   3   6  12   3  34  35  10   6  19  13  14  30  15  45   4  37   4  41  27  21  24   1  29  18  48  36  42  40  41  30
  39   4  29   2  13  32  47  50   1  12  16  11  48  45  38  34  39  50  49  27  39  50  12  24   2  29   1  18  25  43  17  15  18  36  22  34  49  11   3  40   3  34  19  19  31  49   6
   1  33  47  21  26  23  42  45   9  33  19  42  16  40  20  38  17  22  46  33  16   9   9  36  30  11  25   9  48  16  48   3  31  43  20  34  49   3   2  20  28  31   9  14  20  40
  15  34  34  50  36  14  26  15  30  36  18   4  46  38  32  11  35  14  22  10  24  17  43  31  18  45  46   7  17  43  15  30  28  23  19  22  45   5  44  37  40   6  33  15   6
  41  25  38  29  17  48  41  15   3  40  22  46  33   6   2   8  25   5  14  38  45  48  44  12   1  34  43   2  35  45  39  12  16  48  32  32  25  13  48  38   8  24  41  36
  24   5  12   3  17  50  49  27  16  19  44   4  50  42  21   3   4   9   8  47  49  30   7  11  37  45  49   9  47  20  13  50  10  39  23   8  45  20  48  42  49  37  50
  10  24  35  27   5   6  16   9  15  24  30  20  27  49  26  35  48  34  45   4  17  35   4  39  45  46  13  48  49  17  41  23  17  16  49  49  29  34  19  16   8  14
  19  26  31  37  37  49  39   1  43  19  24  22  17  29  21  10  41   7  37  36  31  29  10   6  10   3  15   1  27  37  30  21  31  42  21   2   1   9   7  36  39
  33  37  13   9  30  49  42  47  50   9  37   4  33  22  48   7  33  32  31  15   8  12  30  14  23  23  42  31  21  16  49  39  29   2  15  48  33   7   7  14
   9  37  22  22  47  20  17  35   4  41  10   2   8  35  36  49  47  31   9   1  30  22  18   8   2  19  11   8  17  30  30  11  46   2  34  18   1  48  35
  34  29  44   2  22  11   3   9   3  17  36   2  32  10  14   6  24  32  18  27  18  47  29  44  47  21  34  40  49  24  16  33  26  50  21  36   8  34
  18   9  38  13  47  49  48  50  47  32  34  16  21  17  40   9  21  23  44  23  10   3  10  22  33   4   3  37   8  35   3   7  28  37  17  49   9
   4  41   8  46  49  30  19  48   7   3  35  25  22   3  41  22  39  29  30  46   8  20   8  29  40  18  44  42  38  48  30   9  37   5  49  36
   5  18  35  15  40   7   9  15   8  41  14   2   8  15  27   1  11  33  34  41   2  38  26  38  22  24  28  10  43  50  30  48  50  47   5
  40  22  44  39   7  44  39  43  24  43   4  33  17  42  49  49  35  37  23   3  11  46  12  42  18  31  50  48  33  36  37  48  48  37
  28   3   1  40  10  16  38  29   1  49  20  37  36  42  48  28  18  23  20  38  11  22  32  36  27  19   2  41   2  30  44  20  15
  25   4   6  50  40   7  44  14  36  31  18   1  12  20  13  17   1  29  29  49  36  26  43  24  41  46  41  20  45  44  41  22
  49  16   1  37  40   9  49  32  43   7  22  41  29  17   1  27  42  28   3  30  33  34  19  23  16  28  21  16   7   2  18
  33  50  41  49  18  34  38  37  33  48  24  14  26  49  39  12  21  23   3  24  34  50  24  12   3  20  26  31  20  22
  11  32  44  47  26   7  43  11  16  42  14   7   2  30  39  14  32  22  19  30  24  13  10  49  27  47   9   6  20
  11  49  23  48  48  24  10  18  17  18  34  40   3  11   9  43  29   5   6  43  46  21  21  34  10  11  23  41
  20  38  47  36   1  48   5   2   7  22  43  33  16  10  13  21   2  50  34  18  29  16  28  14  46  16  20
  31  32  13  23  12  37  12  37  49  12  13  43  45  40  48  23   5  12  22  19  35  33  40  47  39   7
  34  17  35  15   4  10  23  15  31  21  50  47  33   6  33   9  34   1   8   8  32  34  26  37  32
  42  23  32  15  41   3   7   5  24  21  13  13  42  38  14  17  45  30  24  14  37  40   4   8
   6  34  31  45   8  44  29  37  13  28  35  10  24  27   3  46  41  49  18  32  14  50  22
  26  35  13   7   4   1  17   6   3  19   1  31   8  33  12  21  23  20  26  12  21  35
  25  42  28  25  39  16  21   6  44   7  36   8   5  38  33  47  33   5  15  42   2
  10  50  34  15  38  29  25  34  30  27  32   2  26  23  34  22  39   7  20  39
  12  10  13   4  33  45  12   5  10  21  45  16  20  17  14  34  22   5  30
  13  18  23  23  39  27  17  49   9   4   8  20  40   2  17  39  47  46
  19  47  22   2  23  31  10   4  26  48  14  37  10  20  22  29  45
  37  19  10  45  46   1  48  17   7  14  50  47  18  36  32   9
  23   4  12  48  42  21   2  37  21   9  14   3  47   8  15
   7  30   9  21   4  49  22  36  47  19   2  36  29  27
  31   2  19  36  26  32  21   7   7  20  14  40  22
  48  29  12  34  25  47   5  19   7  13  39  12
  16  11  17  41  14  17  21  10  44  35  27
  50  35  33  46   2  20  36  38  25   9
  35  31  19  18  27  44   6  47  12
  46  36  35  49  10  34   5  46
  19   9  31  46  17  41  31
  32  27  12  12  21  18
  11  17  41  36   4
  35  17  24  10
  47  26  15
  44  11
  43

 607
   8  17  20  11   7   6   3  15  24  12  24   1  15  11  15   2   6  19  16  13  11   4   4  13   5  15   3   6  24   2   7  13   2  18   8   4  17  25   2  24  13   9  18  20  14  19   5   3  13  10  24  13  18   4  14  17   7   7   2  15
