  60 
  48  41  47  35   2  34  11   8  44  38   7  39  39  33  48  23  30   3  40  34  31  32  10  24  33  48  16  21   9   8   8  29  46   7  36  11  10  37  12  14  50  35   9  17  42  16  47   7  23  14   2  45  34  46  37  41  16  29  35   3
  22  41  19  37  21  35  31   2  46   8  16  35  26   9  38  12  42  11  28  25   3  30  20  14  28   3  34  19  18  45  24   3  31  24  40  28  21  20  25  29  41  21  17   7  24  11  14  11  23   4  38  50  33  46  47  42  44  10   2
  35  14  40  42  48  33  29  42  44  33  32  26  15  19  42  35  25  28  34  33   2  22  49  25  10  34  14  27   4  18  20  17   3   7  14   9  18  36  33  21  18  17  39  37   5  47   7  17   2  40  27   4  22   2  29  27  11  29
  11  29  17  44  18   9  37  29   5  50   1  44  37  47   7  19  12   7  40  45  30  32  43   1  12  20  32  11  40   4   8  17  40  40  39   2  48  50  42  20  49  43  24  12  14  24  11   4  39  31  25  50  49  13  31  48   8
   8   9  23  27  45  32   1  48  13  30   1  25  11  10  47  16  46  42  32  27   1  34   3  23  31   7  33  38  50  43  45  27  24   1  36  16  23   8  37   8  37  43   3  10  43  29  44   2  50  29   5  44  15  41  15  18
  50  38  40  20  42   4  42  18  30  11  26   4   8   7  34  18  11  25  34  19   1  34  11  23  34  37  14  32   9   6   5  49  24   5  48  28   5  40   3   3  33  44  26  19  22  49  47  43   8  11  14  40   1   8   4
  36  22   5  43  47  41  20  46  41   6  32   9   7  36  19  27  13  45  50  14   3  33   8  14  44  45   8  19  27  44   2  34  28   9  32  38   4  49  36   3  32  27   9  10  31  12  41   5  35   3  38  42  20  25
  18  34   5  37  22  38  11  22  26   8  29   5  34  50  24  19   4  21  18  32  24   8  34  41  26  11  19  10  35  15  16  33  18  23  33  43  23  14  29  21  34   4   7  36  32  21   8   3   8  20  22  41  26
  44  40  39  16  39  44  31  26  12  47  10  41   9  18  10  24  43  34   9  47  46  48  18  15  19  50   4  17  25  39  40  19  38  25  16  18  25  13  13  40  10  45   5  26  15  13  34  39  38  35  28  41
  46  14  31  49  21  35  11  49  30   7  31  44  46  36  44  30  37  46  44  37   1  43  26   5  14  18  35   9   6  10  43   5   5  48   9  40  15   5  11  16  18  28  20   1  35  12  17  30  33  32  27
  21  21  46  10  48   2   7  49   3  39  40  36  30  42  37  25  13  29  40  23   4  12  43  29  50   3  50  26  11  43  41  45  50  15   6  46  34   4  27  38  34  47   9  26  29  12  10  41   1  38
  20  42  34  46  13  30   4  42  34  32  32  37  19   5   3  20   7  22  49  43  28  10  39  32  35  32  29  32  28  25  28  47  43  19  14  49  13  36  16  10  12   1  50  12   6  37   6  48  41
  40  37  31  42  20   5  15   5  47  27  49  13  50  13  46   5  11  25  34  32  17  21  46  15  49  27  34  33  28  28  33  11  24  16  31   1  10   5  37  35   7  35  48  12   5  40  21   4
  44   1  31  37  50  31  36  40   3  50  36  40  36  49  44  10  29  13  10   6   6  35  45  46  12  44  20  21   7  49  13  46  43  49  22  41  45  11   7  41  24  17   2  40  48  31  31
   8   2  45  12  16  42  45  10  42  36  44  10  38  22  31  22  12   4  23  17  28  30  34  25  32   4   6  23  22  13  11  43  37  20  13  24  45  11  47  29  36  27   5  22   4  15
  43  35  16  48  49  31  46  17  33  39  20  34  17   3  34  25  44  47  41  29  10  44  10  26  43  40  45  50  12   5  44  48  45  44  36   5  19  17   1   1  39  10  23   3  46
  35  23  49  27  34  42  48  15   3   4  28  30   2  11  15  29  24  31  23  31  47  31   1  31  24  35  50  23   5  32   1  40  38   7  38  36  29  25  26  35   1  43  10  23
  34  44   6  32  45  19  15  27  24  41  46  24  10  20  10  22  25  29  48  24  47  18   2  43  25  21  12   4  31   1  14  48  30  16  32  19   3  14  36  10  19  10  11
  12  11  10  34  45  23  33  30  15  34  47   1  20  33  44  21  32  48   2  12  24  45  22  29  10   1  14  27  29   4  23  18  30  24  34  26  43  38  13   4  36  27
  15  23  33  45   1   3  21  32  20  38  28  45  40  32  32   4  39  10  23   8  18  14  37  50  39  34  39  37  50  26  32  16  45  14  42  37  38  10  29  15  10
  48  27  27  21   3  29  30  31  28  21  12  20   5  12  22  26   7  40  24  15  10  47  43  33  23  33  46   7  41  35  42   2  40  36  38   7  45  24  25  38
  12  22   9   4  32  23  30  44   6  10  22  25  38   4  33  44  11  21  18   5  22  32  30  38  21  37  38   3  25  42   6  46  17   5  38  10   3  24   2
  20   9  32  48  40  32  43  36  10   6  42  41  27  38  31  44  41   1  33  25  42  47  36  14  31  49   1  28  46   9  29  48  30  29  33   4   8  45
  43   4   5  40  39  29  40  32  32  49  14  24  44  34  33  32  40  21  20   9   5  36  39  47  40  37  48   5  46  14  22   7   4  33  17  19  42
  19  36   8  26  24  29  34  29  41  38  30  45   7  47  35   5   6  29  29   6  17  48  13   4   4  45  47  47  36   7   5  27   5   5  48   5
  50  50   8  11  43   6  33  21  20   6  13  20  33  10  36  27  27  18  47  45   9  40  50  43  40  23  17  16  32  31  19  44  17  27  13
  23  40  12  17  35  48  43  21  25  17  24  16  41  27  44  12  36  12  20  17  33  23  15  21  31  18  21   8  39  16  39  46  46  17
  36  28  18  34   5  48  18  37  16  43  35  46  21  18   4  18  29   1  49  11  29  49   7  34  42  34  29  15  47  38  12  31  27
  49  34  36  11  12  23  23  22  50  29  39  18  28  31  33  48  49  40  44  47  14  24  32  38   8  17   8  43  21  50  39  12
   2  27  29  42   5  21   9  34  32  34  48  30   4  31  23  22  26   8  33  40  21  14  37  43  23   3  41  36  16  11  22
  41  24  37   9  18  21  17  17  39  36  29  22  24  42  15  20  39  39   1  17  26  24  10  39  26  21  35  16  49  46
  38  33  25  26  18  48  49  44   3  20  50  46  45  39   9  37  39   1   9  35  26   7   7  49  33  33  23   8  21
   9  29  43  44  18  24   7  48  28  18   6   4  33   4  30   6  50  14  46  38  10  30  21  25  32  44  43  43
  14   7  36  18  34  36  43  39  13  20  14  28  39  10  50  36   6  15  12   7  32  25   6  39   2  12  31
  16  45  33   5  14  30  50  47  33  29  32  34  20  29  30  12  15  46  35  15  12  47  47   5  31  14
   5   8  43  10  50  14  45   2  45  11  38  23  29  19  19  41  32  38  50  21  31  13  32  28  20
  46  37  40  13  42  40  46  18  38  42  38   1  48   4  23  47  16  18  49  17  12  40  13  33
   4  31  17  27   6  16  19  46   4  35  37  50  16  43  48  47  21   8  20  20  50  13  43
   5  49  30  15  37  39  46   8  20  33  38  25  47  33  35   3  41   4  48  13  37   7
  13  28  24  10   6  25  12   9   7   4  25  43   7  30  44  46  40  39  31  14  27
   1  35  42   8  23  30  35  20  40  13  39  21   4   5  41  30  48  20  28  27
   6   9  12  36  15   7  34  34  25  11  38   2  29  18  47  45  37  24  42
  15  24  49  25  16  34  25   2  47  17  20  14  25  11  33  46  26  39
   7  41  29  38  26  45   7  17  38  19   9  10   2  49  34  27  45
  46  45  33  48  17  25  28  47   7  24  23  14   8  10  47  20
  13  49   9  17  32  28  37  34  37  35  12   2  11  25  36
  49  15  39   6  42  39  34  27  45  23  16  25  32  36
  14   7   7  12  49   1  38  35  19  35  30   1   3
  39  37  13  47  36  41  47  32  35  37  45  37
  31  21   5  15  37  45   5  37  28  13   6
   6  27  14  11  39  15  33  26  42  47
  13  41  31  39  28  17  41  35  23
   6  14  42  23  48  44  47  39
  43  21   8   7  13  13  37
  40  45  25   3  36  38
  11  34  20  11  37
  48  43  37   3
  39  45  20
  37  41
  41

 529
  11   9   7  25  18  17   7  19   5  13   2   9  17   3  21  19  21  16  25  22  14  12   3   6   7  10   5  19  12   4   5  19  10  21  17   5   9   3   8   8  24   6  12  16  12  18  14   2   9   8  23   4   9  19   8  12  21  10  10  21
