  60 
   0   0   0   0   0   0   0   0   0   7   0   0  20   0   0   0   0   0  30   0   0   0   0   0   0   0   0   0   0   0   0   0   0   0   0   0   0  37   0   0   0   0   0   0   0   0   0   0   0   0   0   0   0   0   0   0   0   0   0   0
   0   0   0   0   0  26   0   0   0   0   0   9   0   0   0   0  11   0   0   0   0  49   0   0   0   0   0   0   0   0   0   0   0   0   0   0   0   0   0   0   0   0   0   0   0   0   0   0   0  47   0   0   0   0   0   0   0   0   0
   0   0   0   0   0   0   0   0   0   0   0   0   0  23   0   0  10   0   0   0   0   0   0   0   0   0   0   0   9   0   0   0   0   0   0   0   0   0   7   0   0   0   0   0   0   0   0   0   0  29   0   0   4   0   0   0   0   0
   0   0   0   0   0  24   0   0   0  12   0   0   0   0   0   3   0   0  49   0   0   0   0   0   0   0   0   0   0   0   0   0   0   0   0   0   0   0   0  46   0   0   0   0   0   0   0   0   0  48   2   0   0   0   0   0   0
   0   0   0   0   0   0   0   0   0   0   0   0   0   0   0   0   0   0   0   0   0   0   0   0   0   0   0   0   0  25  34   0   0   4   0   0   0   0   0  27   0   0   7   0   0   0   0   0   0   0   0  44   0   0  30   0
   0   0   0   0   0   0   0   0   0   0   0   0   0   0   0   0   0   0   0  34   0   0   0   0   0   0   0   0   0   0   0   0   0   0   0   0   0   0   0   0   0   0   0   0   0   0   0   0   0   0   0   0  47   0   0
   0   0   1   0   0   0   0   0   0   0   0   0   0   0   0   0   0   0   0   0   0   0   0   0   0   0   0   0   0   0   0   1   0  25   0  26   0   0   0   0   0   0   0   0   0   0   0   0   0   0   0   0  38   0
   0   0   0  50   0   0   0   0  27   0   0   0   0   0   0   0   0   0   0   0   0   0   0   0   0   0   0   0  22   0   0   0   0   0   0   0   0   0   0   0   0   0   0   0   0   0   0   0  50  10   0   0   0
   1   0   0   0  32   3   0   0   0   0   0   0  16   0  31   0   0   0   0   0   0   0   8   0   0  12   0   0   0   0   0  23   6   0   0   0   0   0   0   3   0   0   0   0   0   0   0   0  50   0   0   0
   0   0   0   0   0   0   0   0   0   0   0   0   0  16   0   0   0   0   0   0   0   0   0   0   0   0   0  18   0   0   0  28   0  10   0   0   0   0   0   0   0   0   0   0   0   0   0   0   0   0   0
   0   0   0  36   0  44   0   0   0   0   0  13   0   0   0   0   0   0   0   0   0   0   0   0   0   0   0   0   0   0   0   0   0   0   0   0   0   0   0   9   0   0   0   0   0   0   0   0   0   0
  39   0   0   0  37   0   0   0   0   0   0   0   0   0   0   0   0   0   0   0   0   0   0  20   9   0   0   0   0   0   0   0   0   0   0   0   0   0   0   0   0  39   0   0   0   0   0  19   0
   0   0   0   0   0   0   0   0   0   0   0   0   0   0   0   0   0  48   0   0   0   0   0   0   0   0   0   0   0   0   0   0   0   0   0   0   0   0   0   0   0   0   0   0   0   0   0   0
  39   0   0   0   0   0   0   0   0   0   0   0   0   0  39  36   0   0   0   0   0  15   0   0   0   0   0   0   0   0   0   0   0   0   0   0  49   0   0   0   0   0   0   0  22   0   0
   0   0   0   0   0   0   0   0   0   0   0   0  10   0   0   0   0   0   0   0   0   0  35  50   0   0   0   0   0   0   0   0  23   0   0   0  14   0   0   0   0   0  19   0   0   0
   0   0   0   0   0   0   0   0   0   0   0   0   0   0   0   0   0   0   0   0   0   0   0   0   0   0   0   0   0   0   0   0   0   0   0  12   0   0   0   0   0   0   0   0   0
   0  18   0   0  19   0   0   0   0   0   0   0   0   0   0   0   0   0   0   0   0   0   0   8   0   0   0   0   0  34   0   0   0   0   0   0   0   0   0   0   0   0   0   0
   0   0   7   0  32   0   0   0   0   0   0   0   0   0  40   0   0   0   0   0   0  18  23   0   0   0  40   0   0   0   0   0   0   0   0   0   0   0   0   0   0   0   0
   0   0   0   0   0   0   0   0   0  15   0  22   0   0   0  47  22  30   0   0   0   0   0   0   0   0   7   0   0   0   0   0   0   0   0   0   0   0  24   0   0   0
   0   0   0   0   0   0   0   0   0   0   0   0   0   0   0   0   0  33   0   0   0   0   0   0   0   0   0   0   0   0   0  15   0   0   0   0   0   0   0   0   5
   0   0   0   0   0   0   0   0   0   2   0   0   0   0   0   0  25  46   0   0   0   0  43   0   4   0   0   4   0   0   0   0   0   0   0  21   0   0   0   0
   0   0   0   0   0   0   0   0   0   0   0   0   0   0  19   0   0   0   0   0   0   0   0   0   0   0   0   0   0  20   0   0   0  12   0   0  27   0   0
   0   0   0  25   0   0   0   0   0   0   0   0   0  25   0   0   0  31   0   0   0   0  16   0   0   0   0   0   0  31  37  27  11  27   0   0   0   0
   0   0   0   0   0   0  29   0   0   0   0   0   0   0   0   0   0   0   0   0   0   0   0   0  28   0   0   0   0   0   0   0   0   0   0   0   0
   0   0   0   0   0   0   0   0   0   0   0   0   0  34   0   0   0  44   0   0   0   0   0   0   0   0   0   0   0   0   2   7  31   0   0   0
  33   0   0  31   0   0   0   1   0   0   0   0   0   0   0   0   0   0   0   0   0   0   0   0   0   0   0   0   0   0   0   0   0   0   0
   4   0  23   0   0   0   0   0   0   0   0   0   0   3   0   0   0   0   0   0   0   0   0   0   0   0   0   0   0   0   0   0   0   0
   0  17   0   0   0   0   0   0   0   5   0   0   0   0   0  15   0   0   4   0   0   0   0   0   0   0   0   0   0   0   0   0   0
   0   0   0   0   0   0   0   0   0   0   0  25   0   0   0   0   0  50   0  19   0  28   0   0  26   0   0   0   0   0   0   0
   0   0  16   0   0   0   0   0   0   0   0  26   0   0   0   0   0   0   0   0   0   0   0   0   0   0   0   0   0  37   0
   0   0   0   0   0   0   0   0   0   0   0   0   0   0   0   0   0   0   0  48   0   0   0   0   0   0   0  33   0   0
   0  16  31   0   0   0   0   0   0   0   0   0   0   0   0  16   0   0   0   0   0   0   0   0   0   0   0  49   0
  42  45   0   0   0   0   0  49   0  28   0   0  32   0   0   0   0   0   0   0   0   0   0   0   0   0   0   0
  33   0  12   0   0   0   0   0   0   0   0   0   0   0   0   0   0   0   0   0   0   0   0   0   0   0   0
   8   0   0   0   0  19   0  15   0   0   0   0   0   0   0   0   0   0   0   0  16   0   0   0   0   0
   0   0   0   0   0  35   0   0   0  20   0   0   0   0   0   0   0   0   0   0   0   0   0   0   0
   0   0   0   0   0   0   0   0   0   0   0   0   0  32   0   0   0   0   0   0   0   0   0   0
   0   0   0  42   0   0   0   0   0   0   0   0   0   0   0   0   0   0   0   0  45  30   0
   0   0   0   0   0   0   0   0   0   0   0   0   0   0   0   0   0   0  12   0  10   0
   0   0   0   0   0   0   0  28   0   0   0   0  30   0  40   0   0   0   0   0   0
   0  39   0   0   0   4   0   0   0   0   0   0   0   0   0  25   0   0   0  23
   0   0   0   0   0   0   0   0   0   0  14   0   0  21   0   0   0   0   0
   0   0   0   0   0   0   0   0   0   0   0   0   0   0   0   0   0   0
   0   0   0   0   0   0   0   0   0   0   0   0   0   0   0   0   0
   0   0   0   0   0   0   0   4   0   0   0   0   0   0   0   0
   0   0   0   0  27   0   0  44   0   0  38   0   0   0   0
   0  42   0   0   0   0   0   0   0   0   0   0   0   0
   0  45   0   0   0  15   0   0   0   0   0   0   0
   0  15   0   0   0   0   0   0   1   0   0   0
   0   0   0   0   0   0   0   0   0   0   0
   0   0   0   0   0   0   0   0   0   0
   0   0   0   0   0   0   0  34  38
   0  17   0   0   0   0  32   0
   0   0   0   0   0  36   0
   0   0   0   6   0   0
   0   0   0   0   0
   0   0  12   0
   0  25  26
  42   0
   0

 311
  10  21  17  24  20   7  22   2   1  11   7  21  22   8   2   8   6   8  14  19  11  10   9  13   4   1  14  12  13  16  10  10  23  15  20   7  21   3   2  16  21   4   8   8   3  16  25  21  10   3  10  24   9   3   5  19  16  20  22   2

