  60 
   0   0   0   0   0   0   0   0   0  46   0   0   0   0   0   0  42   0   0  38   0   0   0   0   0   0  34   0  23   0   0   0   0   0   0   0   0   0   0   0   0  10  17   0   0   0   0   0   0   0   0  33   0   0   0   0   0   0  25  14
   0   0   0   0  25  25   0   0   0   0  31   0   0   0   0   0   0  32   0   0  45  24   0  31   0   0   0   0   0   0   0  36   0  28   0   0   0   0   0   0   0   0   0   0   0   0   0   0  27   0   0   0   0   0   0   0   0   0   0
  16   0  16   0   0   0   0   0   0   0   0   0   0   0   0   0   0   0  12   0   0   0   0  38   0   0   0   0   0   0  24   0  23   0   0   0   0   0  11   0   0   0   0   0   0   0   0  42   0   0   0   0   0  27   0   0   0   0
   0   0  20   0   0   0   0   0  49  39   0   0   0   0   0   0   0   0   0   0   0   0   0   0   0   0   0   0  25   0   0   0   0  35   0   0   0   0   0   0   0  39   0  29   0   0   0  17   0   0   0   0   0  39   0   0   0
   0   0   0   0   0   0   0   0   0   0   0  33   0  46   0   0   0  46   0   0   0   0   0   7   0   0   0   0   0   0   0   0   0   0  16   0   0   0   0   0   0   0   0   0  33   0   0   0  27   0   0   0   0   0   0   0
   0   0   0   3   0   0   0   0   0   0   0   0   0   0  16  35   0   0  36   0   0  15   0  47   0  50   0   4   0   0   0   0   0   0   0   0   0  29  15   0   0   0   0  30   0   0   0   0   0   0  37   0   0   0   0
   0   0   0  45   0   0   0   0   0   0   0  34   0   0  38   0   0  40   0  38   0   0   0   0  25   0   0  44   0   0   0   0   0   0   0   0   0   0   0   0   4  45   0   0   0   0  27   0   0   0   0   0   0   0
  26   0   0   0   0   0   0   0   0   0   0   0   0   0   0   0   0   0   0   0   0   0   0   0   0   6   0   0   0   0   0   0   0   3   0   0   0   0   0   0   0   0   0  38   0   0   0  28   0   0   0   0   0
   0   0  33   0  16   0   0   0   0   0   0   0   0   0   3   0   0   0   0   0   0  19   0   0  26   1   0   0   0   0   0   0   0   0   0  14   0  22   0   0   0   0   0   0   0   0  44  28  14  19   0  45
   0   0   0   0   0   0   0   0  26   0   0   0  37   0   0   0   0   0   0   0   0   0   0   3   0   0  30   0   0   0   0   0   0  46   0   0  46   0   0   0   0   0   0   0   0   0   0   0   0   0   0
   0   0   0   0   0   0   0   0   0   0   0   0   7   0   0   0   0   0   8   0   0   0   0  25   0   0   0   0   0   0   0   0   0   0   0   0   0   0   0   0   0   0   0  30   0   0   0   0   0   0
   0  10   8   0  38  38   0   0   0   0   0   0   0   0   0   0   0   0  15   0   0  43  31   0   0   0   0   0  22   5   0   0   0   0   0   0   1  26   0   0   0   0  35   2   0   0   0   0   0
   0   0   0   0   0   0   0   0   0   0   0   0   0   0   0   0   0  21   0   0   0  29   0   0  35   0   0   0   0   0   0   0   0   0  42   0   0   0   0   0   0   0   0   0  24   0   0   0
   0   0   0   0   0   0   0   0   0   0   0   0   0   0   0   0   0   0  26   0   0   0  45  50   0  28   0   0   0   0   0   0   0   0   0   0   0   0   0   5   0  19   0   0   0   0   0
   0   0   0   0   0   0  38   0   0   0   0   0  13   0   0   0   0   0   0   0  21   0   0  16   0   0   0   0   0   0   0   0   0   0   0  21   0  38   0   0   0   0  16   0   0   0
   0   0   0   0  21   0   0   0   0   0   0   0   0   0   0   0   0   0   0   0  44   0   0   0   0   0   0  10   0   0  10   0   0   0   0   0  46  27   0   0   0   0   0   0   0
   0   0   0   0   0   0  12   0   0   0   0   0   0   0   0   1   0   7  42   0   0   0   0   8   0   0   0   0   0   0   0   0   0   0   0   0   0   0   0   0   0  31  16   0
   0   0   0   6   0   0   0   0  15   0   0  27  42  40  26   0   0   0   0   0   0   2   0   0   1   0   0   0   0   0  38   0   0   0   0   0   0   0  15   0   0   0   0
   0   0   0   0  17   0   0   0   0   0   0   0   0   0  18   0   0   0  44  24   0  34   0   0   0   0   0   0   0   0   0   0   0   0   0   0   0   0   0   0   0  25
   0   0  26   0   0   0   0   0   0   0   0   0  20   0   0   0   0   0   0   0   0   0   0   0   0   0   0   4   0   0   0   0   0   0  44   0   0   0   0   0  26
   0   0   0   0   0   0   0   0   0   0   0   0   0   0  41   0   0   0   0   0   0   0   0   0   0   0   0   0   0   0   0   0   0   0   0  17   0   0  49   0
   0   0   0   0  29   0   0  16   0   5   0   0   0   0   0   0   0   0   0   0   0   0  31   0  40   0   0   0   0   0   0   0   0   0   0   0   0   6  31
   0   0   0  27   0   0   0   0   0   0   0   0  35   0   0   0   0   0   0   0   0   0   5   0   0   0   0   0  30  44   0  39   0   0   0   0   0   0
  41   0  35  31   0   0   0   0   0   0   0  38   0   0   0   0  11   0   0   0  28   0  41   0   0   0   0   0   0  42   0  33   0   0   0   0   0
   0  25   0   0  35   0   0   0   0   0   0   0   0   0   0   0   0  18  37   0  26   0   0   0   0   2   0   0   0   0   0   0   0   0   0   0
   7   0  35   0   0   0   0   0   0   0   0   0   0   0   0   0   0   0   0  30   0   0   0   0   0   0   0   0   0   0   0   0  32   0   0
  28   0   0   0   0   0   0   0   0   0   0   0   0   0   0   0   0   0   0   0   0   0  10   0  21   0   0   0   0  42   0   0   0   0
   0   0   0   0   0   0   0   0   0   0   0   0   0   0  28   0   0   0   0   0   0  33   0   0   0   0   0   0   0   0   0   0   0
   0   0   0   0   0  26   0   0   0   0   0   0   0   0   0   0   0   0   0  10   0   0   0   0   0  44  49   0   0   0   0   0
   0   0   0   0   0   0   0   0   0   0   0   0   0  24   0   0   0  39   0  26   0   0   0  29   0   0   0   0   0   0   0
   0   0   0   0   0   0   0  23   0  24   0   0   0   0   0   0   0   0   0   0   0   0   0   0   0   0   0   0   0   0
   0   5  21   0   0   0   0   0   0  28   0  13   0   0   0   0   0  23   0   0   0   0   0   0   0   0   0   0   0
   0  44   0   0   0   0   0   0   0   0   0   0   0   0   0   0   0   0   0   0   0   0   0   0   0   0   0   0
   0   0   0   0   0   0   0   0   0   0   0   0   0   0   0   5   0  44   0   0   0  25  30   0   0  25   0
   0   0   0   0   3   0   0  47   0   0   0   0   0   0   0  25   0   0   0   0   0   0   0   0   0   0
   0   0   0   0   0   0   0   0   0   0   0   0   0   0   0   5   2   1   0   0   0  41   0   0  47
   0   0   0   0  46   0  34   0   0   0   0   0   0   0   0   0   8   0   0   0   0   0   0   0
  42   0   0  46   0   0   0   0   0   0  27   0   0   0   0   0   0   0   0   0   0   0   0
   0   0   0   0   0   0   0   0   0   0   0   0   0  20   0   0   0   0   0   0   0  43
   0   0   0   0   0   0   0   0  24   0   0   2  22   0   0  29   0   0   0   0   0
   0   0   4   0  45   0   0   0   0   0  15  28   0   0   0   0   0   0  31  14
  44   0   0   0   0   0   0   0   0   0   0   0  29   0   0   0   0  29   0
   0   0   6   0   0   0   0   0   0   0   0   0   0   0   0   0   0   0
   0   0   0   0   0   0   0   0  39   0   0   0   0   0   0  44   0
   0   0   0   0  23   0   0   0   0   0   0   0   0   0   0   6
   0   0   0   0   0   0   0   0   0   0   0   0   0  29   0
   0   0   0   0  42   0   0   0   0   0   0   0   0   0
   0   0   0   0   0   0  32   0   0   0   0   0   0
   0  11   0   0   2   0   0   0   5   0   0   0
   0   0   0   0   0   1   0   0   0  20   0
   7   0   0  42   0   0   0   0   0   0
   0   0   0   0   0   0   0   0   0
   0   0   0   0   0   0  17  43
   0   0   0   0   0   0  29
   0   0  24   0   0   9
   0   0  22   0   0
   0   0   0   0
   0   0   0
  36   0
   0

 161
  21   4  21   4  11  12   9   3  21  25  11  24  17   4   1   5  22   2   9   6   3   3  19  23   2  15   9  17  14  24  13  20  15  19   5  21  21  17  17  21   8   3  12   7  10  25  11   9  18   7  10  14  21  10   9   8   6  11  23  10

