  60 
   0   0  22   0   0   0   0   0   0   0   0   0  23   0   0   0   1   0   0   9   0   0   0   0   3   0   0   0   0   0   0   0  28   0  19  20   0   0   0   0   0   0  35   0   0   0   0   0  42   0   0   0   0   0   0  15   0   0  11  19
   0   0   0   0  17   3   0  30   0   0   0   0   0  29  31   0   0   0  49   8   0   0   0   0  15   0   0   0   0   7   0   0   0   0   0  19  24   0  50   0   0   0   0   0  17   0   0   0   0   0  30   0   0   0   0  35   0  17   0
   0   0  14  23   0   0   0   0   0  22  24  42   0   0   0   0   0   0   0   0  25   0   0   0   0   6   0  24   0   0   0   0   0   0  30   0  23   0   0   0   0   0   0  36   0   0   0  38   0   0   0   2   0   0   0   0  45   0
   0   0   0   0   0   0   0  30  16  30   0   0   0   0   4   0   0   0   0   0   0   0   0  19   0   0   0   0   0  42   0   0   0   0  26   0   7   0   0  11   0  44   2   0  42   0  34   0  28   0   0   0   0   0   0   3   0
   0   0   0   0   0   0  28   0  28   6  48   0  22   0   0   0   0   0   8   0   0   0   0  50  12  48  34  20   0   0   0   0   0   0   4   0   0   0  11   0   0   0  13  32   0  34   0   0   0  43  35   0   0  31   0   0
   0   0  36   0   0   0   0   0   0   0   0   0   6   0   0  43   0  24   0   0   0   0   0   0   2   0   0   0  40   0  48   0  13  47   0   0   0   0  41   0   0  22   0  16   0  16   0   0  41   0   0   0   4   0   0
   0   0   0   0  18  23   0  37   0  19   0   0   0   0   0   0   0   0   0   0   0   0   0   0   0  12   0   0   0   0   0   0  25   0   0   0   0  31  48   0   0   0   0  29  40   0   0   4   0  10   0  27  18   0
   0   0   0  45  37   0  30   0   0  16  16  31   0   0   0   0   0   0   0   0   0   0   0   0   0   0   0   0   0  43   0   0   0   0   6   0   0   0  21   0   0   0   0  40   0   3   0  25   0   0   0   0   0
  14   0  29   0   0   0   0   0   0   0   0  42  12   0   0  37   0   0  23   0  27   0   0   0   0  42   0  41   0   0   0   0  24   0  49  39   8   0   0   0   0   0   0   0  21   0   0   0   0   2   0   0
   0  21   0   0   0   0   0  50   0   0   0  11   0   0   3   0   0   0   0   8  22   0   0  17   0   0   0  31   0  41   0   0   0  18   6   0   0   0   0   0   0   0   5   0  30   0   0   0  27   0   0
   0  29   0   0   0   0  47   0   0   0  10   0   1   0   0   0   0   0   0   0   0   0   0   8  26   0   0   0   0   0   0   0   0   0   0   0   0   0   0  20  48   0   0  29   0   0   0   0   0   0
   0   0   0   0  27   0   0   0   0  16   0   0   0   0   0   4   0   0   0   8   0   0   0   0   0   0   0   1  23   0   0   0   0   0   0   0  49   0   4  27   0   0  22   0   0  27   0  10  17
   0   0   0   0   0   0   0  22  21   0  44  16   0  31   0   8   0   0   0   0   0   0  30   0   0   0   0  42   0  41  47   0   0   0   0   0   0   0   0   0   0  26   0   0   3   0   0   0
   0  45   0  34   0   5   0   0  44   0   0  28  14  48   0   0   0   0  37  37   0   0  46   0  13   0   0  48   0   0  14   0   0   0   0   0   0  10   0   0  28  43  42   0   0   0   0
   0  36   0   0   0   0   0   0   0   0   0   0  40   0   0  47   0   0   0   0   0  38   0   0   0  20   0   0   0   0   0   0   0  35   1   0   0   0   0   0   0  29   0   0   0   8
  24   0   0   0   0   0   0   0   0   0   0   0   0   0   0   0   0  46  41   0   0   0   0  28   0   0   0   1   0   0   0  45   0  36  44   0  30   0   1   0   0   5   0   0   0
   0   8   0   0   0   0   0  31  12   0   0   0  47  37   0  50  18   0   0  28   0   0   0   0   0   0   0  46   0   0   0  48  28   0   0   0  21   0   0   0   0   0   0   0
   0   0   0   0   0   0   0   0   8   0   0   0   0   0   0   0   0   0  24   0   0   0  42   0   0  10   0   0   0   0   0  27   0   0   0   9   0  50   0  28   0   0   0
   0   0   0   0  20   0  23   0   1   0   0   0   0   0   0   0   0  19  23   0   0   0   0   0   0   0   0  42   0   0  30   0   0   0   0   0   0   0   0   0   0  25
  38   0   0   0   0   0  47   0  14   0   0   0   0   0   0   0   0   0   0   0   0  35  41   0   0   0   0   0   4   0   0  27   0   0   0   0   0   0   0   0   0
  44   0   0   0   0   0   0   0   0  28  29   0   0   0   0   0   0   0   0  28   0   0   0   0   0   0   0   0   0  37   0   0   0   0   0   0   0   0   0   0
   0   0   0   0   0   8  17   0   0   0  30   0   0   0   0   0   0   0  21  18  24   0   8   8   0  50   0   0   0   0   0  17   0   0   0  14   0   0   0
   0   0  40   0  39   6   0   0   0   0   0   0   0   0   0   0   0   0   0  29   0   0  21   0   0  48   0   0  50   9   0  35   0   0   0  28   0  13
   0   0   0   0   0   0  45   0   0   0   1   0   0   0   0   0   0  31   0   0   0   0  17   0  29   0   0   0  18   0   0   0   0   0   0   0  50
   1   0   0   0   0   0  34   0   0   0   0   0   0   0   0   0   0   0   0   0  17   0  48   6   0   0   0  16   0   0   0  15   8  49  44   8
  26   0   0   0   0   0   0   0  22   0   0   0   0   0   0   0  10   0   0   0   0  44   0  28  35   0   0   0   0   0   0   0   1   0  37
   0  29  34   4  41   0   0   0   9   0   0   0   0   0   0  49   0   0   0  33  49   0   0   0   0  23  17   0   0  41   0   0  15   0
   0   9   0   0  13   2   0  16  10   0  24   1   0   0   0   0  37   0  23  28  50   0   0   0   1   0  25   0   0   0   0   0   0
   0   0   0   0   9  47   0   0   0  24   0   0  26   0   0   0   0   0   0   0  10   0   0   0   0   0   0   0   7  48   0   0
   0   0   0   0   0   0  14  13  34   0  48   0   0   0  42   0   0   0   0   0  14   0   0  12   0  33  31   4   0   0   0
  11   0   8   0  15   0   0   0   6   0   0  49   0   0   0   0   0   0   0   0   0  20   0   0   0  37   0  22   0   0
   0   0   0   0   0   0   0   0   2  32   0  29   0   0   4  34   7  50   0   0   0   0   0   0   0   0   0   0   0
   0   0   0  22   0   0   0  12  36   0   0   0   0   0   0   0  50   0  32   0  10   0   0   0   7   0   7   0
   0  21   0   0  42   0   0  11   0   0  50   0   0   0   0   0  38   0   0  40   0   0   0   0   0   0   0
   0  23   2   0   0  10   0  19   0   0   0   0   0   0   0   0   0   0   0   0   0   2   0   0   9   0
   0  30   0   0   0   0   0   0  40   0   0   0   0   0   0   0   0  46   0  24   4   0  29   0   0
   0   0   0   0  29  21  11   0   0   0   3   0   0   0   0   0   0  18  23   0   0  20   0   0
  44   0  20   0   0   0   0   0  15  12   0   0   0   0   0   0  44   0  43   0   0   6   0
   0   0   0   0   0   0   0   0   0   0   0   0   2   4   0   0   0   0   0   0   0   0
   0  40  39   0   0   0  25   4   0   9   0  49   0   0   0   0   0   0   8   0   0
  33   0  30   0  21  27  13   0   0   0   0   0   0  35  45   0   0   0  49   0
   0   0   0   0   0   0   0   0   0   0   0  19  29   7   4   0   0   0   0
  36  31   0   0   0   0   7  34   0   0   0   0   0   0   0  22  35  24
   0   0   0   0   0   4   0   0   0   0   0  31   0   0  46   0   0
   0  15   0   0   0  37   0   8   0   0   0   0   0   0   0   0
   2  39  32   0  27   0   0   0  26  31   0   0   0   0   0
   0   0  16   0   0  28  49   0   0   0   0   9   0   0
   0   0   0   0   1   0  22  12   0   0   0  36   0
   0   0   0   0  40   0   0  28   0   0   0   0
   9  12   0   0   3   0   0   0   0   0   0
   0   0   0   0   0   0   0   0   0   0
   1  19  38   0  28   0   0   0  12
   0  34   0  50  17  17   0   6
   0   0   0   0   0  41   0
   0   0  11   0   0   0
   0   0   0   0   0
   0   0  41  29
   0  18   0
  23   0
   0

  81
  18   5  13  19  17  24  22  15  22   2  17  16  23  25   6  24   6   3  18   9  11   1  18  16   1  22   5   8  13   2   9   1  21  10  13  18  18  23  22  23  21  10   4   8  24  14  19  23  13   4  21   3   7  12  19  17  10  13  20   4
