  60 
   0  28   0   0   6   0   0   0  21  31  10  11  21  37  10   8   0   0   0   0  36   0   0   0   0  29   0   0  35   0  39   6   0  30   0   8   0   0   0  37   0  31   0   0  30  15   0   0   0   0  42   0   0  46   0  12   0   5  40   4
  23   0   0  34   2   0   9  25   4   0  21  31   0   0  15   0  31   0   0   0   0  35   0   0   0   0  41   4   2  22   0   0   0   0  25   0  10   5   0   0   0   0   0   0   0  45   0  29   0  49  20   0   5  41   0   0   0  30  16
   0  34   0  31  48   4  50   9   0  36   0  38  13   0  36  45   0   0   0   0  33  38   0   0  50   0   0   3   0   0  12   0   0   2  48  21  15   0   8  47  39   2  45   5   0  25   0  16  16  29   7  23  23  23  17  23  30  16
   0  15   0   0  44   0  15   0   0  30   0  12   0  38   0   0   0   0  25  21  21   0  22   1  19  43   0  18   0   0   0  50   0  16  48   0   0   0   0   5  10   0   0  45   0  14  47   3   0  20  36  34   0   3  22   0   0
   0   0   0  36   0  50  34   0  11   9   0   0  36  27   5  27   0  38   0  16   0   0  26  28  15   8   0   0  16   0   0   0   0   0   0  17   0   8  15  23  21   0  22   0  26  37   7  34  15  35  19  27  17   0   0  18
  16  28   0   9  42  41   0   0  41  27  18  47   0  17   0   0   0   0  41   9  38   0   0  44   0  35   0   0   0   0  21   0   0   0   1   0  16   0  41  14   0  50  33  23   0   0  31   0  19  42   0  27  46   0   0
   8   0   0   0   0  34   0   0   3   8  17  39  49  12   0   0   0  36   0   9  15   0   0   0   0   0  49   0   0  27   0   0   0   0   0   0  23   0   0   0  28  27   0   0   0  29   0   0   0   0   0   0   0  39
   0   7   3  39   0   0   0  15   0  27   0   0   3   0  36   0  37   0  13   3  20   0   0   0   0   0  46   0   0  22  49   0  50   0  38   0  35  18   0  44   4   0   0  13   0   0  19  14  15   0  42  29  27
   0  47   2   0  28   0   0  11   0  37  38   0  43  46   0   0  25   0  20   0  46  50   0  18  30   0  29  29   0  28   0  45  21  25   9   0  37  24   0   0  46  17  46   0   0  39   0   0   0   0  27   0
  23   0   0   0  24   0   0   0  43   0   0   0  27   0  18   0   0   0  41   0  17   0  40   5   0  12   0   0   0  33  44  12  27   0  30   0   0  28   0   0  35   1   0   0  14   3  12   0   0  50   2
   4   0  43   0  30   5   0   0  48  32  16   0  48   5   0  26  37   0   0   0   0   0   7   0  38   0   0  21   0   0  46  14   1   0  21  48   0  29  11  42   8   0  35   0   0  38  11   0   0   0
  50   0  14   5   0   0   5  13   0   5   0   6  31   4   0  23   0   0   9   0   0   0  33   0  14  11  39  34   0  29   0  33  18  21  14  40   0   3   0  33  26   0   1   0   0   0   0   0  29
   0  24   0  13  22   0   0   0   0   0  39  27   0   0   0  23   3   0  49  45  27  38   0  31   0  45  24   0  19  41  27   0   0   0   0   0   0   0  16   0   0   0  14   0  36  32   0  18
   0  23   2   0   0  11   0   0  42  41   7  48  40   0  36   0   0   0  31   0   0  26   0   0   0   0  29  22   0   9   0   0   5   0  32   0   0   0   0   0  19  38  43   0   0   0   0
   0   0  36  24   5   0   0  22   0   0  34   5   0  34   0   0  20  18   0  44  30   0   0  13  32   0   0  35  44  31   0   0  17  23  32   0   0  14  26   0  39   0  15  25   5   0
   0  29   0   7  31   0   0   0  28   0   0   0   0   9   0   2   0   0  24  14  12  50  43  42   0  15  34   0  15  11  45   5   0  19   0  48   0  31  13  15   0   0   0   0   0
   0   0   7  33   0   0  36  11   4  34   0   0  37   0  14   0   0   0   0  32  49   0  19   4   0  41  29   0   0   0  47   9  14  14   0  11   0  31  29   0   0   0  30  43
   4   4   9   0   2  29   0   6   0   0  21  24   0  26   5   0   0   0  49   3   0   0   0   0   5   0   0   0   0   0  16   0   0  19   0  14   7  40   4  49  39   0   0
  24  28   0  28   0   0   0   0   0   0  13  39  36  44  27   5  36  38  46  29   0  14   0   8  14  20  48   0  33  10   0   0   0   0   0   0   0   0  18   1  33   0
  32   0   0   5  20   0   0   0   0  13  23   0   0   0   0   7   0   0   0   0   0   0   0   0   0   0   0   7  22  38   0  16   0   0   0   9  33   9  32   0  42
   0  50  46   0   0   0   0   0   0  12  23   0  47  12  36  11  31  17   0  50  46  44  38  25   0   0   0   0  13  28  20  23  11  13  19  22   0   0   0   6
   0  33   0   0   3   0   8  44   0  17  24  25  11  36   2  19   0  42   0  10  29  19   8  46  11  13  11   0   2  12   0   0  39  45  43  18   0   8   0
   0   0   0  22   0  19   7   6   0   0  28   0   0   3   0   0  17   0   3   0   0   0   0  17   9   0   3   0   0   0   0  13   5   0  32   0  38   0
  31  28  37  36   0  37  27   0  12  42   0   3   0   0  44  12   0   6   0  10  24   0  31   0  33   2  21  34   0   5  29  24   0  29   0  41  21
   0   0   0   0   0  19  16   4  29  29  25   7  20  47   0   0  41   0   0   0  17   0   0   0   0  30  22   6   0   0   0   0  10  38   0  42
   0   8  12  28  31   0   0   0   0   0   9   0  25  45   0   0   0   4   4   0   0   0  13   0   0   0   0   0  45   0  31  46  23   0  50
   0   0  33   0   0   0  46  37   0   0  38  20   0   0   0   0   0   0  15   0  31   0   0  24  21  23   0  22   2  33   0   0  48   0
  34  18   0   0   0   0  35   0  47   0  17  48   0   0   0  28   0  41   0   0   0  33   0   0   5   0   0   8   0  14  47   0   0
  29  42   0   3  46  43   0  23  19  33  41   0  36  19   0   0   0   0   0  27   0   0   0   0   0   0  36  34  40  11   0  27
   0   1   0  42   5  11   0   0   0  37  22  22   0   0  43   0  32  30  32   0   0  14  11   0  32  19   9   0  15   0   0
   0   0   0   0   4  48   0  13   0   0   2   0  47   0   0   0  41  35   0  45  38   0  32   3   0  44   0   0   0   0
  42   0   0  33   0  45  15   0   0  20   0   0  47   0   0  27   0   1   0   0  25  28   0   0   0   0  12   0   0
  18   0   0   4   0   0  33   0   0  31  27   0  28   0   8   0   0  44  37   0  22  27  41  19   0   0  13  18
   8  45  20   0  27   0  24  25   0   0   0  32   0   0   0  32  23   0  28   7   0  48   5  48   0   8   0
  34   0  10   0  32   0   0  35   0  27   0   0   2  32  24   0  23   0  21   0  46  46   0  25   8  33
   0   0   3   0   0  31   0   0  42  23  39  13  17  10  50   0   0  16  50   0   0   7   0   0   0
  27   0   4   0   0   7   0  11   0   0   4  10   0  37  37  45   0  15   0   0   0  44   0  40
  42  50   0  35  10   8   0   0   0   0  32  29  12   0  14   0   0  31  31   0   0  33   0
   0   0   0   4   0   0   0   7  37  35   0   0   0   0   0  50   0   5  40   0   9  28
   0  41  33   0  35  16   0   0  26  35   1  35   0   0   1  32  16  28  38   0  45
  23  46  46   0  15   0   0   0   8  28   0   0   0   0   0  30  25  21   0  33
  50  37   0  11   0   0   0  19  14   0  13  25  31   0  16  49  34   0   0
   0  28   0  33   0   0  23  28  30  19  36  36   0   5  35  50  30   5
  43   0  19   0   0   0   0   0  43  23   8  11   0   0   9   0   0
   0  14   4   0   0  36  30  24   0  24   3  23  35   0   0   0
   0   0  42  37   0  39   9   0   7  31  23  34   0   0  36
   0  23   0  17   0  35  16   0  34   0   0   0   0  23
   0   0   0   0  12   0   0  18  37   0   0   4  16
  18   0   0   0   0   0  19   0   0   0  37   8
  22  33   7  37  28  49  42   0   0   0   0
  26  29   0   0   9   0  42   3  36  29
   0   6  49  11   0   0   0  47   0
   0  20  12   0   0   0   0   0
   5   0  19   0   3   0  49
   0   0  23   0  19  45
   0  28  24   0  19
   0  40  44  29
   0   0  50
  14  48
   0

  72
   8  20  16  11  15  20  15  20  15  15  22  16   9  11   8   4  16  15   1   3   7   4   1   7   3  19  21   8  19  22   4  15   3  11  11   6  21   2  12  24  17  14  17  25   6  20   8   5  20  15   9   4  14  24   9   9   7   2  14   1
