  60 
   0  48  21   0  31  21  30   0   0   0  27   7   4   0   0  19   4   0  35  36  32   0  47   0   0  23  41  20  32   0  12  49  39   2  46  35   0   0  16  30  28  27  11   0   0   0  37   0   0   0  41   0   0   0   0  18   0   0  20   0
  27   0   0  12  10   0  18  41   0   0   6   0   0   3   4   0   0  30   0  10   0   0   0  45   3   4  48  49   0   0  31  44   0  34   0   0   6   0  48  45   0   0   5  26   0  21   0  27   0   0   0   0   0   0  45   0  31   0  23
   8   0  47  22   0  12  24   0  22   0  28  46   0  23   1  45   0   0   0   0   5   0  31   9  23   0  10   0  49  36   0   0   0  37   0  44   0   0  43   0   0   0  26  22  12   0   3   0   0   0  39  11  44  30   0  44  21  41
  17  48  36   0  24  49   0  45  27   6  50   0  38  47   0   0  19  37  46   2   0   0  36  21  21   0   0   0  20   0  20   0   0   0  20   0   0   0   0  15  20  25  30   0  20   3   0   4  13   0   0  19  25   8   0  16   0
   4  41   0   9  39  22   0   0  40  41  15  43   0  11   4  46   0  43   2  48   5   0  24   1   0   0   0   0  31   0   0  21   0  21  31   0   0   5   0  44  35   0  26  27   0   0  48   0   0   0   0   0  46   0   0   0
   0  14  11   0  43   7  23  12  44  43  41   0   0   0   0  22   0  19   0  39   0   0   0   0   0  31  33  33   0   0  37  31   0  47   0   3  24   0  16   0  15  28   0  38   0   0  44  35   0  43   0  35   0   0  19
   0   0   0   9  23   0  14   0   6   0   0   0   0   0  27  36  39   0  44   4  18   0   0  21   2   0   0   0   8  31  30   0   0   0  37  12   0   0  31  21   0   0   4   0  20   0   0   0  26   0   0   0   0  29
   0   0   0  31   6   0   0   8   1   0   0   0   0  16   0   0  29   0   0  22  49   0  46   0   0   0   0   0   9  28  26   0   0  22  33   0  32   0   0  45  22   0   0   0   0  23  16  13   0  46  48  28   0
  43  30  48  34  28   0  43   0   0  49   0  21  40  49   0   9   0   0   0   0  46  24  28   0  48  29  22   0  22  12  43   0   0   1  25   0   0  29   1   0   0   0  46   6   0  38   0  29  33   0   0   0
   0   0   0   0   0   0   0  21  10   0  12   0  22   0   0  18   0   0  46   0  25   0   2  20   0   0   0  45  46   0  47  40   0   0  21   0   9   0  48  48  46  11  47  13   0   0   0   0  35   0   0
   0   0   0  21  31   0   0  31  13   8   7  24  35   0   4   0   0   0   0   0  24   9  45   0  30   6  22   0   0   0  37  44  44  10  23  46  35   0  49   0   0  27  34   0  43   0  34   0   0   0
   0   0  49   0  49   0  44   0  49   0  36   0  45  34  38  25  30  50   0   0   0   2   0   0   0   0   0   0  12   0   9  41   0   0   0   6   0   0  18  20   0   0  17  28  25   0  20   0  44
   0   0  22   0  49   9  13   0  30   0   0   0   0  33  46   0   0   0  25   0  46   0   0   0   0   0  36   0   0   0  39   0   0   0   0  27   0   0  14   0  43  19   0  11  46   0   6   0
  48   0   0  10  41  23   4   0   0  45   0  16   0   0   0   0   0   5  37   0   0  24   0  11  12   0   0  18   0   0  32   0  47   0  29   0   0   0   0  34   2  50  20  26  44  44   0
  27   0   9   0   0   0  40  47  32   0   0  19  39   0   0   0  36  44   0   0   0  27  29   0   0  39  47  43   0  19  22   0  50  33  13   5   5   5  49   0  29  22  26   1  28   0
  29  28  13  40  17   0  47  26   0  43  26  18   0  26  24  50   7   0   0   0   0   0   0  42  42   8   0  35   0   0   0   0   0   7   0  33  33  46   0   0  42   0   7   6   0
   0  30   0  40   0   0   0   0   0   0   0   0   0   0  45   0   0  36   0   0   0   0  31   2   0   0  34   0   0   0   8   9  27   0   0  23   0   0   3   0  11   0   9  34
   6   0  34  35  10   0   8  18  31  19  26   0  39  13   5   0  45   0   0   0  19   0   0   0  25   0   8  37   0   0  16  36   0   0   0   0   0  29   9  38   7   0  38
   0  41   0   0   4   0   0   6  33  27   0   0  23  44   0  28   0  21   0  42   0   0   0   0  12   0  18   0  24  31   0  30  24  22  33   0   0   0  33  20   0   0
   0   0   5   0   0  45   9   0   0  19   0  10  14   0   0   0   0  37   0   0   0   0   0   0  18   0   0  10   0   0   0   0   0   0   7   0   3   0  48   0   5
   0   0   0   7   5   6  35  22  39   0  37  29  21   0   7   0   3  20  32  15   0  40   0  19   0   0   0  29   0  38   0   0  17   0  32  12  27   0   0   0
   0   0  43   0  41  33  43   0  11   0   0   0  43  36   0  10   8  24   0   0   8  18   0   0   0   0   0   0   0   0  12   0   0  17   0   0  37  26   0
   0   0   0   0   7   0   0  10  24   0  15   0   0   0  30   1  43   0   0  43   4  48   0  42  19   0   0  20  33  17   0  39  33   0  45  32  40   0
   0  42  16  49   0   0  18   0   0  13   0  37  27   0   0  35  23   0   0   0  19  14  15  12   0  41   0   0  14   0  21   0   0  45   1   0   0
   0   0  18   3   0   0   0  27   0   0   0  11   0  35  23   3  10   0   8  39   0  48   0   0  47   0  31   0   5   0   0  34   0  25   0  36
   7  47   0  31  20   0   0   0   0   0   0   0  12  35   4  20  37  12   0   0   0  24   0  27  45   0   0   1   6   0  43  11   0   0  47
   0   0  44   0   4  50   0   0   0  11  27   0   0  43  17  16   0   1  15   0   0  22   0  24  42  30   0  22   2   0  34   6   0   0
   0   0  32   0  30  32   0   0  36   2  45  43  13   0   1   0   0  47   0  31  14  46   0  34   0  37  32   0  36  34  41   0  45
   0  10  44   0   0   0   0   0   0   0   0   0   0   0   0  40   0   0  15   0   0   0  27   5   4  25   0   5  27  48   0   0
  41   0  13   0  12   0  11  44   0   8   1  42  31  23   0   0  48   0  12   5  17   0  23   0   0  48  21   7  39   0  33
   0   2   0  13   0  45  24  16  29  37   0   0   0  50  43   0   0   0   0  19  23  23  36  21  34  13  41  25   0   0
   0   0   0  30  28   0  26  17  10   0  15   9   5   2   7   0   7   0   7   0  33  14   0  36  30   0  21   1   0
  22   0   0   0   0   0  28   7   0  37  47  46  37  48   0  44   0  38   0  50  27   0  29  23   0  50   4   3
   0  28  27   0  35  46   4  34   0  43   0   7   7  20   0  36  41  43   0   0  44   0   0   0  14  16  45
  31   1   0   7   0   0   0   0  32  42   0  48   0   0  17  49   0  21   0   0   0   0  46  39  36  36
   0   0  16   0  10   0   0  37  47   0  27  10   0  39  48   0   1   0   0  33   0  29   0  21  45
  42   0   6   0   0   0   0  47   0   0   0  23  17  40   0   0   0  38  26   0   0   0   9  27
  22  45   0  29  38  44   0  11  15   5   0   0  20   0  37  36  21  40   0   5  38   2  33
   0  14   0   0  46  25  42   0   0  31  15   0   0  20   0   9   0  46   6  45  48   9
  47  32   0  33   0   0   0   0   0  41  28   9  27  27  39   0  23  24   0  47   4
  20   5   0   0   0   0  29   0   0  29  37   0  39  36   0  49   0   0  26   0
   0  30   0   0   0   0  13   0  23   0  30   6   0  34  18   2   0  44   0
  38   0  36  32  21   0   3  44  47  42   0  44   0  34   0   0  28   0
   0   2  22   6  10   0   0   0   1  13  47   0  33   0   0  45   0
   0   0   0   0   0  50   0   0   0   2  25   4  17   0   0  38
  30   2   4   0  25   1   0   0  13   0  22   7   0  47  13
   0   0   0   0  33   0   0   0   0   3  26   0  41   0
  39  13   0   6   9   0   0  10  13   0  31  50   0
   0   0   0   0   0  33   0   0   0   0   0  39
  36  42  35   0   0   0   0   0   0  24  19
  26   0   0   0   8   0  38   0   0   0
   0  47  13  29  37   0   0   0   0
   0   0   6  48   7  30  10   0
   0   0   0   0  28   0   0
  11   0  23  29  38  15
   0  30   0   0   0
   0   0   0  49
   0   0   0
   5   0
   0

 698
  16  19  13  10  10  24   6  24  20  13   1   4  21   3   6   2  13   3  19  24  24  16  17  25  16  22  10  17   4   3  12  17  13  22   2   1  13   8  20  12   7  21   9  17   3   2  19  11  12   2  17  17  11  20   8  16   7   3  12  15
