  60 
  50  21   0  31  25  38  42   0  14   0  39   5  45   0   0  42   0  25   0  45   0   0   0   0   0  14  48  22  44  21   0   0  48  24   0   7  35   7   0   0   0  48   0  17  47  47   0   0   0   0  19  24   0  41  27   2  15   0   5  44
  40  46   0  31   5  16   0  13   8  29   0   2   0  31   0  43   7  10   0   0  21  16   0  31   9  48  33   0   0   5  26   1  11   0  45   0  11   0   0  33  19   0  16   0  31   0  46  32   0  36   0  50   0   0   9   5   0   5  25
   0  50  12   0   0   0   2   0  18   0   0   0  47  36  37  27   0  35  36  37  42  32   4  18   0  40   0  21  10   0   0   0   0   0  10   0   0   0  34  50  34   0  48  17  15   0  21  12  26   0   0   6  13   0   0   0   0  22
  11   0   4  48   6   1   0   5  48  46   0   0   8  19   0   0   0  46   0   0  32   0   2   0  49   0  26   0   0  32  21  46   0  13  38  35   8   0   9   0   0  30   0  31   0   0  18   0   0   0   0   0   0   0  27   0   0
  28   7   0   0   0   0   2   0   0  45  32  10  11   1   0   0   0   0   0  38   0  26   0   0   0   0  26  26   0   0  38  27  22   0  50  34  36  24   0  33  15   0   0  49   0  46  34   1   0   0   0  16   5   0   0  27
  42   0  32   3   0   1   0  31   0   0   0   0  15   0   0   5   0   0  11   0   0  23   0  11  11   0   0   0   0   0  15  37   0   0   9   0   0   0   0   0   8   0  31   0  35  18  20   0   0   0  20  31   0   7   0
   0   0   9   0   0  49  13   0  28  27   0   0   0  29   0   0  17   0   0   0   0   6  37  34  44   0  11   0  44   6  22   4  41   0   0   0   0  23   0   0   0  18  41   0  26  35  18  29  34   0   0  42   0  24
   0   0  37  27  16   0   0  50  17  39   0   0   0  35   0   0  28  16  19   9  18   0  46  16   0  47  13  15  28   0   0   0   0   0   0   0  35   4  25   0   0   0  19  46   0  32  33   0   0   0   0  11   2
   0   0  10  11  33   0  17  38  22  11   7   0   0  45   0   0  32   0  48  37  40   3   0   0   0   0  48   1   0  21  22  17   0   0   0   0  29  23   0   0  39   0  39   0  20  33   5   0   0   0   5   0
  28   0  10   0  12   0  27   0  20   0   0  50  30   0   0  27  20   0  43   0  35   0  35   0  11   0  28   0   0  38  23   0   3   0   0  10   0   0  15   0  34   0  11   0   0  29  11  11   0  46  39
   0   0  37  29   0   0   0   0  12  28  44  32   0   0   0  47   0   0   0   0   0   0  14   0   8  25  43  28  13  37  36   4  16   2  26   0   6   0   0   0   0  25   0  34  31   0   0   0  38  11
   0  20  23  47   0  34   1   0   0   0   0  47  35   8  39  43   8   0   0   0   0   0   0  29   0   0   0  17   0   0  33   0  29  29  21  39   7   0  29  14   0  14   0   0   0   0  45  30   0
  22  12   0  31  11  31   0   3  25   0   0   0   0   0   0   0   1  47  16   0  26   0  13   0  34   0   0   0   0   0  41  27  49   0  40   2  38   0  14   0   5  21   0  44   0   0  24   0
   0   0  20   5  26  49  49   0  15  36   1   0   0  49  40   0   0   0   0   0   0   0   0   0   0  47   0  44  48  16   0   0  24  48   0  21  36  41   0   0  17  50  10   0  14   0  32
   0   0   0   0   0   0  32   0  21  42   1   0   0   0   1  15  34   0   0   0  28   1   0   0   0  39   8   0   9  48   0   0   7   3   0  30  14   0   0   0  43  29   0  25   0  38
   0   9   2   0  39  34  12  32  30  39   0   0  34  36  47  22   2   0   0  37  19  21   0  46   0  40  18  38   0  29   0  35   0  15  41   0   0   0  18  39  10  43   0   0  32
   0  16   2  12   3  22   0  50  38   8   0   8  22  43  33  21  36   3   5   0   0  38   0  31  30  45  14  40  40   0   0   0   0  43  47  32   0  15   0  12   0   0   0   0
   0   0  22  19   0  43   0  11  47   0  26   0   0   0  49   0   0   1   0  24   0   9  32   0   3   2   0  28   6  27   0   0  12   0   0  17   0   0   0   0   0  46  10
  17   0   0   0   0   0   0   0  16   0   0   0   0  10   0  43   1  30   0  19   0   0  35   0  18   0   0   0   0  18   0   0   0   0   0   0   0  25   0  45  10  36
  17  17  48   0  37   0   0   0   0   0  26   0   0  21   0   0  42  39  10   0   0   0  19   0   9   0   0  14  37   0   0  30   0   0  44   0   9   4   0   0   0
  42  14   0  33   0   0   0   0  19   8  43  26   0  46   0  15   0   6  27   0  45   0   0   0   8  19   0  32   0   0  32  20  16  30   0  42  31   0   4   0
   0   0   0   0   0   0   0   0   0  45   0  19   0   0   9  40  30  30   6   0  21   0  49   0   5   0   0  41  28   0   0   2  29   0  22  13  44   2   6
  24   0  46  19   0   0  39  24  25  26   0  22   0   0  20   3  48   0   0   0   0   0  27   0   0   6   0  28   0  46   0  18   0   0   0  10  17  38
  25   0  36   5  43   0   0  23   0  35   0   5  34   9   0   0   0   0   0   0   0   0   1  31   0  34   0  35   1  14  19   6   0   0   7   0   0
  25   0  12  41  30   4   0   0  43   0  39  10   0   0  40   0   0   0   0  35   0   7   0   0  26  46  41   0   6  24  32  30   0  27   0   0
   0   0   0  16   0   0   0   0  49   0   0  22   0   0   0   0  14  45   0   0   7   0  24   0   0   0   1   0  43  34  17  47  38  17   0
   0   0  21   0  36  37   0  25  36  15  23  44   3  30  30  20   0  45   0   0   0  14   0  30   0  25   0   0   9  47  36   0   0   0
  41  22  43  14   7  40   0   0   0  26  43  32  48   0   0  10   0   7   0   0  31  12  11   0   0   6   8  38   6   0   0  12  49
   8   3   1   0   0   0  29   0   0  26  10   0   0   0  22  45   0  13  11   0   5   0  39  18  32  49   0  37  35   0   0  29
   0   3  43   0   0   9   0  30   2   0  48  48   0   0  49   0  29  46   0  32   0   0  18  23  19  13   0   0   7   0   0
  31  43  24   0   0   0   7   0   0  45  29   0  27   0   0   0   0   0  21   0  19   1   8  23  48   0   7   0   0  16
  24   7  34   0   0  34  44   1   0   0  40  14  48   0   0  43   0   0   0   0   0  17  36  16   0  33  27  32   0
  36  30  29  23  35   1   0   0   0   0   0   0   0   8  34  28  33   0   3   0   0   0  11   0   0  24   3  39
   0   0  26   0  28   0   0  20   0   0  12  22   0  21   0  13   0   0  11   0  14   0   0   0   0  43   0
   0   0   0   0   0   0  40   0   0  39   5  30   0  37   0   0   0   0   0   0  13   2   0  33  26   7
   0   0   0  29   9   0  19   3   3  17   0   0   0   9   6   0   0   5   0   0   0  50  25  46  23
   0   0  20  29   0  46  33   4  14  40  27   0   0   0  33   0   0   0   0   0   0  23  45   0
   0  21  34   0   0  16  31   0  26   0  48   0  19  43  39   0  27   0   0  41  24  49  42
   0   0   3   5   0  43   0   0   0   0  16  12   0   3  24  50  46   8   0  42   0   0
   0   0  16  33   0   0   0   0   0   0   0   0  50   0  15  16   1  15   5   0   0
   0  46   0   0   0  34  34  31   0   0  35  10   0   0   0  35  24   0   0   0
  25  39  23  26  19  15   0   0   0  46  20   0  32   0   0   0  14  23   0
   0  24  48  22   5   0  21  21   0   0  16  27  28   0  19  48   0   9
  12   0   0  50   0  11  38   0  36   0  26   3   0   0   7  25  41
   0  13  14  44   0  15  31  13  23   0   8   0   0  45   0   0
   0   0   0   0  43  14   0   3   0  50   0  33   0   1  13
   4   0   0   0   0   0   3   0   0   0  23  25   0   0
   0   3   0  21   0  47   0  35   0  30  22   0   0
   0   0   0  18   0  29  27   0   0  15   8   0
  24   1   8  23  14  42  46   0  31   0  47
  33   0   0   0   0   0  24   8  12   0
  24  35   0  38   0   0  20  46   0
   0   0  37  26  24   2   0   0
   0  29   0  27   0  41  21
   0   0   0   0   0  50
   0  25   0   0   0
   0   4  13  37
  32  14  10
   0   5
  17

 223
  14  15  14  22  17  11  24   8  12   9  14   5   3  20   3  19  13  14  19  25  20  11  21  11  21   8   5   2   9  15  23  18   1  15  20  18   4  19  20  24   4  25  21  25  24  24  24  10   4  16  13   8   3  12   6  19   4   9   8  18
