  60 
   1   2  30  41   0   0  29   1   0   6   1  22  45  16  33  40   0   9  49  19  22   0  29   0   2  27   0  10  34  15   0  35  40   0   1  15  16  28   0   9  39  42  19  12  20  41   3   2   0  45  16   0   1  13   9   8   6  16  35  43
   9  47  27   0  42   3   0  22   0   0  49  45  33   0  44  26   0  30   0  27  44  50  34  21  11  35  11   2   0   4  50  44   5  40   0  47  15  26  27  47   0  27   6  37  12  21  48   7   0   0  46   2  21   0   3  35   0  48  22
   0   6  17   0   0   0  35   5   2  31  18  41  37  46  41   0  31   8  20  32  39  18   4  17   0  18  48  21  40  24  16  50   0  35  33   0  10  14  18   9  47  38   0  42  33  46   0  11  45   8  37  23   0   2   0  12   0  17
   0  11  31  35  17  40  15  30   0   7  27  48   0  15  31   0  25  43  37  18  23   0   1   0  31   6   0  38  21  28  20   0   1  46  46   0   0  50  33  36   0  46   0  29   7   0  45  37  18   0  16   0   0  29  40  15   0
  40  42   0  41   1  22  34  34  32   7   6  27   6  31  36  22   0  50  13   0  19  21  15  18  26   0  11   3   0  24  42   0   0  36  48   2  40   6  21  29  22   3   0  11  40   0   2  15  10  10  50  50  16  45  26   4
   0   0   0  20   0  18  39   0  19  12  36  12  49   4  47   8  47  36  30  12  48   3  12  37  27  44   0   0   0  47  37   0   3   0  18  15   0  11  38  45  23   4  30   0  21  16   0  50  21  22  33  34  39  29   0
   0  47  41  48  41  21   0   0   7   0  47  16  47  35   9   1  34   0  43   0   0  26  39   0  12  10   2   1   0   0   7  18  10  13   0   0   0  30  39   0   0   7  10  16  37  43   7  11  45  27  27   0  11   2
   0   0  19  21  48   0  38  24  38  44  20  43   0   0   0   6   0   0  35   0  24   0   3  13   2  29   0   3   0   1   9   0  12  14   0  44   0  48   3   0  48  35  46   0   0   0   2  24  49   0   4   3   9
   0   0   0  20  22  39   7   0   0  18  16  38   2  23   2  32  49   9   0  25  23  17   0  17   0   0   8  17  29  46   0  19   9  50  10  19  14  38   1   0   0   0  32  16   0   8   7  13  10  14  40  45
  48  44  45  41  11  16   0   1  48  34   8   2   8  36  30  10  11   0  25  47  17   0   0  17  35  25   0   2   1  22   0  43  28  24   0  39   2   0   0  14  29  18  16   0   9  47  39  31  32   0  37
  27   0  25   0  48   0  40   0   0  37  32  23  10  50  46   0  31  12  50  49   0  27  34  47  14   0  13  38  48   4   0  23  45  14   5  32   9  40   0  47  50   0   5   1  15   8  28  41   3   2
   7   4   5  47  46  45   0   0  39  44  24  40  44  20   4   0  34  14  10  31   0  45  36  16  37   0  24  46  17  31  27  24  46  29  24   1   2  32  37  37  36   0  17   0   2   0  37  12  19
  33  37  26  19  13  20  22  44   0   1   0   0  24  50   4   0   0  39   0  31   1   0  34   6  30  27  47  30  48   0  15   0   0  19  49  47   0  11  15  37   0  46   9  37   0  24   0  33
   0  35  40  14   0  21  48  33  36  47  14   0  39  42   9   0  24  29  32  28  45   0  21  34  28  10  45   0   0  14   0  32  17  28  20   5  40   8   4  30  50  13   0  50  34   9  33
  42   0  11  47  11   5  31  50   5  24  28   0   7  27  11  48  28   0  28   5  18   5  43   0   7  29  21  27  11   0  45   9  43  29  42   8   0  39  32  31  12  41   0   9  18  24
   0   2  49   0   0   0   5  47   0   0  19  50   0   6  21  12  14  16   3   4   0  31  23  35   0  16  45  25  14   0   0  31  25  14  19  42  48   0  32  36   8   0   6  27   0
   3  39  46  31  17  35  47   0  26   0  33  20  12  23  35  37  36  26  48  17  15   0   7   0  24  31   8   0  40  33  20   9  40  16   0  29   0   0  39  14  23   0  23   0
   0  31  11   0  47  12   0   0  39   0  50   0  44  43  31   7  27  32  32  50   7  48  45   0   0  25  10   0   0  42  43   0   0   0  46  31  28  26  12  45   2  10  10
   0  32   7   0   0   4  42   3   0  23   8  29   0   5  40  43  26  21  40  49  36   4  46  14  25  13   0  43  10   0  33   0  31  48   0  49  11  20   7  47  17   9
  42  27   0  19  10   0   0  35   7  18  17  16  35   4  32  23   0   1  41  14   0  38  44  47  14   0  18  10  20  45  23   0  15   0  44   0  19  43   0  37  20
  34   0   2  45  22  27   0  30   0  25   0  27   9  50  14  33   0  15   0  42   0  40  15  14  23  26  33  13   0   0  30  47  19   9   2  14  46  27   0  47
   6  50  34   4   0   4   0  28   0  23  23  41  29  19   4  44   5   0   0  22  23  44  17   5  27   7   0  26  19  47   0   0  28  19  50  46  17  24  12
  32   0  41  35   4   0  20  12  33  31  50   0   0   0  27   0   0   0  36  37   0  27  44   0  11  39   7  20   0  26  50   0   0   0  49   0  11   4
   9  24  44  34  11  18   0  14  19   0  30  10  36  48   0  14  41  48  21   0  36  21   0   0   0   1  44   0  27  43   0  34  44  29  24  17  14
  45   0  49   0  15  48   1  47   0  50  26   0  14  30   0   0  40  28   0   4  18  48   0  22   0  40  20   0  37   2   7  14   0  38  13   0
   4   0   0  25   0  24  44  24   6   9  22   0   0  34   4   9  11  37   0   0  25  48  26   0  41   0  38  34  19   0  31   9  17   0   7
  15   6  15  47   2  33  26  19  30   0  18   0  28  11  14   5  41   0  22  16  49   0   0   0   5   0   0  17   0   0   7  21  32   3
   0  50   0  30  44   6   5   2   9  22   0   0  22  20   9  15  23  38   3  29   0   3   2  46  25   0  28  34  26   0   0  30  30
   2   0  24  31   0  44   5  26   0  25  48   0  39  21  36  39   4  27  41  36   1   0  49  35  39   0   0  33   0   3   0  29
  27   2  39  12  30  21  17   0  29  31  15  32   9  27  28  34  36  50  49  28  44   7   0   0  17  42  12   3  44  26  28
  11   6  22  29   0  48   0  12  49  21  26   5   8  34  15  16   0  38  41   2   0  31  48  33  49  36  17   2   0  31
  38   4  24   0   0   0   0  40   0  41   0  28  28   0  36  28  42  48   0   0   0   0  44  28  34   0  50   0  31
  24  21  30  17  17  26   0  17  40   0   7  28   1  35  50   4   0   7  48  33   6  36   4  34   5   0   0  38
  29  14   0  11  47  44  31  17   0   7   1  26  41  10  36   5  47  20  45   9   0   0  14  46   0  49   1
   0  19  21  17  29  33  49  48  23  14  46  26  44  25  48   1  46   9   0  38   0  40   0  27  36  33
  45   0  29   0  38  44  27   1  15  32  39   0  38  36  14  42  46  48  35  44  28   0  41   0  49
  47  17  20  22  48   6  34  22   0  19   0  34  37   9   0   0  26  26   0  47  23   7   0   0
   0  47  42   0  28  47   4  11  12  34   7   0   4  13  36   0  50  20  27   9  39   0  46
  35  27  32  42  27   0   5  26  48  23   0  37   0  10  26  35  47  19  30  24  30   0
  33  20  20   4   5   0  35  37   0  33   0  30  35   6   0  46   2   0   0  47  17
  14  34   0  23   0  27  28  24   0  38  49  17   0   0  11   0   0   1  23   0
  42  15  29  41  43  29   5   0   0   0  15  40   0   7  31  26   0  40  36
  30   0  26   0   7   0  26  44   0   0  39  26  28   8   0  46  37  27
  45  33   4  40   0  49   0  26   0   0   0   0   0   0  39   0   0
  38  18  35   6   0   5  18  45  41   0  43  21   8  43   4  14
  15   7   0   0  43   0  19  24  13   0   2  26  26  30  41
   0  33   0  31   9   0  45   0   0   0  32  15  40  42
  31   0   0  45  17   0  27  40  25   0  44  50   0
   4  21  25  45  47   0   0   0   9   0  30   0
   0  23   0  20  10   0  44  26   5   0   8
  40  28  46   0  30  22  28  18  41   6
  25   2   0   0  30   5   4  50  27
   0   0   0  12  41   4  23   0
  48  20  35  23   0  13   5
  36  35   0   0  12  33
  48   7   0  26   4
   0   0  47  16
  12  45   0
  50  33
   0

 397
  10  16  20  20  19  10  25  17  22  21   7  10  14  22  19   4  14   6   9  13  14  16   7  16  10   2   4   7   8  17   8  16  17  18  19  20  14  22  12  24   9  22  16  13  17  19  18  19   7   7  12  17  14   6  11  20   8  24   8   7
