  60 
  10  21  15  17  46   1  43  49  35  36  35   4  37  10   0   6   0  41  42   0   0   0  16   0  35   8   7   0  43  41  32  21  12  50  35  13   7   0   0   3   0  47  43  26  48  16   0  31  18  49   1  29  11  24   0  30  38  33  49  41
  42  35  39   0  26  26  20  30   0  22  40  32   0  42  40  42   0   9   2  50   0  50  37  19   0  32  47   9   0  30  32  26   7  19  25  45  22  41   0   0  38   0  35  50  22   3  50  43  50  23  35   0  29  23   0  18   9  47  20
  35  40   0   7   0   0   0  13  50  18   0  12   0  49   5   0  43   0   0   4   8   0  15   0  13   0  22  33  35   0   0  10  44   0  16  35  38   0   0   0   1   0   0  36   0   4  28   0  32  18   0  31   8  28  47  10  26  10
  35  24   4   0   0   4   0   0   2  44   0  34   0   0  39   0   0   8  43   0   6  34   0   0   7  13  37  31  21  26  18  49  11  38  12  33   0  21  16   0   0  16   0  36  45   0  31  22  41   0  38  33   0   2   0  47   1
   3   1  50  48   0  28  32  38   0  34  45   0  50  32   0   0  18  42   0   0   4  17  45  48   0  47  42   0  14   6   0   6  12   0  10  30  50   0  11   0  37   1   3   0  14  29  11  24  36  12   0  40  48   5  29  28
   0  44  38   9  44  40   0   5  38  45   0   7  20  24   8   3  34   6  34  28  40  45  23  17   6  27  34  17   0  35  12  17  34  28  37  43  50  29  29   0   0  27   1  43  45   0   6  13  10  19  44  27   8   0  29
  23  27   3   0   0  49  13  17   0   0   0  15   0  48   7  19  47   0  43  44  36   1  49   3  33   9   0  17   0   4   0   9  17   0  16   0  23  22   0   0  47  13  16   0  49  42  28  35   0  42  34  50  25  32
  27  26  46   9  49   0  47  19  46  32  17   0   0  45  17   1  47   0   8  35  43  50   0  42  34   0  28   0   0  24  14  49  35  31  18  20  14   7   0  34   0  47  40  14   0   4  14  35  28   0   2   0   0
  45  36  40  41   0  10   2   0   0  48  15  33  47  30   0  34  50  13  31   8   0   0  15  15  39  34  24   4   0  33  23  30  25   0  23  10  39  45  15  49  14   0   0  30  42  46   0  38  20   0  17  28
  41  34  31   0  50  16   0  45  48   0  34   0  11   0   0   6  33  12  12   0  29  38  20   9   5  12   0   1   1   2  14  31  48   0  27   0   0  31   0   9  36  15  48   0   5   0  36  46   0   0  42
  33  49  49  30  33  48  33   0  25   0  38  35  42  27   0  39  44   0  11  32  39  24  17   8   3  47  23   1  38  33  34  19   8  32   0  37   0  21  20  43   0  20   0  47  17  17  33  12  24   0
   0  27   7   4  43  18  48  19   0   0  32  28  40   9   0   0  22   4  28   6  26  11  10   8  24   0  28   0   0  43   1   0  40  48  32   0  43  45   0   0   0  14   0   1  50  43   6  39  25
  39  46   3  50  21  45  26  10  18   0  39   0  50   5  15   0  37  43  49  14   0   0  25  28  24   0   9  34  29  34  29  35  39   8   0   0   0  19  46  12   0   6  27  43   0  22  16   0
  40   5   5   0  34  24  24  30  13   0   4   3   5  24   9  31   0  48   0   0   0  12  43   5  27  30  23  26   9  27  14   1   0   8   2  29  30   7  10  11  19  29   0   7   7  35   0
  33  26   8  11  33   0  18  36  33  23   7  27   5  35  44   0  39  42   6  17  48  29   5  33  31  13  23   0   0  38   0  23  24  23  23   0  30   0  50   4   0  31   0  22  39  33
   0   0   6   8   1  18  21   0   0   5   0  28  14   0  15   0  33  41  49   0   0   8   0   0   0  45   0  16  28  30  17  18  34  21  36  10  29  49   8   0  20  22  24  47  17
  34   0   0  41  50   0   0   0   3   5  13  30   9   0  10  20  24   0  50  21   0  18   0  26   0   0   3   0  35   0  23  31   1   0  23  13   0  41  39  47   8   0  12  49
  41  42   0  12   0   3  32  42   0  35  19   9   9  31  42   4   7  48   0  33   6  40   0  13  26  18   3  15   0  24  32  37   0  50  17  27  37   0  28   3   0  33  29
   0   0  30  14  47  42  16  45   2  15  10  44  17  23  29  30  17   0   0   0  29  16  41   6  33   4  39  20  47   2  49  22  50   8  31   3  31   8  35   8   0  36
  29   0  37  44   1  30   3   0   7   0   0  34  14  42   0   0   0  27  34  41   6  11   0  43  47  47   0  31  19  18   0  18  21  35  50  39  32  38   1  47   0
  31  38  40   0  14   9   4   4  21  15  24  14   0  14  46   0   9  41   6  40  24   0   0   0  11  50  22  26   1  30  23   0  49  49  24   1   0   0  44  17
  39   3  10   0  11  30   9   5  26   0   0  14   5  48  49  38   0  42  13  41  48  48  12  30  15   7   0   0  21  42  11  29  24   0  23   8  27  41  42
   5  37   0   0  37  34   0   3   0   0   0  49  41   8  27  15  38  10   0  49   0  45  25   0  48   0  43   0  30   0  22  28  43   1  10  26  48  18
  40  40   1  29  31  16   3  18  15  44   9  41  16  18  47  34   3  19  41  38  17  18   0  14  11  20   3   0   0  41   4  19  18  50   0  20  47
  38  16  40  26  12   0   8  36   0   0  31  17  36  44  42   0   0  27   9   0  25   2   0  12   8  48  26  36  37   4   0  22  50  10  11  43
  31  46   0   2   0  28  17   0   0  50  15   6  15  13  23  24  29  22   0  34  17  23  28  27  50   3  46   1  48   6  16  32   0   1   0
  49  21   0  25   0  30   8  32  11   3  18  43  48   9   0  12   3  38   3  13  32   8  19  10  50   2   0  34  21  41   0  47  40  30
   0   0   0   7   0  34  16  20   0  48  17  31  30  26  45  10   0  26  14  25   5  11  38  36   0  32  29  44  36  32   0  34  35
   8  44   0  26  32   0  36  45   0  41  45  21   0   0   0  10   0  20  25  15  27  45   7  37  18  47  48  32  16  42  47  27
   0   4  46  26  37   7   0   0   0  33   0  26  21  37  19  20  22  26  17  49  44  13  26   7   0  35   1   0  25   0  30
  23  31   0  34  32   5   0  44   4  28   0   7  17   0  40  46   0  45   4  11  19  50   7   1  18   1   0  39   0   0
  35  16  40   6   0  48  30  20   3   5  20  39   7  32  20  28  41  45   0  32   0  22  17   0   0   0  28  10  24
  12  50  20  40  18   0  31  10   0   4  34   0   0   0   0  17  50   0   0   0  34  22  20  50  22  44  13   4
  36   0  47  12  40  38  44  43   2   2   0  21   1  39  28  25   0  10  22  30   0   2  17  25  24   3   0
  46  42  42   0  48  21  12  15  43  50   0  25  46  43   5  29  46  14   0  40  16  29   1   0  31  23
  47  21   0  38  17  28  47   0  49  41  34  47  24  11  35   0  29  33  21  16  40   0  25  50  42
  27   9  31  40   0  16   0   0  43  10  28  48   0   0  42   1  37  33  15  45  38  34   0  37
  30  38  13   0  45   0  50   4  44   3  42  44  23  11   0  41  21  45  37  20  13   1   5
  28  32   0   0  18   0  24  46  24  42   5   0   0  34   0  41   0  47   0  26  50  32
   0   0  26  34   0  23  27  16  48  48   9   0  17  33   0  13  47  19  48   0  19
  44  17  23  16  50  32   5   0  31  49  41   7  40   2  15  23  11  10  22  14
  35   2   0   5  38  13   0   8  32  38  33   0  18  29  49  42   5   0  29
   9  19   0  32  34  25   5  42  50  49  41  24  13   9  16  13  42  37
   7   0   0  11  39  38   0  19  36   0  31  36   0   0  31   3  35
  31  12   3   0   0  28   0  23  27  50  10  33   0  37   0  12
  44   0   0  24  42  33   0  29  43  46  11  42  30   0  44
   0   5  20   0  11   0  24  25  17  48  31   0  46  46
  31  42   0  19   0  20  38  30  18   0   0  31   9
  30  45  47  49   3   0   0  10   3  38  10  45
   0  44  47  20   9   6   0  29  39  32  41
  20   0   0  35  12  27  21  46  35  23
  43   7   0  45  34   0  47   1  36
   4  42   0  23  24  14  41  23
   8  45  12   0  34  14  49
  30   0   0   0  41   1
  43   0   0  38  42
  40   2   0  25
   0   0  22
  31  34
  16

 631
  21   5  25  12  17  11  15   3  12   9  11  18  23  14  16   5   1  18   9   2  23   3  11   7  24  20  16   8   7  15  19   3  16   9   5  24   7  20   4  15  13   5   5  10   3  17  18  11   1  23  22  10  11   8  20  22   7   8   9  21
