  60 
  49  10  22   0  19   2  48  16  21  22  12  17  13  14  34   0   0  30  48  15  18   0  37  21  15   0  28  36   0  21  32   0  49   0  28   7  35  20   7  48   0   0  50  14  28  49  35   1  29   2  23   0  44  45  35  35  44  11   0   0
   3  38  32  16  19  29   2  29   0  35   7  33   0  50  12   1  50  17  33  39  28  21  21   0  33   0  27   0  32   0   0   0   0  37  35  19  38   0   7   8   0  24  41  17   6   0  29   0  19  28   0  28   0  23   9  32  13   0  35
   0   5  43  15  35  21   0   0   6   3  46   8  33   0   0  33  14  11  17  42  23  27   0   3  37   0   9  41  23   0  32  13   0  24  49   0  41  42  48  29  33  18   0  26  19   0   0  26   8   0  25   0   6  10  20  19   5  20
   0  39  49  35  43   6  16  30  43   0   9  38   0  38  13   0   0   0   0  25  13  41  47  14   0  19  34  40   0  12   0  15  28   0   0  10  16  43   0  17  33  15  44  48  13  23   9   0  41  30  36  24  42   0   0  15   0
  17  30  17  28  35  50  35  47  31   0  20  38   0   0  32   0   2   0  30  38   0   0   0   6  16  12  14   0  36  15   0  27   0  27  47  34  48   3   0   0  37  43  43   0   0  38  19   5  30  13  34  50   0  32   0   0
  32  32  12   0   0  35   0  18  10   0   0  31  14  16  40   0   0  28   0  39  26   0   0   0  40   0  33   0  20  36   0  45  21  35  18  29  20  48  42  34  50  43   8  46   0   0   0   0  21  46   1  14  19  20  50
   6   0   0  44  35   0   0  46   0   0  29   0  35   0  11  41   0  41  37   0   3  35   0  35  23  24  37  44  33   0  49  33  23   0  42  31   0  40   6  20  39   0  32   0  36  31  50  49  13  47  10  44  46  41
   0  30  46  11  16   3  45  31   8   0   7   0  45   3   0  25   8  22   0  50  14  18  22  21  46  15   7  22  12  21   0   0  17  40  35   0  19   0  22  35   0   0  10  49  32  28   0  25   0  30  47  50  43
  38   0  21  38  20  17  31  12   9  39  34   7   7  30  35   5  45   0  20   0   2  23  32   9  43  13  47  20  32  36   0  33   0  27  43   6  11  38  11   0  13  38   3  15  18   0  23  10   2  42  26  36
   0   0  47   0  23   1   1  12  29  31   0   3  34  28  36  18  12   0  10  30   0  20  43   0   0  37  32  11  32  27  26   0  41   0  42  15  37  43  27  16  31  27  33  13   0  19  15   0  24  15   0
  20  48  44   0  13  23  15  31  49   0  44   0  19  20   0  49  32  49  29  27  21  21   0  14   8   3  24  49  29  13   0  31  18  20   0   0  47  47  10  36   6   0  19   6  33  13  36  25  13  33
  18  20   7  12  24   0  48  26  11  39  24  20   0   0   0  30  29  17  30   0  13  12   0   6  31  40   0  18  30   0  14  50   0   0  40  14  43  21  29  18  16  30   0  37  49  30   0  16  11
   4  31   3  26   0  16  47   0  43   7  30  14   4  20  24  42  18   4   0   6   3  34  12  37  22   0   0  29   0  21  10  46  42   0  46  16  42   0   0  44  14   0   3   0   8   0   0  40
  23   0  37  43   7  29   0   0  36   1  24  34  16  11  24  35  44  21   0  32   0  16  36  38  27  46   4  27  13  48   0  18   1  20  44   0  36  21  31   0  27   0   0  14  50   0  23
   8   3  50   5   0  16  15  32  17  11   0  16  24   0   0   0  40  35   0   1  30  40  14   2   0  37   0   0  13   0   2  41  47  48   0  32  28   1   0   2  47  13  34  19  29  30
  47   0   0   6  18  35  10   0  47  33   0  27  23  23  34  49   0  32  26  19  28   0  24  34   0   0  16   8   0  15   0  10   0   0   0   0   0  41  39  38   7  13  42   0  28
  11   8  19   0   2  40  13   0   0   1  14  35  49  43  39  37  10   3  11   7   6   4  49  37  44  36   0   0   0   0   2  20  25  43  41   5  16   0  19   0   3  20   0  35
  48   5   0   0  30  50  10  25  37  28   9  29   0  18  22  47  21  21   1   0  49   9   0  45  50   0   0  21   7   0  46  36  48   4   2  41  16  44  35  27   6  11   0
  29   0   0  20  48  45  37   0  47  50  50  45   0  25   0  44   9  16  50  22   0   0   2   4   0   0  25  49   8  26  37   0   0   1  38   3  41   0  19  12   4   0
   0  46   0  19   0  36  16  19   0   0   0  19  12  15  36   0   0  16   0  36   0  35   2  12  36   0   0   5  14  30   0  22  38  48  34   0  16  40   0  13  15
  39  27   0   0   0   0  46  34  17  10  21  31  18  46   0  27  20  46   0  27   5  16  33  43  22  29  27  35  29   0  27   3   0  38  43  28   0  19   0  15
   0  18  18  47  12  14  26   0   0  27  29  31   5   0  40  29   0   2   0   0  34  14   0   0   0  21  41  10   0  21  13  17  12   7   0  38   4  13   0
   0  24  20  37  43   0  35   0   0  22   0   6   0   0  39  39  25  34  14   0  45  29  44  26   0  22   0   0  36  13  45   0  50   1   0  17  13  45
   0  31  26  11  16  44  18   0  21  36  45  20   7   0   7  23  47  13  17  48  13  38   0   0  11   8   0   0   6  17   0   0  13  23  21  14  32
  44  47   0   0  47  40   0  11  41  37  42   2   0  31  44  46   0   0   0   0  38  47  35  41  16   0   0  30   0  27  44  49  20  19  38  28
   0   7  37  25  29  50  22  24  20   0  26  39  24   0  31   0  20  29  42   4   0  12   0  40  46  22  15  10   1   0  35  19  50  35   8
   0   0  11   0  33  12   0  32  50  38  11  47  28   3  24   0   5  46  16  31  20  19  50  20   8   0  27   0  22  38   0  28   0  28
  31  33   0  31   0  18  18   4  22  14   0  40   0   0   0  40   9  40   0   0  36  38   0   0   0   0  19  16  48  15   5  12  22
  36   0  33   0  22  43   0  21   0  43  16   0   0  20  37  38  21   9  46  21  36  41  27   0   0  24  50  11   0  12  42  15
  29   0  42  19  19  37  15  33   0  25  30   5  32  43  23   4  38  33  13  45   0  12   6   0  12   0  50  21   0  18  37
  38  15  43  17   0  14   0  35  50  23  18  32  45  23  45  47   0  22   6   0  41   0  46  30   0   0  24  20  48   2
   7   0  23  20   8   0  46   0   0   4   2  18   0   0  15   9  45   0  48  39   0  20  50  48  23   0   0  38   5
   0  45   0  23  45  46  42   5   4  17  45  24  18   0   1   0  32  16  47   6   0  47  14  36  26   0  33   0
  31   9  20  44   0  31   2   7  50   0   0  35  17  47  19  43   4  46   0   0   4  18  21  47  44  34   0
   0  23   0  35  50  34  12  22  23   0   0  23   8   3  25   0   0  42   8   0  26  46   6   0  47   9
   4   0  38  12  39   1  48   7   3  11  30   8  50  20  39   0   0  24  46   0   0   0   7  32   4
   0  29   0  48   0   0  48   0  14  42  39  39  46   0  27   0  44  20  39  36  25  35   0  14
  39   0   2  25  31   0  29  25   5   0  49   4  50   0  35  12   1  47   0   0  37   0  45
  45  31  29  41  10  40  39  27   0   3  36  20  23   0  35   0  30   0   7  24  48  27
  11  13  27  37   0   0  17  25  24  28  12  42  20  34  14   0  32   0  25  27   0
   6  28   0   0  43  10  43   8  21  43   0  32  28  25  49  13  49   0  10  34
   2   3   7  50   0  24  39   0  40  10  48   0  26  47  43  15  22  24   0
  23   0   0  34  20   0   0   0   0  19  40   5   2  25   0  34  47  10
  27   0  26   0   0  17  30  34  10   0   0   0   0   0  13   0  33
   0  23  45  24  24  27  40  29  44  17   0  46  29  24   8   0
  41  12  21   0   0  14  12   0   8  33  46  34  36  25  48
   5   0  14   9  39  49  16   0   0  34  28  35   3  36
  47   0  38   0  17  10  21  20  36  25   2   0   1
  35  24  37  48   9   7  45  28   0  49  26  23
  32  45   0   0   8   0  30  37  40  19   0
   0  31  49  48   2  26   0  24  24   8
  43  17   0   2   0   3  43   0  34
  50   2   0   0   4  40   0   0
  18   4   0   0  12   0   0
  29   6  33   8  25  42
  44  40  38  15  22
   8  43   0   0
  18   8  41
  40  46
   0

 230
  15   8   5  17  22  22  25  14  22  19  24  15  15  21  19  15  23   5  15  24   9  13   6  18  25  20   9  17  10  13  22  23  11  25   4  25  22  15  14  24  16  20   7  14  15  20  25  18  25  17  19   3   3  12  18   4  22  20  11   1
