  70 
  16  31  24  35  38   5  31  37   3  44   5  18  17   7   3  25  47  20  17   8   1   9  40  48  49  16  26  40  23  35   3  50  46  39  30  49  28  45  16  23  19  36  19  38  43  24  29  44  49  16   7  16  17   7  31  44  47  33  48   1   1  26  21  38   1  21  50  19  15  41
  28  10  45  11  47  19  16  22   5  44   6  27  12  46  45   8  34  25   7   8  45   5  43   8  48   5  35   1  35  27   6   4  11   2  48  42  36  46  26  25  19  19  26  15  41  13  36  46  46  49  34  45  43  21   4  44  12   8  11  25  34  25  43  38  35  20  16  14  15
  29  30  30  10   9  17  22  22   8   1  11  24  34  23   1   2   2  27  17  37  47   7   6   6  21  40  31  17  11  38   1  44  16  14  49  25   9  47   8  44  42  41  44  29  41  40  17  23   8   2  44  26  37  38  44  35  24  40  14  49  29  35  19  23  37   3  39  35
   2   3  11   6  30  32  35  26  48  14  11  20  48   7   3  31  45  36   4  26  10  48  17  25  12  34  45  14  49  40  16  29  13  39  50   8  33  42  41   5  12  38  34  24  29  41  45  20  36  45  28  15  49  24   4  41  49  15   4  13  26  31  31  41  13  33  30
  30   2  26  41   9   8  12  29  17   2  21  37  37   6   5   9  31  31  23  26  16  26   1  17   1  27  50  36  41  13  32  24  39  15  31   5  10  29  22  15  29  20  42   5  32  26  37  14  21   5  37  16  15   8   9   2  45  41  16  49  48  11  46  21  33  33
   8  46  20   9  19  41  41  26  30   1  29  17  45  25   7   1  42  21  50  45  20  41  18   3  50   6  16  41   9  23   2  29  12  45   4  50  15  25  37  46  27  26  35  46   7   5  26  18   1  16   8  33  35  47  10  40  36  41  10   7  33  39  20   6   6
  27  11   1   2  33  35  25  12  25  44  47  40  28  33  48  14   7  36  43  38  25   4  34  20  47  23  45  14  25  35  25  16  30  41  13  32  40  20  44  11  18  15  19  40   7   4   5  17  33   9  19  20  11  25  48  32  25  28   1  15  38  15  17  47
  36  17  19  39  33  48  37  34  41  31   2  11  28  44  44  24  47  44   2  50  26  44  45  16  21  17  49  15  41   9  40  35  25  36  23   8  20   2  12  43  22  34  15  29  32  21   6  25  45  14  11  15  50  36  35  23  39  16  34   5  20  46  19
  37  11  44  35  50  10  19  30  25   5  10  48  36  26  41  19  35  13  46  43  39   6  30   2  32  12   1  38   1  36  33   3  20  50  13  29  21  21  41  45   9  40  23  44  48   4  49  49   7  28  39  23   2   7  20  38  45   8   5  50   6  27
  30  41  38  50  43  46   7  40   7   2  29  21  39  36  40   4  26  26  40  13  25  37  35  36  18  30  45  18  19  23  47  19  46   1  10  33   8  44  40  33  13  47  16  13  14  21  45  19  13  27  33  26  23   9  26  12  31  14  49  33   2
  18   2  21  41  43  15   4  46   3  19  25  41  35  42  41  22  16  35  30  12  27  43  44  24  27  32  14  45  30  15   9  13  13   1  25   7  31  26  10  20  29  23  15  24  16  50  19  23  48  19  21  41  40  49   8  44  24  24  49  49
  23  40  21   6  16  33  25  11   4  26  29  18  32  47  17  30   2  29   7  17  36  39  33  31  32   1  47  33  25  10  10  41  29  31  26  16   2   1  38   8  13  45  10   9   5  12  32  24   7  12  45  39  19  32  17  38  27  43   5
  25  33  21  16  26  22   2  42   7   4  31  36   8   1  11  29   5  12  47  48  24  21  42  45  48  32  47  15  22  12  29  19  42  39  32  11  49   7  10  29   3  24   4  20  36   8  15  44  25  48  15  15  11  41  49   2   5  35
  47  26   7  22  49  50  25  44  33   8  12  19  44  17  38  34  23   6   5  37  47  22   4  46  32  11  47  30  23  45   9  13  24  38  28  24  43  23  31  26  35  30   3   1  29  41  36  16  11  50  20   4  36  17  13  19  34
  47  29  19  35  10  15  20  15  33  13  15  48  36  40  20   8   7  18  34  19  18  45   5  22  28  21  19  47  10  36  38  33  27  27  20  18  49  37  38  40  24  19  43  48   4  46  34  29  29  32  12  26  29   6  31   1
  49  20  34  26  30  36  10  47  50   4   8  18  20  14  24   5  17  42   6  12  32  49  15   9  16  29  46   9   3   1  35  26  32   9  45  46  47  15  26  27  46  36  21  17  50  26  49  47  31  26  12  32  31  44  43
  39  49  44   5  43  44  31  21  19  26  26  30  31   6  42  28  29  15  38  36  33  32  44  50  13  32  45  26  37   5  49  48  46  28  28  42  33  27  22  46   6  22  23  26  22  15   5  30   5  50  36  25  10  29
  50  31  12   9  47  46  25  39  50  31  42  44  20  28  11   9  30   1  46  43  33  38   1  17  25  49  35  31  39  22   7  14  46  21   1  10  31  14  48   8  39   1  12  21  40  19  34  34   4  33  38  38  28
  44  22  27   9  31   4  14  31  17  50  42  28  31  37  26   5  32  26  45  48   9  11  24  25  13  10  13  12   3  15  43   3  11  46  13  31  15  50  23  22  28   8  44  23   3  31  26  11  38  49   5  28
   1  40  15  23  41  19  35  49  19  17  50  36  19  47  31  14  11  19  37  16  35  33   2  14  36   1  27  25  29  15   8  17  21  10  49  24  41  49  35  40  23  26  47  46  27  25   5   8   6  38   5
   3  15   3  21  44  29  48  21  18  17  41  26   7  12  14  13  43  18  31  15   6  22  26   8  29  47   8  27  21   8  47  27  41  44  13  20  33   9  21  32  18  12  28  50  45   6  34  44  47  21
  31  49  24  18  13  32  45  11  40  41  18  16  24  39   8  39  33  11  27  13  42  50  38  28  30  31   3  46   7  40  28  27  32  28  48  38  45  40   1  37  46  41  45  41  14   8   8  47  16
   4  39   6  36  32  39  29  43  41  35  44  30  20   2  24  46  30  24  42  33  40   7  13  38  39   5  50  42  11  30   6  15  46  10  13  48   6  36   8  26  43  46  16   9  47   7  41  13
  12  37  46   3   7   7  26  48  11  28  44  12  27  29  50  29  49  29  36  41  42  35  18  26  23  38  33  45  20  37  39   7  18  21  23  33   3  21  11  17  23  17  11   5  32   7   9
  28  31   6  48   7  28  37  42   5  23  27   7  30   1  41  14  49  39  42   8  28  48  14  29  48  44   4   6   2  18  18  33  39  13  41  44  19  24  14  11  27   7  20  31  17  47
   5  28  13  49   2  25  19  19  32  19  18   8  10  45   5  13  45  45  30   5  36  18  50   6  40  30  16  12  31  42   6  40   4  23   3  37  20  40  22   5  29  14  50  41  22
  26  32  16  19  49  20  13  25  48  11  48  15  33  10  35  49  23  29  49   9  41  34  28  10  18  47  32  18  33   4  31  30   6  15  20  39   9  45   5  24  14   4  17  45
  22   1  13  36  34   2  10  21  17  43  46   3  46  40  50   6  34   9  24  14  17   4  30  20  47   1  30  49  30  24  16  34  25  13   3   6   8  18  46   4  20   8  40
  33  12  22  12  30  33  10  48  30   1   8   9  40  18  17  29  23  39  13  23  20  48  31  12   7  24  45  26  41   8  11   6  37  12  50  37  26  43  44  43   4  16
  21  28  23  41  22   5  15  20  25  23   4  17  23  49  31  23  30  44   1  18  37  44  29  19  50  34  13   4  35  34  42   6  30  25   4  16  44  17   2  29  41
  33  20  37  33  22  38  42  15  33  48  30  46  42  45  41   4  43  41  25  30   2  14  44  46  27   2   2  39  38  40  34  47   6   4  40  26  42  38  10  33
   3  14  44   3  38  23   5  41  14  20  42  31   8  14  31  36  20  40  11  46  18   3  40   5  31   7   9  48  10  27  31  45  50  11  34  10   9  19  41
  35  23  19  36  34  20  38  40  25  14  10  32  11  15  45  27   7  35  32  31  32  47  35  12  24  35   9  31  46  17  38  15  28  14  40  40   5  20
  26  36  29  40  31  10   1  10   5   2  33  11  42  14   5   5  30  22   6  44   5  48  46  20  50   2  32   2  28  17   4  12  24  45  45  33  32
   5  30  17  23  10  35  10   9  43  32  13  21  35  10   6   5  25  34  20   5  15  41  28  41   3  47  33  43   9  17   8  31   4  31  24   6
   4  37  35  41  48  32  43  23  23   9  48   7  21   8  47  21   2   7  24   4  42  42  22   7  30  42  43  21  20  10  37  41  33  22  30
  12   9  26  35  33  17  39  49  16  49   3  11  40  14  28  39  23  30  18  42  31  42  24  10  49  14  17  47  49  18  39  27  21  20
  36  10  41  49  20  26  13  27  37  20  29  40  42   5  43  30  11  11   8  26  18  36  46  29  12  36   6  40  17  41  36  14  10
  34  33  21  45  48  47  31  42  49  13   1  31  50  29  30  31  33  36   4  38  39  17  34  44  42  23  17  49  14  35  31  31
  21   4   8  49   5  42  43  24  30  31  28  24  35  10  35  11  23  37  41  22   2  10  46   1  35  23   1  31  40  39  47
  20  12  20  21  50  15  45  34  12   3  26   6  40  21  20  12   9  43  14  35   1   4  32  44  22  16  15  14  48  21
   8   6  17  48  31  47   4  11  48  43  39  28  40   9  38  42   2   1  36  45  49  12  22  50  18  20  42  10  17
  47  16  25  21  19  19   1  25   7  34  14  26  46  36  39  29  23  36  39  34  19  33   7  35   4  19  21   5
  23   9  10  16  45  23  28  46  36  24  48  33  30  38  34  47  49  25  49  48  46   1  27  38   3  25  43
  19   5   8  17  26   3   2  23  17  46  50   1   2  48  48  27  42  44  13  12  21  36   4  21  24  44
   9  40  30  32  12  23   8   5  47  11  20  17  33  16  39   3  19  21  47   2  29  34  48  24  49
  27  40  23  27  10  39  30  48  17  47  46  24  47  45  33  38  47  25  48  43   4  11  12  47
  13  50  17  26  42  20  47  31   5  44  36   2  24  28  33  38  38  40  13  32  34  10  41
  24  27  50  30  27  43  17  15  31  33  47  10  20   5  19   5  12  14  33  49  21  18
  40  31  15   9  22  47  47  40  30  17  39   6   7  23  10  26  13  17  21  37  32
  10  47  25  24   8  14  48  30  41   3  26  36  38  25  14  17   3  39  30  21
  15   3  23  48  25   6  18   7  14  13  21  42  18  42   5  19   9  23  49
  26  28   9  21  14  14  27   6  22  34   1  48  44  31  45   2   2  30
  25  19   9  46   5  11  39   9  41  20  17  27  13  18  36  44  29
  18  45  10  44  47  12  31  24  17   4  26  37  44  34  32  35
  49  31   7  36  34  26  43  47  25  17  38  30  35  14  15
  25  15   6   4  15  40  29  46  19  24   8  11  47  21
  31  24  11  48  41   7   4  11  15   4  39  22  45
  42  13  23  39   2  32  43  21   8  26  17   9
   9  25  44   6  17  24  42  35  33  20  45
  44  19  24  24  28  15  17  50   7   6
  26  39  11  33  43   3   5  49  48
  23   1  12  25  28  20  38  29
  10   9  35  28  26  49  15
  46   6  19   9  46  35
  29  39  19  22   4
   3  44  33  31
   3  10  12
  45  37
   2

 550
   9   4  12   5  23  24  23  23   5  14  15   8  20   4  11   4  15  12   2   5  20   7   4  15   4  22  12   8  12   9  25   3  24  19  17  19  17  24  10  10   6  18  20   4   5   9  14   5  16  22  24   4   9   5  23  24  22   2  15  17   4  20  11  11  19   3  16  24   3  13

