  70 
  27  42   9  36  45   2  10  38   8  49  38  19   2   6   6  26   8  47   2   9  16  26  45  15  10  13  47  35  48   2  32  49  11  12   9  40  39   2   5  44  14   1   8   1  26  13  34  17  16  33  10  11  22  32  28  45  16  36   5  16  36  15  22  45  32  46  31  50   6  28
  17   7  28  44  30  26  21   3  10  33  49  22   5  35  48   7  31  36  24  45  38  22   8  37  45   8  36   6  44  50  43  35  14  21  19  19  47  31   9  40   6  34  17  40  20  16  17  21  25  28  33  40  32   2   9  31  25  23  34  30  11  40  12  15  28  25  47   1  20
   8  43  41   5  48   8  35   9   1  12  28   5  29  42   8  15   3  26  22  24  10  12  11  11  46  45  10  28  16  37  20  11  25  17  22  20   4  40   9  43  27  22  15   8  32   3  42  26  13  45  37  41  14  45  37  42  17  15  29  34  42  22  16  40  40  20  26   6
  45  34  42  13  37  45  20  41  27  25  36  23  21  32  50   8  34  23  11  13  13  11  16  40  45  25   4  33  36  31  37  22  10   6  25  29  22  37   4  46  37  17  25   1  38  20  20  47  17   2  13   8  48  33   3  36  42  10  41  42   9  24  14  40  34  34  17
  29  13  27  50  18  27  37  18   2  35  18  30   4  19  28  40   4   6  50   9  11  21  34  28  32  40  45  19  50  44  23  23  48  42  44  46  33  10  13   2  24   5  17  16  41  25  14  39   2  24  26  29  32  37  40  25   4  40  39   2  45  32  21  44   8   4
  47  35  23   2  36  32  24  49  47  12  12   8  36  18  22   8  45  36  43  44  17  30  21   6  45  19  33  32  26  32  49  50  37   6  41  15   6  16  44  23  22  17   8  13  30  26  43  37  28  35  19  10  24  24  47  33  35  12  29   6  40  50  25   9  13
  22   4  34   7  24  48  10   9  14  37   6  43  25  30  17  19  20  27  38  37   6   1  35   7  30  10   2  11  40  44  42   3  15  30  50  27  33  49  19  50  43  42  10  29   6  15  14   8  50  32  22   3  22   6   7  35  44  17  26  38  13  32   8  38
  15   4  28   8  42  39  38   7  18  30   1  16  25   7  41   9  26  27   7  27  45   1   2  49   2   6  20  16  12  40   7   2  12   9  16  19  33  11  35  40  15   5   6  26  17  38   3  24  18  45  38  14  33  39  34  38  14  41  13  36  21  45  50
  32   8  13  48   7  19  42  49  32   8  27  19  37  47  44  14  28  34   3  24  18  45  37  11  23   5  30  35  34   1  12  44  43  17  10  20  18  26  44  48  10  37   2   5  21  33  42  38   2   7  46  28  41  16  37  39  26  39   2  27  25  22
  37  42  25  49  22  35  38  17  10  15  28  20  34  21  37  37  49  27  21  32  10  50   8  23  37   3  34   5  26  48  36  46  41  20  27  28  37  37   7  12  28  26  13   6   1  44  16  44  32  22  38  29  42  10   3  13  14  19  16   4  43
  49   7  38  30  22  24   3  11  36   6  46  10  20  11  26  35   3  24  25   3  10  48  45  39  12   1  23  40  43  30  20  24   6  10  22  16  26  39  17  27  24  42  20  39   7  27  26  28  27  20  12  18  17  18  31  47  39   9   4  38
  40  23  46  47  35  36  38  24  19  37  42   7  41  10  10   5  15  18  28  50   7  42  30  32  47  14  10  34  22  15  15  36   2  22  35  43  29  28   5  23  14  24  49  24  22  29  33   9  18  25  10  48  26  11  14  47  16  42  20
  34  14  14  31  15  33  11  17  48   7  36  33  15  28  36  12  20   3   6  41  47  22  23  16  13  49   4   6   1  37  28  24  19   2  17   2  42  10  25  26  34  17   9   7   7  19  44   5  34  33  12  44  34  42   4  41  40  50
  14  43  42   9  14  13  32  15  22  29  45  38  17  46  49  33  36  37  34   6  40  11   9  13  29  22  34   1  34  10  42  24  27  13  31  27  26  30  12  15  10  39   4  26  16  48  23  13  22  13  29  25  29  22  42  48  19
   4  14  34  32  23  48   5  18  28  48  14  39   1   1  45  49  36  27  23  22  45  22  50  37  25  18  28  12  21   1   5  42  36  14   9  29  36  36  15  29  33  48  18  47   3  49  15   6  22  31  39  39  18  23  36  12
  36  11  47  45  49  39  35  34  29  31   1  43  37  19  17  26  14  39  31  49  13  36  18  32  15   2  47  46  30  34  12  13  23  34   2  41  50  48  27  46  49  21  36  42  21  11  16  12  36  47   9  37  14  23  48
  26  16  25  22  48  29  36  24  30  41  41  31  16  19   9  45  32  22  31  23  22  33   7  31  20  31   8  45  24  36  32  37  17  25  37  13   2  12   1   1  43   5  48  45  41   2  28   3   2   3  43  30  23  48
  45  38   1  26  34  31  30  46   1  40  39  25   9  17  30  50  49  34  11  38   6  17  36  34  42   2  48  48  46  37   2  25  23   6  48  37  32  45  25   7  20  10  47  40  23  46  21  21   3  16  25   5  47
  33  47  22   8  36  39   1  48  18  45  37  45  22  42  15  44  33  43   6   7  14   6  27  38  14  33  10  35  20  38   8  24  32  45  48  16  30  25  12   3   7  29  27  34  36  26  19  10  47  14  14   1
  24  49   2  24  18  44  44  12  50   2  33  47  22  24  12   5  26  40  14  39  12  10  45   7  19  12  34  16  30  22  43  50  40  25  18  15  10  40   4   7  48  47  24  19  32  12  28  29  45  43  24
   6  26  20   4   5  12  29  14  45  50  44  29  26  29  25   4  50  21  18  16   3   3  49  41  34  38  31  22   8  41  34  44  24   1  12  11  10  48  20  45  17  27   9  33  14   1  37  29   6   4
  10  32   1  27  50   5   2   6  29  30   1  27  49  28  23  18  50  22  16  36  39  45  27   3   1  28  46  25  10  23  29  14   7  11  21  39  38  35  50  38  25  50  44  30   1  45   1  32   3
  45  10  39  13  27  12  38  30  46  36  13  39  47  45  21  15  23   7  47  38   5  14  14  21  44  44   1  19  22   9  21  24  23  31  32  43   5  13   3  49  16  35  39  50   6  36  20  46
   7  10  41  44   4  28  33   9  46  13  13  21  34  26  45  42  22  36  31  28  17  36  37  29  26  41   6  40   3  50  16   6   9  46  28  10  12   8  50  22  16  30  50  46  21   4  26
  31  10   5  13  14  27  40   1  14  12  10  30  11  38  28  19  44  46   1  41  19  33  33  30  29  27  25  27  13   7   9  38  30  18  36  37  32  33  25  32  14  38  25  30  48  16
  44  47  32  26  25  36  26  36  23  28  21  49   9  18  50  22   8  28   1  30  35   3  19  31  43  33  33  25  48  49  13  21  45   4  14  12   9  39  39  22  26  35  19  34  19
  27  27  21   2  42   3  42  12  31  24  31  16  46  47  14  22  14  22  18  38  12  27   3  33  41  34   5   9  46  29  26   5  13  48  13  28  12  16   6  25  47  43  30  22
  29  50  10  21   3   5  39  28  16  26   3  40  29  39  15  13  21  48  41  33  10  41  27  45  48  12  13   6   3  33  21  21   8   8  14  27  47  13  29  21  11  13  41
  40  29  47  45  11  40  33  49   1  16  37   4  49  41   6  50  40  22  28  42   9  15  48  27   6  47  36  29  36  33  26  21   8  37   5  46   5  18   1  18  27  17
  48  11   2   8  33  26   2  11  38  48  43  26  18  12   2   8  33  19  12  19  14  15  22   4   1  37  46  35  30  33  21  35  23  26  19  23   1  50  29  10   8
  46  35  22  34  27  17   9  48  44  23  45  47   3  28  42   9  46  42  42  21   3  25  33  33  46  39  45  20  13   5  43  26  31  39  37   9  39  31  27  12
  46   1   7  20  35  24  26  38  39   3  37  36   1  13  14   1  21  17  30  19  13  34  13   8  46  40  36  43   1  26  44  32  19  30  27  41  46   4  44
   4   4   4  15  11  19   9  17   4  11  29   1  30   6  22  42  26  32  37   8  47  42  44  21  35  30  36  24  49  44  25  50   3  21  23  41  30  31
  19  23  40   7  30  43  24  41  16  23  12  32   9  19  24  18  13  27  37   1  36  47  21  23  15  27  17  15   7  22   3  11  33   6  36  44  33
  50   3   6  36   9  22  33  50  50  35  50  30  28  15  23  14  16  27  41  32  50  20  33  48   2  50  40  32  20  12  41  50  33  28  15  43
  19  40  48  12  31   9  10   4  44  26  21  14  50  35  32  42  17  38  23  25   1  11  31   8   1  37   8  26  15  33   2   8  42  29  15
  39  24  35  50  26   4   2  20  35  20  44  34   1  21  15  20  46   5  11  27  28  45  15  11  16  35  36  32  22   3  12  46   4  39
   9  27  24  14  29   1  26  30  42  25  22  49  43  12  22  19  36  44   1  49  47   3  15  36   1  31   7  43   4  28  37  11  35
   3   4  16  48   5  18   4  33  36  32  24  16  19  26  41   2  28  25  25  19  40  42  43   1  45  10  36  36   7  28  20  18
  42  37  29  40   4  35  48   1  45  50  45  11  22  13  12  20  28  34  46  47   1  35  29  38  48   8  36  20  21  22  12
  15  45  23  14  33   4  36  11   9  48  35  45  15  32  21  17  50   8  21   6  18   1   1   7  19  35  42   1  21  44
  43   3  20   5  42  24  33  28  13  48  24  11  31   4  31  23  13  36  15  14  34  13  47   1  21  19  41   9  20
  36  27  26  20   6  26   2   8  32  45  43  17  27  37  42  34   4  17  16  27  34  44  24  12  17  28  38  44
   2   6  15   1  24  42  41  13  21  43  23  32  31  13  17  10   2  28  20   7  49  24  14  45  32  24  24
  18  46   7  44  47   4  17  42  24  43  49  44  13   5  49  16  13   1  36  39  38   3  41  28  31  27
  24  17  43   9  17  34  37  18   6  12  25  28  48   9   8   2  10  24  34   7  10  45  35   9  40
  30  23  46   6  39   6   9  45  34  30  15  39  24  32  18  41  28  22  31  28   1  44   3  34
  10  11  42  17   5  47   4  12  30  49  41  37  37  11  48  43  29  21  36  23  11  17   4
  31  38  41   3   6  28  16  36  14  48  14   7  33  16  26   4  31  13  24   2  24  33
  47  22  38  24  27  34  44  25  33   4  12   3  14  34  13  47  34  14  16  24  23
  31  42  30  31  39  47   7  49  40  24  27  45   7  34  47  36  34  50   7  16
  50  46   2  21  24  13   3  40  39  50  46   7  23  35  40  26  30   8   4
  23  21   4  38  43  11  32   1  47  39  38  43  49   8  42  37   1  39
  30  50  42  23  32  28   8  34  12  17  24  32  14  49  37  11  36
  19  44  33   5   2  47  36   1  40  31   1  18  29   1  49   4
  42  30  30  37  31  39  22  24  50  26   3   7  50  37  36
  42  14  19  39   2   9  36  43  42  11  45  42  10  22
  42   9  20   1  36  34   5  30   8  17  38  41  42
  29  26  10  38  19  13  26  14  11  41  18  34
  20  50   9  37  10  33  21  42  20  35  14
  49   6   5  13  49  44   8  17  28  21
  15  34   2  26  42  10  22  28  37
  32  44   1  38   9  37  35  48
  25  46  22  27  15  18  40
  21   9  14  34  45  22
  50  14   8   9  25
  42  39  16   4
  14   3   1
  14  18
  15

 217
  15   1   8   3  10  11   2  17  20  17  15   7   3   7  22  18   3  25   3  10   9   2   5   4  12  22   1   8   4  21  15   8  15  25  16  12   4   3   4  13  20  18   7   6  16   4  15   6  12   4  25   5   8  12  23  24  14   4  18   7  17  22  22  12  11  16   9  13  18  18

