  70 
  17  26  38  20  15  11  28  45  19  13  10  10  32  50  19  10  31  16  15  33   4  27   1  19  34   9  21  14   2   3  25  42   7  28   1  30  13  48   7  35  43  12  42  22  15  15  40  46  18  43  23   6  41   3  32  44  49  50  14  30  48  32  20  14  31  34   5  49  14   6
  35  18   8   8  28  46   8  21  21  43   5  26  29  44  11  25   1  12   9   4  28   7  11  13  39   6  35  12  35  48   3  24  20  39   9  23   4  45  14  20   2  30  50  28   3  48  17  34   8   3  35  11  32  17  38   1  47  37  23   1  31  35   5  50  44  21  28  13  32
  34   1  25  35  49  16  48  19  49  20  13  13  24   2   3   4  42  27   9  28  23  15   8  16   1   9  45  12  27  15  37  46  18  48   3  32  41  21  34   2  41  38  40   2  40  34  30  40  27  11  16  45  49  13  50  20  32  20  25   4  47   8  44   9  38  47  38  37
  50  16  50  23  31  16   8   4  36   1   8  29  44  38   2  28   9  50  39  22  19  17  26  10  19  25  29  42  37   5  11  38  37  17  46   3  47   9   1  37  24  26  25   5  47   5  34  33  40  46  50  39  50  26  30  39  31  48  44  26  38  13  11  41  10  32  29
  39  12  26  42  44  29   8  43   6   1  46  46   6  17  18  15   1  19  27  14  40  41  24  44  14  28  24   9  33  28  14   6  41  12  41   3  14   9  36  21  46  16  46  15  26  26  23  43  17  42   2  19  44  22  32  23  38   7  28  41   7  23  34  10  28  11
  31  35  45  25  37  21  13   7   7  46  17   7   9  48  25  43  16  32  41  36  28  15  34  46  41  26  11  47  20  41  34  18  49  22  27  19  38  41  48  34  42  25  31  48  43  34  12  22  39  10  35  19  18   1  33  41  18  35  39   7  26  50  47  46  41
  43  43  24  34  48  12  13  37  24  43  47  48  36  49  34  38  34  50   9  29  22  44  27  11  19  38  37  30   2  45  27  31   3  40   9  47  39  32  25  18  39   4  42   5  48  47   6  40  46  22  11   1  21  30  42  24  19  16  21  19  16  36  15  37
  49  15  38  18  35  39  30  29   3  23  44  12  11   5   3  46  35   8  29  29  21  37  13  28  27   8   4  31  20  32  11  30  13  14   6  44  46  45  32  34   5  39   6  29  39  50  39  18  15  37  31   6  47  20   9  25  44  20  21  36   5  12  41
   3  17  38   3  50  45   6  25  25  38  21  26  44  37  49  33  18  49  38  16  43  13  15  46  22  21  39  28  14  30   5  20  41  18  45  35   4  38  34  45  43  40   4  29  36   8  21  22  47  16   7  50  24  33  38  47  25   4  29  12  43  26
  23  49  44  48  22   2  46  10  33  46  30  29   5  27   7   3  12  35  13  50   8  48  47  16  13  25  18  24   3   3  22  16  28  13   4  31  30  10  26  47  41  27  49   4  46   1  50   5  16  41   2  35  17  26  41  29  46  41  35   4   8
   6  10  41  39  31  17   4   8  42  16  11   1   7   5  14  32   6   8  13  26  25  19  10  34  41  36  49  19  48  18  44  48   3  12  15   9  13  45   2  13  11  10  32  19  14  39   3  16  36  27  38  30  18  10  28  29  18  12  42  22
  33  13  41  13  44  17   9  13  25  19  23  32  50  42  26   9  28  19  36  16  15  31  50  49  26  37  34  33  23  34   3  24  34  22  45  12  40  31   9  19  47  50  17  35  33  32  25   5  10  38  40  32  36  21  50  30  25   2  31
  19  38  36  35  33  22  12  12  48  46   8  10  43  22  39  44  50  44  15  23  20   4  31  16   8   8  31  48  11  17  12   4  21   7   4   2  15  26  46  46  26   6   5  43  24   9  36  21   2  28  32  19  22  41  26  34  28  37
  41  28   6  36   9   2  33   7  32  21  43  37   7  14  31   9  34  44  41   5  29  36  20  25  23  47  29  24  42  40  16  31  48  24  29  16  50  24  28  24  13  48  19  29  11  10   8  40  39  19  47  25  18   9  43   8  48
  39   9  22  41  21  45  18  49  49  11  39  29  13   9   6  25  11  37   6  36   7  25  29  32  27  29  37  34  39  38  24  44  20  49  26  29   6  28  42  28  19  24  48  39  21  20   7  34  19  39   9  36  20  17  40  45
  22  18   3  29  16  20  39  46  46  50   9  39  46  48  23  42   7   8  34  42  45  21  47  13  40  31  46  15   7  40   7   9  14  37  29  12  24   4  18  14  46  33  32  30  13  25  44  42  14  39   3  49  19  49  20
  46   2  32   8  27   1  23  22  20  13  21  47  11  50  26   6  29  42  28  42  32  48  38  30  39  32  37   4  18  17  38  23  25  18  21  37  28  16  43  46  12   2   1  38  26  13  10  10  22  26  46   2  44  50
  41  39  19  27  20  26  10  40  43   8  41  25  11   1  23  39   8  32   7  15  36   1   7  38  36  26  19  33   8  42   5  17  25  43  43  48  22  19  11  41  20  27  50  41   4  15  14  14  30  30   2  17  22
  43  34   1  49  40  34  44   9  16  41  24  46  37   6   7  20   1  13  37  41   1   2   9  36  45   4  11  32  24  27  12   5  47  39  27   3  50  47  30  37   1  44  15  34  42  48  49   9  47  36  48   6
   6  40  12  16  30  14   2  17  41  47  49  14  43  43  19  21  14  13  50  45  47  45  26  21   8  19   4  40   3  23   7  21   8  39  27  38   3  47  12  10   1  20  28  16  11  48  25  46  47  22  34
  37  26  40  10  20  50  13  36  39   8  15   9  36  23  41  45  20  11  35  16   5  34  12  38  32  38   3   2   4  38   3  13  29  13  37   8  22  39   6   9  17   6  35  46  31   5  11  35  15  10
  27  11  36  37  27  26  29   1  39  23   7  42  45  19  10  43  20  22  17  10   1  41  29  49   8  14  25  50  50  29   5  41  10  26  43  47  44  15  33  37  24   1   4  39  46   7  25  45  14
  21  10  19  41  15  17  40  15  33  43  39  40  24  25   8   9  12   4  26  34  17   8   3  19   6  30  34   5  13  42  40  49  41  30  50  31   5  24  41  28   6  29  36  32  42  36  14  33
  34  41  28  25  16  28  35  17  25   8  15   5   3  11   8   5  27  32  11   6  46   1  38   2  15   6  37  28  33   5  17   6  41  26  26  14  21  43   1  34  21  27  49  29  30  40  38
  10  35   7  19  33  28  21  10  24  37  33  36  44   8  46  30  31  40  42  47  18  21   8   3  37  16  50  50   5   8  42  18  22  14  39  26  29  16  14  30  17  38  28   6  14   7
  11  49  41   4  48  27  46  14  23   3  18  41  34  49  45  40  32   7  16   2  26  17  29   2  25  30  28   7  43   8  14  45  36  46  46  32  17   6   8  31  45  26  28  40  14
  42  15   1  42  22  17  10  48  44  38  29  31  10  24  39  35  21   3   1  48  20   8  24  30   4  11  10   9  28  25  30  35   7  38   3  45  25  16  39  24  44  10   1  16
  15  25  45  43  36  21  31  14  49  48  30  41  10  15  45  15  24  32  44  42  50  26   4  25  29  35   2  26  34  19   1  24  14  46  46   3  32   8  18  41  26  25  32
  10  31  43  50  11  18  30  41  17   4  38  41  25   4  48  49  26  27  49  28  45   3  43  49  39   2  27  50  16   5  14  17  24   6  35  30  41  22  37   6  25  43
  17  16  44  35   8  42   4  19  35  43  29  27  45  34  10  29  49  15  20   9  50  15  12  50  42   8  44  35  25  26  39  18  47  34  38  42  37  40  39  35  28
  28  49  44  26  23  50  10  38  26  11  24  39  45  49  16  47  26  24  28  36  11  41   9  18   5  50  42   1   8  19  20  10  43  44  40  23  24  12  47  11
  25  12  12  23  45  31  50   7  26  43   7  39  16   4  12  12  10  10  24  40  17  10  44   6  24  20  48  49   8  11  25  18  37  13  33  40  16  41   7
  40  46  50  41  15  21  42  11  13  13  39  19  30  21  25  13  35  27  41  35  19  39  36  22   1   1  40  30  14  29   2  13   7   7  21  24  18   4
  35  18  37  11  47  25  14  24  48   5  13  13  18  15  15  39  27   6  29   4   1  40  17  44  43   7  22   2  16  33  29  11  34  39  43  35   7
  21  16  48  44  11  41  23  50  10  16  43  31   9  20  27  13  16   1   6  10  37  28  20  34  12  39   2  49  12  33  23  26  16  22  14  29
  30  45  30  45   5  29  22  37  10  20  11  34  26  46  12  42   5  21  33  40  44  10  15  15  41   8  38  13  10  31  16  17  26  14  28
   9  46  21  38  31  31  49  35   3  27  25  24  35  49  16  12   1  43  40  40   5  43  14  34  11  24  19  11  20  15  25  40   1  31
  41  12   6  18  23   7  24  19  45  12  28  49   1  40  47  28  32  49   7  39  33  22  24  13  43  19  39  17  15  40  11   4  40
   4  20   3  38  14   8   1  41  31  50  11  36  12  28   6   2  16   3  33  34  22  46   3  29  10  21  27  13  46  26  30   4
  34  17  11  13  37  32   1  20  16  35  38  38  34  19  23  11  15   4  24   3  26  46  27  40  45  45  23  38  36  36  49
  28  24  13  29  12  13  36  49   3  20  20  36  13  40  12   5  49  29   7  46   4  28  27  46  38  27   4  28  45  16
  15   6  17  17  50  36  33  29  32   2  45  41  30   9   4  30  38  31  25  39  29  39  11  26   1  29  40  19  26
  46  11  50  22  41  11  44  23  20  20   3  33  10  28  22  21  45  40  28  32  31  44  18  40   6  29  47  46
  38  18   2  31  41  10  30  32  27   2   2   7  39   8  23  50  50  41  12  24  46  30  25  30  17  25  16
   9  30  32  13   4  28  21  44  18  37  24  33  13  25  32  17   5  13  34  50  16  49  35  37  49  16
  20  44  32  12  23  15  20   7  34  36  21  19  20  48  17  36  35  14  46  10  43  36  38  22  40
  36   4  44  39  23   2  19   6  20  44  33  34  43  33  47  46  36  50  20  40  12  50  19  20
  29  42  30  49  20  48  31   4  44  26  21  42  42  25  12  31  12  37  34   6  39   2  10
  32  20  48  16  15  50  26   1   4  10  42  34  38  31  30  21   6  31  48  34  13  20
  24  22  28  38  48  20  14  12  49  40   9  38  49  33  27   5  50  42  46  43  30
   5   4  41   8  22  20  50  41  23  16  26  29  41  18  28  36  42  15  11  45
  38  44  12  28  25  32  32  22  50  27  33   2   3  24  38  37  22  20  49
  19   1  49  50  27   5  36  14  26  34  15  14  36  19  19   1  26  48
   2   8  31  34  10  40  34  48  44  21  26  19  21  41  29  31  39
   9  28  46   4  31  43  40   3   6   1  23   9  26  36  11  13
  50  15  27  10  50  10  23   9   4  27   6  42  11  34  12
  11  40  42  10  14   2  30  21   5   5  39  34  41   4
  42   4   3  40  16  11  29   5  14  31  30  34   1
  48  32  45  21  47  29   5  36  32  36  17  46
  10  28   4  28  24  34  12  46  16  47  39
  37  41  20   6  30  38  23  13   4  16
  24  21   9  42   9  21   8   4  14
  34  18  18   4  17  22  46   7
   5  24   8  10  14  25  28
  50  40  18  48  46  34
  23  18  33   4  24
  42  42  14  44
  22  35  11
  16  10
  39

 393
   5  13  24  19  13  14  20  18  25  16  11   1  17  13   4  11  24  14  19  22  20  21   4  21   1   1  11  19  23   8   3  19  13  15   9  17  22  20   5   2  23  22   2   9   6   9   6   5  21  23   1  14  17  14   1   3   9  23   8  12  16   9  22   4  15  23   7  14  22   5

