  70 
  22  13  17  37  18  28  21  12   6  48  21  43   9  33   4  27   2   9  10  34   9  16  18   8   5  40  12  13  11  44  18  25  30   1  44  45  34  49  36   8  40  17  39  43   8  44   7   5   9  50   8  39  44  44  31  43   6  35   1  35  43  45  21  15  42   9  16  10  11  35
  48  33  37   3  39  49  43  14   6  38   2  25   8  39  46   8  32  31  14   1  43  12  50  24  22   7  36  29  38  39  50  19  39  12  34  32  41  40  41   7  13   1  45   3  30  15  26   7  35  14  34  42  13  10   5  14  18  42  46   2  22   8  28  27   7  24   7   8  19
  43  38  12  34  28  13   3  16  30   7  20  40   7   9   4   9  27  26  44   7  28  34   9  33   8  42  20  49  12  14  10   3  21  15  10  47   6  18  33  19  36  31  29  45  37  21   5  25  12  24  15  34  26  16  15  39  45  27  46  17  34   3  43  32  39  36  33  44
  47  45  27  10  34  39   3   7  11  20  49  46  35  45   3  21  38  29   8  19  38   4  43  33  30   6  50  49  18  36   2   1  36  22  37  44  26  40  22  50  49   3   6  12  34  30   7   8   1  49  45  36  49  29  29  38  44  13  21   3  17  28  22  40  49  33  24
   4  33  27  45  13  18  49  24  35  44  45   9  45  38  43  24  42  44  36  43  37  24  19  47  41  33  23   4  20   5  27  23  44   5  12  50  21  20  17  32  27  11   5  34  11  25  50   2  10  15  31  22  49  47  25  14  25  40   3  26  22  46   7  33  21  18
  28  16  46   6  26  36   8  14  14  33  44  38  40  47  14  30  17   5  22  19  43  10  19  31  22  13  50  10  43  26  49  41  24  27  24   8  35  20  15   9  25  22  22   3  18  41  33  27  14  49  38  46  31  10  30  38  35  26  44   6  11  21  48  31  10
  24   8  17   3  29  17  42  36  19  42  50  15   1  30   7  41  39  31  40  12  17  27  10  40  12  17  24  13   7  14  34  10  48  35   6  30  38   9  32  31  32  29  39  36  31  36   9  37  17  47  46  12  42  41  27   7   8  47  12  26  25  25  12  18
  26  10  23  23  38  18  13  22  30   6  25  15  26  26  18  41  12  35  30  38  10  22  48   7  36  37  11  14  27  25  50  19  42  23  21  13   1  32  23  17  18  46  37  28  50   5   4  49   6  30  24  41  42  37  10  30   3  27  48  47  20  45  34
  34  34  29  40   3  16  31  14  28   7  44  33  11  12  16  16  33  24  23   9   4  26  34  31   1  34  14  11  43  19  48  49  32   7  12  50  19  25  19  46  10  39  13  50   9  17  20  19  30  43  42   1  21  36  27  14  36  49  28  37  16  25
  10  16   5  49  33  15  23   3  34  33  29  44  36   4  38  46  37   2   6  23  19  19  22  29   4  16  15  37  22  10  17   9  43  36  43  30  23  41  49  22  44  36  16  35   7   8   7  30  23  24  37   2   8  11  16  14  23  42   8  43  23
  33  29  28  34   8  20   3  29  19  13  34  24   2  26   9   3  35   5  28   7  18  20  43   5  18  41  18  16  37  23  15  19  34  31  48  12  28  34  37  50  26  33  17   8  11  14  22   1  11  44  17   5  27  33  19  46   7  41  27  19
   6   8  34  26   1  34  30  16  12   8  10  11  37  29  39  18  33  48  43   9  22  16  33  32  15   8   5  34  22  37  38  39  41   3  30   3  15  38  48  42  14   9  30  40  38  21   8  16  13  43  27  19  23  46  15  17  20  19  38
   4  49  17  24  46  27  31   3  27  29   9   9  12  15  48  21  39   7  50  20  11  21   8   7  29  15  50  11  36  24  29  23  32  46  49  33  44   9  17  27  19  21   6  40  47  14  29  26   5  39  13  30  47  42  27  45  23  42
  30  35   1  15  30   7   4  30  27  44   4  28  32   7  20   8   5  21  18  46  42  15   5  30   6  16  40  15  29  29  25  18  49  49  30  49  11  27  23  19  22  35   2  38  22  45   3  39  42   6  50  14  33  44   2  35  27
  26  22  27   8  42   6  13  16  30   6  38  44  18  46  31   4  22  24   3  21  32  34  26   3  26  44  24   5  42  43  45  13   7  46  39  50  17  11   1   9   4  33   5  24   4  21  50  43  50   6   2   7  49  40   9  32
  17  15  40  36  39  37  48  41  39  43   6  30   3  15  20  15  40  41  43   5  22  18  16  20  39  40  47  26  16  19  48  20  27  46  48  43  25  33   1  37  47  28   3   5  36  20  33  31  33  12  36  34  46  10  21
   7   7   9  13  46  12   8  23  25  34  10  30  22  37  49  11  30  43   9   3  27  33  25  41  42  31  26   9  31  46  17  18  32   1   8  28  17  45  36  47  25  13  10  11  31   8  17  17   3  27  15   3  15  39
  24   8  32  16  17  37  29  43  26  11  40  36  40  48  44   4  15  43  28  14  45  28  18  27   9  27  40  38  43  29   4  20  34  38  24  23   7  30  38   8  31  30  29  30  31   6  27  27  29  25  31  22  11
  40   9  48  32   9  47   7  14  17  22  39  35  50  41  20  49  34  36  26  28  36  33  26   7  12  45  10  23  11  50   1  14  20  22   4  48  23  38  43  14  44  19  10   5  21  29  48  10  18   7  35  13
  13  43   9  49   5   7  39   4  34  10  42  17  44  36  46  34  19   4  25   4  24  20  23  36   1   6   5  21   4  42   2  32  31  42  34  19  26  44  19  49  10  11  37   7  30  45  16  19  26  41  39
   4  45  11  37  23  45  40  17  32  35  16  28  43  46  44   8  21  46  48  17   4  11  37  49  33  17  46  49  15  49  16  34   8  48  36  39  47   2  21  14  18  43  44  41   4   4  12  12   2  37
  20  40  11  22   6  17  48  32  36  36  36  47  38  32  15   4  43  41  46  49  16  22   8  42  15  31  24   9  33   6   4  20  19  19  34  14  41  12  50  36  35  20  21  36   7   2   6  40   9
  50   1  48  50  30  24   9  12  18  10  28   9  33  24  23  32  27  15  45  37  24  11  38  30  41  25   1  30  16  19  13  18  34  21  23  46   6  49   6  37  31  40  27  29  27  47   5  28
  33  48  43  22  31  19   6   4   2  19   4  42   6  28  23  10  36  33   8  35   5  34  27   3  48  39  44  43  12  42  26   7  40  33  27  23   6  38  30  19  20  48  30  26  27   7  43
  29  46   6   6  34  27  38  47  11  16  44  43  21  19   9  15  46  43  45  26  47  16  49   4  14   9  39  41   8  37  39  35  35  15  38  41  50   3  19  21  46  47  47   7   7  30
  24  38  46  13  39  30  49   3   4  24  19   4  35   6  26  43   1  36  39  43   9  12  36  43  42  31  49  44  14  45  33   6  49  39  33  25  14  39  31  38  26  49  33  39  45
  25  30  20  35  21  12   3  43  39  43  40  14  15   3  48  10  18  50   8  23  27   5  15  21  29  40  17  40  15  16  29  42  10  33  18   8  10   5   6  23   5  23  22   9
  50  26  12   4  43   4  24  49  16   9  49  22  37  14  32  36   3  29  33  47  13  21   3  32  46   6  47  29  41   4  18   3  41  11  35  42  27  39  13  12  39  10  15
  11  22  34  27  20  37  21  24  42   9  47   6  44  29  11  38  33   4  20  33  40   8  14  20   6  11  40   1  15  46  19  38  49  49   4  17  16  31  24  31  16  42
  10  45  37  24  27  17  33  16   6  36  24  46  44   5  17  40  32   6   7  44  25   6  27  13  25  11   5  46   6   9  32  45  28   1  11  45  24  35  16  44  49
  15   4   5   9  26  27  49  33  15  36  13  22  48  10  17  32  45  43  35   1  28  44  40  13  12  45  23  28   1  24  39  37  18  21  39  18  39   9  20  22
  24   7   1  12  12  48  41  40   1  36  40   8  29  37  23  17  45   3  47  31  16  19   1   7  13  49  23  46   5  26  12  13  10  20  30   1  27  36  42
  45  39  13   2  24  20  47   4  40  14  44  42  21  36  34  34  40   8  10  44  40  20  39  41   4  32  49  27  47   4  31   8  16  44  32  41  43  25
  48  29   8  50  30   2  37  49  37  12  22  20  25  16  38  10  22  23  22  23  44  23  10  45  32  16  49   7  41  18  28  12   3  26  40  38   8
   2  41  11  31  10   4  48  31  47  33   6  50   6  37  16  34  47  32  29  19  32   5   5  21  29  22  37  12  15  14  50  17  43   5  45  26
  35  12  17  50  16  22  27  14  33  43  34  37  35  21  41  31  10  48  48  15  45   1   2  32  16  39  27  48  41  22  21  24  13  49  23
  50  17   6  43  30  10  20   8  26  34  24  47  22  18  45   5  10  18  39  35   4  44  43  35  32  49  26  38  11  12  50  13  12   4
  48  17  33   7  26  14  45   2  14  47  25  20  18   9   6  25  23  26   4  14   8  43  31  32   6  34   6  18  10  35  12  37  47
  43  43  18  21   1  33  42  38  42  23  36  49  35  27  11  41  31  32  40  27  41   5  38  48  43  16  50  42   9   7  25  49
   7  46  18  44   4  13  20  11  37  40  11  17  29  36  48  14  50  35  43  10  25  21  38  19  16  40  18   1  31  31   4
  43   3  48  42  41   8  17  24  36   1   5  49   4  27  45  40  30  50  42  21  11  27  16   1  21  50  29   7  36   7
  26   5  18   2  37  11  44  18   5  21   6  20  11   6  35   7   7  44   2  30  40  38  36  25  20  46  41  34  45
  43  48   1  21  36  46  27  16  45  39  28  46  37  11  41   6  38   1   3  31   2  13  41  49   9  48   4  25
  13  33  37  10  34  33  35   5   4   9   9   6   6   1  50   5   1  26  35  27  47  37  20  15  42  24   9
  42  27  33   4  11  29  10  33  21  20  23  48  32  26  49  46  28  48  25  25   5  20  48  24   2  11
  43   3  37  21  40   2  47  10   3  37  22  22  41  11  24   3  14  49  41  29  20  39  15  17  21
   5  31  35  16  50  23  44  21  25  39   6   5  34  12  24  13  13  49  15  35  27  27  34  17
  12  29   5  48  23   7  50  47  19  45  40  19  29  20  17  16   9  30  25   3  48  37  49
   1   7  45  41  40  11  43  26  49  15  31  33  27  34  47   4  45  14  29   1  46  25
  43   3   3  43  49  17  47   7  32  37  50   3  36   2  12  12  23  41  45   6  27
  46  19  26  27  49  31   3  14  40  39  25  16  48   5   5  27  19  18  20  42
  33  25  39  35  24  33   9  49  25   6   8  23  22  39  49  22  45  17  50
  50  50  30   5   4  38   5  29  35  35  44  45  21  44  18  44  25  33
   3  35  24   9  19  45  25  23   1  20  45   4  38  34  12   2   8
  44  45  21  23  50   4   9  12  29  44  14   2  37  41  16  18
  47  30  18  11  33  31  32  36  13  46  45  19  16  25   1
  34  41  11  21   9  25  33  20  30  18   2  27  28  21
  11  15  40  23  15  20  30  46  13  36  13   7  18
  11  21  42  38  36  22  34  17  33   7  18  23
  15  37  25  21  39   3   5  15  27   2  28
  22  36  15  19  39  29  36  34  43  37
  19  36   6   5  42   6  15  13  43
   3  49  31   7  44  27  11  12
  42   3   3  27  45  32   3
   7   7  17  23  45  29
  14  27  14  15  13
  23  41  25  19
   9  32   8
   5   3
  10

 308
  25   3  22  17  17  18  13   7  14  15   2   9  12   7  16  24  20  17   2   7  15   4   5   9  21  10   6  21  21   3   8   4  19  10  17  16  10  15  19  12   2   6  13  18   9   6  14   6   3   1  25   6   9   8  10  12   7  16  16   1  12   9  16  12   4  10  13  18  11  15

