  70 
  30  37  23  21  22   8   7  46  26  18  43  11  17  49  22  11  42  43  50  34  19  46   4  34  45   4  44   9  29  22   4  39  24  49  30  23  26   3  44   6  38  29  33  35  48   4  45  21  37  12  26   3  48  26  29  45  20   3  23  45  33  21  23  21  12   9  36  30   5  43
  24  13  43  43  11   3  13   2  26  32  48  21  20  33  14  24  46  21  28  43  21  24  28  44  36   9  36  17  46  21  40   7  25   8  32  48  15  28  47  33  37  45  39   1  32  49  48   7  39  34  34   6  23  50  41  36  10   2  46   4   6  50  24  27  37  26  11  48  39
  13  12  34  30  38   7  11   6  42  31  32  44  21  21  10  15  43  26  14  15  36  20  13  19  26  12  22  23  32  12   6  13  25   1  26  27  36  12  33   1  24  19   9  31  31  47   5  45  30   2   9  10  26  22  43  27  25  43  42  41  10  45  41  26  41  16  25   8
  43  49  29  32  40  31  43  17  13  10  31  32  17  11   1   3  48  37  48  11  22  30  25  27   2  16  40  11  26  46  34  29  34  34  19  24  36   2  16  28  49   5  16  30   6  32   7  10  23   5  35  32  49  33  27  34  24  43  29   5  23   6  44  38  31  35  14
  36  23  27   1   3  48  33  32  43  32  43  39  25  30  41  44  24  44   4  47  33  38   7   5  45  41  19  42  44   9   5   5  50  39   4  44  37  40  27   8  41   1  21  26  35  23   2  18  48  11  41  32   9  49  11  46  47   6   1  44   4  44   7  31   5  32
  20  24  48  16   4  12  46  30  26   7  50  48  50  43  42  50  19  47  34  37  23   2  39  49  36  39  28  38  37  50  31  39  26  33  14  34  29  30   3  11  39  14   2  15  16   5  29  39  16  29  46  48   7  28  20  34  17   8   8   4  33  11  50   1  50
  38  36   5  39  39  25  50  32  13  36   6   1  33  46   5  45  47  43   4  30   5  41  28  48   2  23  44  27  19   4  44  18  38  27  48  44  32  13  48   7  14  29  33  44  49  10  17  31  11  45  14  34  32  13   1  27  38   7  46  40  41   3   8  26
  28   2  47  37  42  28  31   4  30  22  41  17   8  18  50  33  14  39  34   8  40  44  20  11   6  45  25  34  41  13  28  47  50  39  49   3  11   4   5  31  46   8  47  24  22  17  38  15  38  16   8   7  30  23   8  42  19  45   2  17   4  11  20
  48  14   7  16   7   6  31  44  32  43  38  47  45  10   2  30  11  20  45  47  22   4  22   3  13  12  18  27  49  45  34   9  14  35  44  26   1  45  37  48  42  37  33  42   7  37  14  13  44  45  12   5  13  42   5  48   6  35  26  39  12  23
  30  50  31  49   3  43  27  37  34   9  29  28  50  10   4  36  37  38  44  19  41  11  20   5  34  50   9  11  12  28   9  43  23  32  21  26   7   3  43  26   4   6  48  47  33  24  21  30  37  38   7  38  36  27  18  30  29  46   2  23   1
  37  15   6  26  10  26   3  23  25   3  32  20  42  22  49  47  41  47   8  19   6  22  11  49  24   5   8  14  13  33   7  11  46  21  12  16  10  10   9  20   6  27  37  34   5  14  10  21  15  28  27   7  45  31   1  30  33  47  47  11
  50  46  16   4  13  18  24  26  38  32  36  21   9   3  19  34  41   8   9  47  38  34  47  48  41  50  47  34  20  41   8  19   7  13   4  39  17   6  24  36  48  29   6  50  48  49  26  40  21   3   3  43  45  48  47  39  14   1  48
  26  21  31  50  22  33  21  37  39  47  13   7  50  49  14  27  15  35  22  16  41   5  12  37  23  27  38  37  40  40  11   9  50  22  39  43   6  29  11  43   7  49  10  32  45  22  17  32  11  13  27  48  47  42  31  21  13   2
   8  45  39  25  24  15  42  28  19  42  26   6  30  43  44   8  47  25  22  26  22  25  27  42  20   8  14  45   3   5  47  42   1   1  32  19  33  33  11  13  38   7  20   4  48  17  45  37  48  32   6  46  11  14  20  37  31
  48  44  37  40  34  28   1   2  42  46  38  22  28  22  33  14  40  46  47  39  34  50  24  47  26  24  46  49  48   3  41   3  31  36  15  40  43  29  19  19  28   3  23  40  20  25  38  11  12  40  36  49   9  34  47   6
   9   9  16  48  35  23  14  33  23  27   2  14  15   3  16  13   4   5  11  31  26   8   2  34  39   6  47   2  34  23  34  44   5  14  34   7  25  37  17  33  49  18  47   5  32  10   9   7  21  10  50   4   2  28  25
  31  19  13  25  32  36  28  25  33  28  36  48  46  13  45  21  32  49  21  29  21  49  49   9  46  31   2  23   7  50  21  12  46  17  30   8  47   1  24   1  49  35  26   5  43  50  31  31  17  27   3   7   9  19
  36  46   8  46   7  11  15  47  44  17  40   6  50  40  40  30  27  15  22  12  11  32  40   5   3  29  34  50  13   7  50  26   2  28  38  25  25   2  38  40   1  36  35  10  37  42   3   1  27  15  39  34  41
  32   9  46  48  47  21  31  24  19  36  19  15  28   9  46   9  50  30  50  50   8  47  12  49  46  27  10   5  39  50  27  28  18  38  12  38  15  22  19  16  30  15  50  45  25  43  44  10   6   1   9  29
  29   1   1  17   7  41  11  30  22  34  30  23  46  20  50  12  29  36  27  18  26  24  19  14  39  30  11  33   4  32  42   6  27   2  46  29  22  38  33  27  26  43   5  39  16  37  48  15  36  27   1
  40  35   7  43  31  35  42  31  16  39  18  14   5  40   2  36  27  14  24  17   2  17  35  21  37  29  28  47  41  21  40  28  14  18  36   1  47  28   5  22  18  21  16  29  50   2  14  20  24  43
   6  46  13  46  14  49  38  46  28  10  40   3  20   8  25  24  35  31   6  31  46  36  18  26  29  11  18  29   3  12   4  28  35   7  18  48  39   8  32  38   5  10   3  28  31  42  18  30   1
  12  31   4  18  10  40  47   4  36  44   8  49   1  18   3  28   5  37  31  39  34  15   4   2  13  17  33  32  24  23   7   8  20   1  19  26   4   1  34   1  29  16   9  23   1  15  41  16
  29  12  23  18  11  49  44  28   8  43  34  14   8  10   3  20  50  37   4  43  21   2   7   5  18   7  10  21  16  18  44   5  34   1  31  41  28  30  40  41  16  42  40  20  19  37   3
  15  14   6  34  38  27  22  19  33  26  14   9  25  43  35  37  26  47   1  32   9   6  27   4  18  49  21  23  14  47  33  21  11  19  34  19  42  25  27   3   4  19  35   7  45  26
  50  18  10  31  21  38   3  31  14  12  21  32  35  22  40  49  43  42  37  27  27   2  48  27  26  33  45  20  10  15  21  26  27  27   7   9   8   5  25  48  42  45  47  33  11
  43  10   6  25  15  50  39  35  27   1  12  32  23  11  18  10  10  46  20  25  41  49  49   3  27  48  33  50  41  50  25   8  14  21  46  34  28  37  38  23  27  49  14  43
  22  24  42  26   5  24  10  21  48  33  37  30  43  14   8  24  11  21  11   9  43  13   1  48  32  46  35  33   5  28   4   9  47  41   9  22  21   3   1   8  17  32  33
  15  50  18  33  40  27   3  40  38  19  17  36  34  27  37  18  45  10  12  47  32  18   8  14  38  25  16   5  11  28  29  32  45  33  40  41  18  49  44  31  48  44
  44  49  25   2  19  15  41  10  46  18  16  34  40  47  33  14   2  40  31  12  27  36   5  35  43  13  27  14  20  25  18  49  40  33   5  47  46  23  18  14  45
  39  14  29  27  28  29  27  21  39  36  39  38   6  34  17   2  29  27  45  27  12   2  50   5  24  35  35  32  35  32  29  41  18  27  35   6  21   5  14  40
  18  49  25  40  42  32  21   4   1  24   2  44   7   5  45  27  13  37  41  13  12  41  17   9  39   3  23  42  49   8  38   5   6  32  26  19   3  26  12
   7  25  35  20  42  18  11  40  42  12   6  38  49  12   2  26   4  24  48  12  34  32  45  31  12  44  17  23  15   6  39  46  32  14   4  25  43  15
  26   5  50  26  46   8  35   3  11  28  42  34  37  20  34   2  10   9  10  11  32  37  44  49   8  32   5  17  45  40  28  10  43  48  34  44   8
  14  39  39   5   8  28  46  41  17  19  30  40   2  23  44  24   7  42  29  37  22   9  25  41  11  42   9  38  23  26   6  47  47  19   5  16
  47  48  43  14  38   6  37  18  31  37  34  41   5  23  47  13  18  50  32  11   1  29  24  16  14   3   3  18   7   4  31  34  37  21  13
  36  11  28   3  24  18  12   6  22  48  18  47  46   6   3  41  24  18  35  23   2  44   5  35  28  47  40  44  43   2  48   9  34  50
  14  29  39  33  32  32  37  22  50  17  23   8   2  47  26  17   9  32  50  10  12  37  43  20  34  14  42  20   2  25  12   3  13
  23  43  48  41  21  29  24  32  16  19  36  23  31  25  19  21  11  40   4  15  25  21  12  36  13   8  46  50  39  19  19  41
   5   2  34   6  36  25   6  47  29   4   7  25  21  22  50  20  20   1  31  26  25  21  10  27   8  30   8  27  17  21  14
  23   9  16  20  47   2  27  24   2  15  27  25  36   1  13  10  40  42  14  17  23  25  46   9  35  46  29  15  18  41
  50   3  20  24  11  13  14  46  49   7  28  26  21   2  47  11  47  16   4   8  14  38  36  27   6  28  41  18  29
  35  22   1  19  28  18  45   4  45  31  30  24  41  27  27  26  26  21   5  25  44   3  37  19  19  38  14  35
  15  13   7  16  20  29  43  49  10  21  27   6  40  33   6  13   3  46  33  33  49   3  12  37  44  22  45
   8  21  33  40  25  29  38  11  25  36  23  26  24  32  33   6  26  18   7  27  33  14  22  46   8  49
  35  21  45  39  26  28  49  20  41  37  26  28  33  41  36  35  24  17  31  15  22  45  23   5  31
  39  37  15  18   2  19  48   3  37  27   2  49  20  22  32  49  17  47   3  25   9  33  10   7
  26   5   5  42  31  27  38  35  17  33  26  25   5  10  27  36   3  18   7  45  16   9  25
  39  31  39  39  42  35  23  24  35  25   9  31   1  42  35  20  25  32  41  35  16  35
  31  13   1   1   3   7   9  47  50  27  32  35   8  44  32  26  21  39  41  30  21
  26   1  48  17   1   3   9  10  22  37  25  38  12  27  11   5  21  26  38  40
  23  37  41   1  22  39  17   5  27  14  10  17   8  17  21  44  43   7   4
  16  46  44  15   6   2  41   9   1  39   2   7  41  46  18  34  25   7
   7  39  14   9  39   5   3  23  15  18  33  24  24  20  28  48  44
  12  27  19  13  36  28  45  32  27  28  46  38   9   3  28  32
  41  12  50  11  47  23  50  36  29  36  21  21  26   7  31
  28  39   3  43   1  19  37  18  28  42  28  15   4   5
   3  39  14  43  11  36  30  24   7  44  31   3  48
  35  47  32  20  12  10  40  29  35   1  18  23
  21   3  19   9  17  43  41   3   3  12   8
  42  28   1  43   3  15  16  30  23  31
  13  18  50  33   8  26  27  33   1
  41  11   5  17  48  39  43  26
  18  11  45   9   5  46   3
  25  43  13  21  45  21
  46  43  22  41  45
  33  39  47  17
  33  28  50
  35  39
  50

 676
  13   8  18  15  25   1  22  10  15  17   9  25  25  16  13  25  12  25  20   2   7  18   5  10   7   1  23  21  15  20  18  24   6  21   8  10   9   1  24   5  12  22  14  11  17   2   5   6  17   7   2  15  18  23   3   3   1   2  11   2   2   9   8   5   5   9  25   5  14  10

