  70 
  30  29  38   3  48  17   3   5  43  34  49   4  31  39  39  43  27  40  47   8  19  15  12   4  29  46  38  34   7  43  27  30  34  37   2   5  10   3  34  19  13   6   5  22  21  42   3  24   5  38  43  44  23  23  27  46  23  19  42  23  31  28  23  48  43  21  42  11   1   7
  30  22   5  39  41  27   6  48  45  30  46  21  34  32  33  40  12   5  31  42   3  27  47  48  28   9  35  25  49  41  38  30  33  44  42  28  32  26  36  27  19   5  12  13  45  33  28  44   2  39  32  23  11  47  26  42  44  28   7  31   2  11  35  40  43  26  26  46   7
  17  30  28   4  29   5  38   4  32  49  35  32  12  49  11  18  36  27   7   3  15  31  14  30   5  30  37  15   1  36  43  16  28  36  31  35  17  37  10  10  22  17   4   1  29  40  17  11  48  10  34  28  39  48   2   9  32  22   2  45  31  19  15  13  43  11  23  13
  42  13  17  50  40  18  13  44   2  46  27  40  14  39  49  49  13   2  32   8  32  48  33  11   6   6  25  40  17  10  28  35   9  11  16  20   1  18  27   9  12  44   6   8  25  45  43  22  28   5   8   7  49  36   4  33   7  25  20  17  36  39  25  39  25  35  12
  44  34  28   3  39  16  28  47  31  28  17  45  43  40   3  49  45  33   9  36   8   2  29  31   9  43  44  14  37  21  38  38   1  33  15  43  42  21  42  13   7  50  26  37  28  24  39  48  45  47   5  34  37  14  33  16  39  23  14  37  10   7  46  19   1  11
  42  14  24  33  25  45  19   8   2  49  41  39  15  17  11  43  46   9  24  27  32  27   6  41  26   8  22  45  49  19  14  25  12   9  36   2   1  45  13  50   5  12  49  18   3  33  16  42   5  24  24  35  37  33  42  32   2   3  36   5  25  21  26  44  34
   3  19  27  24   3   3  39   6   9  34   9  10  42  13  42  22  25   8  21  20   1  34  18  36  25  37  39  44  45  15  47  32  10  25  45  10  30  26  26  13  34  17   7   8  39   2  17   5  21   5   7  16  43  17  44  18  33  48  17  45  22  21   7  17
  40   1  15  13  45  18  21  50  43  13  34  17  40  28   6   6   3   4  10  38  34  36  37  26  11  35  27   1  19  33  46  41  41  18  31  38  38  48  24  23  28  12  35  23  28  45  20   7   9  38  29  47  26   6  35  45  23  48  40  47  36  28  43
  15  23   2  35   8  40  17  38  33  27  48  26   4  22  11  47  43   7  38  17  27  10   6  46   4  20   7  18  13  40   5  25  34   6  27  33  33  13  29  49  25  36  13  26  44  42  39  35  35  34  31  29  36  19  26   6  35  34   1   2  48  21
  22   9  38  50  33  50  15  10  11   2  27  37  17  48  20  32  24  46  14   5  21  21  33  36  28  44  31  18  47   7  31  37   4  43  16  27  30  18  30  39  31  35  30  35  14   3  23  19  39   5  23  46  33  45  30  46  43  20  37  43   8
  26  24  25  25  49  27   2  34  13   1  21  33  15  32  21   8  32  19  40  34   5  49  28  10  39   8  42  39  32  33  41  45  37  31   3  19  43  28   2  12  39  13   5  28   4   2  45  13   4  39  41  43  26  41  22  14  28  38  39  33
  13  18  39  10  42   3   9  27   6  26  31  36  28  47  25  12  18  47  37  45  16  27  13  15  36  35  31  33  21  16  50   1  11   3  22  36   6  37  44  46  31  33  12  29  27  18  18  20  21  30  47  35  11  36  29  32  13   9  27
  19  25  45  18  28  36  32   8  27  40  37  32  34  19  43  39   7  16  41  40  38  39  50   7  34   6  23  19  28  44  43  43  30  41  10  31  23  45  46   7  29  32  10   4  32  24  37   8  37  44  43   3   9  43   7   2  35   5
   3  50  37  40  35  18   3  38  17   4   6  27  42  39  38  32   7  12   9  47   3  42  44  20  10  43  45  42  21  49   1  11  28  38  32  12  37  33   7  12  17  26  37  33  29  35  18  12  25  50  32  16  44   7   1  25  46
  41  27  39  49  44   9  50  37   9  43  13   2   6  40  20  30  47  14  20   5  20  31  49   8  24  33  15  35  24   6  26  13  23  11  22  50  47  19  24   8  20   7  27  32  36  50   8  15   3  46  32  10  49  44   5  49
  31   8  34   2  22   8  44  31  20  24  50  34  42  38  14  49  47  20  40  12  40  31  35  39  14  11  48   9  39  11   5  24  38  43  19  22   1  25  10  19  50  14   9  17  44   8   3   1   3  20  40  22  41  34   1
  37  21  50  29  17  40  21  25  33  14  30  14  27   8  32  50  33  23  12  34  19  18  44  40  23  32  45  50  37  15  11  34  24   8  24   2  41  39  44   4   6  18   5  18  48  47  35  10  33   4  12  31  44  39
  26   7  14  15  29  42  49  49  36  45  38  34  40  14   1  13   6  45  32  37  15  44  47  23  13   3  19   3  31  26   1  28  32   3  31  14  15   6  50  24  31  15  24  31   2  37  34  34   2  11   4  10  36
  30  22  19  39   5   2  14   3  19  26   2  34  35  27  28  23  18  16  43  42   1  37  44   9  31  22  11  26   7  13  45  33   5  28  27  11   1  18  25  30  50   2  22   5  15   7  18   9  16  37   1   8
  33   2  49   9  43  37  29  49  45  15  28  50  21  17  39  18  31  31  39  46  39  37  44  22  12  49  37  47  31  41  38  11  13  30  25  44  33  37  11  46   7  38  33  10  49   9  19   4  26  12  29
  23  45  43  31   8   7   6  45  36  27  45  48  33   2  28  17   3   6  29  17   2  30  22   2  37  19  24  21  21   2  47  15   3  36  11  40  35  11  37  48  18  14  20  26  37  50  38   8  43  31
   3  11  26  14  29  44  23  37  26  43  28  30  40  41  28  29  21  41  45  27   4  28   6  46   8  43  43  34  45  50  28  45  16   6  12   6  37  32  17  39  36  19   9  25  14  40  32  27  50
  26  49  16  22  40  19   7  27  29   3   2  10   6  42  36  38  38  18  16  39  10  17  47  32  29  41  18  44  25  36  44  45  16  20   5   8   4  38  16   6  41  46  30  45  43  45  11  39
   4  17   4  41  19  17   2  46  23  24   4   6  35  43  10  47  29  37  28   7  24  19  26  32  11  24  15   3  30  39  25   5   8   5  31  19  47   5  29   9  15   3  31  43  18  19  31
  50  21   6   2  15  28   7  38   1  41  21  37  38  49  41   4   9  49   2  20  50  28  22  29   6  20  16  18  16  38   6   5  43  19  33   2   3  20  28  23  43  49  44  31  41  39
   5  36  39  35  16  41  29  23   4  47  24  14  10  27  31  25  29   7  24  21  20  48  24  24  10  34   6  14  21  34  32  32  10  47  49   5   6  22  10  27   9   8  26  31   2
  10  42  38  47  39  46  35   7  24  29  42  49  49  26  23  47   9  21  23  13  19  24  46  26  16  13  12  40  35  20  25  12  14  43  28  41  47   7  21  24   8   6  49  15
  14   1  25  32  10  40  32  13  33  37  22  19   8  38   2  32  50  43  30  38  23  36  26   2  15  33   8   7  10  20  38  50  35  23   3  16  44  44  24  42  24  48  24
  41  20  38  22  20  11  24  32  24  21  48  19  18  16  19  39  47  49  49  49   4  20  19  50  21   4  49  30  35  24  31  42  33  28  24  33  32  27  38  43  18  18
  41  40  45  47   4   1  31   8   7  41  38  45  15  31  11  21  18  10  49   4  39   6  37  15  36  40   7  44  11  16  14  12   4  41  40  24  38  45   6  19  31
  33  40  33  17  28  42  46  43  33  48  34  30   8  39  41  44  13   9  49  36  20  28  14  28   1  34  26  47   6  10  14   3   6  16  36   4   4  30  50  21
  43  48  44   9  50  41  17  21  14  46  18   5  16  46  25   6   6   8   3  10  10  45  20   9  33  17  11  40  48  41  33  27  42  35  24  50   7  49  29
  11  47  15  24  22  18  16  10  31  10  34  24  19  19  31  13  33  15   6  17  20  23  47  40  38  11  45  21  34  19   6  45  12   6  36  10   5   2
  34  36   9  44  13  22  47  18   3  30  23  39  16  20  47  39   8  44  30  20  29  30  14  24   2  36  46  20  34   7   2  10   4  43  33  47  34
  31  26  19  23   8  33   8  31  35   2  13  49  27  32  14  35  47   8  16  41  45  47  18  35  19  35  27  45  25  43  18  41  10   9  46  40
  24   7  35  17  42   2  15  31  17  47  46  17   9  10  11  31  20  15  40  50   2  50  16  27  26  20  47  11  48  24   7  13  29  14  10
  30  45  22   5  23  31  23  43   8  27  43   9  38  40  42  13   3  30  10  22  27  44  46  10  39   8  43   9  13  50  37  21  15  12
  16  34   1   1  32  10  47  15  11  10  21  18  10  31  31  16  29  21  48  22  24  24  22   5  14  46  24  44   1  23  36  44  44
  44  29  31  31  40  41  45  30  47   5  49  29  42  25  46  41  43   4  32  14   7  49  28  20  30   7   9  13  22   9  17  13
  17  14  36  21  19  18  15  44  16   7  18  40  17  32  37  23  13  17  15   4  50  10  40  15  19   3  31  33  14  17  17
  30  24   8  27  10  49  17  36  42  29  22   8   6  19   6   2  31  29   8  29  25   2  42  12   2   8  17  30  12  35
   4   2  21  42  29  49  44  17  34  15  35  40  12   1  14  50  32  47  42   3  45  14  22   2  38  36  40  24  39
  33  14  27  19   1  11  37   1   7  16  18  30   4  20  11  19  49  28  43  26   7  13  47  23  20  49  43  23
  29  21  50  30  15  15  46  36  48  50  30  31  48   6  46  15   3  13  45  10  50  31  11  30   7  23  17
   1  43   8  37   4   5   6  31  27  26  50   7  34   8  16  45  36  36  27  16  27  24   4  15  34  22
  45  26  48  18  34  23  12  23  25  13  26  31  19  22  15  19  39   9  29  24  37  48  14   4  21
  47   2  35  31  14  29  36  12  39  23  38  10  15  11  45   8   5  21  26  23  18  21  16  29
  43  48  15  16  10   6  23   5   5  18  10  16  24   6   3  28  28  14  29  20  20   4  43
  50  25  38  26  31  39  31  11   7   1   3   8  20  19  43  37  20  48   5  19   7  38
  16   3  13  29  30  29  25  20  18  49   3  20   1   3  48   6   7  13  13  37  20
  22   7  15   2  16  10  10  22   7  47  26  30  14  19  24  25   9   3  16  15
  45  27  29  30  23  16  32  17  14  29  23  28  42  48   3  13   5   3   5
   6  18  35  43  18  44  49  16   4  40  17  24  34  35  43  30  50  26
  33  27  37  48  43  33  47   9  19  16  41  17  33  42  20  34   3
   2  11   8  24  21   8   5  12  13  22  42  11  40   6   4  11
  39  47  21  36  14  10  31  49   7  45  40  34   5  28  27
  15  15  40  50  49  32  39  42  15  24   8  35  47  37
  13  22   7  34  35  41   4  21   7  22  21  14   7
  40  15   5   3   6   8   3  43  12  12  19   9
  23   7  30  30  25   4  12  11  33  40   3
  34   1  48  26   8  37  23  40  17  42
  12   1  49  39  23  45  29  39  16
   1  25  12  43  36  42   2   5
  12  25  17  42  44  25  15
  30  28  13   9  46  17
  41  21  37  22  16
  23  38  27  29
   3  50  48
   5  11
  36

 159
   8  16   6   1  14  15  20   6   9  16   6  15  23  24   7   6  24   3  11  20   6   8   6  17   5   6  21   8   2  18  20  18  21  20   1   9  15  23  18  21   1   2  20  15  19   1  23   7  21   7   1  22  25   6   7   6  12  22   3  21  13  22  18  22  23   3  13  19   7   3

