  70 
  14  39   9   3  12  46  35  28  34  28   1  25   3  15  36  43  12  23  20  34  49  38  32  30  13  26  30  15  43  14  32   9  34   3   8  17  42  45  28  10  44   7  45   1  20  34  21  39  29  38  38  23  40  12  33  43  42  17  29  25   3  19  21  11  22   9  46  40  17  25
  22   3  31  15  17  43  23  26  36  46   8  29  48  47  26  42  20  41   2   9  13   2  24   4   8   5  34  43  32   7   8  31   3  16  36  14  17  50  37  31  39   9   3   5  28  31   6   9  31  44  36  28   3  22  19  40  26  30  48  50  40  14  30  25  29  20   1  18  47
  23  12  38  36  18  19  45  24  18  33   6  34  43  45  50   1   9  26  24  49  20  46   5  47  42  24  18  25  44  14  14  41  15  29  46  19  26  24  33  35  46  43  49   9  43  47   5   5  42  46  19   6  24  12  37   1  17  11   2  43   8  13  43  36  37   6  41  30
   3  39  23  38  30  45  15  49   9  30  17  12   1  29   3  37  30  21  18  27   2  30   9  39   6  44  10  37   8  24  20  23  38  12   5  14  18  26  28  24  49  49  44  46  10  28   9   8  31  43   5  40  49  23  29  42  16  33  15   1  11  48  50  42  19  33  34
  22  41  25  39  25  40  17  14  27   6  47  31  17  46  45   4  10  42  18  37  43  10  29  39  39  25  25  16  46   1   1  41  36  21  20   4   5  48   7   8  15  21  37  44  39  27  48  34  24  19  23  14  37  45  39  32   1  24   3   8  40  50   9  35  37   4
  34   6  44  44  48   8  18  48   2   9  38  26  30   1  38   8  15  11   8   3  11  18  49  11  10  37  22  34  47   4  17  43  24  19  32  32  43  10  29   7  11  30  40  43  20  27  39  15  12  21  30  44   3  42  38  42   3  44  32   6  39  29  46  13  22
  12  30  31  17  19   7  34  40  27  46  44  31  21  16  11  37  31  19  26  46  29  13  42  30  24   9   2  49  47  24  22   2   8  43  14  16  42   5  16   5  48  29  47  26  15  10   3  43  23  49  26  38  50  19   5  39  28  37  30  12   9  47  16   8
  24  18   1  11  32   8  45  38  28  40  11  11  46  34  36   1   8  31  26  20  32   2  26   1  16  27  47  46  13  39  22  41  34   5  41  23  41  10  41   1  40  32  27  30  28  43  22  35  24  44  40  23   2   1  10  20  35  11  46  25  38  29  46
  20   2  49  16  49  24  31  34  22  21  50  19  27  14  32   2   3  26   3  21  34  50  46   9  41   6  12  47  37  41  12  39  50  29  30  22  39   3  49  44  26  41  45  10  11  49  24  25  16  39  20  47  27  30  49  30  14  11  30  37  20  29
  38  32  31  49  13  39  19  19  32   7  29  12  24  48  24   8  37  16  18  27  45  27  22   5  24  34  21  11  34  44  25  23  13  40  15  34  37  29   3  20  36  16  34  23  33  42  43  30   9  10  17  18  28  43  14  46  19  38  14  13  45
  29  43   2  44   4  14   5  35  13  21  36  28  12  32  19  11  27  13  48  45  30  18  27  13  12  29  30  20  11  13  23  29  22  43  34   6  46   6  17  28  46  37  47  30  17  14  34  31   9   8   7   5   9  37  37  12  29  35   7  25
  10  20  50  50  37  50  38   8  36  32  34   3  15   5  11   2  23  40  29  21   8  46  17  14  39  16  13  32  24  33  18   7  25  41   8  19  15  22  20  48  30  41   4  30  28  43  42  44   5  33   3  45   1  44  35  45  28  35  26
  32  29   5  46  20  19  43  21  17  11   7  11  24  31  30  15  13  29  28  24  29  37   4  25  37   3  10  35  34   8  47  35  12  20   9  23  34  41  25  13  33  43   4  46  49   6  43  18  49  17  49  10  49  40  23  21  33  32
   2  23  11   5  38  47  14  34  37  46  32  48  34  21  44   8  13  19  16  16  14   5  35  18  40  26  16  33   5   1   5  44  47  49  26  31  39  21  33  27   6  11  36  22  48  25  13  41  34  32  44  34   3  24  34  31  21
   2  48  17  26  50  34  23  32  18  16  40  16   8  22  31  44   2  50   9   3  30  16  30  11  28  14   2  11  34  33   1  23  33   4  13   8  43  45  33  49  32  15  39   6  36  19  14  25  38  24  18  15  41  46  21   8
  27  21  16  24  43   1  30   1   3   9  10  48  41  29  26  19  24  25  25  29  18  26  30   6  41  24  47   2  48  13  14  46   1  28  10  31  23  27  35  43  45  38  11   5  40  30   5   3  47  14  22  14  40  40  17
  33  47   5   1   8  38  38  21  17  42  32  14  48  11   5   1  28  39  47  29  35  15   1  21  36  33  50  47   5  40  11  26  18  37  34  48  39  37  50  43   1  39  44  15  19  18   3   1  39  25  27  49  23   9
  10  20   6  38  25  15  41  37  10   5  42  14  30   6  50  26   1  21  34  18  29  24  46  49  15  25  48  28  21   3   8  12  16  48  10  21  39   8  36  26  11  24  23  50  25  22   1   3  29  35  23  10  31
  48  11   2  16  21  23  33   2  17  10   7   7  24  21  46  39  16  40  50   6  16  21  42  15  28  13  12  41  35   2  25  48  24   6  48   8  29   4  17  10   8  21  22  15  15  15   2  10  28  15  11  49
  47  37  17  31   3  23  17  30  46  36   4   9  44  50  40   8   9  22  25  38  22  18  27   8  15  32   1   9   2   4  12  10  35  34  20   7  30  50   7  21  44  29  17  25  44   3  34  21  16   3  27
  18   7  17  31  17   7  36   5  48  29  14  42  31  50  36  30  17  28  24  17   6   7  39  27  29   7  12   3  41  27  40  40   2  26  38  29  47  26  39   6  18  17  24   3   8   6  10   6  28  33
  34  34  11  50  48  37   8  20  42  10  30  39   4   6   5  34  49   1  36  19  34  10  48   6   1  49  28  41  15   2   4  12   1  31   2  30  45  16  18  36  15  32  39  42  33  12  44  50  17
  40  21  42  32  50  10  21  20  48  26  50  21  15  28  41  36  49  45   7  33  12   7  20   8  21  33  17  30  10  15  19  28  50  41  27  16   6  49  26  21  31  16  45  35   5  27  21  40
  37  34  13  28   1  39  16  30  46  47  24  20   2  46  43  50  20  29  12  27  39  18  47   1  30  21  30  13   6  16   8   7  44  17  23   5  34  46  22  49  24   6  20  32  35  25  33
  43  26   8  30  30  27   4  25  37   6  22  27  15  45  35  45  16  37  39  18  37  26  19   4  10  21   9   9  50  27  45  49   9  11  42  11   8  29  11  41  38  27   9   7  21  34
  50   8  34  45   7  22  43  25  42  34  17  26  33  42  12  37  11  30  43  11  43  22  24   9   8  29   5  18  20  23  45  36  21   1   9  41  22  23  37  26  12   3  21  43  31
   9  50  34  47  25  24  17   3   1  35  18  48   7  45  30  10  24   4  46  21  13  11  33  37  29  32   1  30  41  32  31  26   6  43  38  32  42  25  22  23  33  47  32  23
  28  26  30  30  31  36  40  29  32  37  11  12  33  16   6  46  45  35   5  35  35  31   5  16  12  14   7  23  27  32  34  45  37  33   9  12  35  27  23  18  11  40  47
   7  42   2  23  50  49  39   6  44  49  27  26   6  29  35   8  21  50  28  21  48  46  20  26  24  45  12  49  17  14   9  46   1  15  16  43  14  13   2  31  34  42
  24  39   1  46  37  17  25  22  14   2  32   8  48  15   3  18  14  24  33  26  23  26  47  39   7   7  33  26  42  43  44  43  16  19  17  41  50  45  14  24   5
  39  44  33  43  22  25  23  43  39  36  35   6  40  38  15  12   9   7  23  23  44  38  30  23  50   3  11  24  17  14  49  35  20  15  41  30   9  15  24   2
  28  15  25  34  30  16  11  24   3  48  26  20   1  21   1   7  27  19   1  49  18  49  37   5  37  43  23  50  11  44  38  23  14   8  36  31   3  46  22
  33   1  39  32   6  22  35  18  36  14  32  46  41   8  16  42  28  44  22  24  46   6  33   3  48  20  31  33  29   2  21  18  48  22  10   7  43  33
  20   5  18  22  14  46  39  47  11  48   2   6  13  14  42  20  34  37  36  35   6   7  26  43   6  48  43  49  39  48  30  12  15   2  46  32   6
  40  41  35   5  10  30  48  19  25  49  32  12  12   1  36  44  35  20  31   1  42   3  35  49  47   4  17  36   7   2  46  35  39  41  35  34
  25  28  43  38  44  36  17  10  37  49  36  31  17  21  33   1  50  44  16  17  41  21  28  48  18  27  49  28  27  40  11  12  41  29  31
  16  23  34  33  34   4  28  12  30  20  28  49  48  30  39  19  44  18  43  45   6  42  33  33  38   1  12  32  29  20   2  17  38   8
  34   5  27  29  18  48   3  34  28  27  29  30  34  19  38  33  39  20  10  16   6   1  19  44  30   2  22  16  20  45  12  23  31
  13  45  38   3  29  35  10  44  18  27  38  25  39  29   1  13   1  22  26  39   5  39  16  10  25  24   4  34  31  45  33   9
   9  40   4  32  20   1  34  27  43  28  15   9  39   2  48   8  30  21   7  44  25  21  16  11  24  50  26  25  43  43  44
  13  47  28  14  35  16   7  22  20  39  33  23  20   3  27  20  18   6  22  23  49  29  36  41   5   4  29  49   4  25
   2   5  16  30  13   9  24  40  11  35  34  14  49  10  21   3  17  20  48  50  18  38  36  25  34  12  41   2   9
  49  22  49  21  46  26  11  28  45  49  26  18  33  43   5  36  50  31   3  35   8  23  45  31   1   8  42  17
  11   1  17   2  48  37  25   9  48  45  43   8  22  17  46  45  49   6  37  21  45  23  28  45  40  26  23
  26  33  33  20  45  27  34   5  17   4  23  20  42  22  15  38  30  26  43  23  27  26  24   2  48  21
  49  35  27   3   4  28  43   2  13  35  20  14  47  33  10  19   4  29   1  41  16  33   9  27  11
  19  27   3  12  46  29  42  41  15  49  10  11  50   4  18  29   9   3  25  45  47  21   6  25
  46   5   5   2  15  39  12  11  19   9   4  13   3  30   7  46  15  44  41   9  30  15  21
  13  35   1  43  40  37  11  28  11   5   3  35   1  28  11  38  17  48  17  17  28  17
   5  43   3  33  45  25  33  17  14  45  18  21  12  12  42  48  27  43  47  30  33
  16  39   6  39  45   9  45  18   8  41  27  42  36  31   1  47  15  12   2  46
  43  15  35  19  24  29   3  45  25  48   8  31  34   9  25   2  47  25  48
  36   4  18  45   2  24  19  49  17  33  36  31   1  42  18   6  27  11
  49  31  36   9   1  35  45  23  39  22   7  34   4  46  46   8  20
  26  11  23  33  12  32  23  44  31  10  30  16  13  31   6   6
   1  48  36  11  17  39  12  34  47   8  17  17   6  43  21
  38  41  21  49  19  29  29  22  30  42  26  39   4  37
  21  43  18   5  17   2  28  16  17  26  47  11  36
  37  43  50   6   8  34  28   7  31  15  16  21
   7  21  33  35  11  13  19  27   3  42  50
   2  46  27  43  23  45   8  40  13  45
  27   6  12  27  26  34   1  43  33
  15  37   5  49  40  17  31  50
  16  45  13  45  35  20   3
  41  21  19  23  45  37
  32  11   4  41  33
  13  45   3  19
  35  38  14
  25  17
  18

 701
  12  21   1  19   9  10   2   2  11  15  18  16  22  21  17  23   5   9   9  12  23  15   3   8   8  17  14  19   2  11  23   9   9  22   1  20   9   2  16  19  17  15  14  25   1  10  23   4  14  20  25  22  25  20  17  19  11   7  23  25  20   9   1  21   1  11   3   8   8  20

