  70 
   0  38   0  38   0  30   4   0   0   0   0  28   0   0   0   0  22   0   0   0   0   0   0   0   0   0   9   0   0  35   0   0   0   0  24   0   0   0   0   0   0   0   0  15   0   0   0   0   0   0   0   0   0   0   0  37   0  46   0   0   0   7   0   0   0   0   2   0   0  44
   0  28   0   0   0   8   0   8  13   0  24   0   0   0   0   0   0   0   0   0   0   0   0   0   0   0   0  10   0   0   0   0   0   0   0  39   0   0   0   0   0  15   0   0  45   0   0   0   0   0   0   0  24   0   0   0   0   0   0   0   0   0   0   0   0  20   0   0   0
   0   0  45   0   0   0   0   0   0   0  25   0   0  35   0   0  22   0   0   0   0  37  35   0   0   0   0   0  15  23   0   0   0   0  30   0   0   0  42   0   0   0   0   0  39   0  13   0   0   0   0   0  24  41   0   0   0   0   0   0   0  33   0   0   0   0  26   0
   0   0   0   0   0   0   0   0   0   0   0   0   0   0   0  23   0  43   0   0   0   0  29   0  39   0   0   0   0   0   0   0  18   0  31   0   0   0   0   0   0   0   0   0   0  49   0   0   0   0  29  40  49   0  24   0   0  16   0   0   0   0   0   0   0   0   0
   0   0   0   0   0   0   0  12   0  42   0   0   0   5   0   0   0   0  32   0   0   0   0   0   0   0   0  20   0   0   0   0   0   0   8   0  16   0   0  16  30   0   0   0   9   0  46   0   0   0   0   0   0  48  42   0   0  23   0   0   0   0   0   0  12   0
  15  50  49   0  32   0   0   0   7   0  32   0   0   0   0   0  35  14   0  27   0   0   0  32   0   0   0   0   0  16   0  17  22   0   0  46   0   0   0   0   0   0   0   0   0  32   0   0   4   0   0   0   0   0   0   0   0   0   0   0   0   0  12   0   0
   0   0   0  29   0   3   0   0   0   0   0   0   0   0   0   0   0   0   0  20   0  39   0  15   0   0   0   0   0   0   0   0  43   0   9  13   0   0   0  30   1   0   0   0   0   0  35   0   0   0  10   0   0  39   0   0   0   0  32   0   0   0   0   0
   0  46  46   0  27  27   0  43   0   2  17   0   0   0   0   0   0   0   0   0   0   0   0   0  47   0  43   0   0   0   0   0   0   0  45  35   0   0  19   0   0   0   0   0  40  48   0  43   0   0   9   0   0  17   0   0   0   0   3   0   0   0   0
   0   0   0   0   0   0   0  16   0   0   0   0   0  31   0  16   0   0   0  50   0   0   0  48   0   0   0   0   0   0   0   0   0   0   0   0   0   0   0   0   0   0  18   0   0   0   0   0   0  37   0  45   0   0   0   0   0  23   0   1  22   0
   0   0   0   6   0   0  49   0   0  25   0  49   0   0  15   0   0  17   0  34   0  20   0   0   0   0  12  25   0   0   0   0   0   0   0   0   0  41   0   0   0   0   0   0   0   0  46   0   0   0   0  11   0   0   0   0  26   0   0   0   0
   0  21  18   0   0   0   0  37   0   0   0   0   0  46   0   0   0   0   0   0  30   0  22   0   0   0   0  22  26   0  24   0   0   0   0   0   0   0   0   0   0  38  36   0   0   0   0   0  13   0   0   2   0   0   0   9   0   0   0   0
   0   0   0   1   0   0  19  32   0   0  40   0  15   9   0  43   0  42   0   0   0   0   0   0   0   0   0  20   0  24   0   0   0   0   0   0   0   0   0   0   0   0   0   0   0  37   0   0   0   0   1   0   0   0   0   0   0   0  25
  44   0   0   0  31   0  15  20   0  10   0   0  50  41   0   0   0   0   0   0   0   0   0  19   0   1   0  44   0   0   0   0   0   0   0  46  26  50  14   0  35  43   0  29   0   0  17   0   0   0   0   0   0   0  28   0  11   0
  33   0   0   0   0  39   0   0   5   0   0   0   0   0   0   0   0   0   0   0   0   0   0   0  30  27   0   0   0   0   1   0   0   0   0   0  48   0   0   0  10  32   0   0   0  11   0   0   0   0  44   0  47   0   0  12   0
   0   0  34   0   0   0   9   0   0  46   0   0   0   0   0   0  48   0   0  34   0  46   0   2   0   0   0   0   0   0   4   5   0   0   0  39   0  49   0   0   0   0   0   0   0   0   0   0   9   0   0   0   0   0   0  27
   0  18   0  19   0   0   0  24   0  15   0   0   0   0   0   0   0   0   0   0   0   0   0   0   0  12   0  33   0   0   0   0   0   0  49   0   0   0   0   0   0   0  28  41   0   0  44   0   0   0  12   0   0  25   0
  45   0   0   0   0   0  22   0   0  21   0   0   0   0   0   0   0   0   0   0  18  30  19   0   0   0   0  39   0   0   0   1   0   0   0  30   0   0  48   0  39  49   0   0  45   0  45  15   0   0   0   7  42   0
   0   0   0   0   0   0  38   0   0   0   0   0   0   0  39   4   0  30   0  33   0  13   0   0   0   6  24   0  29   0  39   0   8   0   0   0  27  40   0   0  36  43   0   0   0   0   0   0   0  17   0   0   0
  44   0   0  39   0   0   0   0   0   0   2  30   0   0   0   0   0  25   0   0  31   0   0   0   0  19   0   8   0   0  46   0   0   0   0   0   0  29   0   0   0  20   0  17  32  20   0   0   0  23   0   0
   0   0   0   0   0  11  33   0   0   0   0   0   0   0   0   0   0   0   0   0   0   0   0   0  47   0   0   0   0   0   2   0   0   0  41   4   0   1   0   0   0   0   0  26   0   0   0   0   0   0   0
   0   0   0   0   0  37   2   0   0   0   0   7   1   0   0   0   0   0   0  33   2   0  49   0   0   0   0   0   0   0  31   0  26   0   0   0   0   0   0  40   0  32   0   0   0   0   0   0  14   0
   0   0  22   0  25  28   0   0   0   0   0   0  23   0   0  25   0   0   0   0   0   0   1  28   0   0   0   0   0  14   0   0   0   0   0   0   0   0  32   0   0   0   4   0  18   0   0   0   0
   0   0   0   0   0   0   0  17   8   2  16   9   0   0   0  37  28   0  39   0   0   0   0  16   0   0   0   0   1   0   0  37   0   0  25   0  30   0   0   4   0  29   0   0   0   0  14   0
   0   0  29   0   0   0   0  39   0   0   0  34   0  28   8   0   0   0   0   0  48   0   0   0   0   0   0   0   0   0   0   0   0   0  32  24  24  33   0   0  27   3   0   0   0   0   0
  47  48  27   3   0   0   0   0   0   0   0   0   0  31   0   6   0   0   0  28   0   0  30   0   0   0   0   0   0   0   0   0   0   0  31   0  11  44   0   0   2   0  29   0   0  10
   0  14  22   0   0   0   0   0  20  11   0   3   0   0   0   0  44  12   0   0  47   0   0   0   0   8   0   0  29   0   0   0  50  29   0   0  49   0   0   0   0  35   0  44  31
   0   0   0   0   0  49   0   0   0   0   0   0  40   0  43   0   0   0   0   0   0   0   0   0   0   0   4  26   0   0   0  16  43   0   0   0   0   0   0   0   0  36  47  45
  35  26   0   0   0   0  49   0   0  31  36   0   0   0   0   0   0  21   0  15   0   0   0   0  45   0   0   0   0   0  34   0   0   0  11   0   0  20   0   0   0   0   0
   0   0   0   0   0   0   0   0  47   0   9   0  46  33   0   0   0   7   0   7   0   0   0  26   0   0   0   0   4   0   0  21  44   0   0   0   0   0  43   6   0   0
   0   0   0   0  49   0   0  17   0   0   0   0   0   2  42   5   0   0   0   0  26   0   0   0   8   0   0   0  45   0   0   0   0   0  20   0  18  50   0  16   0
   0   0   0   0   0   0   0   0  30   7  40   0   0   0   0   0   0  49   0  22   0   0   0   0   0  49   0   0  50   4   0   0   0  11   0   0   0   0   1  34
  34   0   0  14  23   0   0  17   0  12   0   0   0   0   0   0   0   0   0   0   0   0  26   0   0  20   0   0   0  50   0   0   0   0   0   0  48  28   0
   0   0   0   0  17   0   0   0   0  29   0   0   0   0   0   8   0   0   0   0   0   0   0   0   0   0   6   0  29   0   0   0   0   0   0   0   0  44
   0   0   0   0   0   0   5   3   0   0   0   0   0   0   0   0   0   0   0   0   0  41  12   0  45   0   7   0   0   0   0   0   0   0  11   0   0
  41   0  15   0   0   2   0  48   1   0   0  31   0   0   0  27   0   0   0   0   0   0   0   0   0  18   0   0   0   0   0   0  50   7   0  47
   0  46  32  33   0   0   0   0   0   0   0   0   0   0  43   0   0   0   0   0   0   5   0  25   0   0  38   0   3  21   9   0   0  12   0
   0  35   0   0   0   0   0   6   0  27   0  39   0   0   2   0   0   0   0   0   0   0   0   0  29  32   0  17  16   0   0   0   0   0
   0   0   0  27   0   0   0  43   0   0   0   0   0   0   0   0   0   0  49   0   0   0   0   0   0   0   0   0   0   0   0   0   0
   0   0   0   0   0   0   0   0   0   0   0   0   0   0   0   0   0   0   0   0   0   5   0  28  43  45   0  38   0   0   0   0
   0   0   0   0   0   0   0   0   0   0   3   1   0   0  19   0   0   0   0  24   0  25  24  10   0   0  46  22   0   0   0
   0   0   0  35   0   0   0   2   0   0   0   0   0  19   0  33   0   0   0   0   0   0   0  45   0   0  18   0   0   0
   0  31   0   0   1  12  35  16   0   0  38   0   0   0   0   0   0   0   0   0   0  38   0  37   0   0   0   0   0
   0   0   0   0   0   0   0   0  29   0  38   0   0   0   0   0   0   0   0  17   0  45   8   0  47  15   0   0
   0   0   0   0   0   0  41   0   0   0  47   0   5   0   5   0  20   0   0   0  22   0   0  50   0   0   0
   0   0  27  29   0   0   0  35   0   0   0   0   0   0   0   0   0  10  32  10   1   0   0   0  23   0
   0   0  25   0  35   6   0   0   0   0   0   0   0   0  45   0   0   0   0  44  11   0  47   0  34
   0   0   0   0   0   0   0   0  43   0  29   0   0   0   0   0   0   0   0   0   0   0   0   0
  37   0  19  37   0   0   0  49   0  31   0   0   0   0   0  27   0   0   0   0  39  23   0
   0   0   0   0  40  11   0  47   0   0  45   0   0   0   0   0   0   0  32   0   0   0
   0   0   0   0  15  38   0   0   0  43  30   0   0   0   0   0   0   0  40   0   0
  20   0   0   0   7   0  15   0  18   0   0   0  19   0   1   0   0   0   0   0
   0   0   0   0   0   0   0   0   0   0  42   0   0   0  44   0   0   0   0
   0   0   0   0   0   0   0   0   0   0   0   0   0   0  50   0   0  17
   0   0  33  45   0   0   0   0   0  12   0   0   0   0   0  42   0
   0  20   0   0   0   0   0  18   0   0   0  39   0   0   0   0
   0  43  33   0   0   0   0   0   0   0   0   0   0   0   0
   0  36   0   0   0   0   0   0   0   9   0   0   3   0
  11   0   0   0   0  22   0   0  39   0   0  48   0
   0   0   0  28   0   0   0   0   0   0   0   0
  39   0   0   7   0   0  12   0   0   0  21
   0   0  10   0   0  31   0   0  35  10
   0   0   0   0  23   4   0   0   0
   0  10  42   0   0   0   0   0
   0   0   0   0   0  23   0
   0   0  28   2   0  43
  32   0   0   0   9
   0   0   0  17
  38   0   0
  15   0
   0

 637
  11  20  11  18  24  12   6   5  22   6   3   2  25  16  10   7  16  24   1  16  22   8   5  15   7  25  16   9  21  15  18   4  15  23  22  15   7   4  15  22   2   2  25   3   2  10  13   5  25   7  17  22  18   8  10   9   1   6   5   7  12  25   6  23   5   9  10   2  14   4

