  70 
   0   0  37   0   0   0   0   0   6   0   0   0   0   0   0   0   0   0   0   0   0   0   0   0   0  25   0   0   0   0   0   0  46   0   0   0   0   0   0   0   0   0   0   0   0   0   0   0   0  12   0   0   0   0   0   0   0   0   0  32  47   0   0  38   0   0   0   0   0   0
  48   0   0   0   0   0  43  13  40   0   0   0   0   0  39   0   7   0   0   0   0   0   0   0   0   0   0   0   0   0  17   0   0  25   0   0   0   0   0  36   0  45   0   0   0   0  32  18  30   0   0   0   0  22   7   0   0   0   0   0   0   0   1  50   0  45   0  28   0
  22  11   0   0   0   8  11   0   0   0   0   0   0   0   0  12   0   0   0   0   0   0  43   0   0   9   0  20   0   0   0   0   0   0   0  42   0   0   0   0   0   0   0   0   0   0  11   0   0   0  10  14   0   0  39   0   0   0   0  35   0   0   8   0  41   0  43   0
   0   0  40   0   0   0   0   0   0   0   0   0   0   0   0   0   0   0  29   0   0   0   0   0   0  26   0  27   0   0   0   0   0   0   0   2  20   0   0   0   0   0  41   0   0   0  30   0   0   0  47   0   8   0   0  48  35   0   0   0   0   0   0  35  24  21   0
   0   0   0   0   0   6   0   0  16  29   0   0  32   0   0   0   0   0  41   0   0  45   0  27   0   0   0  48  37   0   0   0  12   0   0   0   0   0   0   0  35   0   0   0   0   0  29   0   0   4   0   0   0   0   0  36   0  23   0   0   0  34  11  35   0   0
  32   0   0   0  48   0   0   0   0   0  17   0  17   1   0   0   0   1   0  33  21   0  11   5  17   0   0   0   0   0   0   0  12   0   5  40   0   0  36   0   0   0  24  14   0   0   0   0   0   0   0   0   0   0   0   0   0  23   0  18   0   0   0   0   0
   0   0   0   0   0  39   0   0   0   0   0   0   0   0   0   0   0  11   0   0   0   0  26  20  43   0  44   0   0   0   0   0   0   0   0   0  35  15  10   0  37   0   0   0  13  39   0   0   0   0   0   0  48   0  16   0   0   0   0   0  25   0   0   5
  28  25   0   0   0   0   0   0   0   0   0  49   0   0   0   0  19   0  26   0   0  43  16   0   0   0   0   0   0   0   0   0   0   0   0   0   0   0   0   0   0   0   0   0   0  44  50   0  42  24   0   6   0   0   0   0   0   0  34   0   0  24   0
   0   0   0   0   0   0   0   0   0   0   0  47   0   0   0   0   0   0   0   0   0  16  17   0   0   0   0   3   0   0   0   0   0   0  13   0   0   0   0   7   0   0   0   0   0  44   0   0   5   0   0   0   0   0   0  47   0  40   0   0   0   3
   0   0  32   0  36   0  46   0   0   0   0   0   0  49   0   8   0   0  42   0   0   0   0   9  41   0   0   0  48  19  38   0   0   7   0  11   0   0   0   0  23   0  20   0   0   0   0   0   0   0   8  36   0   0   0   0   0   0   0  15  50
   0   0   0   0  18   0   0   0   0   0  13   0   0   0   0   0  35  11   0   0   0   0   0   0   0   0  22   0  12   0   0   0   0   0   0   0   0  11   0   0   0   0  48   0   0  18   0   0   0  10   0   0   0   0   0   0   0   0   7   0
  46   0   0  26   0   9  32  35   0   0  29   0  28   0   0   0   0   0   0   0   0   0  36   0   0   0   0   0   0  36   0  20   0   0   0   0   0   0   9   0  19   0   0   0   0   0  44   0   0   0   0   0   0  33   0   0   0  24   2
   0   0  43   0   0  25   0   0   0   0   0  39   0   0   0   0   0   0   0   0   0  48  26   0   0   0   0   0  45  23   0   0   0   0   0   1   0  32   0  21   0   0   0  12   0   0   0   0   0  50   0   0  11   0   0  34   0   0
   0   0   0   0   0   0  32  12   0   0   0  28   0   0   0   0   0  22   0   6   0   0  11   0  17  33   0   0   0   0   0   0  12   0   0   0   0  38   0   0   0  32   0   0   0   7   0  35   0   0  43   0   0   0   0   0   0
   0   0  12   0   0  14   0   0   0  11  22   0   0   0   0  11   0   0   0   0   0   0   0   0   0  21   8   0   0  35   1   0   0   0   0  32   0   0   0   0   0   0   0  46  48   0   0   0   0   0   0   4   0  45   0   0
   0  10  39   0   0   0   0   0  42   0   0  25   0   0   7   0   8   0   0   0   0  14   0  11   0   0   0   0   0  30   0   0   0   0   0   0   0   0   0   0   0   0   3   0   0   0  25   0   0   0   0   0   0   0   0
   0  27  45   0  33   0  43   0   0   0   2   0  33  43   0   0  16  13   0   0   0   0   0   0   0   0   0   0   0   0   0   0  17  41   0  40  44   0   0   0   0   0   0  42   0   0  16  11   0  32   0   0   0   0
   0   0   0   0   0   0   0   0  38   0   0   0   0  38   0   0   0   0   0   0   0   0   0   0  12   0   0   0  44  24   0   0   0   0   0   0   0   0   0  32  28  32   0   0  31   0   0   0   0   0   0   0   0
   0   0  38   0   0  21  10  49   0   0   0   0  20   0   0   0   3  36   0   0   0   0   0   0   0   0   0   0   0   0   0   0   0   0   0   0  13   0   0   0   0   0   0   0  36   0  49   0   0   0   0  32
   0   0   0   0  18  47   0   0   0  36  14   0  25   0   0   0   0  17   0   0   0   0  10   0   0   0   0   0   0   0   0   0   0   0   0   0   0   0   0   0   0   0   0   0   0   0   0   0   0   0   0
   0   0   0   0   0   9  41   0   0   0   0  23   0   0   0   0   0   0   0  38   0   4   0   0   0  44   0   0   0   0  20   0  35   0  19  13   0  17   0   0  24   0  45  13   0   0   0  28   0   0
   0   0   0  43   0   0   0   0  35   0  46   0   0   0   0   0   0   9  10   0   0   0  48   0   3   0   0  31  22   0   0   3   0   0   0   0   0   0  20  27  49   0   0   0   0  34   0   0   0
   0   0   0   0   0   0   0   0   0  18  49   0   0   0   0   0  30   0   0   0   0   0   0   0   0   0   0   0   0  23   0   0  20   2  23   0   0  17  14   0  32   0   0   0   0  17   0  35
   0   9   0   2   0   0   0   0   0   0   0   0   0   0   0   0   0   0  22   0   0   0   0   0  19   0  41  32   0   7   0   0   0   0  39   0   0   0   0   0  10   0   0   0   0   0   0
   0   0  48  19   0  50   0   0  17   0  47   0   0   0  39  36   0   0  11   0   0   0   0   0   0   0   0   0   0   0   0  24   0   0  26   0   0   0   0  15   0   4   0   1  10  29
  39   0   0   0   0   0   0   0   0   0   0  22   0  20  37   0   0   0   0   0  16   0   0   0   0   0   0   0   0   0   0  26  31   0   0   0   0   0   0   0   0   0   0  49   0
   0  24  36   0   0   0   0   0   0   0   0   0  43  28   0  26   0   0   0   0   0   0  20   0  37   0   0  23   0   7  24  20   0  41  25  13  10   0   0  41  16   0   0   0
   0  22   0   0   0   0  18  23  31   0   0   0   0  21   0   0   4  24   0   0   0   0   0   0   0   0   0  44   0   0  26  45   0   0   0   0   0   0  30   0  24   0   0
   0   0  31   0   0   0   0   0   0   0  19   0   0   0   0   0   0   0   0   0   0   1   6   0   0   0   0  49   7   0   0   0  25   0   0   0   0   0   0   0  14   0
  31  35   0  36   0  29   0   0   0   0   0   0  34  10   0   1   0   0  46   0   0   0   0   0   0  37   0  15   0   0  35   0   0   0   0   0   0   0   0  36  37
   0   0  33   0   0   0   0   0   0   0   0   0  38   0  50   0   0   0   0   0   0   0   0  45  44   0   0   0   0   0   0  13  50   0   0   0  28   0   0   0
   9   0  21   0   0   0  30   0   0   0  20   0   0   0   0   0   0   0   0   0  25   0   0   0   0   0   4  43   1  15   0   0   0   0   4   0   0   0  36
   0   0   0   0   0  40   0   0   0  12   0   0   0   0   0   0   0  13   0   0   0   0  36  12   0   0   0   0   0   0   0  29   0   0   0   0  29   0
   0  26  50   0   0   0   6   0   0   0   0   0   0  27   0   4   0   9   0   0   1   0  42   0   0   2   0   0   0  37   0   0  43   0   0   0   0
  18  11  30   0   0   0   0   0  48   0  46  24   6  21  26   0  30   0   0   0   0   0   0   0  34   0  43   0   0   0   0   0  42  27   0  42
   0   0   0   0   0   0  41  46  46   0   0   0   0  30   4   0  15   0   0   0   7   0   0   0   0   6  16   0   0   0   0   0   0  41   0
   0   0   0  18   0   0   0   0   0  43  48   0   0   0  18   0   0   0   0   0  18   0   0   0   0   0   0   0  13   0   0   0   0   0
   0   0   8   0   6   0   0   0   0  44  30   0   0   0   0   0  38   0   0   0  19  33   0   0   0   0   0   0   0   0  18  32   0
   0   0   0   0   0   0   0  39   0   0   0   0  31   0   0   0   0   0   0   0  29   0   0   0  34   0   0   0   0   0   0   0
   0   0   0   0   0   0   0  35  40   0  12   5   0   0   0  11   0   0  15   0   0   0   0  11   0   0   0   0   0   8   0
   0   0   8   0   0   0   0   0   0  44   0   0   0  36   0   0   0   0   0   0   4   0  35   0   0  14   0   0   0   0
   0   0   0   0  25   0   0   0  28   0   0   0   0  25   0   4   0   0   0   2   0   0  50  25   0   0   0   4   0
   0   0  11   0   0  26  49   0  50   0  43  48  47  29   0  46   0   0   0   0   0  39   0   0   0  36  23   0
  46   0   0   5   0   0   0   0   4   0   0   0   0   0   0  41   0  20   0   0   0  14   6   3   0   0   0
   0   0   0   0   0   0   0   0   0   0   0   0   0   0   0  27   0   0  10   0   0   0   0   0   0   0
   0   0   0   0   0   0   0   0   0  36   0   0   0   0   0   0   0   0  27   0   0  13  21   0   2
   0   0   0  15   0   0   0   0   0   0   0   0   0  49  14   0   0  13  50  21   0   0  38   0
   0   0   0   0   0   0  17   0   0  47  46   0   0   0   0   0  44   0   0   0   0   0   0
   0   0   0   0  42  12   0   0   0   0   0   0  20  36   0   4   0   0   4   0   0  31
   0   0   9  45  25   0  14  49   0   0   3   0   0   0   0   0  48   7   0   0   0
   0   0   0  34   0   0   0  21   0   0  32   0  29  18   0   0   0   0   0  12
   0   0   0   0  49   1   0  44   0   0   0   0   0  44   0   0   0   0   0
   7  39   0   0   0   0   0   0  38   0   0   0   8   0  44   0   0   0
   0   0  49   0   0  21   0   0   0  45   0  42  19   0   0   0  25
  37   0   0   0   0  41  29   0   0   0   0   0  21   0   0   0
   0   0   0  13   0   0   0  20   1  39   0   0   0   0  44
   0   0   0   0   0  38  12   0  27   0   0   0  27  32
   0   0  37   0   0   0   0  42   0   0   0   0   0
   0   0   3  17   0  18   0   0   0  36   9   0
  49  45   3  19   0   0   0   2   0  35   0
   0   0   0   0   0   0   0  36   0   0
   0   0   0   0   0   0   0   0   0
  48   0   0   0   0  46  36   0
   0   0  46   0   0  29   0
   0   0   0   4  12   0
   0   0   0  46   0
  18  36   6   0
   0   0   0
   0   0
   0

 717
   9  14  12  12  13  23  19   1   2  25   7  22  16  13   1  10  13   3  20  12  18  15   1   3  17  17   8   8   2   1   1   2  20   2  21  13  21   2   5  23  15  16   1   6   2   9  22   2   4  10   4  17  25  10   2   4  12  14  25   7  25  24   2  21  18  22  13   5  22  19

