  70 
   0   0  35   6   0   0   0   8  14   0  17   0  14  49   0  14  42   0   0   0  30   0   0  17   0   0   0  26   0  43  20  16  41  15   0   0  23   5   0   0   0  48   0  40  31  46   0   0   0  14   0   6   0   0  44   9  38   0   2  20   0   0  40   0  42  44  36  15  36   0
   0   0   0   0   0  39   0   0  44   0  30   0   0   0   0   0   0  18  31  43   0   0  26   0   0   0   0   0  47   0  13  29  18  23   0   2  14  28   0  26   1   0  10   0  41  12   0  34  25   0   2  46   0  38   0   0   0   0  38   7  21   0   4   0   0  30  35   0   0
  29  31  32   0   0  23   1  19   2  35  10   0   0  32  12   0  36  31   0   0   4   0   4   0   0   0  24   0   0   0  22  33  21   0   0   5   0   7  45   0   0   0  33   0   0   0  41   0   0  43  30  44   0   0   9   0   6   0   0  24   0   0  23   0   0   0  11   0
  15   8  36   0   0  25   5  22   0   0   0  17   0  50  36   0   0  25  10   0  35   0  16  27  10  21   0  50   0  30  48  13   0  49  16  28  12  50  37   0   7   0   9   0   0  11  29   0   0   0   0   0   0   0   8   0  47  46  37   0   0  10   0  47   0  26   0
   0  22   0   0   0   0  16  30   0   0   0   0   0   0  15   6  41   9   0  22   0   0  30   0   0  13   0   0   0   0  37   0   0   0   0  31   0  36   0   7   0  21  29  45  22  26   0   6   0  16  43  47  49  27  19   0   0   0   0   5  29   0   6  19   0  28
  37  28   0  22   0  25  11  30   0   0   0  11  17   0   0  12   0   2  10   5   0   0  25   7  28   0   0   0   0   5   0  45   0  23   0   0   0  44  23  36  35   0   0  49   0  36   0   0   0  25  18   0   0   0   0  24   0   0   0   0   0  30  44  16   8
  39  15  35   0  44   9   0   0   0   9   7  18  32   0  13  41   5  13   0   0   0  18  17   0  20  17   0  20  23   0  22  40   0   0   0  20   0   0   0  38  24   9  10  20   0   0  40  31   0  42  25   0  46  17   0   8  27   0   0  24   0   0  33   0
   0   0   0  14   0   0   0  48  47   0  36   0   0  30   0   3   0   0   7   0   3  34  48   0  29  17   0  44   4   0  50   0   0  17   0   0  25   0   0  16   0   0   8   0  41   0   0   0  20  22  16   0   0  27  27   1   0   0  45   0  27   0  39
  45  42  40   0  28  25  40  32   0  31   0  26   0   0  38  24   0  29   0  46   0   0   0  20  23   0   0   0   0   0   0  17   0  22   3   0   0   0   0   0   0   0   0  34   0  27   0   0   0  49   0   0   1   0  24   0   0  39  10   0  46  43
   0  12   0  14  23  29   0   0  38   0   0  35   0   0  36   0   0   0  30   0  16  50  27   0   0  15   0   5  48  29   0  29   6   0  42  39   0   0   0   0  49  13  19   0   0   0   0   3   0   0  49  24   0   0   0  23   0   0  14   2  32
   5   0  22  50  31  24  26  40  38  37  27   0  32   0   0   0  30  49   0   0   0   0   0   0  22   0  12  46  19   0   0  13   2   0  19  20   0   0  16  40   0  30   9   3   0   0   0  31   0   0   0   0   6   0  50   0   0  41   4   0
   0   0   3   0   0  46  47   0  43  46   0   2   0   0  42  12  50  19   0  37   0   0  39   0   0   0   0   0  36   6  16  43   0  48  12  24  16   0   0   8  20   0   0  37  35   0  28   7   8   0   0  22   9   0  12  34   0  39   0
   3  21   0   0   0   8   0  20   0   0   4  46   0   8   0  38  40  37   9  26  16   0  33  39  30   0   4  45   0   0  20   0   0  22   0  10  29   5   0  12   0   2   0   0   0   0   0   0   0  25  35   0   0   0  29   0  23   7
  33  12   0  46   0   0  20   0   0  16   0   0  17   0  37   0   0   0  15  32   0  45  46  19  46  15  48   0   0   0   1  43   0   0  30   0   0   0   0   0   4  41   0   0  20   6   0  30  44  21  35  25   0  24  40   0  10
  50   0   0  31  39  32  29  11   0   0   2   0  13   0   0   0  17  13   0   0  30   0  40   9  31   0   0   0   0   0   6  44   0  24   3   0  20   0  31   0   0  32   1   0  22   0   0   0  16  30   0   3   0  21  49  29
   0  50   6  44   0  33   0   0   0  34   0   0  33   7   7   0   0  27  36   0   0   0  28  29   9   0   0   0   0   9   0  18  33  24   0   0  24   0   0  20   0   0   0  31   0   0   0  37   0  31   0   0  44   0  16
  39   0  34  19   0  25   0   0   0   0   0  31   0  21  44  28   0   0   1   0  14   0   0   0   0   0  35  17   0   0  24  16   0  29   0   0   0   0   0   0  28   0  29  29   0   0   0   0   0   0  11   0   0   0
  33  39   0   0   0  26  17  24  30   0   0  22  43   0   0  24   0  39  19   0   0  13   0   0   0  37   0   0  15  25  49  10   0  39  17   0  11   0   0  32  33  42   5  40  30  46  49   0   0   0  34   0   0
  35   9   0   0  47   2   8   0  16   0   0   0   0   0   0  12  50  26  47   6  21   8   0   2  29   0   0  27  21  36  16  48  23   0   0  50   0   0   0   0   0  44  48   0   0   4  30   0   0   0  24  36
   0   0   0   0   0   0  21  35   3   0   0   0  18  47   0  23   0  47   0   0   0   0   0  22  46   0   0  39  12  28   0   0   8   3   0   0   7  18  19   0   0   0   0  17  48  37   6  24  28   0   0
   0  28  48   0  23  18   0   0  25   0   0   0   0   0  20   0   0  22   6  34  37   0   0   5   0   4  16   0   0   0   0  38   0  10   1   0   0  25   0   0   0   0  39  41  15   0  23   5   0  21
   0  19  28  48  47   2   0   9  42  39   0  38  32  32   0   0   0   0   0   0   0  34   0  48   0   5   0   0   0   0   0  12   0  12  26  20  24   0  31  22  23   0   0  29   0   3  20  18   0
   0   0  14   0  47   0  36  15  24  46   0   0   0   0   0  43  26  39   0  20   0   0  38  36   0   7   0   0   6   0  44   0   0  27   0   0   4  41  32   0  31  33   0   0  49   0   0   0
  16   0  28   0   0   0   0  30   1   0  42   0  43  37  23  12  44   0   5   0  45   0   0  21  18  35  22   0  36  30  45   0  49   0   0  45  39  42   0   0  48  32  40   0  31   0  12
  31  11   0   0  22   0  30   0  21   0   0   3   0   0   0   0  18  48  25  46   0  18   0   0   0   0  25   0   0   4   2  41  40   0   0   0   0   0   0   0  41   0  22   6   0   0
  36  41   0  50  30   0   0  10   0   8   0  14   0  28   0   8  18   0   0   0   2   0  14  24   0   7   0  27  21   0   0   0   0  36   0  34   0   0   0   5  40  13  42  49   0
  10   0  45   0  20  47   0   0  48   0   0   0   4  29  29   0   0  26   0  40   0  43  47   6   0  36   0  45   7  50  32   0   0  49   0   4   0   0   0  12  40   5   0   0
   0   9   0   0  27  15   0  31   0  17  13   0   2  50   0  34   0  27  10  42   0   0  15  17   2  18   0   0   9   0   0  44  44   0  30  25   0   0  23   0   0   9   0
   0   0   0   7   0   0  45   7   0  35   0   5   4  27   0   0   0   4  13   0   0   0   0   0   4   0   0  14   0   0  10  30   0  15  36   0   0   0  25  28  32  20
  44  27  43  43   0   0   3   0  34   0   0  26  30   0   0   0   1  28   0   0  23   0   0   0   0   0  39  25   0  39   0  38   0   0   0   0  50   0  17   0  33
   0   0  21  29  44  45   0   0   0  27   0   0  15  37   0   0  15  45   0   0   6  34   0  32  28   0  42   0   6  33  50  14  27   0   0   0  29   0   0  45
   0   0  48   0   0   0  22  17  29  15  14   0   0  50   0   0   0   0  21  26   0   7   6   0  24  46   0  35  21   0   0  42   0  50  16  38   0  16  22
  13  38   0   0  12  31   5  33   0   0  47  11   0  25   7   0   0   3  48   0   0  40  32  29  40   0   0   0  49   0  50   0   0   0   0  34   0  24
  37  38  32   0  30  46   0  49   0  33   0   3   0  36  32  28   3   0   0   0   0  23  33   0  50  47   0   8  24   0   9   0   0   6   0   0  40
   0   0   2   9  37  30  45   1   0   0   0   0   0   0   0  16   0   0   0  42  26   0   0  15   0  49   6   0   0   0   0   0  44   0  30   0
  31   0   0  22   0   0   0   0  33  46  43   2   0  46  33   0  12   0  28  11  48  45  33  30   1   0   0   0   0   0   4  42   9   0   0
   0   0  11   1  37   6   0  10  44  13  12   0   0   0   0   4   0   0   0  44  14  24  13  42  16   0   9  25   0   0  35   0  35   0
   0   0   0   0   6   0  39  10   0   0   7   0  18   0  48  29   0  31   0  19  49  15  32   0   0  24  26   0   0  20  13  19   0
  37   0   0  50   0   0  45   0   0  36  45   0   0   0  12   0   0  16   0  44   0   0  26  46  26  17   0   0   0   0   0  11
   6   8   0  25  26   0   0  37   0   0   0  39   0  17  10   0   0   0   0   0   0   0  47   0   0   0  43  22   1   0  13
  24   0  29   0   3   0  30   0   0  15  24   0  16  12   0  38   0  18   0  18  29   7  50   0   0  47   0   4  47  47
  23   0   0   0   0   7  33  37   0  45   0   0   0   0  41  13   0  25  43   0   6   0  22  35   0  21   0   0   0
   0  50   0   0   0  23   0  44   0   0  13  41  35   0   0   0   0   3  30  16   0   0   0  37  41   0   0  18
   0  48   0   0   0  38   0   4  29   0   0   0  30   2  22   6  32  12   3   0  29   0  26   0   0  15   0
   0  11  31  48   2  19   5   0   0   0  45   4   8   0   0  45   0  22   0   0   0  17   0   0  44  47
   0  42   0   0  15   0   0  30   0   0   0  45   0   0   0  16   0   0   0  48  16  16  10  43   0
   4   9   0   6   0   8   0   0  41  16  15  15   0   5   0   0  35   0   0   0   0   0   8  29
  17   6  38   0   0   0   0   0   2  16  10  17  16   0   0  18   0   0   0   0   0   0   0
   0   0  39   0  12  10   0   0   0  12   0   0  15  42   0  46   0  18  31  22   0   0
  31   0   0  35   0  27   0   0   0  12  36   0  48   0   0  33   7   5   0  48   0
   0  36   4  21  41  49  25   0  44   0  41  41  29  21  36   0   1  39   0   0
  26   0   0   0   0  37  49  25  46   0   0  26   6   8   0  18  18  34   0
  20   0   2  43   0   9   0   0  43   0   1   0  26  49   6   0  18  47
   0   0   0   0   0   0  29  13  31   0  25   0  32   0   0   6  47
   0  39   0   2  10   2  48   0  14  31   0  14   0  14  35   6
   0   0  37   0   0  26   0  37  48   4  49  33   0  13   7
   0   0   0  29   0   0  20  45   0  20  48  48  39   0
   0   1   8   0   0  49   0   5   0   0   8   0   2
   4   0  41   0   1   3   0   0  32   0   0  32
   0   0   0  12   0  29  10   0   0  39   0
  11  35   0  14   0   0  17   0   6   0
   0   0   0  19  49   0   9   0  13
   0   0   0   0   0   0  20   0
  35   0   4   0  44   0  34
  40  42   0  13  35   8
   0   0   1   0   0
   0   0  15  21
  43  48   0
   7   0
  31

 202
  10   7  18  22   6   8  11  16  18   6   2  11   4  18  23  22  16   9  23  19  25   7   1   9   1  14   4  17   7  24  10  23  21   3  25  24   2   5   3   4  24  22   5  20  14   7   5   1  13   9  15  22  25   9  16   8  20  23  17  16   7   9  15   5  20   8  25   8   5   7

