  70 
   0   0  20  29   0  16   0   0  11   0  13  17   0  35   1  16  12  48  46  32   0   0  38  49   0  45  16   0   0  36  26   1   5  24   0  30   0  25  28   0  39  50   0  41   0  28   0   0   0  10   9   0   5  44  16   0  21  21  27  43   0   0   0   0   0   0  16   0  39   0
  33   0   0   0  22   0   0   4   0   0  48   0  37  23  36   0   0  41   0   0  43   3   0  15  26   9   0  47   0   0   4  18  18  10  35  24   0  28   0  21   5   0  25   0   0   0   0   0   0   0   0  26  13   0   0  12   0   0   0  50   0  33   0  50  19  48   0   0   0
   0   4   0  45   0  36  50  24   0   0  20   0  17   4  40   0   0   0  25  21   4   0   5   0   0   0  33   0   0   0   0   0   0   0   0  22   9   3  29   0   4  42   0  48   0   0   0  43   0   0   0  25  16   0   0  13   0   0   0   2   3   0   0  19   0   0  13  14
   0  23   0  27   0   5   0  34  29   0  22  41  48  41   0   0   6   0   0   0   0  22   0   0  25  26   0   0   0  35   0   0   0   0   3   0   0   0  17   0   5  48   0  15   0  34  30  46   0  20  29  48  50  10   0  41  17   0   0  23  10  45   0  16  31   3   0
  33  43  50  12   0   8  29   0  14  10   1  47  37   0   9   0   0  26   0  41   0   0   0   0  35   0   0   0  25   0   0  17   0   0  19   0  25   0  19   0   0   0   0  49   0   0   0   0   0   0  31  11  16  16   0   0   0   0   7   0   0   0   0   0  13  44
   0   0  14  25   0   0   0  30  35  34   0   5   0  40  25  19   0   0   0   0  44  33   0   0   0  40   0   6   0   0  17   0   0   0   6  46  29   0   0  11  33   0   0  49  28   7   0  50   6  19   0   0  46   0   0  40   0  26   0   0  19   0   0  42   0
  40  42  44  21   7   0  28  34  16  17  20   0   0   3   0  44  18  14  20  48  23  12   3  25   0  44   0   0   4  40  14   0   0  21  43  33  46   0   0  41  31  31  15   0   0  20   0   4   0   6  47  44   4  46  37   7   0   0   0  25   0  31  32   8
  35  49   0  40   0   6   6  17   0  21  11   0  22   0   0  34   0   0   0  47   9  42  12   0   0   0   0  19   0  47   0   8   0   0   0  49  22  10   0   0  47  46   0   0   3   0   0   0  24   9  28  13   0   0   0   0   0   0  37   0  39   0   0
  10  37  11  24   0  28   0   0   2  50  21   6   0   0  45   0  49  21  49  50  19   0   0  26   2   0  10   0  14   0   0  45   0  20  42   0  39   0  10   0  23   0   0  18   0   0   1  32  21   0  11   0   0  11   0  25   0   0   3   0   0  35
   5   0   0  32   0   0  15   0   0   0   0  34   0   0  45  29  43   0   0   0  37  20   0  36   0  29  41   0  33   0   0  16   0  11   0  46  11   5   0  17   0  37   0  28  37  38   0  20  21   0   0   0  33   2   5  38   0   8  35  29   0
  16  44   0   0   0   0   0   0   0  19   0   0  19   0   0  11   0   0   0  50  46  24  22   0  46   0   0  30  50  13   0   0   8   0   0  47   0   3   0   0  44  43   0  14   5  43  27   0  50   0   0   0  33   0   0   0   0   7   0  50
   0   0   0   0   5  12   4  24  40   0   0  40   0   0   0   0   0   0   0   0   7  17  20   0  33  25   7   0   0  47   0   0   0   0   0  38  34   0  22   0  48   0   0   0   0  11   9  28  10  41  27  35   0  23   0  39   0   9   0
   0   0   0   0   0   0   0   0   5  30   3   0  26  21   0  42  46   8   0   0   7   9   0  32   3   8   0   0   0  26  12  33   0  22   0  15   0   0  46   0  50   0   0   0   0  21   0  29  47  35   0   0   0   0   0  37  14   0
  22   0  16   0   0   0  31   2  15   0  39  36  40   0   0   0   0  31   0   9   0  23   9   0   0   8   0   0   0   0   6  50   6  43   0  46   0   0   0  43   0  20  33   6   2   0   0  33  10  33   8  46   8   0  10   0   0
   0   0  50   0  35   0  44  33   0  36   0   0   0  42   0  47   0   0   0   0   9  33   0  19   0   0   0   0  38   0   0  34   1   0   2   0   0   5   0   0   0  40   7   9   0  39  43   0   0   0   0   0  13   0   4   0
   0  49  40   0  32  33   0   0   0   0  39   0  14  28   0  26   0  11   0   4   1  20   0  42   0   0   0   0   4   9  13  20   0  14  36  17  12  23  50  41   0  45   0   4  32   2  40  46  26   0  15  36  13  35   0
   1   7   8   1   0  38   0   0  41  24   5  17   0  49   0  24  39   0  46  32   0   0  30  29   0  40   0   0   0   0   0   0   0   0  45   0  19  32   0  43  42   0  44   0  40   5  18   0   0   0   0   7  24   0
   6  20  43   0  18  44  24  21   0   2   0   0  27   0   0  44   0  37  10   0   9  27   0  14   0   4   5   0   0  16   0   0   0   0   0   0   0   0   0   3   0  44   0   0  29   0   0  16  49  17  22  39  14
   5  22   0   6  33   0   0  45  25  45  49  46   0   0   0   9  28  16  39   0   0   0   0   0  15   0  38  38   0   0  16   0  38  11  14   0  37   0   0   0   0   0   0  33   0   0  42  12  36   9   0  26
   0  29   0  42   0  22  44  41   0   0   0  47   0  24   7   0  13  48  19   0   0   0  15   0  41  28  14  25   0   6   0   0  39   0   0  12  46  45  16   0  25  11  50   7  22  26  17   0  43   0   0
  20  13   0   0  38   0   0   0   0  22   0  21   0  11  17   0  11   0  49  48   0   0  27  21   0  38   0   0  30  11   0   0  26   0   0   0   0  13   0  42  44  50  28   5   0  30   0  25   0   0
   0   0  19   5   0  38   0   0   0   0  10   0   0   0   0  50  40  23  10   2   0   0  39  27   0   0  44  25   0   0   0   0  41  25   0  12  26   0   0   0   0   0   0   0  17   0  36   0   0
   0  12  33  48   4   0   3   0   0  19  22  31  32   3  48  45  39   0  45  19   0  17  47   0   0  22   0  21  50  19  22   0  38  49   0   0  42   0   0   0   0   0   4  38   0   0   0   0
  15   0   0  14   0  26   0   0  14  29   3  36   0   0   0   0   0  39  31   0   0   0   7   0   9   0   0   0   0  44   0   0  45  37  31  15  38   0   0   8   0   0   0  18   0   0   0
  11   0  23   0   0   0   0  16  16  10   0   0   0   0  27   0  26  48   7  26  34   1   9   0   0  15   6   0   0   0  28   0  17  29  33   0  33   5   0   0   0   0   0  15  18  37
  40   0  45   9   0  14  42  38   0  29  18   0   0  18  43   0   0   0  50   0   6   0   0   0   0   0  34   0   1   9   0  27   0   0   0   0   0  24  48   0   0   2   0   0   0
  22   0   0  22   0   0   0   0   0  37  41   0   0   0  47   0  18   7   0  39   0  38  25  31   5   0   0   0   0   0   0   0   0   0  37  10   0   0  12  50   0  20  11   0
   0  10   0   0   0   0  10   8   0   0   0  42  13  39  37  50  46   0  43   9  13   3   0  25   0  34  48  48  41  35  27   0   0   0   7   0  38   0  12   0   0   0  14
   0  41   0   0  31   0   4   0   5   0  46   0   5  20  24   0   0   0  24  11   1  40  45   0  50   0  17   0   0  42   0  32   0   0  44   0   3   4  22   0   0   0
   0   0   0  35  34   0  13   0  19   7   0   0   0   0   0  23   0  19  44   0   0  15   0   0   1  30   0   0  20   0   0   0   0   0   0   0  35   0   8   0   0
   0   0   0  43  25   0   0  38  46  16  30   0  39   0   0   0  34  42   3  38  41   0  20   0   0   0   0  31  32   6   0   0   0   0   0   0  25  41  24   0
   0  24  12  13   0   0  43  24   0  49  49   0   0   0  35  37   0  29  14   2   0  37   0   0   0  11  37   0  23   0   0  37  21   0   9   0   0   0  47
   6   7  45   0  32  26  29   0  38   0  13  16   0  46  17   0   0  45   0   0  24   0   0   0   0  40   0   2   0   0   0   0  50   6  45   8   0   0
  42   0   0   0   0   1   0   0  39  39   0   0   0   1   0   0  29   0   0  28   0  47  19  44   0  43   8  26  35   0   0   2  48   9   0   0   0
   0   0  11  33   0  21   0   0   8   6  10   2   0   0   0  26   0  10  43  20   0   0   0  38   9   2  10   0   0  20   0  11   0  49   0   0
   0   0  10   0   0  16  21   0   0  25  50   0   2  21   2  35  15   0  42   0   0   0   0   0  43   0   0   0  28  47   0  18   0  37   6
  29   1  40  14  24  45  39  22  35   0  50  18  31   0   0  31  36  21  12   0   7   0  46  27   5   0  33   0   7  31   0   0   0  25
   0  50   0   3  28   0   0  10   0   0   2   0   0   0   0  40  41  19  21  35  29  30   0   0  49  45   2  12  34   1  31   0   0
   5   0   9   0   0   0   0  10   0  45   0  50  16   0  39  20   0   0   0  48   0   0  13   0   0  50   2  33   0  44   0   0
   0  44   0   0  15  10   0  45  28   0   4   2  34   0   0  39  37  14   0   0  37   0  43   0   0   5   0  18   0   2  44
   2   0  25  38  26   6  26  35   0   0   0   8   0   0   0   0   0  15   0   0   0   0  38   3   0   0  18   9   0   0
   0   0  23  22   0   0   0   7   0   0  15   0   0   6   0   0   0  34   0   0  23  49  26  47   0   6   6   0   0
  22   0   0  38  40   9   0  31   0  21   0  22  38   6  44  42   0   0  26   0  21   0  22  41  44  47   8  11
   0   0   0   0  33  46  25   0   0  23   0   0  22  40  37  23   0   0   0   0  32  37  32   0   0   0  34
  24   1   0   0   0  34  24  39   0   0   0  37   3   0   0   0  24   0   0  49   0  36  17   3   0   0
   0  15   0  40  28   0  44  45   0   0  22   1  11  26  42  40   0   0   0   0  21  14   0  33  28
  18   0  24  34  41  21  47   0   0   0   0   0   3   0  21   0  18   0   0  50   5  10   0  34
   9   0   0   2   0  19   0  28   0  37   0   0   9   0  46   0   0  47  30  20  15  19   0
   0   0  18   0  35   0   0   0  48   0  48   0   0   0  31   7   0  48  36   2   0   0
   0  23   0  46   0  33   0   0   0   0   0   0   0  26   0   5   0   9   0   0  45
  18   0  27  50   0  33   0   0   0  43  41  28   0  39   0   0   0   1   0   0
   0  31   0   0   0   0  40   6   0   0   0   0  19  48   0   0   0   0   0
   0  46  16  46   0   2  30  37   0   0  26  47   0   3   0   0   0  34
   0  11   0   0   0  26   0  30   0  49  44  34   0  33  18   0  14
  47   0   0   0  38  25   0  38   0   0  32  29   0   0  20   0
   0  19  23   0   9  12  28   0   0  14  27  30   0  35  36
  38   0  11  29   0   0   6   6   0  47   0   0  16  13
  24  49   0   0   1   0  15  13   0   0   0  35  39
   0   0   0   0   0   9   7   4  48  46   0   0
   0   0   0   0   0  12  25   4   0   0   0
  17  48   0  36   0   0  45  32   0   0
   0   0  48  31  28  50   0  32  48
   0   0   0   0   3  25  21   0
  32   0   0   0   0  24  31
   7  29  28   0  37   0
   0   0  24  33  24
   0  43   0   0
   0   0  49
  29  33
  43

 466
   7  13  21   7   6  22   7   8   5  16  15   9  17  11   3  19   8  23  19  15  22  18   8   4   2  25  11  19  18  25  12  18   5   4  21  17   1  10  18   3  23  23   2  13   7  22   1  14  17   1  22  14   7  19   7  12   9  12  11  10   5   1  21  12   3  12  22  22   4  19

