  70 
  22   1  33   9  27  35   0  27  31   0   0  32   0  37   0   0   0   6   0  11   0   0  37   0   0  15  21   0   7   0   0   0   0  20   0  44   0   0   0  14   0   0   8   0   0   0  26   0  36  47  28  33  32   0  47  20   0   1   0  44  11   0   0   0  33  10  16   0  41   3
  12  31   0   0  19   0  22  17   0  47   0   0   0  47  21   0   0   0  16  36   0   0   0   0   0  24   0  47   4   0   0   0  32   1  33   0  25   0   0   5   0   0   0   0  50   0  22  21   0   0  46   4   0  15   0   3  17  42  50   0   0  38   6   0   0  42   0   9   0
  37   8  18   0  22   0   7   0   6   0   0   0  45   0  44   0   0  48   0  31   0   2   1  49  26   0   0   0   0   0  46   0   3   0   0   0   0   0  42  27   0   0   0   0   1  49  45  15  33   0   0   0   0   0   0  26   0   0  40   1  50   0   0   0  45   0  39   0
   0  22  36   0   3   1   0   0  36   0   0   0   0  50  14   1   0   0  11  34  13  23   0   1   0  31   0   0  11  22  45   0   0   0  29   0   0  32   0  10  36   0   0  50  15  47  35  38  33   0   0  26   6  11   0  20   6  35  24  39   0   0  46   0   3  40   0
   0   0   0  21   0  29  43   0   0  42   0  44  29   0  48   0   0   0   2   5   0  16  19  36  32  15  13  49   0  40   0   0   0   0   0   0  20  24   0  35  26   0  41  29   0   4  44  45  47  50  35  30   0   0   0   0   0   0  19  31   0   0  39   4   0   0
  18   2  17  38  49   0   0   0   0  34   0  12   0  29   1  14   0  19   0   5   0   0   4   0   0  40   0  33  24   0   9   0   0  29   0   0   0  16   0   7  25  15   0   0   0  27   0  13   0   0  33   0   0   6  39  37  26  47  19   0  42  17   0  37   3
   0   0   0   0  45   0   0   3   0   0   0   7   0  21  22  43   0  45   0  28   8   0   0  43  48   0  33  46   2   0  50   0   0   8  11   0   0   0   0   9  22   0   0  12  14   0   0  47  14   0   0   0   0   0  15   0  23   0   0  35   0   0   0   8
   0   0  12   0   0   0  18   0  32   0  35   0   0   0   0  20   0  48   0  26   0   0   0   0   0  17  29   0   6   0   0   0   0  10   0  47   0   0   0   0  48   0  30   0  28  37   0   0  36   0   0  46   0  27   0   9   0   0   0   3   1   5  35
   0   0   0  14   0  20  47   0  15   0  33   0   0   0   0   0   0   0  50   0  42   0  44   0   0   0   0   0   0   0   0  28   0   0  17   0   0  26   2   0   0   0   0   0   0   0   0  42   0   0   0  28   0  11   0   0   2  32   0  33  14  25
   0  12   0   0   0   0   2   0  27   4   0   0   0   0   0  26   0   0   0  33  29  37   0   0  43   3  14  44   0   0   0  19   9   5   0  33  28   2   0   0  20  10  11  33   0   0   0  22   0   9   0   0  26   0   0  30   0  30  12  35  30
  27  37  41   0  38   0  25  39  10  26  17   0  38   0   0  40   0  43   0   0   0   0  39  50   0   5   8   0  16   0  25   2   8  42  45   0   0   9   0  12  17   5  36  48  16   0   0   0   0  15   0  10   0  40  47   0   7   0  35  10
  21  39   0  45   0  48   0  31  37  30   3  26   0  37   0   0  17   0   0   0  39   7  36  17   0   0  12   0   0  22   0  10   0   0   7  44   6  31  11  40  33   0   6   0   0  11   8   0   2   0  33   8  10   0  31  49  50   9   0
   0   0   0  48  19  11   0   0   0   0   0   0  37  13  19   3   0  26   0   0  30  12   0  27   0   0  42   6  45   0   0   0  50  27  13   6   0   0  47   0   0  27   0   5  18  10   0  16   0   3  11  10   0   0   0   0   0  20
   0   0  41  21  26   0   0   8  40   0  30   0  31   0  42  37  33  26   0   0   0   0  18  27   0   6   0  19   0   0   0  16   0   0  22  18   0  27  32  42  35  40  32   5  11   0   0   0   0  50   0  29   0  13   0   8   4
   0   0   0   0   4  25   9  18   0   0   0   0   0   0  23   5  39   4  37  11  23  42   5   0  30   0   0  44  30   0  48   0   0  39   0  36  22   0  38   0   0   0  31  50   0   0  20  44   4   0   0   0   0   6  25   0
   0  17   0   0  31  14  32  16   9   0  43   0  39  29  15   0   0   0  33  26  16  48   0   0   0   0   0  12  46  21  18  30   0   0  25   0   0  24   0  34  37  41   0   5   0   0  46   0  50  24  36   6  41   0   0
   0  17  44   0  43   8   0  47   0   1   0   0  12  26  23   0  38  49  16  28   0  23   4   0  35   0  32  48   0   0  13   8  20   0   0   0   8   0   0   0   0  33   0   6  11  39   0   0   0  20   2   0   0  30
   0  13   9  14   0   0  27   0   0  14  33   0   0  42  32   0   0   4   0   0   0   0  41   0  50  15   0   0  18  15   0  22   0   6   0   0   5  13  43  37   0   0   0   0   0   0  17  39  21   0  30   0  24
   0   0  48   0   0   0  38  11   0   6   0   2   0  40  40   0  33  22  18   0   0  47   0   0   0   0   0  41  15   1   1   8   0  47  39  30  33   0   0   0   0   0   0   0   0   0  28   8   0  14   0  27
   0   0   1   0   0  43   0   9  14  26   0  37  38   0   8   0   0  30   0   0   0  29  30   0   0  26   0   0   0  18  50   0   0   0   0  43   0   0  33  20   0   0  42   7  18   3   0   0   0   0   9
   5   0   0  46  33  31  22  36   0   0  44   0  43  36   6  16   0   0  42   0   0   4   6  11   0  18   2  11   0   0   4   7  33  27  10   0  16  45   0  17  49   2  43  39   0   0   0   0   0  46
  14  46   0   0   0   0   0   0   0   0  11   0  10  45  23   0   0   1   0  41   0   0   5   0  34   3  36   0   0   0  34  31  20   0   0   0   8  18  18   8   0  36   0   0  42   0   0  47  26
  26   0  19  34   0  27  15   0  12  48  13  14  14   0   0   5   0   0  42   0   0  18  36   0  17  22   0   0  34   4   0   0   0  21   0   0   0   4  42   0   0   2   0   0  40  45  18  43
  40  25   0   0   0   0   0  28   0  10  50   0   0   0  37  30   0   0   0   0  49   0  16  31  47   0   0   1  17   0   0   0   0   0   0   0  10  44  22  43  41   0  14   1   0  19  41
  50   0  30   0  22   0   0   0  37  39  48   0  28   0  29  35  13  37   0   4  20   0   0   0   0   0   0   0   0   0   0   0  20  15   0   0   0  21   0   0  13  19   2  19   0   2
   5  20   0   0   0   0   0   0  36  20   0   0   0  45   0   0  31  42   0  35   0   0   0   0   0   0  31   0  33  19  12  42  42   0   2   1   0   0  20  15  11   0   0   0   0
   9  18   0   0  38   0  45  21   9   4   0   8  29  23  11   0   0   0   0   0   0   7  47   0   0   6   0   0   0  32   9   0   0   0  35   4   5   0  35   0   0   0   0   0
  13   0   0   0  29  29   6   6   0   0  45   0  39   0   0   0   0   2  27  43  23  15   0  48  46  38   6  49  24   8  21   8  17   0  23  13   8  16   0   0   5   0   0
   0  36  38   0  36   0  47  19  18   2   0   0   0   2   0   2  34  49   0   0  17  26   0  38   0   0  48   0   0   0   8   0  23  45  12  39  15  36  37  19   0  49
  47   0   0  46   0   0   0   0   0  50  49   0  31  40   0   0  50  16  10  35   0   0  31  47  21   0   4   0   0   8   0  23  27   9  24  31   0   2   0   0   0
   0   0   4  20  15   0   0   0   0  37  22   5  37  17  38   0   0   0  23  50  38   0   4   0  26   0  44   0  40  32  30   0   0   0   0  43  33   0   0  20
   0   0   0   0  46   0  25   0  21  14   0  39   0  28  35  35   0  26   0   0   0  27   0   0  19   0   0  48   0   0  26  16  14  46   6  23   0  24   0
   0   0  37  42  26   0   0  20   0  33   6  46  38  21   0  21  33  21   0  17  47  37  36  11  27   0  46   0  15  20   0   0   0  50  43   0  43  46
   0   0   0  11   0   0  25  21   0  39  22  32   1  13  44   0  14   0   0  36  24  42  10   0   0  30   0   0  29   0  43   0   2   0  48  17   0
   0   0  28  30   0   0  10  28   0  39  46   0  25   0   0   0   0   0   0   0  12   0   4   1  11   0   0   0  50   0   7   0  34   0  34  31
   4   0  32  37   0  28   0  50  14   0   0  39   0  15   0   0   0   0   0   0   0   0  14  41   0  32  38   4  24  41  31   4  45  30  48
   0  10   0   0   0   0  43   3  24   0  44   0   0   0   0  11  25   0   8   0   0   0  45   0   9   0   0   0   0   0   0  18  39   0
   0  35   1   0   0  12   0  17   0  11  27   0  46   0  17  40   0   0   0   0  49  41  39  49   0  22  41   0  34   0   0  10  14
  50   5   0   0   0   0   0   0  34   0   0   0   0   0  34  45  22   0   0   0   0   0  41  34   0   0   0   0   0   0   0  35
   0  47  29   0  16  45   0  28   0  20   0   0   0   0   0   5  11   0   0  18  18   0  27   0  17   0   1   0   0  39  12
   0   1  48   0   1   0   0   5  25   0  44  25  42  28  42   0  34   0   0  39   0  39   8   0   3  21   0  12   0   0
   0   0  29   0   0   0   0   1   0  18   0  49  40  49  35   0   0   0   8  43   6   6   0   0   0   0  16   0   0
   0   0   8  20   0   0   0  30   0   0   4  40   0   0  23  27   0   8  47   0   0   0   0  29  23  43  17   0
   8  11   0   0   0   0   0   0   0   0   0   0   0   0   0   0  27   0   0  13   0   0  27  11   0   3  19
  12  26   0  21   0   0   0  40  23   7   0   0   0   0   0  42   0  49  17   0  30  45  46   0   7   0
   0   0  31  45   0   2  10  11  21  33  25   0   0   0   0  49  12   0  10  35  50  36   0   0   0
  44   0   0  27   0   0   0  20   0   0   0   0  10  34   0   0   0   7  25   0  46   0  40   7
  38   0   0   0  41  42   0   0  40   0  23   0   0   0  30  45  18   4   3  29   4   0  20
  38  39  15  38   0   1   0  49  38   0   0   0  27   0  34  12  19   0   0   0  24  48
   0  48   0  21  21  10  28   0   0   0   0  48   9   8   0   0   0   0   0   0   0
   0   0   0  26  50   0   0  33   9   0   4   0   0   1   0  13   0  41   0   8
   0   0  19   0   0  23   0  35   0  23   7  22  50   0  46   3   0   0  39
   0   0  45  16  23  13   0   0   0   0   0  32   0  32  38   4   0   0
   0  37  26  45   0  34   0   0   0  18   0  15  48   0   0  17   0
  10   0  40   0   0   0  50   0  37  44   0  15   0  48   0   0
   3   0  26   0   0  25   0   0   0   0  11  42  13   0  14
   0  28  25   6  38  10  28   0  13  37   0  34  29   0
  11  15  10  37   0   0  39   0   0  10   7  27   0
  39   0  12   0  10  13  26   0   0   0   0   0
   0   0   0  48   7  27   0  31  36   9  47
  32   0  15   0   0  22   0  48   0   0
   0   0   0   0  48   0  21   4   0
  19   0   0   0   0  13  27   0
   0   0   0  21   0   0  35
   0   1   0  12   0   0
   1   0   0  21  11
   0  14  22  25
   0  38  34
   0  36
  45

 382
   6  24  18  24   4   6  25  22  17  22  25  14  14   7   5   1  10   3  19  21   3  13  25   8  19   6   4  11   6  20  25  23  19   7  20   2  17  19  12   5   9  12   7  25  16  24  13  12  12  20   3   3   5  23  23  13   5  12  16   7  24  11  10  17   5   5  21   8  17  11

