  70 
  27  30   0  30   0   0   0  40  16  10   0  19   0   0  32  24  28  38   0   2   0   0  18   0   0   0   0   0   0   0   0   4   0   0   0   0   0  42   3  40   6   0   0   0   0  48   0   0  30   9  30  26   0   0  46  11  30  28   0   0  49   0  33  34  16   0   0   0   0   0
  31   0  29   0  32   0   0   0   0   0   0  15   0   0  48   0  24  25  15   1   0  27  46  20  38   4   8  10  33  34   0   0   0   0   0  27   0   0   0  13   5   2   0  20  29   0   0   0   0  37   0  31  24   0   1   0   0  13   3  27  12  44  38   0  26  23  46  15  23
  49   2   0  14  28   0   0  44   0  15   0   0   5   8  14   4   8  21  34  24  49   0   0  23   0   0   0   0   0  26   0   0   0  30  16   0  40   0   0  38  10  34   0  19   0   0   0   0   0  49  35  20   2   0  43   9   0   0   0  45  49   0  30  20   0   3   0   0
   0  37  29   0   0  40   0   0   0   0   0   0  12  23   0  37  36  42  39  39   0   2  13  28   0  38  32   1   0   0  47   7  48   9  46   0  19   4   0  24  49  42   0  15  26   0  19   0  22   0  45   0  40  19   0   8   0  20  22   0   0  11   0   0   0   0  46
  39  36   0  15   0   0  32  48  20   0   0  13   7   0   0   0   0  18   0   0   0  40   0  15   0   0  42   0   2  10   0   9   0  50   0   3  45   0  36   0  21  47  47  37  34   0   0  41   0  43  20   0   0   0  16  23   0   1   0   0  42  33  16  47  23  10
  41   0   0   0   0   0   0  50   3   0   0   0   0  12   0  47   0  38  16   0   0   0   0   0   0  40  41   0   0   0  25   0   4   0   8   0   0  36   0  26  35   7   3  16   0   0  32   0   0   3   0  29   0   0   0  34  36  49  34   6  18   7  30   0  46
  26  44   0   3  41   0  17  36   0  20   0   0   0   0   0   0   0   0  34   8   0   0   8   0  43   3   0   0   9  36  42   3   0   0   4   0   0   0  39   0  42   0  28   0  25   0   0   0   0  49  29   0   0  12   0   0  19   3  48   0   0  16   0  39
   0   0  29  14  41   0   0   9  24  47  45  31   6   0  34   0  42  50  10   2  49   0   6  27  26  30  36   0  11   0  10   0   0   0  12  24   0   0   0   0  18  25  12   0  25  38   0   3   0  10   0   0  27  17   0  43   0   0   0  34  44   0   0
   0  11  32   0  45   0   0  39  23  50   3  41   0   0   0   0   0  42  20  27   0   0  47   0  27   0   0   0   0  41   2   0   0  38  46   0   0  11  22  48   3  36   0   0   0  24   2   6  14  14  29  19  10   0   0   0  15   2  45  44   0   5
  36  42   0   6   0  16   0   0  22   0   0   0  16   0   0  37  10   0  19  35   0   0  35   0   0   0  45   0  32   0  36  40   0   0   9   0  24   0   0   0   0   0   0  12  46   0   0   0   5   0   0   0   0   0   0  45  41  33   2  22  23
   0   0   0   1   0   0   0   0  21  14  38   1  38  17   0  30   0   0   0   7   9  43  35   0  40  42   0   0  34  13   0   0   0  46  32   0  48   0   0   0   6   0   0  26  39   0   0  41   0   0  15   0   0   0  16   0  25  22   0   2
  47   9   0   0   0  50   4  21   0   0   0   0   0   0   1  24  48   0   4   0  35  20  22   4   0  41  44  16   0   0   0   0   0   0   0   0   0   0  43   0   0  46  42   0  12   0   0  25  44  42   0   0  12   7   2  29   0   1  12
   0  23   0  14   0  30   0   0  23   1   6   0   1  13   0   0  26   0  16  37   0   7   0  28  40  33  38  34   0  23   0   0   0  50  46   0   0   5   0   0   0  29   0   0  26  45   0   0   0   0   0  43   0   0  36   0  15   0
   9  12  43  22  47   0   0   0   0   0   0   0  35   0   0   0   0  24   0  25   9   0  18   0   0   7   0   0  20   0   0  32   0   0  45  13   0   8   0  25   4  10   0   1   0  16   0   0   0   0   0   0   0   0   0   0   0
   0   6  18  12   0   0   9   0  41   0   0   0  24  37   0   3   0  26   0  18  38  32  23   0   0   0   0  49   0   0   6   4  23  12  35   0   2   0  50  34  13   0  23   0  11   0  33  47   0  33   0   6   0   0   0   0
   0  39   0  14  19   5  29   0  36   0  22   0  18   0   0   0   5   0   0  30  42   0  14   0   0   0   5   2  33  40  12  23  48  50   1   0   0  43  28   8   0  37  42  36   0   0   0   9  42   0   0   0   0   0  26
   0   0  22   0   0   0  22  20  31   0  24   0   0  25   5  40  40  26   0   0   0  35  29   2   7   0  47   0   0  44   0  30   4  11   0  50  14   0  33   0  35  11   8   0  36   0   0  45  29  18  10   8   0  45
   0   0   0   0  44   0  15  25  33  41  37  11   4   0   0  41   0  38  26   5  33   0   0   7   0  46  38  41   0   0   0  24   0   0   0   0  33  22  21   0   0   0  19   0   8   0   5  30   0  34  48  27  46
   0  38  16   0  49  12   0   0  10   0   0   0  41   0   2  24  12  12   1   0   0  21  45   0  49   0   0  12   0   4  12   0   0  21   4   0   0   4   0  33  40  12   0   0  43   0   0  39   0   0   0  45
   4  31  22   0   5   0  34   0  21  21  38   0  29  34  25   0   8   0  44   0   0   0   0  11   0  33  19   0   0  47   0   0   0  16   0   0   0   0   0   4   0  12   0   8   0  23   1   0  39  16  41
  18   0  50   0   0   0   0  29  15   0  28  35   0   0  45  30   0   0   0   0   0   0  37   0   0  17   0  42   6   0   4  40  42   0  31   0  17   9  35   0  12  26  37  32  19  36   0  34   0  27
  35   0  44   0   0   0  13  26   0   0   0  14   1   0   0   0  32   0  29  38   0   0   0  45   3   8   0   0  21   0   0   6   0  40   0   0   0   0   0  22   4  14   0   0   0   0  36  34   0
   1   0   4  44  25   0  36   0   0  34   0  14   0  22   0  18  47  17  22   0  23   0   0   0  19   0  26  19   0   0   1   5  24   2   0   0   0   0  50  45  26   6  11  22   0   0  10   0
  12  25   0   0  19  20   0  34  21  35   5   0  19  22   0   0   0   0   0   0   0  41  31   0   0  26   0  32   0   9   0  48   0   0   0  25  16   0   0  27  29  18  39   0   0  47  37
   0  23  13  28   7  30   4   0   0   0  16   0   0   0   0   0   0   0  42   0  44  25   0  20  26  37  35   0   0   1   0   0  28   5  13   0   0   0  27   0   7  41   0  43  46   0
   4  40   0  43   0  14   8   7  11  29   0   0   1  39   0  44   0  23   2  48  46   0   0   2   0   0   0   0   0   0   0   0   7   9   0  31  32  18   0  19   0  14  47  21   0
  26  39   0   6   0   4   0   7   0  14   0   0  44   0   0  24   0   0   7  38   9   0  18  26  17   0   0   1  45  10   0  36  12  17   0   0  29   0  19   0  46  48   4  48
  12   4  18   0   0   0   3   0   0   3  41   0  11  49  14  35   0  20  38   0   0   0   0   0   6  13  14   0   0   0   8   0   0   0   3   0  35  33   0   0  35   0   3
  49   0   7  29   0  49   0   0   0  32   0   0   0  16   0  36   2   0   0   0   0  33  33   0   0   0   0  44  22   0   3  34  20   1   0  49  32   0  15  15  20  14
   6   0  10   0  19  42   0  39  30  21   0   0  36   0  50   0  14   0   0   0   0   0  13  13   9  15   0  10  30   0   0  17  37   0  29  31   0   0  30   0   0
  13  16  12   9  28   0   0  16   0   0   0   0  31   0  11   0   0  38   0   0  43   0  33  44   0  13   0   0   0   0   0   0   0   0   0  20  12   0   0  46
  49   0   0   0   0   0  46  27  11   0   0   0   0   0  31  40   0  37   0  26   8  29  35   0   0  45  40   0  29   0   0  19   0   0  15  44   0   0   0
   0  27  20  15   0  48  44  12  40   0   0   0  32  30   0   0  36   0  45  34  19   0  13   0  41  38  26   0   1   0   0  15  36   0   0   0   0  13
   0  47  22  39   0   0   0   0   0   0   2   0   0   0   7   5  46  48  49   4  28   0   0  46  34   0   0   0   0   0   0  14  30  16  32   0  33
  30   7  15   0  27   0  35   0   0   0   0   0   0   0  49   7   0  50   5   0   0  47   0   3  10  30  43   0  47  45  16   0  19  15   0  35
   0  35   0   0   0   0  23   0   0   0   0  36   0  46  21  50   0   0   0  47  13   0   0  23  21   0   3  25  19   0  42   0   0  11   0
  27  47   0   0  43  22  48   0   0  36  36   1  24  17   0   0   0   0   0  44   0  18   3  21   0  45  13  38   0   0   6   0   1  25
   0  14   0   1  16  31  12  20  48  47  31   8   0   0  30   0   0  32  27  26   0  45   0  18  48   0  44  38  24  19  45  19  23
   0  18   0   0   0   0   0   0   2  26  38  30   0   0  43   0   0  32   0   0   0   7   0   5  30  35   0  27   3   0  17  22
   0   0   0   0   9   0   0  10  38  14   6  44   0   0   0  29   0  43  30   0   0  21  11  20   4  43   0   0  25  28   5
   0  34  47   0  31   0   0   0   0   5  18  37   0   0   0  32  29   7  34   6  39  26   0  21   0   0   0  43   0  33
   0   3   0   0   1   0  44   5  13  26   0   0   0   0  23   0   0   0  20   0   0   0   0  14   0   0  50   0  27
  20  15  19   0   0   0   0  16   0   0   3   0   2   0  21   3   0   0   0   0   0  29   0   8   0   0   0   0
  23   0  33   0  16   0   0   0  40  17   0   0  40  26   0  13   0  32  42  10  50  12  19  48  28  13  29
   0   0  36   0  14   0  25   0   0   0   0  23   0   6   0   0   0   0   0   5   0  36   6  26   9   6
   9   0  37  26   0   0  25   0   0   4  23  43   0  40   0   0   0   0  13   0  36   0   0   0  19
  24  13   0  35  31   0   0  28   6   0   0  29   0   0   0  29   0   0   0   0  20   0  13   0
  45   0   4  33   0  40   0   0  19   9   0   0  18  43   0   0  29   0   0  41  10   8  37
  24  12   0   4  16  38  45   0   1   0   0   0  19   0  28   9   0   0  35   0   0   0
  39  15  43  19  30  23  33   0  44  19  20   0   0  32   0  21  45  38   0  24   0
   0   0   0   0  17   0  32   0   0   1   0  25  43  40   0  15  27  29  37   0
   0   0   0  48  37  47   0   2   0   0   0  46  19   0   0   0   0   0  15
   0   0  41  18   0   0   0  30   0   0  49   0   6  14   0  39   0  10
   0  31  19  14   0  18   0   0  13  34   0   0   0   0   0   0   0
   0   8  35   0  32   3   0   0  23   0   0  12   0   0   0   1
   0   0   0   2   0  16  21   0  17   0   4  45   0   0  10
   0   0   0  20   0   5  20   0   0  42   1   0  23   0
   0   0   0  12   5   0  50   0  37   0   0   0  28
   0  38  15   0   0  17   0   0   0   0  12  40
   0   0   0   0   1   0   0   0   0   0   0
   0   0   0   0   0  46   0   0   0   0
  22   0   0  15   0   0   0   0  33
   0  39   2   0  49   9  25  14
   0   0   6   0   0   5  13
  43   8   0   5   0   0
   0  50   0   0  21
   0   0  32  11
   0   0   4
   0  13
   8

 701
  23  22  20   5  16  25  22  17  11  17  22   4   5  20   1  12  14   2  18  10  21  23  17  10   5  24  19  12   6  13   1  12   6  22  14  23  25  17  12   6  14   9   7  17  20  13   1   8  23  21  10  18  13   2  19  23  22   7  21  24  24  14  25  19  10  19   6   5  13  18

