  70 
  34  22  45  36  36  25  21   7  41  33  35  30  49   3   1  48  15   8  19   9   9  35  40   1   0   2  37   0   2  48  42  36  36  46   2  42  45  25  19  25  39   0   0   0   0   3  30   2  27   5  42   0  27   0  10  26  20  19  37   3  48   4   4   0   0  36   7  41   2   5
   0  48  15  19  42  14  39   0   0  36  25  28  29   0   5  17  24   9  41   0  33   0  27  43  17  19  11   0  16  24  39  37   0   0  41  47   5   0  46  15  35  13  29   3   0  14  28  48  48  35  44  36  47  29   0  47   1  17   0   0   0   0  10  40   0   0   9   0   0
   0   0  12   0   0  25  21  28  21   0  49  44   7  13  14   0  26   0  39  32   0   0   4  42  40   0   0  23   0   8   0   0   3   1  23  41  44  13  18   0   0  36  41  39  29   0  23   0  13   0  47   0   9  50  40   0  39  20  11  35  50  32  24   5   0   0  31  17
  50  44  25  26  35   2  39   9  22  38  24   0   0  16   0  38  44   4   1  18  15  18   0   7  43   0  20  24  48  35  20  33  33  25  38  12  27  13   3   0  36   7   0   4   0  37  43  29  41   0   0  15  38   0  36   0   7   0  47  47   0   9  18  14  39   7   1
  26   0  27  41   0  39  26  16  23   8   0   9  24  19   0   0  28  26   0   2  33  45  21   0   0  43  16   0  17  24  29   0  25   3   0   0  14  39   9  30   0   0  17  36  37  17  25   5  31   0   5  24  44  50   0   8  40   0   0  35   0  41   0  30   0  12
  37  28   0  43  21   4   0   0  33   1  42   0  36  14  15  44  43  44  49   8   2  45  29  38   0   8  48  20  10  27  38   5  38   0  49   0   9  12  49  37  32   0  46   1   0  11  34  25  26   0   0  29  36   7  26   0  35  17  37  43  46  15   9  26   0
  50  23   0  26  48  11  49  10  14   1  31  33  26   0  26   0  17   0  21  37   2  47  12  25  45   0  28   8   0   0   8  25  20   6   9  30  15  11   0  17  26   0   0   3  32  27   9  37  13  21   0  22   0   8  40   0  48  18  38  17  30  34   0   0
  11   0   6   6   0   0  23   0  38  30   6  47   0  30  34   3   0  21   0  19  45   0  44   0   5   0   0   0  45   9  24  39  48   9   0   0   0  12   0  49  50   0  39  39  27  13  25   7  25  39   2  38  15   0   0   1  25  30   0   7  50   0  38
  28   0  16  11  49   0  16  47   5  33  34  49   6  26  43   0   9  25  28  15  43   0   0  49   9   0  34  43  45   8  20   0  50  49   2  15  23   0  26   0  27  28  27  23   0  12   0   7   0  38   0  21   0  18   0  40  43  33  13  37   1   0
   6  33  26   2  27   0   6  17   2  48  22  22  27  19   0  37  47   0  10  37  22   4  19  28  36   2   0  17   0  24  23   0  18  50   6   0   0  37   0  16  40  10  24   6   2  47   0   0  23   2  18  49  18  46   1  10   0  14  29  37  21
  44  35  43  28   6   5  41  26  40   5   0  16  12   0  10  11  35  16  16  45   9  21  17  23  28   0  47   0   0  32   3  39  29  20  19   0  13  44  45   0   3  31   0   7  25  25  38   0  43  18   3  10  16   0   0  43   0  32   0   4
   1   6  22   1   0  22  21   0  43  35  41  40  11  48   5   0  31  42   0  10  43  40  28  14   0   4  35  35   0  29  16  20  50   0  23  39   0   0  25  16   0   3  39  24  17  11  16   7  47   2  24   0  18  19  41   4  11   0  50
  20  46   8  12   6  33  14  26   0   0   7  10   0  49   8  27  49   7  31   2   7   0  43   0  28   0   5  14   0  29  12   4   0  21  10   0  13  31   0   0   0   5  28  42  19   0   0   0  45  35  48  43   0  13  41  17  25   2
   2  23  12  47   0   0   0   7   0  19  36  26   0  14  21  18   0  29   0   0  18  45  34   9   6  41   0   0  24   0  23   0   6  37  42  24  22   0  45  13  42   0  37   8  43  24   0  44   0  29   0  19  49   9   7   0  34
   0  18  17  37   0   0  32   0   0  11  16  20  15   2   0  10   4  24  32  27   5   0  48  50   0   0  15  16   0  44  49  28  23  41  22  27   0   3  33   6   0  26   0   0  42   0  27  13   0  49  34  43  18  12  34  50
  31  30   0  16   0  41   0  37   0  48  29  31   0   0  44  34  45   0  31   9  41  22   0  34  38  15  34   1   0  50  46  44   3  39   3  21  36  26  17  24   0  33  42  45   0   0  14   0  33  48  36  10   8   0   6
  34   0   1  44   0  32  25  38   8  26  20  48  45   7   0   0  25  41  22   0  39  14  18   0  48  44  36  37   2  14   1  39   0  47   0  23  44   9  25  46   0   0  25  12   0  40  22   0   2  19   0   0   0   3
   1   6  35  45  25   2  35   0  41   6  50  11   0  23  43  36  14   3  21  37   7  12  29  47   0  45   5  45  16  20  47  21  41  21  50   0  30  49  47  16  21  26   0  11  36  10   0   5   7   0  34   0   0
  33  21  35   0   0   0  11   0  50  20   0  28   0   2  14   8  46  21   0  37   5  34  41  41   0   9   4  13  13  33   0  50  42  39   0   0   0   0  43  36   7  21   0  38  43  22  32  18   0   0   5  26
  31  23   0   0   0  47   0   3   0  50  13  10  11  31  14  37   0  48  47   0  23   4   0   6   0  12  12  36  41   0   0  20  32  49  21   0  33  47  13   0  37  44   0   7  36   0   3   0  47   0  40
  50   0   0   0  49   0   0  49  10   0  16  20   8  40   0   9   0  29  33  49  42   0  43   2  13  41  43   2  38  36   3  14  50  47   0   0  16   0   5  30  18  35  48   0  16  26   0   0  28  40
  41  41  40  49   6   0  26  40  24  17   2   8   0  42   3   3  31   0  25   8  50   7   0   7   9  48   0   0   0   7  19  46  42  23  34  28  42  26  38   0  39  50   0   5   0  12  19  17  12
  21  24   0   0   6  13  39   0  19  12   0  38   6  48  22   0   0  33  42  15   0  15  27  50  39  15   0   0   0  10  12   0  40  32  15  11  19  50   7  25  26  48   0   4   5  44   2  21
   0  14  24  39   0   4   1  16  29  41   0  15  31   0  14  40  22   2  48  28  10  29  22  12  25  22  28   0  40  17  15  32  28  34  15  14  40   5  42   6  47  46   3   9  10  38  18
   2  11  32  27  11   0  27  31   0   0   0   7  27  17  29  18  39   0  12  25   0   0  24  24   0   5  14  35   1   0  47  43  45  12  23  21  16  10  37  15  10   1  10   3  48   0
  35  12  16   2  44  40   0  16  12  14  21  49   0   8   0  48  39  47  50  44  41   0  13  18   0  44  31  42  24  18  38  24  45  33  27  26   0  39  39  41  45   9  15   5  45
  42   9  33  27  30  39  38  38   0   0   0   4   0  28  27   0  27   4  29  44  26   5  25   0  39  30  10  22   7  22  17  29   0  34   0   0  50  17   0  11  47  38   4  26
   0  37   0  41   2   0   0  44  35   5  31  13  50  20  16  33   0   0   0  34   0  11   0  17  17  27   1  14  37  26  33  12   8  43   0  29  26  42  35  42  20  46  10
   7  47  25   0   0   1  30  14   7   0  22   0   0  23  24   0   0  39  30   1  43  41  32   0  44  49   0   0  26  25   2   0  30  46  35  48   5   0   0  42   0   1
   8   4  32  38   0  25  31  39  34   0  34  32   0  41   5  23   0   0   0  30   0   7  15  38  45   0   8  24  22   0   8   5  37  24  28  22   1  36  49  32  12
  10  50  20   0  48  33  39  46   0  45  35  38  26   6  10  45  45  32  38  30  10  33   0   0  44  40  20   0  15  24  18   5   0  33  15  27   0  41   5  25
   3  15  16  47  15  14   2  12   3   3   0  48  16  13  36   0  23  30  37  49   1  44  13   6  37   0   0  31  21  46  34   0   3  11  31  30   1  36  35
  41   1   4   4   0  13  11  34   3   9  41  19   0   4   0  46  15   3   6   0   0   0   0   0   0  32   7  14  49   7   0   0  31  37   7  13   3  41
  14  15  28  30   2  28  41  26  25  24   8  35  13   2   0   0  29  38  15  37  34   3  47   0  17  18  31  10   4  19  41  43  19   1  50   8   0
  48  19  36  26   2  38   2  34  37  25  40   0   6   9   0   0  41  14   0   0   0  19  37  16   0  35   0   0  32   0   0  36  12   1  30   0
  22  26   0   0  45   0  29   0   0  16   4  26   0  13   8  40   0   0   0   5  29   4  14  10   0  22   2   0   0   9   0   0   9   0  16
   1  15   0  13   1  22   1   5  19  12   1  49   0  40  12  17  16   0  31   0   0  22  39   0  11   0   0   1  35   0  15  16  25  29
   0  49  18  10  42  45   0  20  33  33   0  38   0   0  30  17  41  29  29   8   0  24   6  11  25  30  11  37  43   0  40   0  33
   4  23   0  47  34  13  16   0   5   2  27  36  21   2  22   0  17  33   0   0  25   6   7  39   0  21  27  20  10  17   5   0
   4  40  41  32  36  13  35   4   0  31  18   3  27   0  32  26   0  25  33  42   0  21   0  33  46  40   0  17   0  16  43
  15   6  48  46   2  27  35  47   0  42  22  33   9  34   2   5  35   0  49  21   7  29  25   0  31  46  37  10   0  14
  19  25  11   6   5   0   0   0  21   8  24  24   0  44   0  22  21  26  39  44  18   8   0   0  27   0   0   0  17
  28   0  26  18  11   0  33  19   9   0  47  18   3  43  46  44  48  46   5   0  21  18  26  30  18  15  26  35
  31  35   0  49  14   0   6  43  21   9  29  12  11  27   0   7  12  27  34  18  12  21  43  37  49   0  12
  19   5   0   0  46  25   3  41  22  46   0  20  40  47  44  16  20  27  21  20   0   9  20   0  17   6
  14  14  21  17  12  43   9  44   9  28  25  11  26   1   5   8  14  23   0   7  26  11  42  37  18
  37  20  27  34   0   0   0   0  14  46  19   0  39   0  38  25   1   2   0   8  35   7   5  35
  17   0  25  14  22  28  44  49   0  11  42   0  38  24  21   0  10  47  30  14   0  21   9
  16  36  40   0  32   0   0  28  17  21  11  50   9   6   0  18  30   0  25   8   0  28
  28  48  26   0  10  27  30  46  40  20  46  23  43  43   1  42   0  48  32   0  41
   0  47  14   8   2  41  16   9  11  10  30   5  46  39   0  24   0   2  40   2
  30  41   8   0  12  44   4  46  30  35  43  23  42   0   1   1  21  48  21
   0   3   8   0  33  22  46   0   0   0  10   0  44  49  10   8  50  15
   0  34  38  18   7   0  37   0  40  19  44   0  42  35  34  32   0
   0  31   0   0  29   0   3   3  15  39  43  16  12   0   8  18
   2  23  21   0  11  37   6   0   0   6   0  16   2  46  20
  11  13   0   0   0  43  39  27  32   4  23  20   8  33
   8  20  16   5   0  41   0   0  36   0  11  36   9
   0  44   1   5   0   6  16   0  45   0  11   5
   0  22  14   4  31   3   0  15  11  19   1
  22  29   0  33   0  47   0  35  13   9
   0   0   8   3  42  25  17   8  30
  50  39  45  21   0  39  16  26
  34  42   2  16  13  40  25
   7   0  13   0   0  37
  18  50  32   0  37
  32   0  47  27
  12  12  23
  24  44
  21

 426
  10  18  14  21  17   2  19  11  15  24  25  24  22   6  24  21   3  19   6   3  11   8   9  19  25  14  21  17   3  22   2  16  12   7  11  21  22  24  11   9  14  14  17   6  22  20  21  19  25   1   5   5  18  18  15  17  11   9  10   1  21   1   9  19  17   4  12  25  20   2

