  70 
  28  11  42  17  49  44   0  31  34   3  16  49   0   0  28  49  24   5  10  13  48  35  47  41  39   0  10   0  32   0  42   0   8  36  41  23  50  48   0  45  20   0   0  47   0   0  21  45  11  21   0   4   2  42  23  32   0  10   0  21  45   9  30  45  28   0  14  30  43  16
  50   6  15   0  10  32  28  24   0   6  27   0   0  49  47  31   0   0  48  28  45   0  31   0   9  23  46   0   2   8  36  19   0   0   3  44  11   6  42  18  26   8  42   7  23  24   0   0  34  39   0  17  24   0  44  45  18  20  14   3   8  50   3  24  17  45  27  29  12
  29   8  26  25  49  22  15  33   0  46   7   0   0   0   0  31   0  20   0   7  37  15  27   0  34  38  30  42   0   0  39  11   0   0   1   8  17  41   0  23   7   6   8   0  16  14  10  45  17  14  18  22   0  22  13  11   9   0  13  38  35   0  30   0  22  38   0   0
  26   7   2   0  14  21  42  46  19  13   0  36  31  45  27   4  43   8  43  19   6  19   0  31  15   2  19  35   0   3  23   4  21   0  23   0  12  22   0   6  24  34   1  25  20  37  15  32  30  29   9  11   1  20  16  46   0  49  41  38  13   0   9  17   0  35  21
   9  18  10   0  22   5  49   0  12   0   9  31  47   0   2  25  41   4   7  10   2  32  11  17  25  42   0  39  36  33   0  27  43   5   3  15   0   5   0   9   0  30  10   0   1  12   0   2   8   0  47   7  30  34  36  10   9  24  27  21   0  47  18   0  20  50
   0  36  47   2  16   0  46  22   0   4  11  20   7  35  16  39   3  33  14   0  33  42  24  39  17  41  24  17  25  26  49   0   0   3  48   0   0   0  47  15  16  46  18  40  38  16   0   0   8  21  19   0   0   5  44   6  40   8   8  13   0  23  21   8  46
  26  28  30  41  48   0  47  28   5  18   0  44  23   0  45  46  45   1  27  43  47  33  36  35  14  11   0   0   0  43  38  15  16  17  27  31  48  35  22  22  40  38   0   0  13  43  21  23  45  11   0   3   0   0   9  12  19  35   0  46  28   0   0  31
   3  41  14   0  17   0  48  41   0  26  33   0  10  29  19   1   5   9   0   8  10   8  32   0   4  49   5  12   0   0  10   0   4   0  34   6  27   0   0  39  13   0  28   8   4  15   0  20  44  20  24  10   3   0  42   0  16  26   7  47  12  16  25
  33  29  25   0   0  35  16  12   0  15   0   1   1  50   8  18   0  41   2  19  42  10  34  33   0  44   0  32  20  13  32  24   4  28  37   0  36  29   0   0   1   0   0   0  43  37   5  33  28   0  46  41   0   0  35   0  29  32  14  38  27   0
  18   0  27  30   0   0  15  39   0  21   0  11  23  29  31  24  20  28  41  49   0  20   0   0  22  33   0  39   5  40  34   1  28   0   5   3  17   3   0  30  41  23   0   2  32  42  29  17  16   6   0  37   6   0  43  23  50   7  44  10  27
   0  38  16  43   5  46  37  16  40  22  23   0  32   5   0   0  15   0  11  50   0  10  36   0  38   8  36  14  23  34   0  30  18  18   0  39  36   7  22  21   0   0  44  47  37   0   7  33  42   8   0   0  35   0  31   0  31   0  11   3
  37  38  37  29  43   2  12  38  47   9  42  40   0   2  10  46  23   0  38  47  26   0  27  12   0  49  45  36   0  17   0  25  25  16  43  13  25   5  38  18   0  15  34   7  37   0  15   0   0  35  35  19   5   0  40  34  27  32  47
  38  45   5   5  32   0  43   0  24  11  36  10   0  14   0   0   0  29  40   4  23  50  42   0   0  48   2   6  27   0  12  43  42  20   0   0  31   8  15   5  28  11  26  31   3   0   3  30   0   0  26  33   0  49   0  41  34  44
   8   0  35   9  16  27   0  30  11   0  43   0  22   0  29  34   9  10   0   0   0  46   0  20   2   0  35  45  18  37  19   0  36  30   0   6  12  45  34  36   0  32  24  18  32  20  19  13  11  42   0  19  25  42   5   0  16
  32  32  13   0   0   0  33   9  16  12   0   0   0  22  24  49   8  28  25  41  41   0  40  48  45   0   0  16  16  44  38  32  24  41  17   2  27   1   5  37   0  27  38  14  15   0  35  46   0  34   2  16  41   0  25  29
  20  41   0  13  27   0  15  26   9  31  26  26   4  32   0  27   0  37  31  39  44  39  48   6  11   3  43   0  15  15  38  23  14  30  17   0  50   3  36   0   0  32   0  16  47  45   0   2  16   0  13  43  29  12   0
   0   1  34  44  25  37   6  39   0   0  26   0  31  15   0  20  42  12   1  31  46   8  23   0  49  45  32  20   6  47   0  29  33  47  42  21   0   4   0   0   0  39   0  18   4  28   9   0  23  23   0  40  23   0
  36  33   3  19  24   2  50  47  13   1  46  10  31  45   0   9  18  25  20   3  32  35  22  11  32  41   9  15  14   0   0   0  36   0  31  25  42   2   8  43  33   0  26  48   0   0   0   0  47  37  50  36  34
  25  46   0  15  43  35   0  11   8   8  30  22   0   0  19   0  45  20  23   0   0   0  41  19   0  46  37  15   0  36   3  25   0  20   1  49  30   0  10  29  31  25  33   0   2  32  35  48   0   1   0  39
  50  29   2  31  32   7  48  16   0   0   0   0   4   0  45  48   0  21  35  24  18  12  20   0  31   1   5   0  43  22   0   5  38  34  10  29   0  35   1  33   0  13   5  40  24   0   0   0  32  40   0
   9  23   0   5  25  49   0  41   0  32   0  27   1  45   3  25  33  21   0   0  27   7   0   7  20  12  13  32   3   0   6   1  15  12   8  44  28   0  29  24   0   0   0  39   0  37   8   0   0  12
  34  24  48  15   0  32   5  16  14   4  14  43  26  46   2   0  14  23   4  19  11   0  14  22   0  37  32   0  36  18  16  50   0   0  13  23   0  30   0  38   0   0  40  50  27  27  15  31  23
  28  31  13  10   0   9  32   4  45   0   0  41  11  22  41   0   0  20   0  26  12   0  39  24   3  18  11   0   0  45  15   0  47   2  43  38  31   0   8   0  47  37   0  25   0  47   0  23
   0   0  39   0  29  49  27  40   0   2   0  27  23   5  31  18  18  11   2  13   7   0  16   0  34   0  50  11  21   0  35  40  40  42  14  28   0  30  48   0  32   0   0  27  29   0  15
   0  25   0   0   8  25  29   0  31  41  25   0  46  33  32   5   0   0  24  42  32  22  42  21  19  25  14   0  36  23  10  19   0  18  41  42   0  15  34  45  21   9  21   0  22   0
  20   0   0   0  27  25  30   0  11   8  20  49   0   0  21  25  26  49  14  35  28  49  10   0  23  17   2  13   0   0  43   0   7  48  23  16  19   0  50   6  24  30  46  35  21
   0   4  27  18  35   0  16  46  12  41  17  43   0  20  20  22  28   4   1  41  44   0   4  37  46  18  45   0   0  17  27  42   0  12  33   9  11   0  36   0  23   9   0  46
   0  20   0   0  13   7  46   0  14  28   2  49  44  43   0   0   5  45   3  27   0  49  46  34   0  19   0  30  44  48   9  44   0  48  23   4   0  40  27  48  46  12  27
  30   5  12  29   0  13  30   5   5   7  39  22   0  27  15  15  35  22   7   8   0  21   0  24   5   0  48  34   5  27  30   0   0  16  19  21  46   0  21   0  27   0
   0  24   8  15  29  48   0  48  12   0  17  43  37  41  25  32   8  31   0  47   6  29   0   4   1  32  17  17   2   2   0   7  31  48  49  33  31  45   0  38  34
   5  10  33  32  12  22   0  14  38   3   0  31  31   0  25   0  18  45  17   7  26  24  33  27   0  34  23  30  26  16   5   0   4  44  30  17  22   7  16  17
   0  23  43  37  16  48   0  17  12  11  46  33  25  23  44   2  15   0  23  22   8  36  38  49  17   0  11  18  13   0  10  41   8  21  40   0  18  43  12
  20  30   0  18  28  18  43  46   0  29   0  11  22   0  35   0  22  11  47  34  36  44   0  31   3  50   6   5   8  46  33   0  15   4  34   0   0   0
  22   1   0   0   3  15   4   0  33  43   0  43   0   8   9   2  42  22  49   7  45   6  20   0   7  15  20  39  46   0   0  12  31   2  24  13  10
   2   0   2   5   7   0  12   0   8  46   0   0  41   0  50  46  42   2  32  27   0  18  42  45   0  10  26  44   0   0  47  15  17  27   0  41
   0  27  31  21  46   0  13  26  15  42   2   0   0  47  26  22  41   7  32   0  26  28   0  47  29   1  25   5  46   7   0  30   4  20  45
   0   7  13   0   5   0  28   0  30   0  39   0  36   1  26   0   0  12   0  42  29  27  28  33   0  33  23  17  11  44  24  24   0  17
  35   0  27   7  17   0  23  22   0  12  15  15  35  29  50   9   0   0  27  41  31  41   0  12  43   5  50   7  50   0   0  45  27
  47  21   0   0  32  27  28  25  27   0  36  28  48  34  38  37   7  48   0  39  14   4   0   6  42   9   0  15  26   0   0  25
  26   0   0  38  49   0   0   0   0  50   0  44   2   5  12  39   0   0  41  38  31  35   9   0  14  38   6   0  39  12  41
  37  35  46  10  21   3   0  39  23  15  33  30   2  13   3   0  44  18  32  17   0   9   6   8  19   0   0  32   0   0
   0  39   0  24   0  10   0  29  34  24  38  20  25  41  13  12  15  13  15   0  17  37   0   0  41   1  28  22   5
   0   0  27  12  27  25   0   5  20  12  44   8  40  36  42  47   2  29   7  48  35  37   1   1   0   7  15   6
   0  20   0   0   0   4   0   0   0   0   0  31   0  38   0  33  25  50   3   1   4   4  47  36  42   0  49
  10  16  11   0   0  28  15  28   6  49  18   0  26   1  14  38   0   0  30  47   0   0  13  24  17  21
  39  26  28   4  44   0  22  49   2  43  38  32   0  20   0   0  40  22  20  26  20   9  28  45   2
  30  44  31  16  31  23   0   0   0  11   0  44  32  26  17  50   0  34  25   0  38   0  49  22
  18   3  23  21  33   0  41  34  24  41   0   0   2   0  36  28   0   0  36   5   0  15   0
  26  42   0  41   0   6   0   0   0  50  48  48  16  40  14  37   0  37  33  36   7   0
  18   0   0   0  47  14   0  44   0   1  11  21   9  45   0  22  43  37  43  20  45
  18  47  50  20  42  47  43   0   8  23  49  42  35  27  10   3  50  18  47   7
  12  23  12   0  50  41   3  17  23  29  45  38  49   0  18   0   8  28   0
   3   0  42   0  29  10   0  32  28   0  15  46   0  12   0   0  26  12
  34   0  34  31  15  20   0   9   8   0  16  49  40   0  46   2  13
   9   7  40  10   0   0   0  15   0   0   0  12  13  19  25  45
  16  46  35   0  17   8   0  41   0   0  39  19  36   0  20
  13  10  30  31  48   0  39  17  29  34  21  26  47   0
  12   0   0   5   0   0   0   0  34   1  22  41   0
  32  27   4  17  50  46   6   0  32   0  50  39
   0  41  41   6  11   0   6  48  34   0   0
  14   2  22  28   1   0   0   3  17  44
   0  36  39  32  33  13   2   0   0
  17  30   0  23   0   0   4   5
   0   0  20   0  17  49  22
  44  34  47   0  42  48
   0   5   3   0   5
  27  22   8   0
  45   0  46
  46   1
   6

 662
  19  23   5  19  12   1  15  19   7  25   6   3   6  25  21  25   2  19  20  12   1  19   3  13  22  23  19   3  11   7   8  16   2  20   5  15   1   2  16  17   3   6   1  23   3  20  21  13  11  20  17   9  13  18  17  13  24  11  13   5   6  25  10   9   4  19   2  24  21   5

