  70 
   0  27   6   0   4   5  43   0   1   8   0  15  47  36  26   3  31   0  23   0  26   2  42  21  50  42  10  39  43   2   0  24  46   0   0  19  37  47   0  14   0  46  33  34   0   0  18   6  37  29  21   0   4  17   0  46  33  39   0  41   0   2   0   0   8   7  42   0  18  37
  26  41  39  16   5   0   9  50   0  22  23  50   3   0   0  35  28   0   2   4  42  18  41  18  16   2  45  33   0   2  32  46   0  34   0   0  17   0  15  18   0   9  28  15  48   2  25   0   0  24  30   3  36  50  19  29   0  16  38  50  48  33  35   8  40   0  32  19  42
  15   4   1  11  29  18   4  10  29  14  16  44  38   0  11   4   0   0   0   8   0  16   0  14  23   0  45  21  37   0   0  46  47   0  25  23   0  21   0   0  40  11  32   0  25   0  24   5  19  46  46   0  48   1  37  44   0  20  40  19  27   0  48  29   0  48  40   0
   0  41   0   0   0   0   0  27  40   0  27   0  17   0   0  24   0  43  36  14   4  10  14  41   0  45  37  13  20  10   0   3  42  25   0  39   0   0  26  46  19   0  44  21  23  36  17  32  22   0  12   0   5   0   0  45  29  24  13  15   0  30  24   0  40  33  38
  22   0  12  43  47  21   0   8  46   2   5  45  35  33  28  14  35  14  39   0  45   0  44   4  27   1   1   0  19   0   3   0  34  13   0   3  47  28  12   0  10  26  42   6   0   1   0   0   0  50  36  31  22   0   2  36   0   8  44   0  35  28  22   0  19  26
  33  33   7   0  29   6   0   0   9  33   0   0  31   0   5  45   0  39  49  28   0  50  31  50   0  45  48  32   0   0   7  33  18  11  49  45  16   2  41   0  38  28   4  45  18   0   0  17  47  21  21  27   0  42  47   0  14  12   0  17  11  50   4  20  48
  33   0  35  10  19  31  50   0   0   4  11  24   9   5  47  24   3  43   2  37  35   0  10  47  12   0  38   0  22   0   0   0   0  28   0  39   2  22  41  34   0   7   0   0   0   0   0   2  37   0  34   6  47  42   7  39  43  31  45  29  16   0  44  38
  50   5  27  41  21   0   6  32   2   2   2  41  30   0   0  50  10  28  28   8  10  21   0   0  30   7  11   5   9  20   0  16  29  34  32  38  38  39  36  48   4  20  17  17  47  43   7  45  26  10  46   0  49  46   0  22   5  25  22  22  18  27  50
  21  50   0   5  48  33  24  42  14  26  12   0   1   0   2  30  45   0  21   0  33  12  14  33  23   0  22   0  50   0  12  10  45   0  44   0  17  13   0   0   4  32  15   9  44   0   0  18   0  16  48   6  18  26   0  18  47   3  26  44   0  45
  29  35   1  21  45  23   0  27  20  50  32   0  49   2  16  34   6   4  45  27   4  35  28   0   0  23  38   0   0   0  27   0  38  44   0  25   0   6  38  24   0  17  19  21   0  40  43   0  42   0   2  43  27  20  21  28  43   0  37  19   0
   5  35   0  38   0   0   0   4   0  47  32  46  45   0   0  30  39  13  38   7   0  11  12  16  29   0   7  40  41  14   0  22  24  25   0   1  30  42  17   0  42   0  50   4  39  47   9   2   7  14  33  32  44   0  13   0   2   0  19  48
   0  25  30  30   0   5   2   2   0   0   0  24  43   0  47  36  10   0  23   0   0   4  11  50  28  48  14  31  34  29  37   0   3   0   0  47  40  26   0  24  23   1  25   3   6  19  29   2  12   0  40  42  28   8   1  42   0  26  42
  45   0   0  23  45  42  11   0  26  48  40   1  10   6   0  14  41   0  21  37  42   5  47  30   7   0   6   7   0  12  34  50  33   0   5   2  48  40  27  23  33   0   0  34   0  43  22  10   4  15  43   3  37   0  30  30   0   0
  41   0  46  22  39   0   0  30   7   0   0  36  10  43  50  20   1  28  49   0   2  12   2   8   0   0  30   1   7  47   0   0  37  23   0  33  40  14  32  40   5  24   1  16  10   0  11  34   8  48  11   1   6  33  46  37  33
  38  33  17  13  11  48  12  14  50  40  11  41  45  38  26  43   0   0   0   0  20  28  45  10  32   0  18  45  31  26   3  34   0   0   0   0  44  42  40  42   3   1   0  12   0  47  21  24  42  22  38  28  20   0  14   0
  14   0  10  36  25  32  15  14   0   0  18  42  23   6  48  33  15  13  11  28  19   0  25   5  25   0  36  13   0   9   4  27  32  30  37  11  18   0  22   8   0  31   6   0   2  32  16  18  16   5   0  44   6   0  50
   0   0   0  42   8   0  49   0  26  33  41   7   0  16   0   3   0  45  36  35  48  42  40   5   0  16   0   0   0  42   0   0   0  38  10  18  13   0   0  21  43  45   6  16   2  45  46   0  48  24   3   0  37   0
  33  17   0  12  31   2   0   0  45  34   0  38  40   0  15  50  11  33  12   0   7  22  48   4  12  12  40   0  48   4  14  18   0  39  25  23  19  35  34   0  33   0  25  30  48  50   0   6   0  41  30   7   0
  50  29  29  21  29  31   0  23  18   7   0  48  46   0   0   0  23   0  17   0  36  23  31   8   0   8  10  22   0   0  10  10  45   2   0  19  18  21  21   5  11  44   0  14   0   0   3  22   0   7  21  42
  14   9   0  33   4  16  29  15   0  39  10  33   0  49  39   0  19   9   0  29  11   0   0  20   0   0   0   0   8  40  48  37   4  46  19   4  26  21  23  39   5  50   8  30   0  40  30   0  17   0   3
  34  19  39  40  27   0  21  49  19   0   7  19   0  25  34   0   0  20   4  39   7  16   0  17  38  22  23   9  14   0  22  27  36  39   0   0   8  35   0  39   0   0   0  47  50   4   7  10   3  37
  15  15  50  19  13  18  49  36  47   0  27  36  12   8  10   5  27   0   6   0  28   4   0  15   0   9   0   0  34   1  50  20  27   0   0   0  39  48  13   0  24   0  40   4  24  15  44  32   0
  28  33  45  47  35   8   0   0  40  12   1  43  37  27   0   2   0   0   0  46   0  16  22   0   0  18   4  28   0  42  12  50  11  31  44   0  48  26   0  30   0   8  33  35  48  39   0  13
  10  33  10  26  16  23  37  32  35  41  42   2   1   0   0  23  24  47  32  40  10   0  17   9   7  22  29   0   2   0  49   0  33  21   0   0  15  46   8  48   9  13  36   0  14  26   2
   8  30  31  49   0   7  36  46   0  11   0  49   0   7  47   0  36  24  16  11  31  40  47   0   0  32  14  12  45   0   1   9  32   0   0  14   0  37  13  10   0  18  18  14   7  29
  37   0  20   0   9   0  25   0   0  25  14  43   0  46  46   8  29   2   2  15   4  41   0   0  36  47   1  27  11  44  25   0  43  22   0   0  14  36   0  17  47   0  46  28   9
   0   0   9  12  22  31   0   6  14   0  41  37   0   0  38  30  35   0   0  36  12  29  37   5  17   0   9   6   0   0   0  23   3  10  37  20   0   0  10  33   0  44  33  49
   0  49  20  46  23   0  32  30  49   2  27  16  14   0   0  28  16   0   0   0  16   0  13   0  31  33  20   0   0   0  38   0   0   0  29  43   0  46  47  14   0  18   0
  24   0  26  38  40   7   0  36   2  15  14   4  28  14   1   0  10   0  22   4  41   0   0   3  28   0  21  22  50   0   0  17  44  26   0   4  33  29  33   7  11   0
  33  46  10  34   0  41  11  50  45  11   4  21  21  35   0   0  27   0   0   0   0   4  18   0  28   0  20  17  44  35   8  46  12  39   0  11  36  45  30  46  21
   0  49  50  15   0   0   0  15   0   9  11  24  35   0  31  13  11  34  35   0   5  29   0  17  11  25  42   0   7  21  18  30  14  30   0   0  18   0   0  38
  14  36   0  26   0  41   0  18  32   0   0   0  38   5  35   0  17   0  42  34   8   0  21  35  36   7  30   0  15   1  39  48   0  31  33  16  46   1  21
  12  35  19  24   0  50  48  15  48  17  40  24  10   0  49  10   1  12   0  37   4  22   0   0   0   0  29  33   0   0  32   0   2   0  25   0  20   5
   0  29   0   0  17  22   0  26   4   0  29   0  11   0  28  11   0   0  26  23  31   5  26  26  21   0  40  32  26  48   9  25  42  42  33  31   2
   0  16  35  36   6  25  39   7  34   0   0  21   7   6  33  13   0  15  22  44   0   0  32   0   0   0  21  18  34   0  31   1   5  30  25  31
  24   0   1  46   0  20  31  17  26   7   2  18   0  30  31  50   0  22  15   0   8  36  23   7  29  10  45   0   0   0  22   3  10   0   0
   0  33  38   0  12  17   3  11   0   0  35  22  25  23  13   0   0   0  30  43   0  37  46  19  20   3  29   0   0   1  27   0  49  12
  22   3  14  15  37   5  41  44   0  49   8   2  29  47  27   0  42  16  35  18  21   1  21  26  18  30  46  45  34   0  27  19   4
   9   0  12   9  32  25  13  19  30   0  44  20  30  46  38  24  48   0   0   0   0   7  34   0  33   7  23  16  18  37  46  12
  37   0  39  17  12  29  25  26  17   0  44  18   2  50   0  39  10  45  25  18  44  24  35  28   0   0   0   0   0  21  13
   8   0  44  50  25   1  28  15   0  43  30   0  14  31  40  38  21   1   3   0  16   0  20   0  10  10   0  35  26  15
   0  30  30  22   0   0  49   0  28  47  24  46   0  11  50   0  29  43  21  42   0   0  13  35  35  12   6  11  23
   7  41  10  41   0   0   0  11  40  13   0   0  34  42   0  11  10  28   4  13  21  18   3  41   0  14  36  45
   0  26   0   5  26   0   3   2  50  16  46  40   5  30   1   5   0  11  32  36  40  28  46   7   0  48  29
  48   0  23   4   0   9   0   1  18  48   0  33  16  45   0   1   0   0  16  13  32   0  39   0  36   7
   0  47  35   0   2  29   0  16  45  49   0   9  38  42  46   6  46   0  30  20  20   0  48  35   9
  42  18  40  21  19   0   3   0   0   0   0  34  22   9  13  40  41  11  21   6   0   0  10   0
  18   0   0   0   0   0   0  40  35   0  38  31   9  10  16  18   8  20  11  12   0   3   0
   0   0  33   0  44  12   6  18  22   0  13  37  10   0  14  11   0   0  16   0  13  24
   0  45  27   0  38  47  12   2  19  45   0  18  49  19  20   0  38  50  35  43  39
  24   0  30   7   0  50   3  37   0   5   5  13  19   0  11  18   0  14  42  14
  48   0  26  38   0  12  11   0  22   0  22  29  47  43   6   0   3  39  50
   5   0  37  39  23  12   3   3  10   0   9  29  16   0  24  50  21  46
   0  12  17  32   8  34  47  39  27   8   0   1  38   1  46   0  30
   0   0   0  49   2  47  47  33   2   0   3   5   8  42   0  15
   0  38   0   0   0  18  25   0  29  41   0   8  38  17   0
  46   0  43   0   0  20   0   0   0  18   4  13  24  30
   0   0   0  48  38  34   0  41   8  13   6   0  48
   0  11  27  34   0   3   4   0  22   0  29  33
  13   3   0   5  12  15   0  21   0   0  47
  27  23   0  27   0   0  10  35   0  49
   3   0   0  31  41  50  32   0  45
  25  49   8  19   9   0   0  48
  27  19  36  30  24   1  26
  32  34  50   0   5  34
  20  10  48   5   0
  22   4   7  25
  46  48   1
  35  48
  50

 218
  15  25   7   8  19  10  19  11   7   3  17  11   5  19   6  21   1  14  24   7  11   5   2  14  19  19   1  25   8  23   1  14   8  23  22   6   2  18   3   3  23  13  14  15   4   7  21  10  19  25  18  21   6  22  18   5  19  11  23  12   2  22  17   2  23   2   9   6  18  22

