 140 
  49  26  13  26  27   2  38  34  32  17  32   9   8  16  50  22   4   9  44  13  14  28  21   7  10  39   7  41  28  12  12  39  23  34  37  40  49  12  37  10  14  27  50  25   2   9  22  17  22  19   6  41  28  50  46  13  32  30   7  34  32  35  38  27  14  38  11  24  44  14  47  14  31  38  38  20  44   7  16  11  29   8  47   3   2  31  20  16  37  28  27  50  43  21  47  33  15   5   4  11  34  43   8  26  13  48  38  17  34  36  27   4  47  45  12  40  43  41  21  32  28  34  43  38  15  11  23  15  24   2  34  15  45  11  30  50  18  32  13  11
  33   3  22  20  44  42  49   1  28  31  27  18  29  31   4   9  49  26  20  23  18  44  38   1  27  32  40  44   6   8   5  47  40  13  33  49  21  13  41   8  44  30   1  18  50  16   3   7  39  46  15  12  40  18  37   9  41  39   8  18   1  16   4  35  42  25  27  49   4  14  10  26  28  32  43  48  50  45  50  10  12  32  49  24  40   9  29  47   7  19  28  14   2  50  27   9  20  12   3   2  11  27   7  34   9  33  47  25  13  24  21  25  35  14  15   7  18  42  33   4  47  16  19  19  10  47   2  48   4  10  41  10   7  17  10  26  15  45   2
  24  39  15  13   8   6   9  19  41   4  28  27   5   2  28  41  25  20  38  46  46   6  17  37   8   7  48   8  26  15  10  45  13  41  16  48  26  46  13  19   3  32  45  30  36  49  34  36  27  49  15  13  30  25  43  38  23  21  41  12   8  38  48  20  32  38  44  34  23  40  32   8  34   4   3  21  14  28  19  44   5  22  44  43  33  16  38  34  40  44  14  49  46   4   3   9  30  24  14  38  43  22   3  40  38  19  41  29  42  46  17  19  43  10  47  45  27  50   9  48  15  35  24  47  28  22  22  34  47   9  30  36  12   4  40   1  10  43
  19  16  42  17  21  33  44  39   7  19   6  25  43  40  26  48  26  39  39  25  35   3  46  40   5   9  36  27  28  47  41  20  40  32  43  19  16  45  46  28  43  19  45  25   6   4   2  19   1  46   3  36  46  17  41  30   6  48  15  28   3  40  26  12  28  50  13  27  13   7  31  28  15   4  44  10  37  38  11  15   3  49  23   1   4  14  50  28  50  50  16   1   6   1  17  32  31  44  21   4  33  23  42  50  29  10  14  18  19  45   4   2  32   5  45  20  14  29  33  14   3   7  16   5   5   5  12  20   3  47   8  46  44  10   2   7  29
  45  21  43  46   2  41  15   6  22  39  40  38  12  47   8   2  10  14  44  39  37  39   4   4  40  28  43  37  30  10  11  37  50  38  20  12  43  40  17  48  36  39  39  34   5  49  44   7  42   2  22  31   8  25  24  33  14  48  17  44  47  36  19  16   6  32   3   7  48  32   9  39  27  50   9  26  44  36  31   3  31  32  10  29  43  28  21  39  30  15   3  49  11  14   3  35  20  30  33   6  19  16  39  15  22  41  12  33  41  34  29  16  19  27  11  11  11   3  26  17  19  27  28  43   1   1  15  26  31  36  28   1  38  16  49  28
  31  33   9  36  32  16  42  45  31  46   8  36   2  10   2  38  25  32  39  12  11   8  33  16  49  25  41   4  44  12   5   6  43  24   5  35  50  24  44   7   2   1  12  49   2  50  19  23  12   5   1  38  42   8  11   9   9  22  33  34  34  16  15  21  39   5   5   7  18  21  40  46  37  29   6   3  34   6  41  18  36  31  43  27  49   1  32  33   5  16  27  27   4  23   3   7  21  38   3  35  14  38   9  49  50  44  48   4   7   5  22   4   1   3  41  34  18  18  22   1  22  21  31  25   5  47  27  27  50   1  21  18   2  48  27
  30   8  38  41  42  38  28   7  46   7  10   5  29  16   9  43  10  15   4  47  14  37  11  39  14  26   2  41   2  34  12  39   9   8  14   5  41   3  17  18  23   4   6  11  26   3  14  10  50  50  30  23  22   4  21  33  16  31  40  24  27  26  32  42  10   4  47  31   5  17  32  44  21  13  31  21  49  39   1  22   8  37   7  44  31  12  15  43   4  12  37  26  16   3   4  15  27  30  30  39  30  30  34  27   5  38  47  47  49   7  31  17  29  23  28  26  47  20  45   2  43   1  38   6  33  38  38  17  19   2  50  34  36  35
   1  26  44   4  28  49  12  35  32  36  47  14  17  35  45  13  12   5  17  31   5  41  44  33  20  46  42  12  32  30   1   6  44  21  32   7  33  25  33  30  19  23  16  26  27  26  21  26  36  29  32  26   1   1  28   8  28   5   9  12  47  49  44  26   3  18  33  23   9  34  22  33  36  30  10  22  17  19  30  22  11  34  47   1  21  35  33  10  14  49  47  48  42  39  35  42  36  22  17  15   8  19  27  38  29  46  28  43  49   2  42  40  12  10  25  23  49  25  50  18  24  36  42  20  14  19   2  49  10  32   9   7   4
  46  10  35  40  29  17  38  23  10  44  39  41  31  13  12  42   2  22  43  18  24  19   7  11   3  11  38  21  28  31  32   8  47  11  22   6  18   8  42  28  34   3  12  17  43  29  14  34  26  49  34  30  23   8  31  33  50  39  16  47  17  28   8  17   5  17   8   3  11  20   1  26  25  40  42  13  42  44   2   9   9  11  41   7  17  46  47  38  40  21  50  36  16  26   2  22  29  30  24  34  35  47  26   1   1  19  14  50  30  14   9  26   8   4  15  16  29  16  49  17  41  29  26  27   9  38  45  17  18  43  45  20
  23  42  25   3  50  13  48  23  30  21  16   6  48  19  29   9  47  41  17  12  24  28  40  23  13  27  32  13  50  14  50  44  13   4  29  24   5  25  37   2  24  32  23  32  43  40  32  48  48  46   6  39  14  40  23  21   2  19  20  34  41  13  45  40   4  30  48  50  18  26  10  29  18  12   6   6  22  41   8   3  38   6  22  33  40  40  49  23  45  22  41  30  44  11  41  31  22  29  43  35  11  45  25  21  22  43  29  34  11  18   6  16  34  42   2  36  38  33  18  25   3  44   5  36  34  41  25  12  20  31  40
  15  33  24  44  26  16  31   3  22  16  16  46  16  29  22  17  17  46  47  37  22  36  19  15  14   5   1  36   1  32  34  36  38  38  42  46  24   9  41   7  12  14  38  21  15  35  30   2  31  30  16  34   7  10   5  43  31  15  32  22  10  29  39  32  12  44  40  11  43  49  32   3  50  37   8  36   2  25  34   9  26  10   2  50   1  22  40  35  35  34  11  28  36  23   9  32  16  14  12  50  40  29  31  38  26   6  16  35  29  22  16   2  40   8  12  40   7  48  33  45  43  33  29  27  31  29  17  15  40  45
   8  39  30  23  39  36  16   6  37  35   8  43  49   4  20   7  47  12  16  16  45  44  14  50  27  38  28  36  38  23  41  26   6   2  45   7  49   8  39  27   6  32  27  28  44  27  13  29  38  27  24  28  22  43  16   1  14  26  48   8  40  12  28  50  46  12  28  36  50  12   8  36  49  10  50  49   3   6  10  10  32   7   4   2  48  24  40  35  43   3  30   7  41   6  42  48  42  33  34  35  23  11   9  47  27  19   3  42  37  28  24  10   3   3  47  33  20  41  29  12  15   6  45  20   1  19  20   4  19
  28  48  12   9  23   1  41  39  14  39  36   3  17  24   6  50  34  39   6  25  49   8  35   4   9  47  16  26   3  39  36  16  25  20  45  14  28   8  17   8  32  25   5  31  15   3  28  17  22   1  36  38  18  10  20  41  20  14  31  48  15   5  50   8  28  44  19  12  17   8  41  34  42   1   2  25  13   3  40  32   9   8  21  35  15   2  40  35  44  31  17  43  46  20  40  38  50  25  28  34  42  25  47  11   4   2  30  13  17  46  38  36  44  41  34  35  41  11  17   2  49  46   4   8  23  13  45  19
  14  27  24   7   4   3   6  15  34  47   5   4  41  18  49  29  16  35  28  36  48  23  35  47   9  28  10  47  14  32  30  10   9  21  23  43  28  18  26   3  18   5  26  32  12  40  21  41  30  19  23  29  43  36  32  36   9  34  13  24  27  24  43  44   6  27   3   9  19  28  35   3  24  21  45  15  44   1  12  32  50   6  30  39  44  40  40  14  32  30   4  39  48  33   2  13  49  31  28  41  13  27   4  19  34   3  29  42  12   1  35  50  34  36  45  42   7  35  19  18  27  13  41  44  17  22  43
  14  36   6  44   3  42  35  36  26  40  38  31  11   1  47  17   2  47  15  10  15   6   8  19   3   2  34  20  29   9  17  34   8  34  23  45  28   2   3  31   1   2  44  17  15  39   5   4   6   5  37  21  22  21  42  44  25  44  20  16  38  22  35  26   5  30  49   8   4  39   5  10  38  36  35  41  45  45  15   5  24  10  50  29  11  26  23  45  47   6  23  36   2  44  15   2   1  24  41  29  50  10  23  45  45  50  27  47   9  23  31  36  43  46  18  11   6  12  36  44  32  33   8  10  45   3
   2   7  45  47  37  11   7  50  45  31  29   9  23  17  43  28  10  17   9   9  23  44  34  16  43  14   3  10  18   6  20  45  13  12  50  47  22  28  41  26  39   5  38   4  21   5  48  36  26   5  35   5  50  39  10  21  31   9  27  37  36  16  45  35  19   7  14  20  45  37   5  38  49  47  17  20  49  38  42  17  25   4  42  32  16  34  19  41  40  22  13  48   5  28  26  35  10  33  21  24  16  26  43  24  44  18  20  34  22  34  27  17   5   8  44  16   7  23  42  29  30  16   2  32  36
   8  50  27  18  46   1   2  10  50  35  23   1  42  29  27  11  18  44  19  13  14  11   3  45   8  19  16  37  32  12  18  25   3  11   5  47  20  18  39  13  31  25   8  25  41   8  14  43  30  31  45  34   5  18  25  44   1  11   2  37  20  30   7  48  26  31  25  45  23   6  22  31   8  22  17  15   3  16   9  22  35  12  24  18   7  35  40  37  37   8  31  47  15  34   4   6  19  11  36   1  17  39  15  32  22  26  45  21   8  45  25  30  25  12  40   6  11  34  20  25  28  13  32  38
   9  46   7  26  28   1  32  32  31  46  15  47  23  49  48  38  11  32   9  42  16  23  42  32  48  36  34  30  28  13  46  39  13  10  28  11  16  43  31  31   2  20  41  14  13  44  25  15  31  44   1  37  19   7   7  24  20  26  30   3   8  41  33  35  34  48   3   7  37   9  48   5   5  13   1   2  40  37   6   8  30   2   1  25  39  26  33  34  33  31  24   7   5  40  21  35  13  26  24  31  28  17  48  21  32   2  45   9  10  14  30  36  38  15  48  19  25  41  25  19  11  38  15
  13  43  12  12  42  27  43  24  34  45  23  49   6  50  23  48   9  23  50  11  48  10  37  18   8  39  48  41   6  20  24  14  34  45  10  10  16  13  38   7  29  31   1  34  24  38  11   4  25  10  36  41  12   4  27  43   6  35   7  21  31  25  40   4  33  16   4  38   5  24  45   9  11  26  34  42  27  47  43  30   2  45  14  20  35  40  45  18   6  11  31  29  39  29  26  44  35  11  23  27  32  47  10  48  24  20  21  34  39  48  48   8  17  22  48  36  37  36  25  44  34  14
  30  11  24  12  42  46   4  50   8  34  47   9  44  24  38  37  34  40  24  33  44  44  23  17  25  46  22   2  46  40  31  10  18  25  36  33  44   4  24   1  20  45  16  33   8  36  38  33   5  31  24  41  12  41  29   6  24  22  31  16   1  37  37   7   4   1  22  13  48   6   4   7   5  32  24  27   9  47  32  19  36  25  50  19  38  15   1  41  20  35  46  25  23   9   8  39  14  44   4  18  43  45  35   1   9  37  36   5   6  31  29  42  45  24   7  19  48  33  50  36  47
  20   8  38  40  21  36  29  12  43  26  24   7  28  47  49  44  26  13  16  26  25  31  17  45  38  18   5  34   8  37  24   4  20  33   2  35  18  12  40  29  21   3  41  43  44   9  19  39  24  36  46  27  48  38  26  49  16  18  38  36   9  34   2  21  12  34  48   2  29  31  32   2  33   9   9  11  16  39  13  50  36  13  50  19  42  21  39  44  49  47  38  11  45  42   2  29  10  35   9  30  23  28   7  21  35  43  45  24   3  28   6  18  30  43  38  28  36  40  34  19
  34  26  17  47  24   7  28  18  19  34  23  41  27  46  37  40  46  16  14  36  35  15  29   5  33  20  20  27  20  47  23  46  29  27  35  41  34  23  22  18  47  24   6   6  43  41  41  28  23  18  31   1  42  26  32   3   9   2   4  33  41  30  49  27  35  12   2  33  46  41  49  16  16   9  15  50  42  23  27  25  41   3  48  15  26  31  23  33   9  17  38  44  29  17  35  42  45  39  10  30   6  19  27  45  19  21  32  21  29  36  16  18   3  27  22  10  49  13  34
  13  42  27  41   3  36   4   2  48  34  29  19  41  19  13  45  25  47  43  44  23  38  38  25  20  24  37  31  28  11  33  16  33  13  26  27  43  29  29  39  42  33   1   2  18  40  34  14  43  42  48  15  46   8   9  27  41   6  36  40  29  37  24  18  20  34  33  42  22  34  37  34   7  36  39   9  40  33   3  31  38  46   9   6  30  25  19  40  39  32  12   6   2  32  17   4  39   9  41   6  35  46  10  25   9   4  42  46  37  18  34  29  46  25  43   9  22  29
   1  44   7   6  38   4   1  47  48  33  43  31  38  30  29  46   8  48  19  14  25  48   3  15  36  21   6   8  39  18   4  48  27  20  34  42  10  34  46   8   2  20  14  44   1  42  44   6  45  22  22   5   5   9  44  26  48   1   3  14  50  50  45  45  29  23  17  15  43   4  15  14  17  50  35  17  50  11  13   1  31  24  38  50  14   3  33  34  36  40  19  18  22   9  39  47  34  49  36  15  27  45   1  14   9   3  48   8  18  15  34  10   2  41   3  23  28
  15  24  47  39  26  19  38   7  40  18  50  32  31  26  28  45  28  22  39  41  37  13  39  28  35  41  15  33  25  13  19  18   2  20  24  47  48   5  43  30  42  32  25  34  40  50  20   7  10  28   5  22  14   1   2  37  20  39  17  12  40  43  18  44  15  11  14  36  20  24  37  20  50   3  35   4   3  21   5   9   7  42  33  33  38  13  36   8  33  22  19  14   4  22  36  47  27   6  41  28  20  28  17  24  38  12   7  41  26  21  43  42  10  10  47   8
  44  19  46   4  33  20  12  20   5   8  11  49  17  12  18  14  26  22  13   4   7  49   9  23  37  27  45  39   8  35  21   3  35   4  40   4   3  31  41   4  14  31  35  12   3  42  49  25  50   5  27  30  43  19  50  36  22  15  37  12  39   4  17  37   1  27  14  15   3  27  12  23  27   5  12  17  13  17  44  50  30   3  21   7  45  11  22  18  27  30  30  42  28  42  47  45  31  42  17  41  38  21  49  12  28  36  37  18  33  41  26  50   2  33   6
   3   9  47  32  16  13  26  14  33  12  31  28  22  35   8  16  12   6  18  26  50  31  39  13  27   4   3  31   6  17  24   7  31  18  31  48  10  20  32  31  45  13  42  30  14  31  17  23  11  19   3  48  23   8  45  16  27  43  30  11  15   1  23  48  41  32   8  22  32  13  23  21  15  30  50  50  11  21  11  40   3  42   2  15  31  41  14   3  31  40  26   1  15  37  45  36  17  33  31  12  16  38   9  24   8  35  36  41   9  26  10  48   5  15
  19  40  10  41   1   3   7  12  44  30  17  24  19  23  31  33  49  30  35  31  14  45   5   7   2  14  39  24  35  41  43  37  38  24  10   5  29  31   9  33   3  45  23  14  14   1   4  46  39  43  19  15  30  20  20  44  18  48  24  34  28   8  13  29  46   7  38  21  16  12  16  19  37  48  21  39  23  16  25  31  24  28  31  37  27  38  15  27  46  13  46  40  21  16  42  47  29  24  42   8  37  25   1   1  13  16   4  21  16  25  38  42  20
   2  41  21  27  29   4   1  23   5  28   5  26  23  25  28  36  26  46   4  42  31  43   2  33  26  33  18  21  48  47  32  49  18  23  47  24  41  48   1  22  47  27   4   1  27  18  28  36  42   5  28   8   3  45  49  24  31   8  24  30  30  36   3  36  11  49  11   8  49   7  11  47  18  25  10  30  34  48  34  32   9  50   6  38  43  37  11  13  25  14  47   1  45  48  37  44  21  43  42  11   9   2  49  40  27  25  37  19  42  28   4  47
  18   3  32  48  37  46  30   7  46  34   9  40  14  22  42  30  35   1   2  11  40  49  46  26  33  31  42  49  50  41   5  33  19   2  17  33  11  32  19  24  28   2  31  47   8  22  32  32   2  27  44  21  28   9  20  25  43  28  40   9   7   6  20  18   8  10  50  31  24  16  50   5  31  27  44  15  33  22  14  30  32  27  31  19  45   4  14   7   4  46   7  46  18  48   9  26  33  35  24  42  44  45  17  10  10   1   2   6   1  39   2
  38  43  42   6  17  45  49  18  46  19  39  13  31  42  50  37  12  40  24  15  43  33  43  47  38  43  39  32   3   1  23  26  25  29  43  29  33   7  43  22  13   9  23  50  21   4  35  22  12  20  25  44  21   8  34  33  14  20   9  40  23  14  30  19  37  36  27  38   6  42  10   7   6  29   8  33  41  37  27   6   1  27   6  50  48  39  27  41  17  42  49  32  13  35   7  15  45  49   7  36  12  28  50  18  18  43  19  26  45  17
  20  13   7  22  31  12  16  26  25  17  49  28   3  25   8  15  17  11  12  35   7  16   1   2  24  22  38  31  13  32  50  32   1  30   3   1  40  36  10  11  32  24  39  13  40  19   1  22  15  29  36  39  15  24  15   7  37  36  24  45  38  16  41  48   5  29  11   9  43  26  50  46  20  49  39  33  46  42  34  39  48  32  37  33  16  50   2  31  44  30  34  27  25  20  19  41  16  42  20   4  10  14  13   3  21  38   7  42  19
   2  42  22  23   5  43  27  33  14  33  29  37  46  40  10  20  40  22  43  10  43  50  44  45   3  32  26  46  41  24  21  36  29   1  37  37  22  41  35  28  26   3   8  34  33  19  31  46  32  41  44  30  28   4  40  43   8  29  19  42   7  49  27   4  16   1  44  38  50  47   2   4  27  23  23  33   6  15  22  22   6  38  31  39  45  16  38  17  34  39   1  42  43  22  20   4  31  40  16  11  12  25  30  46  37   9  48  18
  19  17  42  37  34  35  42   1   6   7  26   6   5   9  12  34  35   9  27  13  40  49  17  13  39  13  15   9   3   6  41   5  11  36  44  50  49  37   9  40  42  41  37  48  47  41  29  41   9   7  40  28  37  43  28  40  37   7  33  24  34  22  21  36  19  25  14  40  36  21  49   5  25  49  31  37   5   4  25  40  14  49  42  17  11  31  33  44  15  23  29  37  11  26   6   7  39  41  27  10  13  36  44  48  44  32  26
  44  31  28  36  39   8  19  30  38  41  42   4   6  37  33  10  34  11  13  24  40  20  47  46  20   8  34   8  48  10  23  38  43   6  37   7  40  17   5  28  42  14  21  48  42   8  48   1  44  31  18  40  31  36   6   8  10  46  27  21  31  47  19  23  16  16  24  33  14  30  27  16  41  44  29  12  33  25  46  18  37   3  34  17  19  25  25   1  33  11  50  18   8  39  35   7  18  32  14  23   8  33  35  27  18  38
  33  48  50  24  35  31  26  16  36  28   1  42  48   1  42  30  13  42   1  39  29  27  47  18  23   1  40  46  43   5  10  40  10  13  11  17   6  46  50   4  28  28  17  19   3   1  32  26  49  11  21  27  35  33   5  30  35  16  36  40  40   2  40  26  17  13   2  15  23  11   3   7  49   5  10  42  32  38  39  46  33  12   5  32  39  50  14  47  34   9  15  27   3  25  37   3   4  13   1  41  12  40  12  13   9
  45  20  43  10   4  16  18  20  21  42  14  16  37  27  33  46  22  11   3   5  38  15  33  17  36  49  48  26  24   7  40  40  16  27  42  22   6  49  17  50  48  20  45  24  43  10  43   7  30  41  15  40  43  21  24  14  48  22  23  29   1  31  23  19  27  42   8  47  19   9  19   8  12  19  25   7  24  40  46  14  14  12  50  37  15  26  26  36  22  12  42   5   2  45  19  13   4  30   1  38  15   5  31  25
  47  21   8  40  33  17  42  36  30  49  14  29  39  30  36   3  36  36  21   7  39  47  17   4  21  19  11  27  16  28  45   5  45  23  45  41  38  42  43   1  44  49  50  19  36  31  18  50   5  27  26   6  38  10  24  47   7  21  17  34  49  26  37  43  46  38  18  30  50  50  26   3  39  18  48  46  29  50  50  25  35  21   5   4  41  10  23  25  26  32  25   1  44  11  48  18   9  46  25  22  26  36  41
  25  28  36  46  45  26  14  25  14  22  16   6   3  44  25  30   8  17   1  27  36  50   3   7  45  26  24   2  23  16   8  34  18  30  25  46  19  44  27  34  12  40  12  17  45  42  29  14   3  39  45   8  45   1   4  25  32   8  22   7  31  37  19  39  22  22  34   9  28  41  38  27   2  38  49  28  12  37  36   2  28  48  18  30  32  24  16  48  32   6  18  39  45  33  46  23  46  36  25   4   5  19
  12  27  17  24  26  41  28   3  33   2  25  43  26  33  30  20  46  38  50  45  43  35  23  10  18   4  34  38  13  50  22  28   5  28   6  44  36   5  16  15  39  15  18  14  32   7  39  44  16  14  48  41  16  25  21  40  36  14  47  36  33  49  47  27  25   5   8   1   9   4  25   4  25  37   1  43  17   6  22  43  45  45  30  21  32  46  13  24   5  45  41  18  46  46   9  27  44   6  19  18   8
   1  41  17  12  27  34  50  27   7   4  43  15  43  16   9  37  22  48  17  16  10  25  29  45  49  19   4  27  33  12  42  45   6  40  34  11  12  28  32  26  13  30   4  27  40  20  16  19   5  23   2   3  37  28  28  43   8  37  26  43  41  40  44   3  36  31  12  43  49  14  20  37  20  41   3  41  10   7  28  17  20  14  39  11  35  43  11  30   6  38  40  26  18  43  50  14  10  14  32  39
  17  29   8   5  24  46   7  24   9  28  34   5  49  40  31  37   1  50  19  32   4  15  41  15  41  39  37  31  42  35  29  38  13  50   9  17   4  31   2  15  44  43  49  42   2  10  15  23   7   2   1   8  43  33  33  15  16  21  23   3  11  28  27   1  39  25  29   2  42  50  13   3  24  16  25  31   5  38   2  25  35  18  38  40   5   2  10  19  10  43   8  42  12  43  43  33  12  33  45
  16  13  40  50   4  10  28  14  32  47  33   7  35   5  18  10   8  45  42   9  24  42  48  12   3  12  18  42  27  16  24  13   5  18   3  27  24   3  43  37  26  42  43  36   4  37  42   9  20  34   6  35  13  42  35  25  28   5   8  16  20  28  32  23  45  42  43  14  27  26  34  25  32  29  31  34  11  33  28  41  20  31  37  22  21  13  12  33  20  47  25  49  19  34   2  46  35  33
  40  46  29   9  44  30  41  45  11   3  39  10  31   1  11   8  34  36  30   9  35  14  26  27   8  50  10  35  21  41   2  18  30  16  14  46   9  24   5  12   1  10  29  37  25  23   6   2  28  21   5  50  23   8  33  15  14   7  37   1  41  26   9   3  43  25  21  49   4  12  30  39  36  43  38  22   2  44  18  28  50   9   3  41   5  15  29  27  17  11  11  19   4  10  47  23  14
  24  44   3  14  33  18   5  48  48  41  49  40  25  43  41  10  21  39  50  19  42   7  35  34  13  49  21  25  10  19  41  22  41  33   1  47  44  31  25   3   4  39  46  32  21  25  19  14  25  12  43  30  44  49  10  17  48  22  21  18  40  12  17  21  23   3  28  44  32   1  47  15  41   4  48  41  34  33  38  46  39   8  45  24  48  41  42  38  11  22  28  21  25  13  49  48
  18   5  39  45  39  36  29  14  16  24  29  40  36  17   8  34  14  26  30  41  14  45   3  47  10  26   4  50  10  16  29  34  46  50  11  35  30   4   6  26  48  22  11  42   8  11   6  39  25  21  12   9  13  28  14  23  22   2  25  24  13  40  22  44  40   6  12  35  43  37  49  31   3  46  24  34  35  29   1  21  44   7  30  20   6  16  37  42  30  20  12  26  13  13  33
  38  11   2  50  29  28  13  47  46  48  13  29  22  26  18  45  40  26  15  16   7  32  25  36   1  10  32  43   4   4   1  20  35  37  49  16  33  14  15  30  41  44  24   1  16  36  44  49  15  16  12  32  24  38  44  19   7  48  23  47  23  34  13  21  12  17  30  36  27  39   5  25  18   7  16  43  49   5  15  38  39   3  21  23  49   4  22  16   4  33   4  17   2  16
  10  49  32  35  37  45   6   6  22  39  21  39  43  39   6  13  39  15  16  17  49  21  26  32  22  22   6  12   6  23  50  34  30  20  32  50  18  18  31  24  18  31  18  32  28   9  14   6  33  24  46  19   2   1  31  21  20   8  11  41  13   9  14  36  27  42  18   6  32  13  23  20  29  12  34  40  25  29  30  36  42  20  50  32  26  43  16  28  16  43  11  37  40
  33  14  45  23  28  48  20   2  12   2  14  39  33  30  18  50   1  31   4   6  20  27  36   5   4  12  47  28  44  11  46  20   1  43  36  27  34  46  20  47  46   3  14  48  33   4  36  29  38  12  10  44   6  37   9  19   4  38  44   2  14   7  29  30  28  13  22  37  49  15  11  23  36  24  32  40  39   8  12  26   7  45  14  17  31  20  49  26  17  30  16  10
   1  42  24  24  41  28  12  17  25   8  16  17  20  30  31  33  36  34   6  12  31  34   6  44  22   8  43  35  49  26  35  20  49  31   2  29   8   3  30  18  46  30  10  25  46  33  32  23  23  38  43  31  40  26  35  37  33   3  50   6  10  14  32  16  41  15  32  49  12  34  37  45  32  31  20  41  29  34  28   3  34  22  48  19  11  40  44  33  20  48  17
  17  34  10   3  43   1   7  35  14  28  21   7  19  44  27   4  44   4  47  24  12  25  50   9  24  42   3  17  28  10  22  22  41  47  44  29   6  29  23  42  44  33  50  18   1   9  16  31   6   5  18  49  31  36  41   4  21   3  24  14  34  19  31  29  31  31   3  27  48  29  47  34  11  29  30  11  48  14   8  41   1  38  32  13  11   2  48  40  30  12
  34  36  44  21   6  47   5  18   1  28   8   1  21  35  12  22  46   8   6  12  26  13  24  23  18   5  34  34  15  50   6  29  39  37  24  10   3  45  17  10  26  25  40  25  44  16   6   2  18  47  38  19  11  38  45  46  38   3  24  14  31  42  33   2  11   9  24  11   5   1  44  45  33   6  31  19  39  22   4  11  11  17  20  16  32  19  50  39  22
  13  49   6  10  25  45  10  31   7  41  12  47  15  34  28  15  33  19  49   6  35   7  27  28   3   2  44  40  10   2  50  18  17  28  25  38  36  35   7  26   5   2  20  42  44  15  15  28  25  31   9  20  25  39  19  36  37  36  36  38  26   8  29  19   7  42  25  23  45  26  20  19   5  50   9  14   4  49  10  24  10  49  50  33  11  32  32  21
  40  18  14  35  38  46  28  36  26  33  24  48  20  39   1  31  28  48  14  23  28  44  23   2  23   6  50  11  14   6  26   5  13  38   7  24   5  18  25   2  36  18   5   8   2  36  42   1  26  39  38  12  27  50  24  27  28   7  28  46   8   2  23  21  17  32   1  43  45  43  26  47  16  20  48  17  45   5   5  31   8  42   4  34  25   1  10
   5  24  15   1   2   1  24   5   8  27  23   6  31  29  21   6   1  25  19  12  37   9  19  11  17  17  16  26  23  14   1  36  13  23  25  36  39  16  12   6  20  14   7   9  39  50   4   1  14   6  48  28  25  42  33  47  46  50  35   9  32  23  15  43  28  40  39  32  12  45  40   1   4  44  21  42  27  24  23  17  31   6  22  48  21  33
  10  44  44  33  21  13  28  44  14   2  27  35  10  47  22   4   2  25  24  33  45  40  25  47  41  20  33  32   3  48   1  14  39  49  40  28  14   5  36  44  45  12  31  35  36  26   3  15  49  14   4   9  26  12  22  45  18  50  20  25  13  44   1  13  31  13  14  36  19  19  37  31  37   5  33  13  38  15  44  15  37  46  35  21   8
  16   6  29  45  14  35  12  15  24  13   3  40  12  10  41  33  45  35  11  21  11  44  42  24  26  19  50  47  12  12  44   7  21  17  25  33   9  11  29  45  10  11  10  17   3  20  28  47  42  22  21   6  37  13  43  15   9  33   6  12  10  24  35  22  42  37  27  49  20  20  35  17  28   1  34  10   5  39  20  46  43  46  37  20
   2  39  40  49  36   6  19  48  36   7   2  25  46  42  12  50  10  28   2   9  38  50  23  14  14  46  40  39   6   9  19  19  13   7  49  23  30  10  42  19  50  46  28  11   5  10  26  30  31  27  31  14  13  45   2  10  30  13  11  16  35   8  44   6  33   6  30  25  47   8   2  26  25   7  43  14   9  21  43  19   7  50  16
  15  46  12  46   5  23  18  46  43  19  26  42  18  21  44  16  21  38  22   1  44  41   2  35  23  31  11  25  14  40   6   9  11  42  43  19  47  36  20   3   5  46  16  40   4  46  40  45   4  46  32  21  47  46  10  29  13  40  37  22  27   9   5  42  11  42  47  24  12  28   3  26  17  40  39  44  15  18  20  31  33  44
  40  14  33  25  16  21  43  50  18  43  26  30  35  23  17  17  22  30   6  38  22  21  29  50  48  38  33  36  25   8  19   8  15  30  28  30  12  34  23  47  19  33   7  20  35  45  37   9  24  14   8  30  49  32  14  10   5  30  41  33  24  11  35  20  25  21  36  35  25  31  11  39  22   7  22  17  49  49  34  13  50
  29  14  45  21  39  14  12  31  50   7  28  16  22  30  35  12  15  29  24  21  42  29  23  35  10  33  47  40   2  34  30   2  15  47  15  17   2  26  43  34  34  22  22  17  10  38  13  26  39  49  25  33  18  48  28  16  34  41  44  31  11  38  30  20   3  36  21   4  17   1  42   5  43  40  40  21  44  43   1   7
  47  30  12  18  34  46  20  50  19  11  45  31   8  15   3  38  25   3   8  28  42  24  15   4  46  32  39  46  29  32  43  10   6  19  47  23  10  30  26  40  25  29  41  38  10  34  30   8  18  35  48   6   7  10   8  32  29  19  16  15  20  11   7  27  44   6  29  12  17  17  37  40  41  36  12  50   2   4  26
  44  42   7  30  23  11  37   8  18   2   5  13  28  25   1  23   5  12  22  25  32   7  29   6  40  38  26  29   8  39  11  14  33  47  44  10  22  18  47  45  49   5  18  40  10   7  16  10  45   1  29  15  40  17  42  18  13  46  45  49  35  10  24  43   6  34  21   8   3  31  47  43  29  36  21  35  16  41
  41  28  30  39  23  30  38   1  11  29  39  24  10  19  43   7   6  27  36  21  21  18  19  33  27  37  30  10  30  25  14  14  45   3  16  10  20  11  40  37  40  48  17  42  25  26   2  44  36  40  22  15   5  33  21  38   9  13  14  17  45  38   4  29  36  11   9  45  44  19  37  18  39  18   1  46  36
  39  33  18  24  41  30  48  13  41  21  16   5  48  42  25  10  28  27   2  28  27   1  48  41  42  17  41   6  47  37  48  41  29  48   8  47   2  42  33   8  30  49  40  10  48  21  19  40  35  45  49  33  45  17  10  40  22   4  50   9   5  36   5  31  15  16  20  15  37  40  35  40  26   7  22  22
   4  24   6   1  19  26  18  50  43  49  36  13  43  26   2  25   1  48  41  49  20  27  25   5  29  21  42  36  13  26  18  27  46  31  41  37  47  23  39  10  19  15   6  20  10  24   2  41  44  37  14  44  10  38  32  18  42  31  25  37  42   4  39  44  15  41  12  10  10  29  35   2   7  28  34
   2  45  22  30   5  21   4  44  32  21  28  30  44  37   1  27  30  37  43  40  20   5  37  29  42  36  40  43  28  20  32   2  45  38   9  39  17  30  17  30  24  13  25  11  41  31  12  38  50  42  36  31  22  40  32   5  37  32  48   7   6  22  19  20  24  48  16  15   6  15  33  29  15  35
  12  23  45  40  25  46  50  39  42  47  19  25   9  32  38  33  15  28  19  46  28  31  40  15   9   3  13  13  49  32   4  20  48  16   8  30  45   8  37  24  44  48  40   3  27  12  22  14  20  11  29  41  18  12  34   6   7  48   4  28  23  50   2  45   9   9  25  13  17  24  46  31  15
  44   4  14  42  22  34  23  31  26  35  10  38  50  49  47  14  33   7  36  42  44  47  22  49  17  46  46  24  33   4  45  35  23  44  46  19  23  15  44  46  14  11  23  12  11  24  49  36   4  12  29  50  42  11  44  29  16  24  30  23   5  15  45  30  13  38   5  50  10  45  45  28
  25  14  48  47   2  19  41  30  15  17  33   2  23  32  39  13   1  26  26  11  50  50  36  15  23  40  43  45  38  30  32  36  46  37  50  45  38   7  39  42   3  14  35  17  20  13  17  42  49  20  12   6   9  14  23  27  37  23  17  29  32  34  12   4  49  16  28  43  38  18  48
  10  49  37  39  16  11  10  35  43  28  20  20   4  31  42  15  34  49   2  45  31  44  14   4  38  13   6  47  25  29  18  11   8   7  30  16  39  15  20  13  41  19  14  49  17   6   3   1  23   9  41  45  30  35  33   4  31  15   6  50  33  11  29   7  45  31  26  29   2  20
  39  12  50  14   6  39  34  25   3  12  50  29  31  44  21  28  13  40  14  34  22  13  44  27  27  45  11  42  47   9  49  35  10  26  29   7  20  19  24  30   1  50   4  17  48  14  43  18  43  30   6   1  13  21  39  20  46  41  12  19  42  11  39  47  32  26  48  42  38
  23  46  48  48  16  12  28  21  49  46  49  49   5  27  26  26   2  48  15  24  14   6  18   4  36  32  31  17  10  47  12   7  21  24  22  14   9  14  37  26  37  36  39   9   7  48  12  45  35   3  36  16  47  19  46   5  46  40  10  45  39   2   6  48   1  13  38   1
  49  23  16  46  26  25  17  13  13  12  40  16  16  45  48  31  32  34  36   4  26   6  12  31  49  32  43  47  41  17  45  15  33  35  30  42   5  30  45   3  34  40  41  49   9  26  12  30  46  11  15  39  30  29   3   7   5   4  26   2  44  45  44   8  10  48  25
  25  20  36  21  46  27  28  34   5   4  21  27  19   9  12   4  30  35  22  37  26   1   8  36  46  17  36   1  47  14   8  32  33  20  16   8  42  33  37  26  44  26  48  23  48  40  22  17  38  48   2  37  19   3  43   7  39  29  45   2   9  47  50  13  24  32
   4   8  35  44  37  31  20  42   8  34  35  30  36  16  46   8   4  36  29  45  30  29  28  38  23  41  14  13   4  22  20  46  33  43  33  21   4  13  35  25  29  10   3  34  14  44  37  13  18   5   5  10   4  38  50   6  11  45   9  48  34  15   8  14  29
  35  24  19   8  49   2  23   7   6  43  17  15  27  21  25  40  50  21  29  44  31  27  14  36  28  26   4  26  48  47  28   2  24  39  38  17  32  11  11  41  21   2  22   1  50  49   8   5  49  14   8  22  47  42   3  11   1  48   4  25  13  35  48  17
   3  34   1  10  34  31  33  32  29   4  18  38  46  34  13  44  26  18  38  33   6   4  16  27  14  43  12  31  47   4  30  14  33  20  13  30   7  23  45  44  38   2  50  46  32  44  16  22  20  39  27  24  31   6   1  36  46   3   2  29   3   6  45
  33  44   5  41   2  37   8  49  19  32   9  36  16  18  34  40   6  17   8  36  25  15  19   7  29   9  47   6   6  25  34  32  49   8   9  35  24  30  18  34  10  23  42  23  25   9  36  10  19   9  20  33  33   4  11  50  32  23   3  26  44  27
  46  22  21   1  23  29   4  33  43  20  18  14  36  44  23  23  17  44  24   7  22  33  37  41  19  31  49  21   2  21   7  10  13  38  40  45  18  43   2  44  47  31  10   3  12  28  12  25  47  16  47  12  23  16  44  12   8  30  21  16   6
  48  48  40  42  19  21  12  22   7   9  34   4  19  36   8  28  19   1  14  44   9  47  19  24  47  35  23  10  25  16  10  11  35  49  39  17   1  48  47  15  25   3  30  49   6  23  27   8  11  42  15  21  48  46   9  34  38  40   9   6
   9  42   3  11  19  46  40  33  38  16   1  19   2  11   1  14   2   5  41   4  49  45  46  20  10   3  16  47  32  23  49  10   2   9  14  11  33  39  23  17   8  33  21  15  38  32  33  46  27  20  11  29  23  35  27  39  46  21  17
  31   8  33  19  15   1  13  28  34   1  11  44  46   9  34  23  19   9  30  42  40  49  23   2  34  25  34  34  22  30  38   1  29  47  36  43  23  28  49  30  19  33  26  33   6  48  45  35  14  48  39  23   4  32   7  38  34  23
   6  20  27   5  50   9  29  45   9  38  37  19  48   3   3  45  14  43   8  37  32   4   3  36  22   5  39  42   4  50  25  21  31  29  15  11  13   6  24  35   7  24  33  31  15   7  34  25  41  44  32  44  48  22  15  29  48
  36   5  26  40  27  28  13   5  26  20  15  10  23   2  34  44  45  17  31  40  29  22  49  28  47  43  28  36  23   3  41  35  33   5  10  40  40  30  12  46  33  11  39  13  42  40  22  19  21  16  38  30  21  35  35  31
   9   4  47   3   4  19  29  17  24  19  14  48  23  18  15  22   4  48  12   1  30  50  44  48  47  15  19  39   6  23  36  40  37   7  16  31  24  41  36  39  14  25  46  13   5  14  43   6   1  22   8  42  21  43  19
  44   7  13   9  26  42   7  32   6  48   7  28  46  39  35  49  37  21  42   4  21  37  31   8  34  38  39  44  27   4   6   2  31  34   1  30  49  33  45  48  37  11   7  14  41  27  38  12  12   8  21   7  45  26
  20  14   4  26  19  18  15   8  36  38  18  36  48  19  45   6   5  15   5  40   1  24  33  20  28   4  18  28  41   4  48  47  23  14  32  29  14  38  47  31  30  48  13  37  48  21  18  32   5  41   8  25   8
  20  23  10  32  24  47  27  16  14  47  13  43  27  26  43  14  46  47  45  34   2  42  46  40  19   1  46  42  50  35  26  14  11  13  36  19   1  41  23   4  18  45  36   1  49  47  17  41  19   1  19  46
  42  15  45  46  10  25  39  21  11  29   9  48   4   9  36  26  36   9  36  10  20   6  26   3  29   1  20  47  36  48  34  15  22  31  11  19  46  21  41  10  44   1  50  15  46  15  21  38  49   5  38
   8  39   2  40  20  44  30  46  34  48  41  13  25  49   9  41  21  21   6  42  38  26  15  38  22  14  25  17  47  37   4   9  38  46   2  41  44  27  42  11   5   1  48   5  12   2  23  24   7  47
  15  49  50  46  16  39  17  27  47  16  47  28  11  42  25  21   1  31  46   9  40  12  40  30  14  47  19   8  17   6  16  13  38  22  27  25  21  32  38  49  13   7   5  31  26  31  39  23  42
  26  50  22  33  42  21  40  29  15  45   8  24  19  17  10  43  39   3  31  26   8  13   9  36  13  29  22   1   2  47  10  37  19  50  17  44  17  25   3  31  16  33  41  25  23   9  48  22
  49   4  27  29  28  29  36   5  29  38  47  37  41   6  49  44  37  25   5  29   3  44   8  14  47  17  29  29   1  34  30  38  18  50  43  20   3  39  36  38  28  47   7  48  41  32  14
   9  26  42   9  37  18  25  48  45  19  45  17  32  36   1  18   7  14  27  22  11  43  47   1  25   6  12  31   8  26   7  28  32  28   2  48   2   9  37  13  25  10   9  48  25  12
  41   6  22  43  34  32  26  44  12  40  50  38  48   5  31  34  43   7  32  47  38  38  12  41  30  21  44  26  17  38  38  23   1  50  13  22  26  27  36  20  21  43  44  44  46
  37  36  48  13  23  41  47  35  18   9   6  42  35   3  44  45  32  45  50  19  13  41  29  40  31  16   2  18  43  21  29  27  24  16   5  32  24  20  47  29  27  13  36  28
  29  48   7  49  31  20  49  27  24  33  33  47  37  35  26   7   4   8  35  14  27  13   4  42  32  34  13  16  22   6  40  31  19  26  21  23   8  34  33  14  27  39  30
  17  11  35   2  44   1   8  42   4   4  20  49  11  16  22   9  26  42  30  29  10  14  35  45  39  11  18   7  30  25  17   2  44   1  28  43  49  43   4  41  28  17
  31  48   6  26  32  50  30   4  34  32  35  31   6  23   2  40  31  28  38   4  44   7  46  29  17  50  28  29  39  19  30  44  19  17  27  42  21  15  29  22  34
  43  45  45   3  15  43  48  48  12  35  16  13  50  47  17  31   4   6  22  29  25   7   2  23   3  49   5  40  39  19  28  32  32  43  37  46   2  45  49  30
  11   1  45  30   3   4  23  35  33   9  32   6  33  31  28  26  11  27  44  15  24  28  47   3  16  10  32  47  37  31  20  22   2  25  20   3  46  38  29
  36  35  48  12   2  30  24  45  23  14  48  23   6  29  25   2  31  25  43  33  13   1   1  20  50  28   2  36  26  33  25  18  24  17  17   6  29  20
  12   7   4  47  10  45  47  18  44  23  18  43  13  32  18  25  44  31  31  29  13  21   5  49   1  40  15   5  46   2  30  27   1  46   5   9  23
  19  34   1  48  35  15  23  43  19  33   7   6  29   2  15  11   2  18  25   2  22   1   8  44  39  16  30  45  44  23  45  14  27  15  29  10
  28  40   7  15  33  39  18  18  34  49   8  22  24  32  33  46  39  34  42   5  21  34   6  27  25   2  32  14  20  35  30  29  35  24  36
  17   7  32  27  34  35  33  18  21  41  45  12   3  23  21  10   4  40  45  33  46  12  47  28  10  32  32   7  37   4  17  16  46  33
  45  35  25  19  16  40  26  46   5  22   5  22   7  28  42  23  10  35  28  24  10  22   1  17  21  20   7  43  38  30  14  38  23
   2  20  32  19  20  23  27  18  38  49  30  37  25   5  40  26  45   9  46  42   8   7   3  32   9  32   2  47  27  14  29   3
  31  40  50  17  24   7  25  50  46  31  45   9  37   2  29  49  33  36  21  41  33  28  35  20  42  33  15  31   8   9  35
  15  31  39  13  22  31  50  19  37  38  18  42  30  16  32   5  28  17  46  44  20  11  38  39  36  12   7  45  29  18
  33   3  16  32  49   5  39   3  50   3  22  15  11  23  26  32  49   6  18  10  24   8  23  43  10  30   1  29  11
  29  26  28  32  16  19  30  37  33  34   5   7   1  15  17  17   4  39  30  15  48  17  47  46  10  38  43  27
  25  39  17  26  24  30   3  31  47  40   6  27   7   8  50  29  30   1  19  39  22  32   6  37  22  35  32
  34  22   6  39  18  31  28  22   2  13  47  23  47   7  15  19   6  28  47  33  16   7  16   7  37  20
  49  47   4  25  36  20   5  29  43  43  47  17  38  48  36  40   8  21  33  33  18   3  28  42  44
  28   8  50  47  45  19  43  22  47  21  27  46  46  12  28  21  14  31  41   9  25  18  49  22
  21   5  48  41  32  25   8  27  29  35   8   4   3  27  35  13   3  41  42  11  45  15   7
  25  31   6  25  20  37  46  32   3  15  36  41  32   7  47   5  16   7  30  20  16  36
  13  12   3  18  39  33  33   9   4  28  23  30  41  27  39  34  31   9  47   7   4
  37   8  14   2   4  50  39  34  12  21  21  11  18   1   2  35   9  23  48  41
  23  40   3  26   6  18  34  20  12  30   6  35  42  29   9  18  29   1   1
  39  20  39  26  31   6  25  44   1  25  33  16  21   3  36  40  31  49
  10  33  18  15  12  25  35  33  13  11  45  46   8  42  48  23  49
  21  30  12  26  13  21  20  24  11  19  32  45  25  34   8   8
   8  35  34   2  27  28  14  42  35  23  10   9   3  27  15
  29  30   6  41  29   4  30  10  40  47  14  47  14   2
  40   9   4  39  45  34  15  18  48  21  38  28  24
  30  39   5  28  46  48  47   8  10  29  24  47
  12   7  25  31  50   1  31  32  14  39   7
  38   5  17   3  44  31  26  26  13  37
  39  39  16  32   8  45  27  14   6
  32  29  35  25  21  47  17  23
  33  14   6  26  37  35  17
  32   9  31   7  37  38
  40  20   1   2  11
  44  23  40  41
  22  19  23
  20  17
  21

 1896
  21  20  25  11  17  20  20   4  10   6  16  21  16   9  17  13  19  11   8   7  12  20  13  20  16  13   2  16  22  12  15   1  20   4  13   5  25  20  16   1  20   9  13  13  15  11   6  22  21  25  12  18  15   1  24   5  13  16  20   8   4   7  24  17  18  10  10   2  10  17   4  24  16  19   9  13   5   9  25   2  17  20   9  11  21   7  18   8   5   1  22   6  18  25  22  11  11  20   6  19  24  18  16  12   4  23   1   8   5   7  17   6   2  25  23  21  24  24  12  19  23  15  21   2  19  22  22  20  22  23  20   7  18   5   9   1  15   8  15  17

