 140 
   0  48  29   0   0   0   0   0  16   0   0   0   0   0  50  24   0   0  45   0   0   0   0   0   0  26   0   0   0  27   0   0   0   0   0   0   0  34  16   0   0   0   6   8  40   0   0   0   0   0   0   0   0   0   0   0  33   0   0   0   0   0  13  44  18   0   0   0  41  24   0  15  39   0   5   0   0  29   0   0   0   0   0   0   0   0  29   0  41  25   0   0   0  21   0   0  36   0   0   0   0   0   0   0   0   0   0   0   0   0   0   0   0   0   0   0   0   0   0   0   0   0   0   1   0   0   0   0   0   0  12   0   0   0   0  28   6  15   0   0
   0   0   0   0  48   0   0   0  24   0   0  27   0   0   0   0   0   0   7   0   0   0   0   0   0  36  16   0  46  44   0   0   0   0   0  27   0   0   0   0   0   0  37   0   0   0   0  50   8  34   0   0   0   0   0   0   0   0   0   0   0   0   0   0   0   0   0   0   0   0   0   0   0  23   0   0   0   0   0   0   0   0   0   0   6   0   0   0  28   0  20  45   0   2   0  33   0   0  13   0   0   0   0   0   0   0   0  35   0  22   0  47   0   0   0   0   7   0   0   0   0   0   0  36   0   0   0   3   0   0   3   0  35   0  39   0   0   0  13
  24   0   7   0   0   0   0   0   0  17   0   0  28   0   0   0   0   0   0   0  30  21   0   0   0   0   0   0   0   0   0   0   0  44   0  42   0   0   0   6   0   0   0   0   0   0   0   0   0   0   0  24   3   0   0   0   0   0   0   3   0   0   0   0   0   0   0  28   0   0   0   0  17   0   0   7   0  28   0   0   0   0   0   0   0   0   0  36   0  33  45   0  38  30   0   0  34   4   0   0  31   0   0   0   1   0   0   0   0   0   8   0   0   0   0   0   0   0   0   0   0   0   0  11   0   0  37   0  23   0   4   0   0   0  15   0   0  24
  39  19   0   0   0   0   0   0   0  28   0   0   0  29   0   0  19   0   0   0   0   0   0   0   0   0   0   0   0   0   0   0  34   2   0   0   0   0   0   0   0   0   0  11  32  28   4   0   0   0   0   0   0   0   0   0   0   0   0   0   0   3   0   0   0   0   0   0  27   0  22   0  23   0   8  21   0   0  49   0   7   0   0   0   0   0   6   0   0   0   0  16   0   0   0   0   0   0   0   0  30   0   0   0   0   0   0  27   0   0   0   7   0   0   0   0  33   0   0  29   0   0   0  23   0  31   0   0  21   0   0   0   0   0   0   0   0
  40   0   0   0   0   0   0   0  20   0   0  40   0   2   0   0   0  23   0   0   0   0  15   0   1   0   0   0   0   0  31   9   1   0   0   0   0   0   0   0  38   0   0   0   0   0   3  43   0  15   0   0   0   0   0   0   0   0  13   0   0  47   0   0  34   0  43   0   0   0   0   0   0   0   0   0   0   0   0   0   0   0   0   0  44   0   0   0   0   0  33   1   0  44   0   0   3   0   0  32   0   0   0   0  42   0  19  20   0   0   0   0   0   0   0   0   0   0   0   0   0   0   0   0   0  47  47   0   0   0   0   0   0   0   0   0
   8   0   0   0   0   0  16  13   0   0   0   0   0   0  17   0   0   0  31   0  11   0   0  11  10   0  39   0   0   0   0   0   0   0   0  19   0   0  23   0   0   0  47   0   0   0  37  44   0  33  34   0   0   0   0   0   0   0  11   0   0   0   0   0   0   0   0   0   0   0   0   0  15   0  17   0  39   0   0   0  12   0   0  41   0   0   0   0   0   0   0   0   0   0   0   0   0   0   0   0   0   6   0   0   0   0   0   0   0   0   0   0   0   0  27   0  27   0   0   0   0   0  38   0   0   0   0   0   0   0   0   0   0   0   0
   1   8   0   0   0  34   0   0   0   0  38  48  36   0   0   0   0  11   0  31  15   0   0   0   0   0  33  32   0   0   0   0  42   0  17   0   0   0   0   0   0   0   0   6   0  16   0   0   0   0   0   0   0   0   0   0  16   0   0   0   0   0  28   0   0   0  16   0   0  50   0  21   0   0   0   0   0   0   0   0   0   0   0   6   0  27   0   0   0   0   0   0   0   0   0  24  45   0   0   0  19   0  45   0  46  17   0   0   0   0   4  48   0   0   0   0   0  43   0   4   0  36   0  45   0   3   0   0   0   0  45   0   0   0
  16   0   0   0   0   0   0   0   0   0  34   0   2   0  19   0   0   0  34  13   0  42   0   0   0   0   0   0   0   0   0   0   0  15   0   0   6  37   0  23  22   0   0   0   0   0   0  49   0   0   7   0   0   0   0   0   0   0   9   0   0   0   0   0   0   0   0   0   0   0  29   0   0   0  18   0   0   0   0   0   0   0  45   0   0  38  45   0  35  48  30   0   0   0   0   0   0   0   0  10  22  50   0   0   0   0  25   0   0   1   0   0   0   0   0   0   0   0   0  37   0   0   0   0   0  46   0   0   0   0  12  23   0
   0   0   0   0   0   0   0   0   0   0   0  28  13  38   2   0   0   0   0   0   0   0   0  26   0   0  31  19   0   0   0   0   0  20  17  48   0  26   0   0   0   0   0   0  26   0   0   0   0   0   0   0   0   0  21   0   0   0   0   0   0   0  13   0   0   0   0   0   0   7  14  28   9   0   0  11   0   0   0  27   0   0   0   0   0   0   0   0   0   0   0   0   0  20   0  24   0  24   0  46  24  21   0   0   0   0   0   0   0   0   0   0   0   0   0   0   0   0   0   0   0  27   0   0   5   0   0   5   0  17  23  50
   2  32  10  13  25   0  28   0   0   0   0   0   0   0   0   0   0   0   0  43   7   0   0   0  36   0   0  23   0   6  11   0   0   0  50   0  43   0  25   9   0  20  10   0   0   0   0   6   0   0   0   0   0   0   0  43   0   3  31   0   0   9  12   0   0   0   0   0   0  22  29   0   6   0   0   0   0  31  16   7   0   0  12   0   0   0   0   0   0   9   0  33   0   0  28   0   0   0   0   0  21   0   6   0   0   0   0   0  35   0   0   0   0   0   0   0   4  17   0   0   4  40   0   0   0   0   0   0   0   0   0
  43   0   0   0   0   0   0   0   0   0   0   0  44   0   0  40   0  45   0   0   0   0   0   0   0   0   0  20   0   0   0  14  39  45   0   0   0   8   0   0   0   0   0   0   0  14   0   0   0   0   0   0   0   2   0   0   0   0   0   0   0   0   0   0   0  37   0   0   0   0  28   0   0  41   0  23  50   0  15  26   0  30   0  25   0   0   0   0   9   0   0  32   0   0  34   0   0   0   0   0   0   0   0   0   0   0   0   6   0   0   0   0   4   0   0   0  39   0   0   0   0  46   0   0   0   0  10  26   0  10
   0  33  43   0   0   0   0   0   0   0   0   0   0  34   0   0   0   3   0   3   0   0   0   0   0  29   0   0   0   0  19   0   0   0   5  15   5  30   0   0   0  34   0   0   0   0  37  31   0   0   0   0   0  18   0   0   0   0   0   0   0   0   0   0  34   0   7   0  26  30   6   0   0  45   2   0   0   2  15   0  15  19   0   0   0   0   0   0  42  50   0   0   0   0   0   0   0   0   0   0   0   0   0   0   0   0   0  31   0   0   0   0   0  45   0   0   0   0   0  42   0  42   0   0   0   0   0   0   2
   0   7   0   0  21   0  24  44  26   0   0   3   0   0   0   0   0   0   0   0   0   0  50   0   0   0   0   0   0   0   0   0   0   0  46  40  42   0   0   0   0   0   0   0  22   0   0   0  36  31  34   0   9   0   0   0   0   0   0   0   0   0  31   0   0   0  33   0   0   0   0  49   0   0   0  40  27   0   0   0   0  16  48   0  14  42   0   0   0  12   0  25   5   0   0   0   1  33  25   0   0  39   0   0   0  21   0   0   0   0   0  27  21   0   0  27   0   0   0   0   0   0   0   0   0  50   0   3
   0  50   0   0   0   0  41   0   0   0   0   0  11   0   0   0   0   0   0   0   0   0   0   0   0   0   0   0   0   0   0   0   0  28   0   0   0  43  50   0  23   0   0  32   0  10   0   0   0  22   0  18   0   0  48   0   0   0   0   0  49   0   5   0   0   0   0   0  11   0   0  27   0   0  32   0   0   0   0  29   0   0   0  39  11   0   0   0   0   0   0   0   0   0  23  48   0   0   0   0  10   0   0   0   0  43   0   0   0   0   0   0  14   0   2   0   0   0  22   3  40  24   0   0   0   0   0
  37   0   0   0   0   0  24   0   0   0   0   0   0  27   0   8   0   0   0   0   0   0  26  17  21   0   0   0   0   0  29  46  45   0   4   0   0  50   0   0   0   0   0   0  32   8   0   0   0   0   0   0   0  27   0   0   0   0   0   0  43   0  18   0   0   0   0  19   0  45   0   0  42   0   0   0   0   0  33   0   0   0   0   0   0   0  25  37   0   0   0   0   0   0   0   3   0   0   0   0   0   0  28   0   0   0   0  37   0   0   0   0  17   0   0   0   0   0   0   0   0   0   0   0   0   0
   0   0   0   0   0   0   0   0   0   0   0   0   0   0   0   0   0  37   0   0   0   0   0   0   0   0   0   6   0   0   0   0   0   0   0   0   0   0   0   0  38  42  34   0   0   0   0  25   0   0   0   0   0   0   0   0   0   0   0   0   0   0   0   0   0   0   0   0  33  10   0  15   0   0   0   0   0  45   0   0  13   0   0   0   0   0   0   0  44  20   0   0   0  32  22   0  11   0  47   0   0   0   0   0   0   0   0   0   0  24   0   0  45   0   0   0  44   0  16   0   0   0   0   0   0
   0   0  34   0  21   0   0  15   0   0   0  35   0   0   0  20   0   0   0   0   0   0  23   0   0   0  22   0  31   0   0   5  44   0   0   0   0   0   0   0   0   0   0   0   1   0   0   0   0   0   0   0   0   0   0   0  28   0   7  17   0   0  46   0   0   0   0   0  44   0   0  10   0   0   0  24  44   0   0   0  16   0  33   0   0   0   5   0   0   0  50   0   0   0   0   0  14   0   0   0   0   0   0  43   0   0  28   0   0  47  42  44  38   0   0   0   0   0   0   0   0   0   0   0
   0   0   0   0   0  37   0   0   0   0  50   0  41  14   0   0  40   0   0   0   0   0  42   0   0  31   0   8   0  36   0   0  41   0   0   0   0   0   0   0   0   0   0   0   0   0   0   0  35   0   0   0   0   0   0   0  47   0   0   0   5  23  24   0   0  46   0  38  20  35   0   0   0  42   0   0   0   0   0   0  24   1   5   4   0   0   3   0   0   8   0   0   0   0   3   0   0   0  38   4   0   0   0   9   6   0   0   0   0   0   0   0   0   0   0  43   0  34   0   0   0   0   0
   0  10   0   0   0   0   0  41   0   0   0  11   0   0   2  42  15   0   0  28   0   0  34   0   0  37   0   0  46   0  17   0   0  33   0   0  37   0   5   0   0   0   4   0   0   0   0   0   0   0   0   0   0   0   0   0  33   0   0   0   0   0   0   0   0   0   0  41   0   0   0  24   0  34   0   0  29   0  24  11   0  37   0  36   0   0   0   0   0   0   0   0   0   0   0   0  14   0   0  37   0   5  32   0   0   0   0   0  38   0   0   0   0   0   0   0   0   0   0   0   0   0
   0   7   0   0   0  10   0   0  31   6   0  48  11   0   0  11   0   0  28   0   0   6   0   0   0   0   0   0   0   0   0   0  48   0   0   0   0  34   0   0  34   0   0  14   0   4   0  40   0   0   0   2  14   3   0   7   0   4   0   0   0   0  15   0  30   0   0   0   0   0  25  11  13   0   0   0   8   0   0   0   7   0   0  44  18  34   0   0   1   3   0   0   0   0   0   0   0   7   0   0   0   7   0   0   0   0   0   0   0   0   0   0   0   0   0   0  49  28   0   0   0
   0   0   0  32   0  43   0   0   0   0  30  25   0  15   0   0  26  29   0  12   0  15   0   0   0   0   0   0  11   0   0   0   0   0   0  48   0   0   0  23   0   0   0   0  42  40   0  40   0   0   0  35   0   0   0   0   0   0   0   0   0   0   0   0   0   7   0   0   0   0   0  39   0   0   0   0   0   0   0   0  45   0   0  37   0   0   0   0   0   0   0   0  14   0   0   0   0  10  28   0   0  43   0   0   0   0   3   0   0   1  38   0   0   0   0   0   0   0   0   5
   0  43   4   0   0   0  48   0   0  28   0  22   0  37   0   0  25  12   0   0   0   0   0   0   0   0   0  21  43   0  31   0   0   9   9  37  27  16  38   5   0   0   0   0   0   0   0  14   0   0   0  17   0   0   0   5   0   0   0   0  14  29  21   0   0   0   0   0   0  42   0   0   0  32   0   0   0  50  33   0  27  28   0   0   0   0   0   0   0   0   0   0   0   0   0   4  27   0   0   0  28   0   7   0   0   0   0   0   0   0   0   0   0   0   0   0   0   0   1
   3   0   0   0  42  10   0   0   0   0   0  33   0  30   0   0  34   0   0  25   0  30   0   0   0   0  42   0   0  48  26   0   0   0   0  46   0   0   0   0   0  26   0   0   0  15   1   0   5   0   0   0   0   0  36  21  22   0   0   0   0  35   0   0  47   0   0   0   0   0   0   0  33   9   0   0   4   0   0  45   0   0   0   0   0  15   0  26   0   0   0   0   0   1   0   0  35   0   0   0   0   0   0   0   0  31   0   0   0   0   2   0  33  36   0   0   0   1
   0   0   0   0  13  13   0   0  31   0   0   0   0   0   0   0   0  30   0   0   0  14  12   0   0   0  50   0   0   5   0   0   7   0   0   0   0   0   3  34  38   0   0   0   0  30   0  17   0   0   0  33   0  17   0   3  33   0   0   0   0  20   0   0   0   0   0   0   0   0   0   0   0   0   0   0  34  40   0   0   0   0   0   0   0   0   0   0  21  21   0  42   0   0   0  12   4   0   0   0   0   0  45   0   2  40   0   0  13   0   0   0   0   0   0   0  47
  14   0   0   0   0   0   0  30  26   5   0   0   0   0  30   0   0  22   0   0   5   0   0  24  39  29   0   0   0   0   0   0   0   0  36   0   0   9  11   0   0   0   0   0   0   0   0  46   0   0  25   0  31   0   0   0   0  13   0   0   0   0   0   0   0   0  18   0  29   0   0   0  20   0   0  18   0   7   0   0   0   0   0   0   0   0   0   0   0   0   0   0   0   0  32   0   0  25   0   0  21   0   0  38   0   0   0   0   0   0  37   0  42   0   0   0
   0   0   0   0   0  38   0   0  20   0  31  15   0   0   0   0   0   2   0   0   9   0   0   0   0  20  17   7  36   0  32   0  40   0  49  19   8  46   0   0   0   0  21   0   0   0  46   0   0   0   0   0   0   0   0   0   0   0   0   0  20   0  20  27   0  24  10   0   0  26  29   0   0   0  43   5   0   0   0   0   0   0   0   0   0   0  28   0   0   0   0   0   0   0   0   0  38   0   0   0   0   0   0  34   0   2   0   0   0  38   0   0   0   0   0
   0   0  28  17   0  28   0   0   0  20   0   0   8   0   0  36  24   0   0   0  10  49   0   0   0   0   0   0   0  21   0   0   0   0   0   0   0   0  49   0   0   6  36   0  10   0   0   0   0   0   0   0   0   0   0   0  41   0   0   0   0   0   0  50   0  19   0  31  48   0   0   0  20   0   0   0   0   0   0   0   0   0   0   0   3   0   9   0   0   0   0   0   0   0  47   0   0  12   0   2  22  36   0   0   0   0   0   0   0   0   0  39   0   0
  35  30   0   0   0  26   0  44   0   0   8  21   0   0  47   0  46   0  35   0   0   0   0   0  36  23  24  25   0   0   0  14  12   0   0   0   0  45   0   0   0   0   0   0   0  18   0   0   0   0   0   0   0   0   0   0   0   0   0   0   0   0   0   0   0   0   0   0   0   7   0   0   0   0   0  13  48  19   6   0   0   0   0   0   0   0   0   0   0   0   0   2   0   0   0   0   0   0   0   0   0  39   0   0  29   0   3  15   7   0   0   0   0
   0  47  42  37   0   0   0   0   0   0   7  20   0   0  45   0   0   0   0   0   0  15   0  28   0   0   0   1  27   0   0   0   0   0   0   0   0   0  38  41   0   0   0   0   0   0   3   0   0   0   0   0   0   0   0  18   0  30  44   0   0   0  40   6   0   0   0   0   0   3   0   0   0   0   0   0   0   0   0   0  49   0  39   0   0   0  36   9   0   0   0   0   0   0   0  44   0   0   5  47   0   0   0   0   7  33   3   0   0   0   0   0
   1   0   0   0  49   0   0   0   0   0   0   0  38  25   0  49   0   0   0   0  28   0   0   0   0   0   0   0   0   0   0   0   0  45   0   0  23   0   0  39   0   0   0   0   0   0   0   0   0  25   0   0   0   1  35  34   1   0   0   0   0  31   0   0   0   0  39   5   0   0   0   0   0   0   0   0   0   0   0  43   0  16   0   0  47  11  49   0   0   0   0   0   0   8   0   0   0   0   0   0   0   0  29   0   0   0   0   0  41   0   0
   0  29   0   0   0   0   0   0   8   0   9   0   0  44   0   0   0  50   0   0   0   0  21   0   0  18   0   0   0   7  23   0   0   0   0  37   6   0   0  29  42   0   0   0   0   0   0   0   0   0   0   0   0  44   0   0   0   0  50   0   0   8  19   0   0  39   0   0   0   0   0  45   0   0   0   0   0   0   0   0   0   0   0   0  22   0  16   0   0   8   6   0   0   0   0   9   0   0   0   0   0   6   0   0  16   0   0   0   0   0
   0   0   0  37   0   0  37   0   0   0   0  46   0   0  15  21   0  11  42   0   0   0  13   0   0  45   0   0   0  41   6   0   0  28  36   0   0  37   0  16   0   0   7  11   0  41   0   0   0   0   0   0   0  18   0   0   0   0  48   0   0   0   0   0   0   0   0   0  10   0   0  46   0   0  21   0   0   0  11   0   0   0  40   0   0  16  41  17   0   2   0   0   0  46   0   0   0   0  37   0   0   0  38   0  12   0  37   0  31
   0   0   0  12   0   0   0   0   0   0   0  18   0   0   0   0  50   3  30   0   0   0   0   0   0   0  25   0   0   0  28   0   0   0   0  34   0   0   0   0   0  50   0   0  13   0  21   0  21   0   0   0   0  12   0   0   0   0   0   0   0   0   0   0  34   0   0   0   0   0   0  21   0   0   0   0   0   0   0  20  15   0   0   0   0   0   0   0   0   0  38  20   0   0  30   0   0   0  41   0   5   0   0   0   0   0   0   0
   0   0   0  21   0   0   0   0  34   0   0   0   0   0  17  23  24   0  13   0  23   0   0   0  36  19   0   0  47   0   0  46   9   0   0   0   0  28   0  36   0   0   0   0  12   0   0   0  32   0  37   0   0  32   0  27   0   0   0   0   0  48   0   0   0   0   0   0   3   0   0   0   0   0   0   0   0   0   0   0  41   0   0  14   0   0   0   0   0   0   0   0   0   0   0   0  36   0   0   0   0   0  39  49   0   0   0
   0  41   0   9   0   0   0   0   0   0   0  15   0  31   0   0  50   0   0   0   0   7   0   0   0  36  42   0   0   0   0   0   0   0   0   0   0  49   0   0   0   0  45   0   0   0   8   0   0   0   0   0   0   0   0   0   0   0   0   0   0   0   0   0   0   0   0   0   0  23   0   0  13   0   0   0   0   3   9   0   0   0   0   4   0   0   0   0   0   0   0  49  10  38   0   0   0   0   0   0   0   0   0   0   0   8
  26   0  27   0   0  36   0   5   0   0   0  11   0   0   0   0  41   0   0   0   0   0   0   0   0   0  41   0   0   0   0  32   6   0   7   0   0   0   5  45   0   0  41   0   0   4   0   0   0   0   0   0  12   0   0   0   0   0   0   0   0   0   0   0   0   0   0  44   0  25   0   0   0   0   0   0   0   0   0   0   0   0   0   0   0   0   0   0   0   0   0  24  29   0   0   0   0  33   0  31   0  10   0   0   0
   0   0   0   0   0   0   0  19   0   0   0  15   0   0   0   0  30   0   0   0   0  43   0   0   0   0   8  31   0   0   0   0   0   0   0  10   9   0   0   0   0   0   0  24   0   0   0   0  30  38  41   0   0   0  36   0   0   0   0   0  48   0   0   0   0  36   0   0   0   0   0   0   0   0   0   0   0   0  36   0  29   0  40   0   0  32   7  48   0  41   0  13  20   6  48   0   0   0   0   0  48   0   0  46
  13  46   0   0   0   0   0   0   0   0   0  40   0  23   0  45   0   0  20   0   0   0   0  33   0   0  50   0   0   0   0   0   0   0   0   0  48   0   0  42   6   0  27  22   0  10   0   0  21   7   0   0   0  14   0   0   0   0   0   0   0   0   0   1   0   0   0  43   0   0   0   0   0  29   0   0   0   0   0   0  31   0   0   0   2  17   0   0   0   0   0   0   0   0   0   2  20  34   0   0   0   0   0
   0   0  11   0   0  46   0   0   0   0   0   0   0   0   0   0   0   0   0   0   0   0   0   0  42   0   0   0   0   0   0   0   0   0   0   0   0  36   0   0   0  19   0   0   0   0   0   0   1  33   0   0  17   0   0   0   0   0   0   0   0   0   0  24   0   0  12   0   0   0  39   0  28   0   0   0   0  49   0   0   0   0   0   0   0   0  17  27   0   0   0   0   0   0  38   0   0  29   0   0   0   0
   0   0   0   0  25   0   0   0   0  44   0   0   0   0   0   0   0   0   0  47   0   3   0  50   0   0   0   0   0   0   0   0   0   0   3   0   0  10   0   0   0   0   0  36   0  36   0   0   0   0   0  13   0   0   0   0  35   0   0   0  38   0   0   0   0   0   0   0   0   0  45   0   0   0   0   0   0   0   0   0   7   0   0   0   0   0  16   0   0  38  44   0   0   0   0  49   0  43   0   0   0
   0   0  15  26   0   0   0   0  23   0  44   0  11   0   0   0   0   0   0  23   0  21   0  44   4   0   0   0   0   0   0  11  48   0   0   0   0   0   0   0   0  49  11   0   0   0   7   0   0  46  10   0   0   0   0  23  46   0   0   0   0  50   0  11   0   0   0   0   0   0   0   0   0  48   0  36   0  31   0   0   0   0   0  33  24   0   0  39   0   0   0   0   5   0  46   0   0   0   0   0
  21   0   0   0   0   0  46   0   0  23   0   0   0   0   0   0   0  15   0   0   0  33   0   0   0   0   0  23   0   0  10   0  50   0   0  21   0  37   0   0   0  43   0   0   0   0  24   0   0   0  19   0   0   0  33   0   0   0   0   0   0   0   0   0   0   0   0   0  37  12   0   0   0  40   0   0  50   0   0  27   0   0   0   0   0   0  10   0   0  33   0   0   0   0  25   0   0   0  21
   0  28   0   0   0   0   0   0   8   0   0   0  19   0   0   0   0   0   0   0  13  14   0   0   0   0   0   0   0  39   0   0   0   0   0   4   0   0   0   0   0   0   0   0   0   0   0  24   0  38   0   0   0  20   9   0   3   0   0   0   0   0   0   0  42  13   0   0  11   0  46   0  29   8   0   0   7   0   9   0   0   0   0   0   0  11   0   0   7   0   0   0  43   0  47   0  10   0
   0   0   0   0   0   0   0   0   0   0   0  16  42   0   0   0   0   0   0  48  14   0   0   0   0   0   0  33   0   0  28  46  19   0  31   0   0   0   0   0   8  17   0   0  21   0   0  38   0   0   0   0   0   0   2   0   0   0   0   7   0   0   0   0   0   0   0   0   0   0  44  38   0   0   0   0  44   0   0   0  15   0   0   0   1  20   0   0   0   0  22  34   0   0  48  26   0
  50   0   0   0   0   0   0   0   0   0   0   0  47  39   0  10   0   0  33   0   0  19  12   0  44   0   0  19   0   0  47   0   0  12   0   0  19  32   0  32   0  39   0   0   0   4  33   0   0   0   0   0  36   0   0  34   0   0   0   0   0   6   0   6   0  23   0   0   0   8   0  27   0   0   0   2   0   0  22   0   0  46  32   0   0  24   0   0   0   0   0   0   0   0   0   0
   0   0   0   0   0   0   0   0   0   0   9   0   0   0  43  14   0   0   0   0   0   0   0   0   0   0   0   0  19   0   0  23  50  10  27   0  26   5   0   3   0   0   0   0   0   0   0   0  27  23   0  48   0   0   0   0   0   0   0  26   0   0   0   0   0  39   0   0  32   4   5   0  41   0   0  28  11   0   0   0   0   8   0   0   0   7   7  14   0   0  37   0   0   0   0
  50   0  20   0   0  25   0   0   0  31   0   0   0  45   0   0  15  30   0   0   0   0   0  26   0   0   0   0   0  10   0   0   0   0   0   0   0   0  24   0   0  17   0   0   0   0  17   0   0   0   0   0  41   0   0  16  37  47   0  17   0  20  14   0   0   0   0  32   0  16   0   0   0   0   0   0   0  38   0   0   0   0   8   9   0  24   0   0   0   0   0   0   0   0
  37   0   0  17   0   0   0   0   0  11   0   0  22   0   0   0  17   0   0   0  29   0   0   0   0   5  43   0   0   0   0   4   0  24   0   0   0   0   0  20   0   0  33   0  35   0   0  15   0   0  11   0   0   0   0  30   0   0   0   0   0   0   0   0   0   0   0   0   0  13   0   0   0   0   0   0   0  24  21  34   0  37  37   0   0   0   0   0   0   0   0   0   0
  31   0   0   0   0   0   0  16  33   0   0   0  38   0   0   0  18   0   0   0   0   0   7   0  19   0   0  39   0   0   0   0   0   0   0   0   0   0  30   0   0   0   0  27   0   0   7   0   0   0   0   0  45   0  33  16  43   0   0  10   0   0   0   0  14   0   0  29   0   8   0   2   0   0   0   0   0   0   0   0   0   0   0   0   0   0   0   0   0   0   0   0
   0   0   0   0   0   0  24   1   0   0  41  28   0   0   0   0   0  37   0   0   0   0   0   0   0   0   0  34  29   0   0   0   0  22   0   0   0   0  29   0   0   0   0   0   0   0   0  44   0   0   0   0  31   0   0   0   0   0   0   0  18   0  20  16   0   0  25   0   0  39   1  26   0   0  39   8   0   0   0  26   0   0   8   0   0   0   0   0  38   0   0
   0  19  33   7   0   0   0   0   0   0   0  37  37   0   0   0   0  42   0   0   0   0   0  20   0   0   0  11   0   0   0   0   0   0   0   0   0  42   0   9   4  46   0   0   0  45   0   0  19  26   0   0   0   0  42   0   0   0   0  33  23  32   0   0   0  42   0   0  39   0   0   0   0   0   0   0   0  23   0   0   0   0  38  49   0  17  24   0   0   0
   0   0   0   0  25   5   0   0   0  39  11   7  31   0   0   0   0   0   0   0   0   0   0   0   0   0   0   0  19   0   0  45   0   0   0   0   0   0   0   0   1  16   0   0   0   0   0  37   0   0   0  47   0   0  29   0  13   0   0   4   0  36  13   5   0   0   0  47   0   0   0  12   0   0   0   0   0   0  47  24   0   0   0   0   0   0   0   0   0
   0  18   0   0   0   0   0   0   0   0  50  43  32   0  43   0   0   0   0   7   0  46  36  17  12   0   0   0  28   0   0   0   0   0   0  37   0   1   0   0  22   0   9   0   0   0   0   0   0   0   0  49   0   0  37   0   0  11  15   0   0   0   0   0   0   0   0   0   3   0   0   0   0   0   0   0  44  50   0   7   0  22   0   0   0   0   0  47
  38   0   9   0   0   0  26  16   0  45   0   0   4  30   0   0   0   0   0   0   0   0   0  42  20   0   0   0   0   0   0   0   0   0   0   0   0   0   0  30  11   0  19   0   0   0   0   0   0   1  12   0   0   0   0   0   0   0   0   0   0  42   0   0   0   0   0  10   0   0   0   0   0   0   0   0   0   0   0   0   0   0   0   0   0   0   0
   0   0   0   0  21  26  41   0   4   0  10  31   0   0   0   0   0   0   0   0   0   0   0   9   0   0   0   0   0  47  37   0   0   0   0   0   0   0   5   0  43   0   2  23   0  39   0   0   0  38   0  49   0   0   0  35  39   0   0  50   0  48   0   0   0   0   0  27   0   0   7   0   0   0   0   0   0   0  30   0  43   0   0   0   0   0
   0   0   0   0  13   0   0   0   0   0   0   0   0   0   0   0  22   0   0  38   0   0   0   0   0   0   5   0   0   0   0  30  37  31   0   0  30  41   0   0   0  22   0  37  46   0   0   0   0   4   0  42   0  30   0   0   0   0  25   0   0   0   0   0   0   0   0   0  44   0   0  10   0   0   0   0   0   0   0   0   0   0   0   0   0
   0   0  34  22  49   0   0   0   0   0   0  14   0   0   0   0   0  13   0  47   0   0   0   0   0  35  40   0   0   0   0   0   0   0   9   0   0  40  25  35   0   0  27   0   0   0   0  40  17   0   0   0   0  34   0   0   0  22   0  17   0   0   0   0   6   0   0   0   0   0   0   0   0   0   0   5   0  16   0   0   0   0  18  45
   0   0   0   0   0   0  47   0   0   0   0   0   0   0   0   0   0   0   0   0   0  45   0  17   0   2  25  19   0   0   0   0  39   0  21  37   0   0   0   0   0   0   0   0   0   0  31   0   0   0   0   0   0   0  50   1   0   0   1   0   0   0  20   0   0   0   0   0   0   0   0   0   0   6   0   0   0   0   0   0   0   0   0
   0   0  11  17   0   0   6   0  10   0   0   0  27   0   4   0   8   0   0   0  35   0   0  27  25   8   0   5   0  27   0  20   0   0   0   0   0   0  42   0   0   0   0   0   0   0   0  26   0   0   0   0   0   7   0   0   0   0   0  34   4   0   0  33   0   0   0   0   0  47   0   0   0   0  11   6   0   0   0   0  30   0
   0   0  43   0   0   0   0   0   0   0   0   0  23   0   0   0   0   0   0   0   0   0   0   5  20  38   0  42   0   0  37   0   0   0   0   0   0   0  35   0  42   0   0   0   0   0   4   0   0   0   0  32   0   0  32  10  40   0  30   0   6  25   0   0   0  40   0  13  44  20   0   0  42   0  38   0  44   0  42   0   0
   0   0  49   0   0   0   0   0   0   0   0   0  31   0   0   0  40   0   0   0   0   0   1   0   0  50  13   0   0   0   0   0   0   0   0   0  28   0   0   0   0   0   0   0  31  40   0  40  27   0   0  39   0  37   0   0   0   0   0   0  38   9   0   8   0   0   0  30  37   0   0   0   0   0   0   0   0  23   0   0
   0  38   8   8   0   0   0  50   0   0   0   0   0  17   0   0   0   0   0   0   0   0   0   0   0   0   0   0  37  17  17   0   0   9  49   0   0   0   0  17   0   0   0   0   0   0   0  32   0   0   0  31   0   0   0   0   0   0  41   0  35   0   0   0   0   0   0   0   0   0   0  44   0   0   0  14   0   0   0
   0  31   0   0   0   0   0   0   9   0  14   0   0   0  15   0   0   0   0  45   0   0  33   0   0   0   0   0   0   0   0   0   0   0   7   0  12   0   0   0   0   0   0   0  38   0   0   0  13  10   0   0   0   0   0   7   0   0   0   0  14   0   0   0   0  37   0   0   0   0   0  32   0   0   0   0   2  32
   0   0  26   0   0  47   0  48   0   0  27  25   0  33   0   0   0   0   0   0   0   0   0   0   1   0   0   0   0   0   0  14   8  48   0  30   0   0   0   0   0   0  16   0   5   0  34   0  25   0   0  34   0  35   0  16   0  31   0   0  41  40   0   0   0   0   0   0  46   0  44   0  44   0   0   4   0
  33   0   0  49  14   0  41  23   0   0  26   0   0   0   0  40   0   0   0  21   0   0   0   0   0   0  11   0   0   0   0   0   0   0   0   0  23   0   0  41   0   0   0   0   0   0   0   0   0   3   0  37   0   0   0   8   0   0   0   0   3   7  34   0   0  33   7   0   0   0   0   0   0   0   0  27
   0   9  33   0   0   0   0   0   0   0  48   0   0   0   0   0   0   0   0   0   0   0   0   0   7   0   0   0   0   0   0  37   0   0   0   0   3   6   0  28   0   0   0   0   0  27   0  35   8   0  37   0   0   0   2   0   1   0   0   0   0   0   0   0   0   0   0   0   6   0  28  30   0   0   0
   4   0  21   9  46   9  41   0   0  33   0   0  33   0  28   0   0  34   0   9   0  32   0   0   0   0   0   0   0   0  28   0   0   0   0   0   2   0   0   0  46   0  41   0  35   0   0  29   0   0   0   0   0   0   0   0  32  24   0   0   0  44  47   0   0   0   0   0   0   0   0  32  49   0
   0  44   0  15   0   0  31  34  17   0   0   0  37  35  14   0  49   0   0   0   0   0   0   0  17   0  38  26  38   0   0   0   0  42   0   0   0   0   0   0   0   0   0  12   0   0   0   0   0   0   0   0  39   0   0  35  32   0   0  27   0   0  23   0  15   0   0  45  12   0   0   0   0
  38   0   3   0   0  36   0   0   0   0   0   0   0   0   0  48   0   0   0  43   0   0  33   0   0   0   0   0   0   0   0   0   0   0   0   0  43   0   0  48   0   0  22   0  39   0   0   0   4   0   0   0  34   0   0  45   0   0  32   0   0   0   0   0   0  29  21   0   0   0  37   0
   0   0   0   0   0   0   0  37   0   0   0   0   0   0   0   9   0   0   0   0   0   0   0   0  47   0  38   0   0   0   0   0   0   0   0   0  41  38   0   0   0   0   1   1   0   0   0   0   0   0   0  12   0   0   0   0  44   0   0  26  30  33  31   0  39   0   0   0   0   0   0
   0   0   5   0   0   0   0   0   0   3  26   0   0   0  17  28  11   0   7   0   0   0  36   1  12   0   0  38   0   0   0   9   0   0   0  11   0   0   0   0  25   0   0   0   0   0  26   0   0   3  29   0   0   0   0  34  46  11   0   0   0   0  40   0   0   0   0   0   0   0
  36   0  17   0   0   9   0   0   0   0   0   0  10   0   0   0   0   0  41   0   0  32   0   0   0   0  32   0   0   0   0   0   0  30   0   0   0  40   0   0   0   0   0   0   0   0   0   6   0   0   0   0  15  28   0   0   0   0   0  22   0   0  36   0   0   0  31   0   0
   7   0  33   0  40   0   0  22   0   0   0   0  47   0   0   0   3  34  33   0  48   0   0   0   1  40   0  45   0   0   0   0   0   0   0  27   0   0  40   0   0   0   0   0  39   0   0   0   0   0   0   0   0   0   0   0  38   0   0   0  16   0   0   0   0   0   0   0
   0   0   0   0   3   0  44   0   0   0   0   0   0  15   0   0   0   0  39  39   0   0   0   0   0   0   0   0   0   0  18   0   0  40  43   0  43   5  13   0  46   0  20   0   0   0  36   0   0   0   0  30   0   0   0   0   0  44   0   0  11   0   0   0   0   0   0
   0  25  13   0  40  31  48  36   0   0   8   0   0   0   0   0   0   1   0   0   0   5   9  13   0   0   0   0   0  12  34   0   0   0   0   0   0   0   6   1   0   0   3   0   0   0   0   0   0   0   0   0   0   0   0   0   0  33  48   0   0   0  14   0   0   0
   0   0   0   0   0   0   0   0   0   0   0   0   0  21   0   0  13  38   0   0   0   0  31   3  48   0   0   0   5   0   0   0   0  36   0  38   0   0   0   0   0   0   0   0   0   0   0   0   0   0   0   0   0  34   0   0   0   0   0   0   0   0   0   0   0
   0  28   0   0   0  29   0   0   6  35  32   0   0   0  36   0   0   0   0   0   0  50   0   0  11  42   0   3   0   0  33   0   0   0   0   0  47   0  33   0  10   0  24   0   0   0   0   0   0   0   0   0   0  14   0   0   0   0   0   0   0   0   0   0
   0   0   0   0   0  32   0   0   0   0   0  17   0   9   0   0   0   0   0   0   0   0   0   0  24  31   0   0   0   0   0   0   0   0   0   0   0   0  21   0   0   0   0  47  31   0   0   0   0   0   0   0  33   0   0   0   0   0   0   0   0  19   0
   7   9   0   9   0   0   0   0   0   0   0  26   0   0   0   0   0   7   0   0  23   0   0  23   0   0  22  25   0  22   0   0   0   0   0   0   0   0   0   0   0   0   0   0   0  16   0  29   0   0   0  49   0   0  35   0   0   0   8   0  28   0
  43   0   0  33  35  32   0   0   0   0  30   0   0  31   0   0  33   0   0   0   0   0   0   0   0   0  34   9   0   0   0   0   0  36   0   0   0   0   0   0  26  17   0   0   9   0   0   0  30  45   0   0   0   0   0   0   0   0   3   0  22
   0   0  47   0   0  13   0   0   0   0  47   0  44   0   0   3   0   0   0   0   0  12   0   0   0   0   0   0   0   0   0   0   0   0   0   0   0   0  44  36   0  47   0   0  29   0  48   0  18   0   0  35   0   0   0   0   3   0   6  28
   0   0   0   0   0   0   0   0   0  47   0  42  40  47  40   0   0   0   0   0   2  23   9   0   0   0  10   0  41   0  41   0   0   0   0   0  26  30   0   0   5   0  33   0   0   0   0   0   0   0  15  12  20   0   0   0   2   0   0
   0   2  41  43   0   0   0  29   0   0   0   0   0  23  10   0  49   0   0  36   0   0   0   0   0  42  50  24  23   0   0  23   0   0   0   0   0   0   0   0   0   0   0  36   0  41   0   0   0  39   0  25   0   0   0   0  34   0
   0   0   0   0   0   0   0   0   0   0   2   0   0   0   0  45   0   6   0  17   0   0   8   0   0   0   0   0   0   0   0   0   0   0   0   6   0   0  25   0  20   0   0   0   0  26   0   0   0   0  20   0   0   0   0  30   0
  28   0   0   0   0   0   0   0   0   0   0   0   0  35   0   0  27  41   0   0   0   0   0   0   0   0  27   0   0   0   0   0  13   0   0   0   0   0   0   0   0   0   0   7   0   4   2   0   0  41   0   0   0   0   0   0
   0  45  37  46   0   0   0   0   0   0  16  27  48   0   0   0   0   0   0  12  27   2   0  11   0  45   0   0   0   0   0   0  40   0   0  50   6  41   0   0   0   0   8   0  45   0   0  27   0   0   0   0   0   0   0
   0  48   0   0   0  43   0   0   0   0   0   0   0   0   0   0   0   0   0   0   0  23   0   0   0   0   0   0   0   0   0   0   6  25   0   0  42   0   0   0   0   0   0   0   0   0   0   0  31  18   0   0   0   0
   0  30  43   0   0  17   0  35   3   0   0   6   0  27   0  14   0  17   0   0   0   0   0  31   0   0   8  32   0   0  29   0   0   0  10   0  17  23   0   0   0   0  22   0   0  45   0   0   0  45   0   0  15
   0   0   0   0   0   0   0  49   0   0  37   0   0  18   0   0  24   0   0   0   0   0   0   0   0   0   0   0   0  32   0   0   0   0   0   0   0  28   0   0  10   0   0  37   0   0   0  26   0   0   0   0
  18   0   0  46  32   0   0   0   0   0   0   0   0   0   0   0   0   0   0   0  24   0   0   0   0   0   0   0   0   0   0   6   0  13   0  48   0   0   0   6   8   0   0   0  33   0   0   0   0   0   0
   0   0   0  16   0  43  20   0   0   3   0   0  20   0   0  16   0   0   0  48   4   0  10   0   0   0  28   0   0   0  45   0   0   0   0   0  38   0   0  36   0   0   0   0   0   0   0   0   0   0
   0   0   0   0   0   0   0   0   0  34  37   4   0   0   0   0   0   0  15   0   0  45  29   0   0   0  25   0   0   0   0   0  27   0  37   0   0  44   0  18   0   0   0  14  10   0   0  44   0
  22   0  37   0   0   0   0   0  41   0   0   0  37   0   0   0  48   0   0   0   0  38   0  12   7   0   6  39   0   0  47   0  26   0  49  28   0   0  31  11   0   0   0   0   0   0  17   0
   0  28  11   1  39  47  17  10   0  50   0   0   0  16   4   0   0   0  43  38  39   0   0   0   0   0   0   0   0   0   0   0  44   0  14   0  16  20   0   0  26   0  24  20   0   0   0
   0   0   8   0   0   0  19   0   0   0   0   0   0   0   0   0   0   0   0   0   0   0   0   0  15   0   0   0   0   0   0   0  39   0  21   0   8  34   0  48  18  32  20   0   0  27
   0   0   0   0   0  32  43   0   0  23  49   0   0   0   0  31  12   0   0  48   0   0   0   0  23  26  35   0   0  20   0   0  37   0   0  41   0   0   0   0  25   0   0   0   0
   0   0  49   0   0   0   0   0   0   0   0   7  44   0   0   0   0   0   0   0   0   0  26   0   0   0   0   0   0   0   0   0   0   0  23   0   0   0   0   0   0  29   0  15
  20  28   0  33  10  38   0   0   0   0   0   0   0  20  39   5   0   0   0   0   0   0   1   0   3   0  20   5   0   0   0   0   0  32   0   0   0   0   0   0   0   0   0
  28   9   0   0  30   0  21  40   0   0   0  40   0   0  39   0  42   0   0  37   0   0   0   0   0   0  29   0  20   0  45   0   0   0   0   0   0   0  39   0   0   0
   0   0   0   0   0   0   0   0  22   0   0   0  32   0   0   0   0   0  16   0   3   0   0  15   0   0  32  13  14   0   0  20   0   0  49   0   0   0  30   0   0
   0   0   0   0   0   0   0  10   0  47   0   0   0   0   0  35  41  22   0   0  42  19   0  28   9   0   0   0  33   0   0   0   0   0   0  31  48   0   0   0
  23   0   6   0  42   0  27   0  18  47   0  12  24   0   0   0   0   0   0   0   0   0   0   0   0   0   0   0   0   0   0   0   8   0   0   0   0   0   0
   0   0   0  35   0   0   0   0   0   0   0   0  18   0  49   0   0   0  42  23   0  37   0   0  22   0  42   0   0   0   0   0   0   0   0   0   0   0
   0   0   0   0   0  18   0   0  16   0  44   0   0   0   0   0   0   0  35   0   0   0   0   0  15   0   0  13   0   0   0   0   0   0   4   3  49
   0   0   0   0  49   0  32  37   0   0   0   0   0   0   0   0   0  14   0   0   7   0   0   0   0   0   0  47   0   0   0   0   0  47   0  13
   0  36   0   0   0   8   0   0   0   0  33   0   0   0  17   0   0   0   0   0   0   0   0   0   0   0   0   0  36   0   0   0   0   0   0
   0   0   0   0  44   0   0   0   0   0   0   0  43   0   0   0   0   0   0   0  31   0   0   0   0   0   0   0  21  17  50   1   0   0
   0  39   0  43   0   0   0  50   0   0  21  33   0   0   0   0   0   0   0   0  13   0  45  49   0  33   0  20   0   0   0   0  24
   0   0   0   0   0   0   0   0   0  36   0   0   0   0   2   0   0   0   0   0   0   0   0   0   0  31  34  46   0   9   0   0
   0   0   0  38  36   0   0   0   0   0   0   0   5   0   0   0   0   0   0   0   0   0   0   0  21   0   0   0  50   0   0
  20   0   0   0   0   0   0   0   0   0  25   0   0   9  48   0   0  12   0   0  35   0   0   0   0   0   0   0   0  35
   0  25   0   0   0   0   0   0   0   0  17   0  43   0   0   0  10   0   0   0  22   0  41   0   0   0   0   0   0
   0   0  27   0   0   0  44   2   0   0   0   0   0   0  38   1  37   0   0   0   0   0   0   0   2   0  34   1
   0   0   0  19   0   0  24   0   0   0   0   0   0   0   0   0  25   0  33   0   0  35   0  13  25  14   0
   0   0   0   0   0   0   4   0   0  43  48   0   0   0   3   0  14   4   0  41  26   0   7   0   0  29
   0   0   0   1   0  16  47   0  21   0   0  31  30   0   0  14   0   0   0  45   0   0   0  39   0
   0  21  44   0   0   0  45   0   0   0   0   0   0   1   0   0   0  42   0   0   0   0   0   2
  21   0   0  14   0   0   0   0   0  38  47   0   0   0   0   0  22  17   0   0   0   0   0
   0   0   0   0   0   0   0   0   2   0   0   0   0   0  24  13   0   0   0   0   0   0
  11   0   0   0   0   0   0   0   0   9  48   0  46   0   0   0  14   0  18   0   0
   0   0  32   0   0   0   0   0   0   0   0  47   0   0   0   0   0   0   0   0
  15   0   0   0   0   0   0   0   0   0   0   0   0   0   0   0   0   0   0
   3   0   0   0  26   0   0  10   0   0   0   0  35   0  22   0   0   0
   0   0   0   0  48   0   0   0   0   0   6   0   0  13   0   0   0
   0   0  46   0   0   0  13  42   0  46  42  47   0   0   0   0
  27  18   0   0  31  28   0  22   0   0  26   0   0   0   0
  24   0   0   0   0   0  37   4   0   0   0  47  44   0
  11  45   0  18   0   0   0   0   0  14  33  32   0
   0   0   0   0   0   8   0  15   0   0   0   0
   0   0   0   0   0   0   6   0   0   0   0
   0  13   0  44   0   0   0   0   0   0
   0   0   0   0   0   0   0   0   0
  47  29  40   0   0   0   0   0
   0   0   0   0  29   0   0
   0   0  48  42   0  46
   0   0   0  18   0
   5   0  48   0
   0   0   0
  44   0
   0

 751
   6   5   5  23  14   6  17  25  25  24   1   4  24   7  15  21  16  24  23  10  21   3  20  22  20   7   4  25   3  17   9  22   5  22  21  19  13   2  23   1  23   3   5  23  21  13  21  18   5   2   6  23  19  15  16  25  19  24  19  23   4   8  10  14  13  12   1  22   4   7  21   4  20   3   6  10  25  25   3  18   3  16  13   1  21   1   6  12   3  24   6  17   7  11   6  15   8   6  18  15   9  13   6   9   4   4  15  10  18  12   4  16  21  14  13  12  13  16  20  10  23   7   2  23  11   2   8  18  25  17  23   8  21  22  21  21  17   4   2  11

