 140 
   0  41  19   0   6   0  11   0   0   0   0  31   0   0   9   0   0  30   0   0   0   0   0   0   0   0  27  33   0   0  47   0   0   9   0   3   0   0   0   0  42  32  16   0   0   0   0  33   0   0   0   0   0  15  10   0   0  28   0   0   0   0  43   0   0   0   5  48   0   0   1  21   0   0   0   0  12   0   0   0   0   0   0  21   0   0   0  25   0   0   0   0   0   0  41   0   0  13   0   0   0   0   0   0  46   0   0   0   0   0   0   4  49  22   0   0   0   0   0   0   0   0   0   0   0  15   0   0  46   0  20  48   0   0  48   0  15   0  11   0
   0  19   3   0   8   8  30  22   0   0   0   0  13   0   0   0   0  20   0   0   0   0   0   0   0   0  16   0   0   0   1   0  38   0   0   9   0   0   0   0   0   0   0  17   0  22  37   0   0   0  40  38   0   0   0   0   0  18  15   0   0   0   0  22   0   0   0   0   0  28  20   0  43   0   0   0   0   0   0   0   0   0   0   0   0   5   0   0   0   0   0   0   0  18   0   0   0   0   0   0   0  43   0   0  18   0   0   0  11   0   0   0  47   0   0   0   0   0   0  22  23   0  34  36  36  45   0   0   0   0   0  47   0   0   0   0   0  50   0
   0   0   0   0   0   0  49   0   0   0  14   0   0  41   0  12  25   0   0   6   0  45  28   0  42   0  49   5   0   0   0   0   0   0  42   0   0   0   0   0   0  14   0   0   0   0   0   0   0  13  39  19   0  35   0   6  20   0   0   0   0   0   0   0   0   0  41  13  47   0   0   0   0  30   6   0   0  10   0   0   0   0   0   0  34   0   0  36  45   0   0  29   0  47   0   0  14   0   0   0   0   0   0   0  38   0  28  21  12   0  26  13   0   0   4  50   0   0   0   8   0   0   0   0   0  24  43  42   1   0   0   0   0   0  30   0   0   0
  22   0   0   5   0  41   0   0  38   0   0   0   0   0   0   0  13   0   1   0   0  24   0  27   0  32   0  30  27   0   0   0   0   0   0   0   3   0   0   0  22   0   0  46   0  30   0   0   0   0  41   0   0  30   0  45   0  50   0   0   0   0   0   0   0   0   0  47  44   0   0   0   0   0   0   0  18   0   0   0   0   3   0   0   0  36  22   0  40   3   0   0   0   0   0   0   0   0   0   0   0  30   0   0  19   0   0   0   0   0   0   0   0  36   0  32   0  24   0  34   0   0   0   0   0   0   0   0   0   0   0   0  42  24  22   0  19
  30   0   0   0   1   0   0  37   0  32   0   0   0   2   0   0   0   0  46   0  20   0  40   0   0   0   9  10   0   9   0   0   0   0   0   0   0   0   0  47   0   0   0   0   0   0   0  16  15   9   0   0   0   0   0   0   2  26   0  25   0  33   0   0  13   0   0   0   0   0   0   0   0  21  11   0  22  41   1   0   0  45   0   0   0  38   0   0   0   0  17   0   0   0  38   0   0   0   0   0   0   0  23   0  25   7  49   0   0   0   6   0  25   0   0   0  34   0  26  46   8  13   0  41   0  30  50   0   9   0   0   0   0   0   0   0
   0  23   0   0   0   0   0  45   0   0   0   0  38   9   0   0   0  25   0   0   0   0   0   0   0  37  47  38   0   0   0  48   0  43   0   0   0   0   0   0   0   0   0   0   6   0   0   0   0   0  26   0   0   1   0   0   0   0  24  41   0   0   0   0   0  46   0   0   0  48   0   0  27   0   0   0   0   0  33   0  14  43   0   0  21   0  39  22   0   0   0   0   0  46   0  42  20   0   0   0   0   0   0   0   0   0  12   0   0  18   0   0   0   0  22   0   0   0   0   0  29  42   0  25   0   0   0   8   0   0   0   0   0   0   0
   0   0   0   0   0   0   0   0   0  29  46   0   0  21  12   0   0   0   0  39  26   0   0   0   0   0  28   0  39   9   0   0  49   0   0   0   0   0   0   0   0   0   0   0  49   0   0  37   0   0   0   3   0   0   0  40   0   0  27   0   0   8   0   0   0   0  35   0  47   0   0   0   0  17   0  37   0   0   2  38   0  37  15   0  18   0   0   0   0  12   8  36  16   0  22   0  35   0   0   0   0  30   0  16   0   0   0   0   0   0  16   0   0   0   0   0   0  47   0   0   0   0   0   0   0  37   0  42   0   0  15   0   0  22
   0   0   0   0   0   0   0   0   0   0  31   0   0   0  18   0   0  16  40   0   0   0  24   0  21   1   0  49   0   0   0   0   0   0   0   0   0   0   0   0   0   0   0   0   0   0  20   0   0   0   6   0   0  30   0   0   0   0   0   0   0   0   0   0   0   0   0   0   0   0   0   5   0  26   0   0   0  37   0   0   0   0   0   0   0   0   0   0   0  30   0   0   0  12   0  10   0   0   0  33   0  20   0   0   0   0   0   0   0   5  36   0   0   0   0   0   0   0  23   0   0   0  13  13   0   0  21   0   0   0  23   0  35
   0   0   0   0   0   0   0   0   0   0  19   0   0   0   0   0   0   3   0  17   0   0   0   0   0   0  32   0   0   0   0  39   0   0   0  47   0   0   0   0  14  33   0   0   0   0   0   0   0   0   8   0   0   0   0   0   0   0   0   0   0   0  42   0  41   0  16   0   0  31  23   0   0   0   0   0   0   0   0   0  34   0   5   0  27   0   0   0   0   0   0   0   0   0   0   0   0   0   0   0   0   0   0  27  42   0   0   0   0   9   0   0  30   0  34   0   0   0   0   0  23  49   0  33   0   0   0  10   0   0   0  29
   0   0   0   0  27   0   0   0   0   0   0   0   0   0   0   0   0  20   5   0   0   0   0   0  45  13  20  39  25   0   0   0   0   0   0   0   0   0   0   0   0   0   0   0  46   0  38  25   0   0   0   0   0   0   0  35   0   0  29  20  19   0   0   0   8   0   0   0   0  40   0   0  32   0   0   0   0   0   0  36  50   0   4   0   0   0   0   0  45   6   0  22   0   0  41   0  29   0   0   0   0   0   0  47   0   0   0   0   0   0   0   0  23  45   8   0   0   0   0   0  35  20   0   0   0   0   0   0   0   0   0
   0  49   0   0   0  35   0   0   4   0   0  11   0   0   5  20   0  42   0   0   5   0   0   0   0   0   0   0  30   0   0  48  16   2   0   0   0   0   0   0   0  33  10  27  33   0   0   0   0   0   0   0   0   9  19   0   0   0   0   0   0   0   0   0   0   0   0   0   0   0   0   0  27   0   0   0  36   0   0   0  23   0   0  15   0  15   0   0   0   0   0   0   0   0   0   0  12   0   0   0   0  26   0  36   0   0   0   0  48   0   0  49  46   0  43   0   0   0   0   0   0   0   0   0   0   0   0  35   0   0
   0   0  16   0   4   0  40   0  15   0   0  12   0   0  25   0   0  14   0   0   0  36   0   0   0   0   0  30   0   0   0   0   0   0  14  40   0  22   0   0  48   0   0   0   0   0   0   0   0   0   0   0   0   0   0   0   0   0   0   0   0  35   0   0   0  39   0   0   0   0   0   0   0   0   1  23   0   0   0   0   0  48   0   4  21   0   0   0   0   0   0  36  47   0   0   0   0   2   0   0   0   0   0   0  50  20   0  38   0   0   0   0   0   0  29   0  14   0   0   0  32   0   0   0   7   0  24   0   0
   0   0  23  29   2  26  32   0   0   0   7  32   0   0   0   0   0   0   0   0   0   0   0   0   0   0   0   0   0   0   0   0   0  21   0   0   0   0  17  24  35   0   0   5   0   0   0   0   0   0   0   0   0   0  49   0   0   0   0   0   0  27   0   0  35   0   4   0   0   0   0   0   0   0   0   0  39  50   0  31   0   0   0   0   0   0   0   0   0   0   0   0  13   9   0   0   0   0   0   0   0   0  30   0   0   0   0  27   0   0   0   0   0   0   0  12  50   0   0   0   0  27   0  15   0   0  11   0
   3   0   0   0   0  36   0   0   0   0  19   0  38   0   0   0   0  14   0   0   0   0   0   0   0   0   5   0   0  10   0   0   2   0  40   0   0   0   0   0   0   0  13  19   0   0  28   0  32   0   1   0   0   0  21   0   0   0   0   0   0   0   0   3  47   0   0   0   0  42   0   0   0   0  27   0  25  44  21  37  10   0   0   0  47   0   0   0   0   0   8   0   0   0   0  25   0   0  44  16   0   0   0   0   0   0   0   0   0  28   0  46   0   0  37   8   0   0   0   0   0   0   0  13   0   0  49
   0   0   0   0   3   1   0   0   0   5   0   0   0  46  16   0   0  24   0   0   0  28   0   0   0   0   0  14   0  26   0   0   0   0  45   0   0  32   0   0  16   0   0   0   0   0   0   0   0   0  25   0   0  16   0  13   0   0  48  49   0   0   0   0   0   0   0   0   0   0   0   0   0   0   0   0   0  27   0   0  30   0  17  34   0   0   0   0   0  37   0   0   0   0   0   0   0  27   0  42   0   0   0   0   0  11   0   0   0   0   0   0   0  10   0   0   0   0  48   0   0   0   0   0   0   0
   0   0  36   0   1   0   0   0   0   0   0   0   0   0   0   0   0   7   9   0   0   0   0  16   0   0   0   0   0   0   0   0   0   0   0   0  14   0   0  10   0   0   0   0  22   0   0   0   0   0   0  21   0   0   0  18   0   2   0  18   0   0  16   0   0   0   0   0   0   0   0  24   0   0  20   0  10   0   0   0   0   0   5  50   0  33   0  41   0   0   0   2   0   0  21  26  42  14   0   0  50   0   0   0   0   0   0   0   0  48  45   0   0  34   0   0   0   0   0   0  36   0   5   3   0
   0   0   0   0   0   0   0  33   0   0   0  24   9   0   0   0   0   0   0   0   0   0   0   0   0   0  15   0   0   0  46   0   0  13   0  16   0   0   0   0   0   0   0   0   0   0  38   0   0   0   0   0  41  31   0   4   0  10   0   0   0   0   0   0   0   0   0   0   0   0  39   0   0   0   7   0   0   0   0   0   0   0  40   0   0   0  10  10  45   0   0   0   0  30   0   0   0   0   0   0   0   0  50   0   0   0   0   0   0   0  14   0   0   0  33  10   0   0   0   0   0   0   0   0
   0   0   0   0   0   0   0   0  48   0   0   0   0   0   0   0   0   0  17  11  45   0   0   0   0  18   4   0   0   0   0   0  15   0   0   0   0   0   1   0   2   0   0   0   3   0  18   0  47   0  44   0   0   0   0   0   0  24   0   0   0  29   0   0   0   0  35  42   0   0   0   0   0   0   0   0   0   0   0   0   0  30   0   0   0  27  16   0   0   0   0   0   0   0   0   0   0   0   0   0   0   0  49   0   0   0   0   0  22   0   0   0   0   0  17   0   0   0   0   0   0   0  28
   0   0   5   0   0   9   0   0   0   0   0   0  22   0   0   0   0   0   0   0   0  39  17   0  37   0   0   0   0   0   0  23   0   0   0   0   0  46   0  42   0  45   0   0   0   0  12   0   0  26   0  17   0   0   0   0   6   0   0  45   0   0  12  45   0   0   0  24   0  20   0   0   0   0   0   0   0   0   0   0  44  10   0   0   0   0  27   0  10  21   0   0   6   0   0   0  22  22   0   0   0   0   0   0   0  22   0   0  35   0   0   0  39   0  41   2   0   0  20   0   0   0
   0   0  35   0   0   0   0   6   2   8  37   0  34   0  15   0   0   0   0  50   0   0   0   0   5   0  15   0   0  43   0   0   0   0   0   0   0   0   0   0   0  27   0   0   0   0   0   4  22  48   0   0   0   0  36   0   0   0   0   0   0   0   0   2   0   0   0   0   9   0  22   0   0   0  13   0   0  27   0   0   0   0   0   0  46   0   0   0   0  31   0   0  10   0   0   0   0   0   0  14  12  45   0  49   0   0   0  10   0   0   0   0   0   0   0   0   0   0   0   0   0
   0   0   0   0   0   0   0   0   0   0   0   0   0   0  35  50  10   0   2   0   0   0   0   6  12   0   0   0   0   0   0   0  49   0  23  46   0  32   0  11   1   0   0   0  10   0   0   0   0  15   0   0   0   0   5   0  17   0   0   0   0   0   0   0  38   0   0   0  25   0   0   0   0   0   0   0   0   0   0   0   0   0   0   8  41   0   0   3  29  21   0   0  43   0   0   0  48   0   0   0   0   0   0   0   0  24   0   0   0   0   0   0   6   0   6   0  48   0   0   0
   0   0   0   0   0   0   0   0   0   0   0   0   0  50   0  35   0   0  46   0  42   0   0   0  31   0   0   0   0   0   9   0   0   0   0   0  24   0   0   0   0   0   0   0   0   0   0   0   0   0   0   5   0   0   0   0   0   0  17   0   0   0  45   0   0   0   0   0   0   0   0   0   4   0  35   0  13  18   0   0   0   0   0   0   0  38   0  43   0   1   0   0   0  43  36   0   0   0   8   0  12   0   0   0   0   0   0   0   0   0   0  47   0   0   0   0   0  48   0
  35   0   0   0  15  25   0   0   0   0   0  16  30   0   0   0   0   0  13   8  17   0   0   0   0  30   0   0   0  38   0  46   0   0   0   0  36   0   0   0   0  11   0   0   0  23   7   0   0  19   0   4   0   0   0   0   0   0   0   0  43  14   0  23   0  10   0   0  42   0   0   0   0   0   0   0   0   0  21   0   0   0   0   0  44   0  37   0   0  47  30   0   0   0   0   0   0  32   8   0   0   0   0   0   0   7   0   0   0   0  31   0   0   0   0   0   0  32
   0   0   0   9   3  35   0   0   0   0  36   0  45   0   0   0   0   0   0   0   0   0   0   0   0  19   5   0  19   0   0  37   0  34   3   0   0   0   0  21   0  29   0   0  28   0   0   0   0   0   0   0   0   0   0   0   0   0  29   0  17   0  39   0  19   0   0   0   0   0   0   0   0   8   0   0   0   0   8   0   0  45  17   0   0   0   0   0  25   0   0   0   0   0   0   0  22   0   0   0   0   0   0   0   9  33  19   6   0   0  26   0   6   0   0  35   0
   0   0   0   0   9   0   0   0   0  25   0   0   0   0   0   0  24  23   0   0   0   0  31   0   0   0   0   0   0   0   0   0  35   0   0   0   0   0   0   2  44   0   0   0   0   0   0   0  48   0   0  40   1   0  40   0  37   0   0   0   0  16  43  14   0   0   0   3   0  21   0  10   0  25   0   0   0   0   0   0   0   0   0   0   0  15  28  35   0   0   0   0   0   0   0   0   0   0   0   0  13   0   0   0  28   0   0  23  48   0   7   0   0   0   0  47
  38   0   0   0   0   0   0   0   0  43  27   0   0   0   0   0   0   0   0   4   0   0   0   0  12   0  25   0   0   0   0   0   0   8   0   0   0   0   0   9   0   0   0  37   0   0   0   0   0   0   9   0   0   0  31  15  25   0   4   0   0   0   0   0  30   0   0  40   0   0   0  38   0   0   0   6   0   0   0   0   0   0   0   0   0   0   0  49   0   0   0   0   0   0   0   4  16   0   0   0  31  16  33   0   0  23   0   0   0   0  28   0  43   9   0
   0   0   0   0   0   0   0   0  22   0   0   0   4   0   0  41   0   0   0   0   9   0   0   0   0   0   0  28   0   0  36   0   0  44   0   0  38   0  14   0   0  14   0  22   0   0   0   0   0   0   0   0   0   0   0   6   0  47   0   0  10  35   0   0   0   0  13   0   0   0   0   6   0   0   3   0   0   3   0   0   0   0   0   0   0  45   0   0   0   0   0   0   0   0  34   0   0   0   0   0   0   0  29   0   0  32  23  14   0  15   0  47   0   0
   0   0   0   0  12  43   0   0   0   0   0   0   0   0   0   0   0   0   0   0   0   0   0   3   0   0   0   0   0   0   0   9   0   0   0   0   0   0   0   0   0   0   0  47   0   0   0   0   0  40   0   0   0   0   0   0   0   0  30   0   0   0   0  16   0   0   0   0   0   0   0   0   0   0   0   0   0  34   0   0   0  42   0   0   0   0   0   0   0   0   0   0   3   0   0   0   0   0   0  28   0   0   0   0   0   0   0   0   0   0   0   0   0
   0  22   0   0   0   0  31   0   0   0   0   0   0   0   0   0   0  30   0   3   0   0   0   0   0   0   0   0   0   0  27   0   0   0   0   0  19   0   0  29   0   0   0   0   0   0   0   0   0  36  48  30   0   0  25   0   0   0   0   0  48  20   0   0   0   0  26   0   0   0  19  37   0   0   0   3   0   0   0   0   0   0   0  33   0   0   0  40   0  48  27   0   0   0   0   0  28   0   0   0  48   0   0   0  10   0   0   0   0   0   0   0
   0   0   0   0   0   0  45  19   0   0  42   0   0   0  13   0  18   0   0   0   0  18  35  42   0   0  40  47   0   0   0   0   0   0   0   0   0   0   0   0   0  15   0   0   0  12   0   0   0   0   0   0   0   0   0  45  15  46   0   0  48   0   0   0   0   0   0   0   0   0   0   0   3   0   0   1   0   0   0   0   0  39   7   0   0   0   0   0   0   0   0   0   0  34   0   8   0  30   0   0   0   0  35   0   2   0   0   0   0   0   5
  14   0   0   0  27  33  38   0   0   0   0   0   0   9   0   0  29   8   0  36   0   0  16  50   0  30   0   0   0   0   0  23   0   0   0  17  37   0   0   0   0   0   0  13   0   0   0   0   0  27   0   0   5  32   0   0   0  27   0   0   0   0   0   0   0  31   0   0   0   0   3   0   0   0   0   0   0   0   0   0  11   0   0  45   0  39   0   0   0   0   0   0   0   0   0   0   0   0   0   0   0   0   0  31  21   0   0   0   0   0
   0   0   0  25   0   0   0   0   0   0   0  13   0   0   0   0   0   0   0  22  21   0   0   0   0   0   0  14   0   0   0  38   0   0   0   0   0  28  12   0   0   0   0   0  33   0   0   0   0   0   0  12  38  27   0   0   0   6   0   0  19   0   0   0   0   0  15   0   0   0  18   0   0   0  41   0   0   0   0   0   0  19   0   0   0   0   0   0   0   0   0   0   0  42   0   0  44   0   0   0   0   0  45   0   0   0   0   0   0
   0  19   0   0   0   0  44   0   0  26  13   0   0   0   0   0  18   5   0   0   0   0   0   0   0   0   0   0   0   0   0  23   0   0   0   0   0   0   0   0   0   0   0   0   0   3   0   0   0  25   0   0   0   0   3   0  38   0   0   7   0   0   0   0  44   0   0   0   0   0   0   0   0   0   0   0   0   0   0   0   0   0  38   0  12   0  49  50   0   0   0   0   0   0   0  22   0   0  17   0   0   0   0   5   0   0   0   0
   0  46   0   0   0   0   0   0   0   0   9   0   0   0   0  31   0  46   0   0   0   0   0  24  43   0   0   0   0   0   0   0   0   0  20   0  49   0   0   0   0  40  35   0  15   0   0   0   0   0   0   0  18  31   0   0  17   0   0   0   0   0   0   0   0   0  48  36   0   0   0   0   0   0  24  37   0   0  50   0   0  49   0   0   0  22   0   0   0  11   0  48   0   0   0   0  30   0  13   0  39   0   0  13  28   0   0
  22   0   0   0   0   0   0   0   0   0  21   0   0   0   0   0   0   0   0   0   0   0   0  19   0   0   0   0   0   0   0   0   0   0   0   0  47   0   0  39  10  45   0  34  33   6  33   0   0   0   0  27   0   0   5   0   0   0   0  34  12   0  14  42  40   0   0   0   0   0   0   0   0   0   0   0   0   0   0   0   0   4   0   0   0   0   0  25   0   0   0   0   0   0   0   0   0   0   1   0   5  24   0   0   0   0
   0  25   0   0   0   0  30   0   0  36   0   0   0  37   0   0   0   0   0   0   0   0   0   0   0  43   0   0   0   0   0   0   0   0   0   0   0  17   0   0   7   0   0   0   0  29   0   0   0   0   0   0  50   0  39   0  18   0   0  26   2   0   0   0   0   0   0   0   0   0   9   0   0   0   0   0   0   0  21   0  20   0   0   0  28   0   0   0   0   0   0  40  31  32   0   0   0   0   2   0  50   7   0   0   0
   0   0   0   0   0  28   0   0   0   0  43   9   0   0  46   0   0   0  22   0   0   0   0   0  13  25   0   0   0   0  13   0  29  22   0   0   0   0   0   0  10   7   0   0   0   5   0   0   0   0  42  42   0   0   0   0   0   0  35   0  20   0   7   4   0   0   0  21   0   0  22   8   0   0  13   0   0   0   0  19   0   0   0   0   0  28   0   0   0   0   0   0   0   0   0  18   0   0   0   0  36  22   1   0
  21   0  20   0   0  39   0   0   0  29  48   0   0   0   0   0   0   0   0   0  13  37   0   0   0   0  45   0  15   3   0   0  26   0   0  10  45   0   0   0   0  25   0   0  49   0   0   0   0   7   0   0   0   0  45   0   0   0   0  11   0   0   0  44  38   6   0   0  37   0   0   0  50   0   0   0   0   5  24   0   0   0   0  16   0   0   0   0   0   0   0   0   0   0   0   0  14   0  39   4   9   0  24
   0   0   0   0   0   0   0   0  30   0   0  24   0   0  48   0   0   0   0   0   0   0   0   0  45   0   0   0   0   0  12   0   0   0   0  13   0   0   0   0   0   0   0   0   0   9   0  35   0  30   0   0   0   0   0   0   0   0   0  29   0   0  14   0   0   0   0  37   0  43   0  42   0  10   0   0   0  10   0  11   0   0   0   0   0   0   0   0   0   0  24   0   0   0   0   0   0   0   0  31  12   0
   0  27   0   0   0   0  13   0  30   0  28  32   0   0   0  38   0   0  46   0   0   0  45   0  32   0   0   0   0   0   0   8   0   0   0   0   0  32   0  14  30   0   0   0   0   0  41   0   0   0  34   0   0   0  44   5  32   0  38   0   0  32   0   0   0   0  45  32   1   0   5   0   7   0   0   0   0  18  15  47  10  36   0   0   0   0   0   0   0   0   0   0   0   0   0   0   0  30   7   0  46
   0  39   0   0   9   0  36   0   0   0  10   0  23   0   0   0  27   0   0   0   0  16   0  43  10   0   0   9   0   0   0   0   0   0   0  30  38   0   0   0   0  47   0   0  23   0   0   0   0   0   0   0   0  21   0   0  18   0   0   0   0  25   0   0   0   7   0   0   0   0   0   0   0  40   0   0  12   0   0   0  20   0   0   0   0   0  33   0  46   2   0   0   0  48   0  27   0   0   0   0
   0   0  40   0   4  40  46  30   1   0   0   0   0  19   0   0   0  49   0   0   0   0   0   0   0   0  13   0   0   0  30   0   0   0   0   0   0  32   0  10   0  18   0   0   0   0   0   0  31   0   0   0   0   0   0   0  18   0   0   0   0   0  42   0   0   0   0   0  11   0   0  15   0   0  27   0  22   0   0   0   0   0   5   0   0   0   0   0   0   0   0   0  38   0   0  17   0  34   0
   0  43   0   0   0  10  45   0   0   0  46  41   0   0   0   0   0  13   0   0   0   0   0   0   5   0  32   0  26   0   0   0   0   0   0   0   0  38   0  11   0   0   0   0   0  28   0   0   0   0   0   0   0   0  24   0  10   0  41   0   0  44   0   0   0   0   0   0   0  32   4   0  28   0   0   0   0   0   0   0   0   0   0   0   0   0   0   0   0   0   0   0  42   0  35  45  31  30
   0  17   0   0   0   0  15   5   0   0   0   0  21  39   0   0  13   0   0   0   0   0  18   0   0  28   0   0   7   0   0   6   0   0  32  26   0   0   0  34  30   0   0   0   0   0  46   0   0   0  42   0   0   0  41   0   0  27   0   0   0  40   0  42   0   0   0   0   0   0  29   0   0   0   0   9   0   0  19   0   0   0   0   0   0   0   0   0   0  43   0   0   0   0   0   0   0
   0   0  23   0   0   0   0   0   0  22   5   0   0   0   0   0   0   0   5   0   0   0   0   0  42   0   0   0   0   6   0  49   0  38   0   0  50   0  26   0   0  50   0   0   0   0   0  30   0   0   0   0   0   0   3   0   0  12   0   0   0   0   0   0   0   0  14   0   0   0   0   8   0   0   0  43   3   0   0   0   0  39   0   0  34   0   0   0   0   8  32   0   0  50  12  28
   0  40   0   0  17  11   0   0   0   0  32   0   0   8   0   0   0   0   0   0  32   0   0   0   0  14   0  50  22   0  24   0   0  16   3   0   0  27   0  21   0   0   0   0   0   0   0   0   0   0  23   0   0   0   0   0  10   0   0   1  45   0   0   0   0   0   0   9   0   0  38   0   0   0   0  29   0   0   0  50   0   0   0  46   0   0   0   0   0   0   0   0   0  16   0
  41   0   0  45  12   0   0  43   0   0   0   0   0   0   0   0  17   6   0  19   0   0   0  40  33   0   0   0   0   0   0   0   0   0  50  38   0  41   0   0   0   0   0   0   0   0  14   0   0  37   0   0   0   0   7   0   0   0   0   0  38   0   2   0   0  38  41  10   0  46   0  26   0   0   0   1   0  33   0   0   0   0   0   0   0  38  15   0  10  46   0   0   0   0
   0   0   0   0  43   0   0   5   0   0   0   0   0   0   0  22  44   0   0   0   0   0   0   0   0   0   0  46   0   0   0   0   0   0   0  13   0   0   0  44   0   0   0   0   0   6   0  18   0   0   0   0   0   0   0   0  21   0   0   0  35   0   0   0   0  36  28   0  24   0  14  27   0  14  13   0   7   0   0   0   0   0   0  42   0   0   0   0   0   0   0   0   0
  29  10   0  20   0   0   0   0   0   0  11   0   0   0  31   0  45   0  22   0  13   0   0   0   0   0   0  26   0   0   0   0   0  25  32  30   0   0   0   0   0   0   0   5   2   0  30   0   0   0   3   0   0   0   0   0   0   0   0   0   0  34  24   0  29   0   0   5  34   0  35   0  13   0   0   0   0   0   0   0   0   0   0  27   0   0  18   8   0   0   0   0
   0   0   0   0   0   0   0   0   0  23   0   0   0   0   0   0   0  30  29   0   1   6   0   0   0   0  16   6  49   0   0  16   0   0   0  11   0   0   0   0   0  25   0  35   0   0   0   0   0   0  38   0   5   6   0  29   0  39   2   0   0   0   0   0   0   0  13   0   0   0   0   0  50   0   0   0   0   0   0   0   0   0  26   0  15   0  14  29   0   8   0
  30   0  23   0   0   0  20   0   0   0   1   0  17  33  23  21  25   0  15   0   0   0   0  21   0  39   0   0   0   0   9   0   0   0   6   0   0   0   0   0   0   0   0  45   0   0  11  29  35  38  50  46   0   0  39   0   2   0   0   0   0   0   0   0  49   0   0   0   0   0   0   0   0   0   0  45   0   0   0   0   0   0  48   0   0   7   0   3   0  46
   0  28   0   0   0  50   0   0   0   0   0   0   0   0   0  14   0  50   0  40   0  43   0   0   0   0   0   0   0  10  12   1   0   0   0  43   0   0  42   0  45  18   0  24   0   3   0   0   0   0   0   0   0  30  19   0   0  24   0  26   0   0   0   0   0   0   0   0   0   0   4   0  47   0   0   9   0  36   0   0   0   2  38   0  22   0  29   0   0
   0  45   0   0   0   0  10   0   0   0   0  32   0  12   0  34   0   0   0   0   0   0   0   0  42   0   0   9   0   9   0   0   6   0  45   3   0  45   0   0   0   0   0   8   0   0   0   0   0   0   0   0   0   0   0   0  17   0  36  12  15  41   0   0   0  13   0   0   0   0   0   0   0   0   0   0   0   0   0  39   0   0   0   8   0  23  36   0
  48   0   0   0   6   0   0   0   0  39  10   0   0  49   0   0   0   0   0   0  15   0   0   0   0   0   0   0  45   0   0   0   0   0   0  28   0   5   0   0  22   0   0   0   0  17   0   0   0   0  35   0  45   0   0   0   0   0   0   0  46   0   0   0  19   0   0   0   0   0   0   0   0   7   0   0  12   7   0   0  40   0   0   0   0   0  41
   0   0   0   6   0   0   0   0   0   0   0   0   0   0  39   1  40  25   0   0   0   0   0  50   0  19   0   0   0   0   0  41   0  13   0   0   0   0   0   0   0   0  22   0   0   0   0   0   0   1  11   0   0   0   0   0   0  46  29   0   0   0   0   0   0  33   0   0   0   0   0   0  28   0  24   0   0  49  29   0   0  13   0   0   0   0
   1   0   0   0   0   0  45   0   0  43   0  43  47   0   0   0   0  26   0   0   0   0   0   0  42   2   0   0   0   0   0   0   0  23   7  39   0   0   0  11   0   0   0  36   6   0   0   0  49  24   0   0  12  10   0  41   0  24   0   0  21   0   0   0  13   0   0  32   0   0   0   0   0   0   0   0  41  26   0   0   0   0   0   0   0
  22   0  10   0   0   0   0  23   0   0   0   0   0   0   0  31   0  28   0   0   5   0   0   0   0   0   0   0  46   0   0   0   0   0   0  21   0   0   0   0   0   0   0   0   0   0   0   0  41   0   0  43  49  43   0  31   0   0   0   0   0  49   0   0   0   0   0   0  14   0   0   0   0   0   0  33   0   0   0   0   0   0   0  35
   0   0   0   0   0   0  32  18   0   0  25   0   0   0   0  40   0   0   0   0   0   0  27   0   0   0  33   0   0   0   0   0   6   0   0   0  19  12   0   3   0  15   9   0  25   0   0   0   0  48   0   0  39   0   0   0   0  46   0  41   0   0   0   0   0   3   0   0   0   0  26   4   0   0  10   4   0   0   0   0  31   0   0
   0   0   0   0   0   0   0   0   0   0   0   0  27   0  18   0   0  24  47   0   0   0  39   0   5   0   7   0   5   0   0   0   0   0  27  35   0   0   0   0   0  34  30   0   0  36  26   0   0   0   0   0   0  12  39   0  20   0   0  49   0   0   0  16   5   0   0   0  27   0   0   2   0   0  31  27  37   0   0   0   0   0
   0   0   0   0   0  46   0   0  25  44   1  49   0   0   0   0  11   0   0   0   0   0   0   0   0  19   6   0   0  12   0   0   0   0   0   0   0   0   0   0  40   0   0   0   0   0   0   0   0   0   0   0   0   0  43   0   0   0  20   0   0   0   0   0   0   0   0   0   0   0  38  28   0   0   0   0   0   0  21   0   2
   0   0   0   0   0   0   0  33   0  36   0   0  35   0   0   0   0   0   0   0   0   0   5   0   9  27   0  10  39   0   0  14   0  12   0  42  14  32   0   0  25   0   0   0   0   0  28   9   0   4   0   0  35   0  25   6   0   0   0   0   0   0   0   0   0   5   0   0  35   0   0   0   0   0   0  37   0  19  11   0
   0   0   0   0   0   0   0   0   0   0   0   0   0   0   5   0   0   0  41   0   0   0   0   0   0   0  50  15  12   0   0   0  49   0   0   0   0  17  28   0   0   0   0  21  33   8  31   0   0   0  47   0   0   0   0   0  26   0   0   0  47  14   0   0   0   0   0   0   0   0   0   0   0   0   0   0   0   0   0
  12  44   0   0  33   0   0   0   0  34  42   0   0   0   0   9   0   0   0   0   0   0   0   0   0   0   0   0  12   0   0   0   0   0   0   0   0   0   0   0   0   0   0   0   0  34   0   0   0  41  40   0   0   0  50   0   0  34   4   0  49   0  22   0   0  10  10   0   0  14   4   0   6  14   0  47  11  41
  23   0  12   0   0   0   0   0  28   0   0  36  26   0   0   0  21   0  35   0  21   0   0   0   0  16   0  43   3   0   0   1   0  29   0  36   0   0   0  26   0  42   0   0  14   0   0   0   0   0   0  22  19   0   0   0   0  10   0  40  50   0   0   0   0   0  22   0  18  45   0  36   0   0   0   0   0
   0   0   0   0   0  46  40   0   0   0  49  39   0  40   0   4   0   0   0   0   2   0   7   0   0   2   0   0   0   0   0   6  37   0   0   0   0   0  44   0   0   0   0   0   0   0   0   0   0   0   0   0  14   0   0   0   0   5   0   0   0   0   0  35  42   0   0   0   0   0  47  30   0   0   0   0
  33   0   0   0   0   0  19   0  29   0   0   0  46   0   5   0   0   0  45   0  18   0  48   0   0   0  47   3   0  14   0   0   0   0   0   0  17   0   0   6   0   0   0   0  24   0   0  41   9   0   0   0   0   0   0   0   0   0   0  23   0   0   0   0   0   0  28   0   0   0   0  24   6  24   0
   0   0   0  50   0   6   0   0   7   0   0   0   0   0   0  37   0   0   0   0   0   0   0   4   0   0   0  36   0   0   0   2   0   0   0   0   0   7  44  33   0  38   0  21   0   0  35   0   0   0  22   0   0  19  50   0   0   0   0  30   0  38   0   0   0   0   0   0   0   0   0   0   0   0
  30   0   0   0  29   0   0   0   0   0   3   0  20   0   0   0   0   0   0   0   0   0   5  24   0   0   0  20  22   0   0   0  46   0   0  10   0   3   0   0   0   0   0   0   0   0   0   0  28   0   0   0   0   0  28   0   0   0  11   0   0   0   0   0  27   0   0   0  24  47   0   0   0
   0  10   0   0  16   0   0   0   0   0   0   0   0  31  40   0   0  42   0   0  20  30  33  10   0  42  18   0   0   0  44   0   0   0   0   0   0   1   0   0   0   0   0   0   0   0   0   0   0  38   4  16   0   0   0   0   0   0   0   0   4   0   0   0   0  30   1   0  18   0  36   8
  15   7  20   0   0  46  23  24  22   0   0   0   0   0   0  46  32   0   0   0  22   0   0   0   0   0   0   0   0   0  15   5   0   0   0   0  41   0  13   0   0   0   0   0   0   0   0   0   0   0   0   0   0   0   0  47   3   0   0   0   0   1   0   0  15   0   0   0   0   0   0
   0   0   0   0   0   0   0   0   0   0   0  41   0   0   0   0   0   0   0   0   0   0   0  17   0   0   0   0   2   1   0   0  18   0   0   0   0   0   0   0  47  29   0   0  35   0   0   0   0   0   0   0   0   0   0   0   0   0  25  41  24   0   0   3   0   0   0   0   0   0
   0   0   0  43  29  16   0   0   0   0   0   0  15   0   0   0   0   0   0   0   9   0   0  31   0   0   0   0   0   0  33   0   0   0   0   0   0   0   0   0  26   0   0   0   0   0   0   0   0  32  48   0   0  13   0  46  42   0  31   0   0   0   0   0   9  48   0  45   0
   0   0   0   7   0   0   0   0   0   0  27   0  32   0   0   0   0   0   0   0   0   0  44   0   0  49   0  46   0   0   0  37   0   0  22   0   0   0   0   0   0   0   0  46   0  32   0   0   0   0  37   0  26   0   0   0   0   0  33   0   0   0   0  39  33   9   0   0
   0  25   0   0   0   0   0   0  18   0  46   0   0   0   7  42   0   0  28   0   0  27  34   0  12   0  44   0   2   0   0  39   0   0   0   0   0  36   0   0   0   6   0   0  18   0   0   0  30  14   0   0   0   0   0   0   0  46  24   0   0  47   0   0  20   0   0
   0   0   0   0   0   1   0   0   0   0  32  39   0  10   0   0  18   0   0  31   0   0   0  21   0   0   0   0   0   0   0   0   0  28   0   0   0   0   5   0   0   0   0   0   9  26   0   0   0   0  40  49   0   0   0  13   0   0   0   0   0   0   0   4   0   1
   0  13   0   0   0   0  15   0   0   0   0   0   0   0   9   0  26   0   0   7   0   0   0   0  22   0  27   0  21   0   0   0   0   0   0  30   0   2   0  26   0  13  21   0  31   0   7   0  50   0   0   0   0   0   0   0   0   0   0   0   0   0   0   0   0
   0   0   0   0   0  10   0   0   0   0   0   0   8  34  17   0   0   0   0   0  46   0   0   0  24   0   0  47   0   0  16   0   0   0  12   0   7   0   4   0  41  39   0   0   0   0   0   0   6   0   0   0   0  43  18   0   0   0  35  24   0  46  41   0
   6   0   0   0   0   0   0  22   0   0   6   0  28   0   0   0   0   0  39   0   0   0   0   0   7   0   0   0   0   0   0   0   0   0   0   0  35  44   0  36   0   0   0   0   0   0   0  35   0   0   0  39   0  19   1   0   0   0  23   0  37   0  18
   0   7   0   0   0  47   0   0   0  34   0   0   0  29   0  32   0   0   0   0   0   0   0   0   0   0  17   0   0   0   9   0  37   0   0   0   0   0   0   0   0   0   0   0   0   2   0  14  49   0  12   0   0   0   0   0   0  39   0   2  44  16
   0   0  33   0   0  42   0   0  18   0   0  21   0   0   0  36  42   0   0  43   0   0   0   0   0   0   0   0   0   0   0   0   0   0   0   0   0   9   0   0   0  36   0   0   1   0  13   0   0   0   0   0  34   0   0   0   0   0  32   0   0
   0   0   0  17   0   0   0   0   0   0  14   0   0   0   0   0   0   0   0  27   0   0   0   0   0  45   0   0   0   0  33   0   0   7   0  35   0  28   0   0  43   0  12   0   0   0   0   2  41   0   0   0   0   0   0   0   1   0   0   0
   0   0   5   8  47  25   0   0   0   0  47   0   0   0  20   0   0   0  10   0   0   0  33   0   0   0   0   0   0   0  35   0   0   0   0   0   0  24   0  25   0   0   0   0  45   0   0   0   0   0   0   0   0   0  23   0   0  18  41
   0  28   0  46   0   0   0   0   0   0   8  50  19   0   3   0  26   0   0   0   0   0   0   0   0   0   0  45   0   0   0   0   0   0   0  37   0   0  45   0   0  42  39   0   0   0   0   0  28  35   0   0   0   0   0  47   0  23
   0   0   0   0  39  37   0   0  36  48   0   0   0   0   0   0  37   0  11   0   0  29   0  35   0   0   0   0  31  16   0   0   0   0   0   0   5   3   0   1   0   0   0  33   0   0   0   0   0   0   0  23   0   0  19   0   0
   0   0  27   0   0   8   0   0   0   0  13   0   0  39  17  16  41   0   0   0   0   0   0  15  34  44   0   0   0   0   0   0   0   0   0  32   9   0   0   0  45   0   0   0   0  27   0  27   0  40   0   0   0   0   0   1
  10   0   0   0   0  18   0   0   0   0  23   0   0   0   0   0  33   0   0   6   0   0   0  27  27   5   0   1   0   0   0   0   0   0   0   0   0  20   0   0   0   0  26   0  34   0   0   0   0   0   0   0   0  50  32
   0   0   0   0   0   0   0   0   0   0   0   0   0   0   0  32   0  13   0   0   0   0   0  20   0   0   0   0   0   0   0   0   0   0  24   0   0   0   0   0   0   0  20   0  16   0  29   0  44   0   0   0   0   0
   0   0   0   0   0   0   0   0  47   0   0   0  39   0   0   0   0   0   0   0   0   0  24   0  29   0   0  40  41   0   0  49   0   0  13   0   0   0   6  36   6   0   0   0   0   0   0   0   0   0  42   0  32
   0  48   0   0   0  36  15   0  35   0   0   0   0   0  32   0   0  36  15  38   0  31   0   0  42   0   2   0   0   0  25   1   0   0   0   0   0   0   0   0  45   0   0   0   0   0   9   0   0  21   0   0
   0   0   0   0   0   0   0   0  38   0   0   0   0   0   0   0   0   0   0   0  36   8  12   0   0   0   0   0   1   0   0  38  27   0   0   0   0   0   5   0   0   0   0   0   0   0   0  10   0   0   0
   0   0   0   0  41   0  37   0   7   0   0   0   0   0   0  29   0   0   0   0   0  43   0   0   0  35   0   0   0   0   0   0   0   4   0   0   0   0  13  12   0   0   0   0   0   0   0  23   0   5
   0   0  18   0  42   0   0   0   0   0   0   0   0   0   0  22   0   0   0   0   9   0   0   0   0   0   0   0  37   0   0  27   0   0   0   0  26  42   0   0   0   0   0   0   0   0   0   0   0
   0  31   0   0  34   6   0   0   0   0  46   0   0   0   0  13   0   0  19   0   4  14   0   0   0   0  43  13   0   0  37   2  22   0  47   0   0   0   0  43   0   0   0   0   0  28  36   0
   0  34   0   0   0   0   0   0   0   0   0   0   0  26   0   0   0   8   0   0   0   0   0   0   0   0   0   0  18   8   0   0   0  37   0   0  23   0   0   0  16  17   0   0  33   0   0
   0   0   0   0   0   0   0   0   0   0  24  33   0   0   0   0  16   0   0  26   0   0  12   0   0  25   0  43   0   0   0  32   0   0   1   0   0   0   0  43   0   0   0   0   0   0
  13   0   3   0   0   0   0   0  33   0   0   0  14   0   0   0   0   0   0   2   0   0   0  32   0  36   0   0   0   0   0   0  33   0   0   0   0   0   0   3   0   0   0  49  21
   0   0   0  40   0   0   0   1   0   0   0   0   0   0   0   0   0   0   0   0   0   0   0  16   0   0   0   0   0  26  22  37   7   0   0   0   0   0   0  35   0  38   0   0
   0  37   0   0   0   0   0   0   0  45   0   0   0  40   0   0  15   0   0   0   0   0   0  13   0   0  11   0   0   0  30   1   0  40   0   0   0  44   0  25   0   0   0
   0   0   0   0   0  29   0   0   0   0   0   0   0   0  34   0   0   2   0   0   0   0   0   0  28   0   0   0   0   0   0  50   0   0   0  18   0   0   0   0   5   8
   0   0   0   0   0   0   0   0   0   0   0   0   0   0   0   0   0   0   0  42   0   0   0   0   0   0  48   0  24   0   0   0   0   0   7   0   0   0   0   0   0
   0   0   0  30   1   0   0   8   0   0   0   0   0  16   0   0   0   0   0   8   0   0   0   0   0   0   0  21   0   0   0   0   0   0  27   0   0   0   0   0
  41   0   0   0   0  34   0   0   0   0  17  36  27   4   0   0  24   0  28   0   0  26   0   3   0   0   0   0   0   0  34  16   0   0   0  33  28   0   0
   0   0   0   0   0  30   0   0   0   0   0   0   1   0   0   0   0   0   0  50   0   0   0   0   0   0   0   0   0   0   0   0   0   0   0   6   0   0
   0   0   0  39   0   0   0   0   0   0   0   0  16   0   0   0   0   0   0   0   0   7   0  26   0  50   0   0   0  20   0  25   0   0   0   0   0
   0   0   0   0   0   0   0   0   0   0  38   0  15   0  47   0   0   0  37   0   0   0  47   0   0  17  15   2   0   0  23   0  49   0   0   0
   0   0  16  32   0   0   0   0  36   0   0   0  17   0   0   0  44   0   0   0  33   0   0   0  44   0  44   0   0   0   0   0  39   0   0
   0   0   0  40   0   0  45   0   0   0   9   0   0   0   0  17   0  29   0   0  41  23  27   0  18   7   0   0   0   0   0  49   0   0
   0  19   0  22   0   0   0  19   0   0   0   0   0  23   5   0   0   6   0   0   0   0   0   0  29   0   0   0   0   3   0  15   0
   0   0   0   0   0   0   0   0   0   0   0  42  12   0   0   0   0   0  31   0  10   0   0   0   0  23   0   0   4   0  37  38
   0   0   2   0  37   0  15   0   0   0   0   0   0   0   0   0   0   0  32   0  16   0   0   0   0   0   0   0   0  16  12
   0  13   0   0   0   0   6  32   0   0   0   0  13   0  22   0   0  43   0  35   0   0   0   3   0   0   0   0   0   0
   0   0   0   0   0   0   0   0   0  29   0   0   0   0   0   2   0   0   0   0  21   0   0  13   0   0  21  42  21
   0   0   0   0   0   0   0   0  14   0   0   0   0  49   0   0   0   0   0  49   0   0  21   8   0  35   0  41
   0   2  13   0   0   0   0   0   0   0  42   0   6   0   0  29   0   0   0   0  21   0   0   0   0   0  17
  47   0  33   0  44  13   0   0  11   0  35   0   0   0   0   0   0  46   0   0   0   0   0   0   0   0
   0   0   0  31   0   0  21   0  22   0  22   0  23   0  49   0   0   0   0   5   0   0   0   0  49
   0   0   0  38  12   0  35   0   0   0   0   0   0   0  15   0   0   0   9   7   0   0  37   0
   0  21   0   0   0   1   0   6  19   0   0   0  27   0   0   0   0   0   0   0   0   0   0
   0   0  39  10   0   0   0   0   0  50   0   4   0   0   0   0   0   0   9  14   0   0
   0   0   0   0   0   0   5  26   0   0  30   0   9  14   0  15   0   0   0   0   0
   0   0   0   0   0   0   0   0   0   0   0   0   0   0  24   0   0  35   0  49
   0  23   4   0   0   0   0  15   6  49   0   0   0   0  22   0   0   0   0
   0  50   0  48   0   0   0   0  22   0  34  37   0  45   0   0   5  14
   0   0  28   0   0   0   0   0   5   0  25   3   0  46   0   0   0
   0   0  42   0   0   0   0   6   0   0   0   0   0   0  12   0
   3   0  46   0  31   0   0   0   0   7   0   8   0   0  17
   0   0   0   0  30   0   0   0  17   0   0   0   0   0
   0  26   0   0  11  50   0   0   0   0   0   0   0
  48   0   0   0   0   0   0   0   0   0  39   0
   0   0   0   0   0   0   0   0   0   0   0
   0   3  39  38  23   0   0   0  17   0
  13   0   0   0  36   0  29   0   0
   7   7   0   0   0   0   0   0
   0   0   0   0   0   0   5
   0  26   0   0   0   0
   0   0   0  37   0
   0   0   0   0
   0   0  15
   0   0
   0

 437
  19  15  13  19  23   2  20  22  19  17  12  19  20  13  19   7  11  13  23  17  14  25  21   9  10  19  14  19  25  23   6   1  21   5  12   5  13  24  17  22  15  23   2  22  20   8   8  12   5   8  11  13   3  12  18  25  15  10   4   5  17  21  17  21   9  21   1  21   6  11   2  11   7  10  11  12   8   7  11  20  20  23  24   8   4  25   4  20   5  12  25   7  12  13  21   9   4  15  14   3  13  13   8  17  20   4   9  12  18   2   5  18  11  24   4   6  19   1   1   1  22  18   1  10  22   8  24  21  17  24  14  12  15   9  22  10  22  16  19  11

