 140 
   0   0   0   0  41   0   0   0   0   0   0   0   0   0   0   0   0   0   9   0   0   0   0   0   0   0   0   0   0   0   0   0   0   0  22   0  12   0   0   0   0   0   0   0   0   0   0   0   0   0   0   0   0   0   0   0   0   0   0   5   0   0   0   0   0   0  43  20  15   0   0   0   0   0  24   0   0   0   0  45   0   0   0   0   0   0   0   0   0   0   0   0   0   0   0   0   0   0   0   0   0   0  21   0   0   0   0  27   0   0   0   0   0   0   0   0   0   0   0   0   0   0   0   0   0  20   0   0   0   0   0   0   0   0   0   0   0   0   0   0
   0   0   0   0   0   0   0   0   0   0   0   0   0   0   0   0   0   0   0  42   0  33   0   0   0   0   0   0   0   0   0   0   0   0   0   0   0   0   0   0   0  15   0  45   0  21  25   0   0  35   0   0   0   0   0   0   0   0   0   0   0   0   0   0   0  34   0   0   0  40   0   0   0   0   0   0   0   0   0   0   0   0   0   0  29   9   0   0   0   0   0  37   0   0   0   0   0   0   0   0   0   0   0   0   0   0  34   0   0   0   0   0   0   0   0   0   0   0   0   0   0   0   0   0   0   0   0   0   0   0  45   0  25   0   0   0  24   0   0
   0   0   0   0   0   0   0   0   0   0   0   0   0   0   0   0   0   0   0   0   0   0   0   0   0   8  31  36   0   0   0   0   0   0   0   0   0   0   0   0   0   0  17  23   0   0   0  27   0   0  10   0   0   0   0   0   0  44   0   0   0   0   0   0   0   0   0   0   0   0   0   0   0   0   0   0   0   0   0   0   0   0   0   0  22   0   0   0   0   0   0   0   0   0   0   0   0   0   0   0   0   0   0   0   0   0   0   0   0   0   0   0   0   0   0   0  46   0   0   0   0   0   0   0  11  48   0   0   0   0   0   0   0   0   0   0   0  39
   0   0   0   0   0   0   0   0   0   0   0   9   0   0   0   0   0   0   0   0   0  37   0   0   0   0  27  33   0  37   0   0   0   0   0   0   0   0   0   0   0   0   0   0   0   0   0   0   0   0   0   0  36   0   0   0   0   0   0   0   0   0   4   0  16   0   0   0   0   0   0   0   0   0   0   0   0   0   0   0   0   0   0   0   0  20   0   0   0   0   0   0   0   0   0   0   0   0   0   0   0   0   0   0   0   0  39   0   0   0   0   0   0   0   0   0   0   0   0   0   0   0   0   0   0   0   0   0  40   5   0   0   0   0   0   0   0
   0   0   0   0   0   0   0  28   0   0   0   0   0   0   0   0   0   0   0   0   0   0   0  30   0   0   0  45   0   0   0   0   0  28   0  20  38  47   0   0   0   0  20   0   0   0  40   0   0   0   0   0   0   0  35   0   0   0   0   0   0   0   0   0   0   0  30  45   0   0  42   0   0   0   0   0   0   0   0   0  11   0   0   0   0   0   0   0  37   0   0   0   0   0   0   0   0   0   0   0   0   0   0   0   0   0   0  36   0   0   0   0  31   0   0   0   0  38   0   0  18   0   0   0   9   0   0   0   0   0   0   0   6  15   0   0
   0   0   4  29   0   0   0   0   0  17  42   0   0   0   0   0   0   0   0  10   0   0   0   0   9  18   0  25   0   0   0   0   0   0   0   0   0   0   0   0   0   0   0   0   0   0   0   0  29  17   0  46   0   0   0   0   0   0   0   0   0   0   0  36  42   0   0   0   0   0   0   0   0   0   0   8   0   0   0   0   0   0   0   0   0   0   0   0   0  17  21   0   0   0   0   0   0   0   0   0   0   0   0   0   0   0   0   0   0   0   0   0   0   0   0   0   0   2   0   0  38   0   0   0   0   0   0   0   0  49   0   0   0   0   0
   0   0   0   0   0   0   0   0   0   0   0   0   0   0   0   0   0   0   0   0   0  43   0   0   0  17   0   0   0   0   0   0   0   0   0   0   0  18   0   0   0   0   0   0   0   0  23   0   0   0   2   0   0   0   0   0  15  34   0   0   0   0   0  28   0   0   0   0  37   0   0   0   0   0  33   0   0   0   0   0   0   0   0   0   0   0   0  27   0   0  23   0   0   0   0   0   0   0   0   2   0   0   0   0   0   0   0   0   0   0   0   0   0   0   0   0  22   0   0   0   0   0   0   0   0   0   0   0   0   0   0   0   0   0
   0   0   6   0   0   0   0   6   9   0   0   0   0   0   0   0   0   0   0   0   0   0  32   0   0   0   0   0  29   0   0   0   0  11   0   0   0  24   0   0   0   0  21   0   0   0   0   0   0   0   0   0   0   0   0   0   0   0   0   0   0   0   0   0   0   0   0   0   0   0   0   0   0   0   0   0   0   0  37   0   0   0   0   0   0   0   0   0   0  25   0  31   0   0   0   0   0   0   0   0   0   0   0   0   3   0   0   0   0   0   0  13   0   0   0   0   0  13   2   0   0   0   0  50   0   0   0   0   0   0   0   0   0
  22   0   0   0   0   0  37   0   0   0   0   0   0   0   0   0   0   0   0   0   0   0   0   0   0   7   0   0   0   0   0   0   0   0   0   0   0   0   0   0   0   0   0   0   3   0   0   0   0  46  39   0   0   0   0   0  14   0   0   0   0   0   0   0   0   0   0   0   0   0   0   0   0   0   0   0   0   4   0   0   0  28   0   0   0   0   0   0   0   0   0   0   0   0   0  45   0  32   0   0   0   0   0   0   0   0   0   0   0   0   0   2   0   0   0   0   0   0   0   0   0   0   0   0   0   0   0   0   0   0  45   0
   0   0   0   0   0   0   0   0   0   0   0   0   0   0   0   0   0   0   0   0   0   0   0   0   0   0   0  30   0   0   0  19   0  42   0   0   0   0  30   0   0  31   0   0   0   0  47   0  36   0   0   0   0  13   0   0   0   0   0   0   0   0   0  21   0   0   0   0   0  49   0   0   0   0   0   0   0   0   0   0   0   0   0   0   0   0   0   0   0   0  18   0   0   0   0  49  27   0   0   0   0   0   0   0   0   0   0   0   0   0   0   0  36   0   0   0   0   0   0   0   0   0   0   0   0   0   0   0   0   0   0
   0   0   0   0   0   0   0   0   0   0   0   0   0   0   0   0   0   0   0   0   0   0   0   0   0   0   0   0   0   0   0   0   0   0   0   0   0  26   0   0   0  21   0  12   0   0   0   0   6   0   0   0   0   0   0   0   0   0   0   0   0   0   0   0   0  36  22   0   0   0   0   0   0   0   0   0   0   0   0   0   0   0   0   0   0   0   4   0   0   0  40   0   0   0   0   0   0   0   0   0   0   0   0   0   8   0   0   0   0  18   0   0   0  45   0   0   0   0  34   0   0  38   0   0   0   0   0   0  25   0
   0   0   0   0   0   0   0   0  34   0   0   0   0   0   0   0   0   0   0   0   0   0   0   0   0   0   0  46   0   0   0   0   0   0   0   0   0   0   0   0   0   0   0   0   0   0   0  49   0   0   0   0   0  11   0   0   0   0   0   0   0   0   0   0   0   0   0   0   0  30   0   0   0  16   0   0   0  25   0   0   0   0   0   0   0   0   0   0   0   0   0   0   0   0   0  23   0  11  39   0   0   0   0   0   0  40  13   0   0   0   0   0   0   0   0   0   0   0   0   0   0   0   0   0   0   0   0   0  11
  35   0   0  12   0   0   0   0   0  35  29   0   0   0   0   0   0   0   0   0   0  40   0   0   0   0   0  12   0   0   0   0   0   0   0   0   0   0   0   0   0  50   0   0   0   0   0   0   0   0   0   0   0   0   0   0   0   0   0   0  10   0   0   0   0   0   0   0   0   0   0   0   0   0   2   0   0  47   0   0   0   0  48   0   0  18   0   0   0   0   3  27   0   0   0   0  34   0   0   0   0   0   0   0   0  25   0   0   0   0   0   0   0   0   0   0  11   0   0   0   0   0   0   0   0   0   0   0
   0   0   0   3   0   0   0   0   0   0   0   0   0   0   0   0   0   0   0   0   0  49   0  30   0   0   0   0   0   0   0   0   0   0   0   0   0   0   0   0   0   0   0   0   0   0   0   0   0   0   0   0   0   0   0   0   0   0   0   0   0   0   0   0   0   0   0   0   0   0   0   0   0   0   0   0   0   0   0   0   0   0   0   0   0   0   0   0   0  33  19   0   0   0   0   0   0   0  48   0   0   0   0   0  17   0   0   0   0   0   0   0   0   0   0   0   0   0   8   0   0   0   0  12   0   0   0
   0   0   0   0   0   0   0   0   0   0   0   0   0   0   0   0  47   0   0   0   0   0   0   0   0   0   0   0   0   0   0   0   0   0   0   0   0   0   0   0   0   0   0   0   0   0   0   0  15   0   0   0   0   0   0   0   0  13   0   0   0   0   0   0   0   0   0   0   0   0  47   0   0   0   0   0   0   0  34   5   0   0   0   0   0   0   0   0   0   0   0   0   0   0   0   0   0   0  15   0   0   0   0  33   0   0   0   0   0  34  11   0   0   0   1   0   0   0   0   6  13   0   0   0   0  23
   0   0   0   0   0   0   0   0  38   0   0   0   0  42   0   0   0   0   0   0   0   0   0   0   0   0   0   0   0   0   0   0   0   0   0   0   0   0   0   4   0  47  41   0   0   0   0   0   0   0   0   0   0   0   0  16   0   0   0   0   0   0   0   0   0   0   0   0   0   0   0   0  35   0   0   1  34   0   0   0   0   0   0   0   0   0   0   0   0   0   0   0   0   0   0   0   0   0   0   0   0   0   0   0   0   0   0   0   0   0   0   0   0   0   0   0   0   0   0   0   3   0   0   0   0
   0   0   0   0   0   0   0   0  39   0   0  34   0   0   0   0   0   0   0   0   0   0   0   0   0   0   0   0   0   0   0   0   0   0   0   0   0   0   0   0   0   0   0   0   0   0   0   0   0   0   0   0   0   0   0   0   0   0   0   0   0   0   0   0   0   0   0   0   0   0   0   0   0   0   0   0   0   0   0   0   0   0   0   0   0  30   0   0   0   0   0   0   0   0   0   0   0   0   0   0   0   0   0   0   0   0   0   0   0   0   0  16   0   0   0  24  41   0   0   0   0   0   0   0
   0   0   0   0   0   0   0   0   0   0   0  36   0   0   0   0   0   0   0   0   0   2   0   0   0   0   0   0   0   0   0   0   0   0   0  19   0   0   0   0   0   0   0   0   0   0   0   0   0   0   0   0   0   0   0   0   0   0   0   0   0   0   0   0  45   0   0   0   0   0   0   0   0  26   0   0   0   0  30   0   0   0   0   0   0   0  38   0  18   0   0   0   0   0   0  28   0   0   0   0   0   0   0   0   0   0   0   0   0   0   0   0   0   0   0  39   0   0   0   0   0   0   0
   9   0   0   0   0  45   0   0   0   0   0   0   0   0   0   0   0   0   0   0   0   0   0   0   0   0   0   0   0   0   0  18   0   0  48   0   0   0   0   0   0   0   0   0   0   0   0   0   0   0   0  10   0   0   0   0   0   0   0  16   0   0   0   0   0   0   0   0   0   0   0   0   0   0   0   0   0   0  39   0   0   0   0   0   0   0   0   0   1   0   0  40   0   0   0   0   0   0   0   0   0  34  19   0   0   0   0   0   0   0   0   0   0   0  13   0   0   0   0   0   0   0
   0   0   0   0   0   0   0  11   0   0   0   0   0   0   0   0  32   0   0   0   0   0   0   0   0   0   0   0   0   0   0   0   0   0   0   0   0   0   0   0   0  12  25   0   0   0   0   0   0   0   0   0   0   0   0   0   0   0   0   0   0   0   0   0   0   0   0   0   0   0   0   0   0   0   5   0   0   0   0   0   0   0   0   1   0   0  43   0   0   0  46   0   0   0   0   0   0  19   0   0  35   0   0   0   0   0   0   0   0   0   0  47   0   0   0   0   0   8   0   0   0
   0   0   0  47   0   0  21   0   0   0   0   0   0   0   0  20   0   0  34  29   0   0   0   0   0   0   0   0   0   0   0   0   0   0   0   0   0   0   0   0   0   0   0   0   0  19   8   0   0   0   0   0   0  40   0   5   0  12   0   0   0   0   0   0   0   0   0   0   0   0   0   0   0   0   0   0   0   0   0   0  22   1   0   0   0   0   0   0   0   0   0  49   0  40   0   0  23   0  22   0   0   0   0   0   0   0   0   0   0   0   0   0   0   0   0   0   0   0   0   0
   9   0   0   0   0   0   0   0   0   0   0   0  43   0   0   0   0   0   0   0   0   0  48   0   0  10   0  34   0   0  27   0   0   0   0   0   0   0   0   0   0   0   0   0   0   0   0   0   0   0   0   0   0   0   0   0   0   0   0   0   0   0   0   0  17   0   0   0   0   0   0   0  10  47   0   0   0   0   0   0   0   0  19   0   0   0   0   0   0   0   0  38   0   0   0   0   1   0   0   0  25   0   0   0   0   0   0   0   0   0  16   0   0   0   0  34   0   0   0
   0   0   0   0   0   0  50   0   0   0   0   0   0   0   0   0   0   0   0   0   0   0   0   0   0   0   0   0   0   0   0   0   0   0   0   0   0   0   0   0   0   0   0   0   0   9   0   0   0   0   0  50   0   0   0   0   0   0   0   0   0   0  36  40   0  50   0   0   0   0   0   0   0   0  32   0   0   4   0  26  20   0   0   0   0   0   3   0   0   0  28   0   0   0   0   0   0   0   1   0  14   0   0   0   0   0   0   0   0   0   0   0   0   0   0   0   0   0
   0   0   0   0   0   0   0   0   0   0   0   0   0   0   0   0   0   0   0   0   0  50  25   0   0   0   0   0   0   0   0   0   0   0   0   0   0   0   0   0   0   0   0   0   0  50   0  46   0   0   0   0  46   0   0   7   0   0   0   0   0   0   0   0   0   0   0   0   0   0   0   0   0   0   0   0   0   0   0   0   0   0   0   0   0  12   0   0   0  30   0   0   0   0   0   0   0   0   0   0   0   0   0   0   0   0   0   0   0   0   0   0   0   0   0   0   0
   0   0   0   0   0   0   0   0   0   0   0   0  28   0   0   0  29   0   0  42  15   0   0   0   0   0   0   0   0   0   0   0   0  19   0   0   0   0   0   0   0   0   0   0   0   0   0  46   0   0   0   0   0   0   0   0   0   0   0   0   0   0   0   0   0   0  21   0   0   0   0   0   0   0  21   0  33   0   0   0   0   0   0  39  47   0   0  35   0   0   0   0   0   0   0   0   0   0   0   0   0   0   0   0   0   0   0   0   0   0   0   0   0   0   0   0
   0   0   0   0   0   0   0   4   0   0   9   0   0   0   0   0   0   0   0   0   0   0   0   0   0   0  24   0   0   0  24   0   0   0   0   0   0   0   0   0   0   0   0  34   0   0   0   0   0   0   0   0   0   0   0   0   0   0   0   0   3   0   0   0   0   0  13   0   0   0   0   0   0   0   0   0   0   0   0  14   0   0   0  40   0   0   0   0   0   0   0   0   0   0   0  29   0   0   0   0  31   0   0   0   0   0   0   0   0   0   0   0   0   0   2
   0   0   0   0   0   0   0   0   0   0   0  44   0   0   0   0   0   0   0   0   0   0   0   0   0   0   0   0  23   0   0   0   0   0   0   0   0   0   0   0   0   0   0   0   1  35   0   0   0   0   0   0   0   0   0   0   0   0   0   0   0   0   0   0   0   0   0   0   0   0   0   0  14   0   0   0   0   0   0   0  27  30   0   0   0   0   0   0   0   0   0   0   0   0   0   0   0   0   0   0   0   0   0   0   0   6   0   0   0   0   0   0   0   0
   0   0  40   0   0   0   0   0   0   0   0   0   0   0   0   0   0  28   0   0   7   0   0   0   0   0   0   0   0  43   0   0   0   0   0   0  39   0   0   0   0   0   0   0   0   0   0   0   0   0   0   0   0   0   0   0   0   0   0   0   0   0   0   0   0   0   0   0   0   0   0   0   0   0   0   0   0   0   0   7   0   0   0   0   0   0   0   0   0   0   0   0   0   0   0   0   0   0   0   0   0   0   0   0  47   0   0   0  40   0   0  23   0
   0   0   0   0   0  40   0   0   0   0   0   0   0   0   6   0   0   0   0  48   0   0   0   0   0   0   0   0   0   7   0   0   0   0   0   0   0   0   0   0  29   0   0   0   0   0   0   0   0   0   0   0   0   0   0   0   0   0   0   0   0   0   0   0   0   0   0   0   0   0   0   0  43   0   0   0   0   0   0   0   0   0   0   0   0   0   0   0   0   0   0   0   0   0   0   0   0   0   0   0   0   0   0   0   0   0   0   0   7   0   0   0
   0   0   0   0   0   0   8   0   0   0   0   0   0   0   0   0   0   0   0   0   0   0   0   0   0   0   0   0   0   0   0  25   0   0   0   0   0   0   0   0   0   0   0   0   0   0   0   0  13   0   0   7   0   0   0   4   0   0   0   0   0   0   0  25  45  38   0   0   0   0   0   0   0   0   0   0  19   0   0   0   0   0   0   0   0   0   0   0   0   0   0   0   0   0   0   0   0  11   0   0   0   0  45   0   0   0   0   0   0   0   0
   0   0   0   0   0   0   0   0   0   0   0   0   0   0   0   0  11   0  37  40  47   0   0   0   0   0   0   0   0   0  28   0   0   0  21   0   0   0   0   0  12   0   0   0   0   0   0   0   0   0   0   0   0   0   0   0   0   0   0   0   0   0   0   0  12   0   0   0   0   0   0  31   0   0   0   0   0   0   0   0   0   0   0   0   0   0   7   0   0   0   0   0  39   0   0   0   0   0   0   0   0   0   0   0   0   0   0   0   0  24
   0   0   0   0  46   0   0   0   0   0  50   0   0   0   0   0   0  31   0   9   0   0  12   0   0   0   0   0   0   0  21   0   0   0   0   0   0   0   0   0   0   0   0   0   0   0  31   0   0   0   0   0   0  10   0   0   0   0   0  32   0   0   0   0   0   0   0   0   0   0   0   0  48   0   0   0   0   0   0  50   0   0   0   0   0   0   0   0   0   0   0   0   0   0   0   0   0   0   4   0   0   0   0   0   0   0   0   0   0
   0   0   0   0   0   0   0  30   0   0   0  32   0   0   0   0   0   0  10   0   0   0   9   0  25   0   0  39   0   0   0   0   0   0   0   0   0   0  32   0   0   0   0   0   0   0   0   0  13   0   0   0   0  45   0   0   0  44   0   0   0   0   0   0   0   0   0   0   0   0   0   0  38   0   0   0   0   0   0   0   0   0   0   0   0   0   0   0   0   0   0   0   0   0   0   0   0   0   0   0   0   0   0   0   0   0   0   0
   0   0   0  17   0   0   0   0   0   0   0   0   0   0   0   0   0   0   0  30   0   0   0   0   0   0   0   0   0   0   0   0   0   7   9   0   0   0   0   0   0   0   0   0   0  38   0   0   0   0  35   0   0   0   0   0  38   0   0   0   0   0   0   0   0   0   0   0   0   0   0   0   0   0   0   0   0   0   0   0   0   0   0   0  37   0   0  43   0   0   0   0   0  44   0   0   0   0   0   0   0  13   0   0   0   0   0
   0  13   0   0   0   0   0  30   0  23   0   0   0   0   0   0   8   0   0   0   0   0   0   0   0   0   0   0   0   0   0   0   0   0   0   0   0   0   0   0   0   0   0   0   0   0   0   0   0   0   0   0   0   0   0   0   0   0  39   0   0   0   0   0   0   0   0   0   0   0   0   0   0   0   0   0   0  31   0   0  48   0   0   0   0   0   0   0  23   0  49   0  35   0   0   0   0   0   0   0   0   0   0   0   0   0
   0   0   0   0  42   0   0   0   0   0   0   0   0   0  41   0   0   0   5  31   0   0   0   0   0   0   0   0   0   0   0   0   0   0   0   0   0   0   0   0   0   0   0   7   0   0   0   0   0   0   0   0   0   0   0   0   0   0   0   0   0   0   0  28   0   0   0   0   0  17   0   0   0   0   0   0   0   0   0   0   0   0   0   0   0  33   0  33   0   0   0   0   0   0   0   0   0   0  14   0   0   0   0  13   0
   0   0   0   0   0   0   0   0   0   0   0   0   0   0   0   0   0   0   0   0   0   0   0   0   0   0   0   0   0   0  44   0   0   0  26   0   0   0   0   0  30   0  49   0   0   0   0   0   0   0   0   0  40   0   0   0   0   0   0   0  26   0   0  11   0   0   0   0  34   0   0   0  31   0   0   0   0   0   0   0   0   0   0   0   0   0   0   0   0   0   0   0   0   0   0  20   0   0   0   0   0   0   0   0
   0   8   0  27   0   0   0   0   0   0   0   0   0   0   0   0   0   0   0   0   0   0   0   0   0   0   0   0   0   0   0   0   0   0   0   0   0   0   0   0   0   0   0   0   0   0  18   0   0   0  12  24   0   0   0   0   0   0   0   0   0   0   0   0  19  22   0   5   0   0   0   0   0   0   0   0   0   0   0  20   0   0   0   5   0   0   0   0  48   0   0   0   0   0   0   0   0   7   0   0   0   0   0
   0   0   0   0   0   0   0   0   0   0   0   0   0   0   0   0   0   0   0   0   0   0   0   0   0   0   0   0   0   0   0   0   9   0   0   0   0   0   0   0   0   0   0   0   0   0   0   0   0   0   0   0   0   0   0   0   0   0   0   0   0   0   5   0   0  15   0   0   7   0   0   0   0   0   0   0   0   0   0   0   0   0   0   0   0   0   0   0   0   0   0   0   4   0  27   0   0   0   0   0   0  32
   0   0   0   0   0   0  11   0   0   0   0   0   0   0   0   0  43  40   0   0  47   0   0   0  41   0   0  40   0   0   0  30   0   0   0   0   0   0   0   3   0   0   0   0   0   0   0   0   0   0   0   0   0   0   0   0  25   0   0   0   0   0   0   0   0   0   0   0   0   0  41   0   0   0   0   0   0   0   0   0   0   0   0  14   0   0   0   0   0  17   0   0   0   0   0   0   0   0   0   8   0
   0   0   0   0   0   0   0   0   0   0   0   0   0   0   3   0   0   0   0  15   0   0   0   0   0   0   0   0   0   0   0   0   0   0   0   0   0   0   0   0   0   0   0  24   0   0   0   0   0   0   0   0   0   0   0   0   0   0   0   0   0   0   3   0   0   0   9   0   0  48   0   0   0   0   0   0   0   0   0   0   2   0   0   0   0   0   0   0   0   0   0   0   0  25   0   0   0   0   0   0
   0   0   0   0   0  49   0   0   0   0   0   0   0   0   0   0   0   0   0   0   0   0   0   0   0   0   0  33   0   0   0   0  11   0   0   0   0   0   0   0   0   0   0   0   0  22   0   0   0   0   0  40  31   0   0   0   0   0   0   0   0   0   0   0   0  19   0   0   0   0   0   0   0   0   0   0   0   0   0   0   0   0   0  45   0   6   0   0   0   0   0   0   0   0   0   0   0   0   0
   0   0   0   0   0   0   0   0  23   0   0   0   0   0   0   0   0   0   0   0   0   0   0   0   0   0   0   0   0   0   0   0   0   0   0   0   0   0   0   0   0   6   0   0   0   0   0   0   0   0   0   0   0   0   0  28   0   0   0   0   0   0   0   0   0   0   0   0   0   0   0  30   0   0   0   0   0   0   0   0   0   0   0   0   0   0   0   0   0   0   0   0   0   0   0   0   0   0
   0   0   0  11   0   0   0   0   0   0   0   0   0   0  19   0   0   0   0   0   0   0   0   0   0   0   0   0   0   0   0   0  36   0   0   0   0   0   0   0   0   0   0   0   0   0   0   0   0   0   0   0   0   0   0   0   0   0   0   0   0   0  22   0   0   0   0   0   0  16   0   0   0   0   0   0  32   0  24   0   0   0   0   0   0   0   0   0   0   0   0   0   0   0   0   0   0
   0   0   0   0   0  16  13   9  31   0   0   0  29   0   0   0   0  27   0   0   0   0  38   0   0   0   0   0   0  17   0   0   0  22   0   0   0   0   0  35   0   0  10  13   0   0   0   0   0   0   0   0   0   0   0   0   0   0   0   0   0   0   0   0   0   0   0   3   0   0   0   0   0   0   0   0   0   0   0   3   0  28  32  46   0   0   0   0   2   0   0   0   0   0   0   0
   0   0   0   0   0   0   0   0   0   0   0   0   0   0   0   0   0   0   0   0   0   0   5   0  33   0   0   0   0   0   0   0   0  22   0   0   0   0   0   0   0   0   0   0   0   0   0   0   0   0   0   0   0   0  35   0   0   0   0   0   0   0   0   0   0   0   0   0   0   0   0   0   0   0   0   0   0   0   0   0   0   0  49   0   0   0   0   0   0   0   0   0   0   0   0
   0   0   0   0   0   0   0   0   0   0   0   0   0   0   0   0   0   0   0   0   0   0   0  13   0   0   0   0   0   0   0   0   0   0  46   0   0   0   0   0   0   0   0   0   0   0   0   0   0   0   0   0   0   0   0   0   0   0   0  28   0   0   0   0   0   0   0  50   0   0   0   0   0   0   0   0   0   0   0   0   0   0   0   0   0   0   0   0   0   0   0   0   0   0
   0  18   0   0   0   0   0   0   0   0   0   0   0   0   0  50   0   0   0   0   0   0   0   0   0   0   0   0   0   0   0   0   0   0   0   0   0   0   0   0   0  29   0  27   0   0   0   0   0   0   0   0   0   0   0   0   0  12   0   0   0   0   0   0   0   0   0   0   0   0   0   0   0   0   0   0   0   0   0   0   0  37   0  38   0   0   0  46   0   0   0   0   0
   0   0   0   0   0  41   0  23   0  48   0   0   0  25   0   0   0   0   0   0   0   0   0   0   0   0   2   0   0   0   0   0   0   0   0   0  12   0   0   0   0   0   0   0   2   0   0   0   0   0   0   0   0   0   0   1   0   0   0   0   0   0   0   0   0   0   0   0   0   0   0   0   0   0   0   0   0   0   5   0   0  12   0   0   0   0   0   0   0   0   0   0
   0   0   0   0   0   0   0   0   0   0   0   0  29   0   0   0   0   0  10   0   0   0   0   0   0   0   0  19   0   0   0   0   0   0   0   0   0   0   0   0   0   0   0   0   0   0   0   0   0   0   0  29   0   0   0   0   0   0  48   0   0   0   0  16   0   0   0   0   0  12   0   0   0  17   0   0   0   0   0   0  22  12   0   0   0   0   0   0   0   0   0
   0   0   0   0   0   0   0   0   0   0   0   0  12   0   0   0   0   0  24   0   0   0   0   0   0   0   0   0   0   0   0   0   0   0   0  30   0   0   0   0   0   0   0   0   0   0   0   0   0   0   0   0   0   0   0  46   0   0  44   0   0   0   0   0   0   0   0   0   0   0   5   0   0   0   0   1   0   0   0   0   0   0  48   0   0   0   0   0   0   0
   0   0   0   0   0   0   0   0   0   3   0   0   0   0   0   0   0   0   0   0  45   0   0   0   0   0   8   0   0   0   0   0   0   0   0  33   0  48   0   0   0   0   0   0   0   0   0   0   0   0   0   0   0   0  13   0   0   0   0   0   0   0   0   0   0   0   0   0   0   0   0  50   0   0  14   0   0   0   0   0   0   0   0   0   0   0   0  42   0
   0   0   0   0   0   0   0   0   0   0   0   0   0   0   0   0   0   0   0   0   0   0   0   0   0   0   0   0   0   0   0   0   0   0   0   0   0   0   0   0   0   0   0   0  37   0   0   0   0   0   0   0   0   0   0   0   0   0   0   0   0   0   0   0   0   0   0   0  28   0   0   0   0   0   0   0   6   0   0   0   0   0   0   0  13   0   0   0
   0   0  21   0  41   0   0   0   0   0   0   0   0  46   0   0  20   0   0   0   0   0  17   0   0   6   0   0   0   0   0   0   0   0   0   0  24   0   0   0  32   0   0   0   0   0   0   8  43   0   0   0   0  31   0   0   0   0   0   0  17   0   0   0   0   0   0   0   0   0   0   0   0   0   0  46   0   0   0   0   0   0   0   0   0   0   0
   0   0   0  25   0  40   0   0   0   0   0   0  25   0   0   0   0   0   0   0   0   0   0   0   0   0  10   0   0   0   0   0   0   0  42   0   0   0   0   0   0  37   0   0   0   0   0   0   0   0   0   0   0   0   0   0   0   0  30   0   0   0   0   0   0   0   0   0   0   0   0  16   0   0   0   0  29   0   0   0   0   0   0   0   0   0
   0   0   0   0   0  13   0   0   0  27   0  41   0   0   0  14   0   0   0   0   0   0   0   0  36   0   0   0   0   0   0   0   0   0   0   0   0   0   0   0   0   0  43   0   0   0   0   0   0  16   0  41   0   0   0   0   0  42   0   0  15   0   0   0   0   0   0   0   0   6   0   0   0  40   0   0   0   0   0   0   0   0   0   0   0
   0   0   0   0   0   0   0   0   0  30   0   0   0   0   0   0   0   0   0  30   0   0   0   0   0   0   0   0   0   0   0   0   0  20   0   0   0   0   0   0  48   0  14   0   0   0   0   0   0   0  33   0   0   0   0   0  28   0   0   0   0   0   0   0   0  38   0   0  19   0   0   0   0   0   0   3   0   0   0   0   0   0  31   0
   0   7   0   0   0  10   0   0   0   0   0   0   0   0   0   0   0   0   0  23   0   0  34   0   0   0   0   0   0   0   0   0   0   0   0   0   0   0   0   0   0   0   0   0   0   0   0   0  10   0   0   0   0   0   0   0   0   0   0   0   0   0   0   0  47   0   0   0   0   0   0   0   0   0   0   0   0   0   0   0   0   0   0
  48   0  41   0   0   0   0   0   0   0   0   0   0   0   0   0   0   0   0   0   0   0   0   0   0   0   0   0  39  35   0   0   0  47   0   0   0   0   0   0   0   0   0  30   0   0   0   0   0   0   0   0   0   0   0   0   0  25  15   0   0   0   0   0   0   0   0   0  36   0   0   0   0   0   0   0   0   0   0   0   0  40
   0   0   0   0   0   0   0   0   0   0   0   0   0   0   0  38   0   0   0   0  13   0   0   3   0   0   0   0   0   0   0  29   0   0   0   0   0   0   0   0   0   0   0   0   0   0   0   0   0   0   0   0   0   0   0   0  33   0   0   0   0   0   0   0   0   0   0  42   0   0   0   0   0   0   0  50  20   0   0   0   0
   0   0   0   0   0   0   0   0   0   0   0   0   0   0   0   0   0   0   0   0   0   0   0   0   0   0   0   0   0   0   0   0   0  20   0   0   0   0   0   0   0  21   0   0   0   0  45   0   0   0   0   0   0   0   0   0   0   0   0   0   0   0   0   0   0   0   0   0   0   0  28   0   0   0   0   0   0   0   0   0
  48   0   2   0   0   0   0   0   0   0   0   0   0   0   0   0   0   0   0   0   0   0   0   9   0   0   0   0   0  28   0   0   0  20   0   0  33   0  23   0   0   0   0   0   0   0   0   0   0  21   0   0   0   0  39   0   0   0  49   0   0   0   0   0   0  43   0   0   0   0   0   0   0   0   0   0   0   0   0
   0   0   0   0   0   0   0   0   0   0   0   0   0   0   0   0   0   0  38   0   0   0   1  41  10   0   0   0   0   0   0   0  23   0   0   0   0   0  33  30   0   0   0   0   0   0   0   0   0   0   0   0   0   0   0   0   0   0   0   0   0   0  15  14   0   0   0   0   0   0   0  10  34   0   0   0   0   0
   0   0   0   0   0   0   0   0   0   0   0   0   0  39   0   0   0   0   0   0   0   0   0   0   0   0   0   0   0  14   0   0  35   0   0   0   0   0   0   0   0   0   0   0   0   0   0   0   0   0   0   0   0  27   0   0   0   0   0   0   5   0   0   0   0   0   0   0   4   0   0   0   0   0   0   0   0
   0   0   0  27   0   0   0   0  45   0   0   0   0   0   0  35   0   0   0   0   0   0   0   0   0  27   0   0   0   0   0   0   0   0   0   0   0   0   0   0   0  46   0   3   0   0  46   0   0   0   0   5  48   8   0   0   0   0   0   0   0   0   0  42   0   0   0   0   0   0   0   0   0   0   0  28
   0   0   0   0   0   0   0   0   0   0   0  36  16   0  24   0   0   0   0   0   0   0   0   0   0   0   0   0   0   0   0  29   0   0   0   0  48   0   0   0   0  35  10   0   0   0   0   0   0   0   0   0   0   0   0   0   0   0   0   0   0   0   0   0   0  13   0   0   0   0   0   0   0   0   0
   0   0   0   0   1   0   0   0   0   0   0   0   0   0   0   0   0   0   0   0   0   0   0   0  13   0   0   0  22   0  48   0   0   0   0   0   0   0   0   0   0   0   0   0   0  38   0   0   0   0   0   0   0   0   0   0   0   0   0   0   0   0   0   0   0   0   0   0  22   0   0   0   0   0
   0   0   0  16   0   0   0   0  10   0   0   0   0   0   0   0   0   0   0   0   0   0   0   0   0   0   0   0   0   0   0   0   0   0   0  26   0   0   0   0   0   0   0   0   0   0   0   0   0   0   6   0   0   0   0   0   0   0   0   0  22   0   0   0   0   0   0  12   0   0   0   0   0
   0   0   0   0   0   0  46   0   0   0   0   0   0  41   0   0   0   0   0   0   0   0   0   0   0   0   0   0   0   0   0   0   0   0  37   0   0   0   0   0   0   0   0   0   0   0   4   0   0   0   0   0   0   0   0  17   0   0   0  44   0   0  37   0   0   0  37   0   0   0   0  30
   0   0   0   0   0   0   0   0   0   0   0   0   0   0   0   0   0   0   0   0   0   0   0   0   0   0   0   0  20   0   0   0   0   0   0   0   0   0   3  50  36   0   0  38   0   0   0   0   0   0   0   0   0   0   0   0   0   0   0   0   0   0   0   0   0   0   0   0   0   0   0
   0   0   0   0   0   0   0  44   0   0   0   0   0   0   0   0   0   0   0   0   0   0   0   0   0   0   0   0   0   0   0   0  29   0   0   0   0   0   0   0   0   0   0   0  16   0   0   0   0  30   0   0   0   0   0   0   0   0   0   0  36   0   0   0  31   0   0   0   0   0
   0   0   0   0   0   0   0   0  34   0   0   0   0   0   0   0   0   0  11   0   0   0   0   0  27  29   0   0  34   0   0   0   0   0   0   0   0   0   0   0   0   0   0   0   2   0   0   0   0   0   0   0   0   0   0   0   0   0   0   0   0   0   0   0   0  11   0   0   0
   0   0   0   0   0   0  31   0   0   0   0   0   0   0   0   0   0   0   0   0   0   0   0   0   0   0   0   0   0   0   0   0   0  29   0   0   0   0  27  40   0   0   0   0  25   0   0   0   0   0   0   0   0  40   0   0   0   0   0   0  34   0   0   0   0   0   0   0
   0   0   0   0   0   0   0   0   0   0   0   0   0   0   0   0   0   0   0   0   0   0  27   0   0   0  18   0   0   0   0   0   0   0   0   0   0   0   0   0   0  35   0   0   0   0   0   0   0   0   0   0   0   0   0   0   0   0   0   0   0   0   0   0   0   0   0
   0   0   0   0   0   0   0   0   0   0   0   0   0   0   0   0   0   0   0   0   0   0   0   0   0   0   0   0   0   0   0   0   0   0   0  40   0   0   0   0   0   0   0   0   0   0   0   0   0   0   0   0   0   0   0   0   0   0   0   0   0   0   0  36   0   0
   0   3   0   0   0   0   0   0   0   0   0   0   0   0   0   0  42   0   0   0   0   0   2   0   0   0   0   0   0   0  15   0   0   0   0   0   0   0   0   0   0   0   0   0   0   0  28   0   0   0  41   0   0  38   0   0  40   0   0   0   0   0   0   0   0
   0   0   0   0  23   0   0   0   0   0  23   0   0   0   0   0   0   0   0   0   0   0   0   0   0   0   0   0   0   0   0   0   0   0   0   0   0   0   0   0   0   0   0   0   0   0   0   0   0  27   0   0   0   8   0   0  22   0   0   0   0   0   0   0
   0   0   0   0   0   0  41   0   0   0   0   0   0   0   0   0   0   0   0   0  40   0   0   0   0   0   0   0   0   0   0   0   0   0  47   0   0   0   0   0   0  16  17   0  29   0   0   0   0   0   0   0   0   0   0   0   0   0   0   0   0   0   0
   0   0   0   0   0   0  45   0   0   0   0   0   0   0   0   0   0   0   0  25   0   0   0   0   0   0   0   0   0   0   0   0   0   0   0   0   0   0   0   0   0   0   0   0   5  33   0   0   0  10   0   0   0   0   0   0   0   0   0   0   0   0
   0   0  27   0   0   0   0   6   0   0   0  49   0   0   0   0   8   0   0   0   0   0   0   0   0   0  46   0  33   0   0  18   0   0  24   0   0   0   0   0  16   0   0   1   0   0   0   0   0   0  45   0   0   0   0   0   8   0  39   0   0
  47   0   0   0   0  38   0   0  29   0   0   0   0   0   0   0   0   0   0   0   0   0   0   0   0   0   0   0  16   0   0   0   0   0  35   0   0   0   0  17   0   0   0   0   0   0   0   0   0   0   0   0   0   0   0  41   0   0   0   0
   0   0   0   0   0   0   0   0   0   0   0   0   0   0   0   0   0   0   0   0   0   0   0   0   0   0   0   0   0   0   0   3   0   0   0   0   0   0   0   0   0   0   0   0   0   0   0   0   0   0   0   0   0   0   0   0   0   0   0
   0   0   0   0   0   0   0   0   0   0   0   0   0   0   0   0   0   0  35   0   0   0   0   0   0   0   0  30   0  15   0   0   0   0   0   0   0   0   0   0   0   0   0   0   0   0   0   0   0  36  31   0   0   0   0   1  44   0
   0   0   0   0   0   0   0   0   0   0   0   0   0   0   0   0  37  31   0   0   0   0   0   0   0   0   0   0   0   0   9  42   0   0   0   0   0   0   0  37   3   0   0   0   0   0   0   0   0  45   0  18   0   0   0   0   0
   0   0   2   0   0   0   0   0   0   0   0   0   0   0   0   0   0   0   0   0   0   0   0   0   0   0   0   0   0   0   0   0  27   0   0   0   0   0   0   0   0   0   0   0   0   0   0   0   0   0   0   0  17   0   0  17
   0   0   0   0   0  28   0   0   0   0   0   0  14   0   0   0   0   0   0   0   0   0   0   0   0   0   0   0   0  17   0   0   0   0   0   0   0   0   0   0   0   0   0   0   0   0   0   0   0   0   0   0   9   0   0
   0   0   6   0   0   0   0   0   0   0   0   0   0   0   0   0   0   0   0   0   0  10   0   0   0   0   0   0   0   0   0   0   0   0   0   0   0   0   0   0   0   0   0   0   0   0   0   0  27   0   0   0   0   0
   0   0   0   0   0   0   0  23   0  19   0   0   0   0   0   0   0   0   0   0   0  41   0   0   0   0   0   0   0   0   0   0   0   0   0   0   5   0   0   0   0   0  41   0   0   0  38   0   0   0   0   0   0
   0   0   0   0   0   0   0   0   0   0   0   0   0   0   0   0   0   0  48   0   0   0   0   0   0   0   0   0   0   0   0   0   0   0   0   0   0   0   0  43   0   0   0  15   0   0   0   0   0   0  40   0
   0   0   0   0   0   0   0   0   0   0   0   0   0   0   0   0   0   0   0   0  36   0   0   0   0   0   0   0   1   0  23  16   0   0   0   0   0   0   0   0   0   0  40   0   0   0   0   0   0   0   0
   0   0   0   0   0   0   0   0   0   0   0   7   0   0   0   0   0   0   0   0   0   0   0  43   0   0   0   0   0   0   0   0   2   0   0   0   0   0  31   0   0   0   0   0   0   0   0   0   0   0
   0   0   0   0   0   0   0   0   0   0   0   0   3   0   0   0   0   0   0   0   0   0   0   0   0   0   2   0   0   0   0   0   0   0   0   8   0   0   0   0   0   0   0   0   0   0   0   0   0
   0   0   0   0   0   0   0   0   0   0   0   0   0   0   0   0   0   0   0   0   0   0   0   0   0  10   0   0   0  28   0   0  50   0   0   0   0   0   0   0   0  27   0   0   0   0   0   0
   0   0   0   0   0   0   0   0   0   0   0   0   0   1   0   0   0  31   0   0   0   0   0   0   0   2   0   0   0   0   0   0   0   0   0   0   0   0  17   0  32   0   0   0   0   0   0
   0   0   0   0   0   0   0   0   0   0  28   0   0   0   0   0   0  10   0   0   0   0   0   0   0   0   0   0   0   0   0   0   0   0  32   0   0   0   0   0   0   0   0  13   0   0
   0   0   0   0   0   0  40   0   0   0   1  28   0   0  17   0   0   0   0   0   0   0   0   0   0   0  14   0   0  14   0   0  26   0   0   0   0   0   0   0   0   0   0   0  10
   0   0   0   0   0   0   0   0   0   0   0   0   0   0  11   0   0   0   0   0  30   0   0  29  16   0   0   0  36   0  32   0   0   0   0   0  29   0  44   0   0   0   0   0
   0   0   0   0  37   0   0   0   0   0   0   0   0   0   0   0   0   0   0   0   0   0   0   0   0  32  44   0   0   0   0   0   0   0   0   0   0   0  49   0   0   0   0
   0   0   0   0   0   0   0   0   0   0   0   0   0   0   0   0   0   0   0   0   0   0  39   0   0   0   0   0  38   0   0   0   0  39   0   0  14   0   0   0   7   0
   0   0  37   0   0   0   0  45   0   0   0   0   0   0   0  16   0   0   0  38   0   0   0   0   0   0  48   0   0   0   0   0   0   0   0   0   0   0   0   0   0
   0   0  36   0   0   0   0   0   0   0   0   0   0   0   0   0   0   0  12   0   0   0   0   0   0  46   0  13   0   0   0   0   0   0   0   0   0   0   0   0
   0   0  36   0   0   0   0   0   0   0   0   0   0   0   0  33   0   0   0   0   0   0   0   0   0   0   0   0   0   0   0   0   0   0   0   0   0   0   0
   0   7   0   0   0   0   0   0   0   0   0  47   0   0   0   0   0   0   0   0   0   0   2   0  45   0   0   0   0   0   0  31   0   0   0   0   0   0
   0   0   0   0   0   0   0  17   0   0   0   0   0   0   0   0   0   0   0  32   0   0   0   0   0  49   0   0   0   0   0   0   0   0   0   0   0
   0  28   0   0   0   0   0  49   0   0   0   0   0   0   0  29  10   0   0   0   0   0   0   0  32   0   0   0   0   0   0   0   0   0   0   0
   0   0   0  43  20   0   0   0   0   0   0   0   0   0   0   0   0   0  47   0   0   0   0  41   0   0   0   0   0   0   0   0  49   0  49
   0   0   0   0  32   0   0   0   0   0   0   0   0  15   0   0   0   0   0   0   0   0   0   0   0   0   0  46   0   0   0   0   0   0
   0   0   0   0   0   0   0   3   0   0   0   0   0   0   0   0   0   0   0  36   0   0   0  31   0   0   0   0   0   0  18   0   0
   0   0   0   0   0   0   0   0   0   0  13   0  14   0   0   0   0   0   0   0   0   0   0   0   0   0   0   0   0  32   0   0
   0   0   0   0   0   0   0   0   0   0  28   0   0  15   0   2   0   0   0   0  50   2   0   0   0   0   0   0   0   0   0
  36  42   0   0  43   0   0   0   0   0   0   0   0   0   0   0   0   0   0   0   0   0   0   6   0   0   0   0   0   0
   0   0   0   0   0   0   0   0   0   0   0   0   0   0   0   0   0   0  15   0   0   0   0   0   0   0   0   0   0
   0   0   0   0   0   0   0   0   0   0   0   0   0  46   0   0   0   0   0   0   0   0   0   0   0   0   0   0
  23   0   0   0   0   0   0   0   0   0  10   0   0   0   0  47  25   0   0   0   0   0  46  14   0   0   0
   0   0   0   0   0   0   0   0   0   5   0   0   0   0   0   0   0   0   0   0   8   0   0   0   0   0
   0   0   0   0   0   0   0   0   0   0   0   0   0   0   0   0   0   0   0   0   0   0   0   0   0
   0   0   0   0   0   0   0   0   0   0   0   0  27   0   0   0   0   0   0   0   0   0   0   0
   0   0   0   0  45   0   0   0   0   0   0   0   0   0   0   0   0   0   0   0   2   0  27
   0   0   0  15  37   0   0   0   0   0   0   0   0   0   0   0   0  44   0   0   0   0
  42   0   0   0   0   0   0   0   0   0   0   0   0  17   0   0   0   0   0   0   0
   0   0   0   0   0   0   0   0   0   0   0  19   0   0   0   7   0   0   0  18
   0   0   0   0   0   0   0   0   0   0   0   0   0   0   0   0   0   0   0
   0   0   0   0   0   0   0   7   0   0   0   5  37   0   0   0   0   0
   0   0   0   0  38   0   0   0   0   9   0   0  10   0   0   0   0
   0   0   0   0   0   0   0   0   0   0   0   0   0   0   0  40
   0   0   0   0   0   0  23   0   0   0   0   0   0   0   0
   0   0  31   0   0   0   0   0   0   0   0   0   0   0
   0  26   0   0   0  17   0   0   0   0   0  23   0
   0   0   0   0   0   0   0   0   0   0   0   0
   0   0   0   0   0   0  20   0   0   0   0
  12   0   0   0   0  17   0   0   0   0
   0   0   0   0   0   0   0   0  44
   0   0   0   0  14   0   0   0
   0   0   0   0   0   0   0
   0  29   0   3   0   0
   0   0   0   0  40
   0   0   0   0
   0   0   0
   0   0
   0

 712
  17   2   3   6  16  10  17  20  18  16  10  22  17  23  17  20   8   5  14   8  15   1  25   7   4  22  23  14   3  15   7  11  23   3  23  11  18   9  13  10  22   6  13  15  15   8  22  17  23  22  11  24  17  12  19  22  18   4   6  14  16  20  18  12  25  22  15  14   5  22   6  17  13   2  14  23   9  23  19   3  24   1  12  23   4   1  22  25  25  17  19  18  19   4  14   9  20  24  10  19   3  11  10   2   8   8  24  22   8  22   9   1  12  25   4  11  19   3  18  20  18   1   3  17   6  24  20   7  14   1   7  10  15  17  10  20  23  19  18   9

