 140 
   0  22   0   9   0   0   0   0   0   0   0   0   0   0   0   0   0   0   0   0   0   0   0   0   0   0   0   0   0   0   0   0   0   3   0   0   0   0   0   0   0   0   0   0   0   0  33   0  18   5   0   0   0   0   0   0   0   0   0   0   0   0   0   0   0   0   0   0   0   0   0   0   0   0   0   0  35   0   0   0   0   0   0   0  27  25   0   0   0   0   0   0   0   0   0  36   0   0   0   0   0   9   0  39   0   0   0   0  12   0   0  14   8   0   0   0   0   0   0   0   0   0   0   0   0   0   0   0   0   0   6   0   0   0   0   0   0   0   0  32
   0   0   0   0   0   0   9   0   7   0   0   0  46   0   0   0   0   0   0   0   0   0   0   0  40  49   0   0   0   0   0  38   0   0   0  14   0   0   0   0   8   0   0   0   0   0   0   0   0   0   0  19   0   0  32   0   0   0   0   0   0   0   0   0   0   0   0   0   0   0   0   0   0   0   0   0   0   0   0   0   0   0  34   0  20   0   0   0   0   0   0  19   0  31  21   0   0   0   0   0   0   0   0   0   0   0   0   0   0   0   0   0   0  25   0  31   0  22   0   0   0   0   0   0   0   0   0  11   0   0   0   0   0   0   0   0   0   0   0
   0   0  22   0   0   0   0   0   0   0   0  38   0  41   0   0   0  22   0   0   0   0   0   0   0  32   0  32   0   0   0   0   0   0   0   0   0   0   0   0   0  22   0  24   0   0   0   0   0   0   0   0   0   0   0   0   0   0   0   0   0   0   0   0   0   0   0   0   0   0   0   0  35   0   0  34   0   0   0   0   0   0   0   0   0   0   0   0   0   0   0   0   0   0   0  31   0   0   0   0   0   0   0   0   5   0   0   0   0   0   0  20   0   0   0   0   0   0   0   0   0   0   0   0   0  31   0   0   0   0   0   8   0  21   0  33   0  49
  47  37   0   0   0   0   0   0   0   0  10   0   0   0   0   0   0   0  23   0   0   0   0   0   0   0   0   0   0   0   0   0   0  24   0   0   0   0   0   0   0   0   0   0   0   0   0   0   0   0  17   0   0   0   0   0   0   0   0   0   0   3   0   0   0   0   0   0  29   0   0   0   0   0   0   0   0   0   0   0   0   0   0   0   0   0   0   0   0   0   0   0  47   0  31   0   0   0   6   0  17   0   0  48   0   0   0   0   0   0   0   0   0   0   0   0   0  18   0   0  42   0   0  14   0   0   0   0   0   0   0   0   0   0   0   0   0
   0  29   0   0   0   0   0   0   0   0   9   0  30   0   0   0   0   0   0   0  13   0   0   0   0  30   0   0   0   0   0  38   0   0   0   0   0   0   0   0  29  27   0   0   0   0   4   0   0   0   0  17   0  34  22   0  14   0   0   0   0   0   0   0   0   0   0   0   0   0   0   0   0   0   0   0   0  21   0   0   0   0   0  42   0   0  16   0   0   0   0  13   0   0   0   0   0   0   0  33   0   0   0   0   0   0   0   0  27   0   0   0   9   0   0   0   0   0   0   0   0  41   0   0   0   0   0  23   0   0   0   0   0  44   0   0
   0   0   0   0   0   0   0   0   0   0  16   0  26   0   0   0   0   0   0  28   0   0   0   0   0   0   0  21   0   0   0   0   0   0   0   0   0   0   0   0   0   0   0   0   0   0   0   0   0   0   0   0  26   0   0  39   0   0   0   0   0   0   0   0   0   4   0   0   0   0   0   2   0   0   0   0   0   0  26   0  32   0   0   0   0   0   0   0   0  29   0   0   0  42  11   0   0   0   0   0   0   0   0   0   0   0   0   0   0   3   0   0   0   0   0  32   0   0   0   0   0   0  24   0   0   0   0   0   0  44  44   0   0   0   0
   0   0   0   0   0  41   0   0   0   0   0   0   0   0   0   0  45   0   0   0   0   0   0   0   0   0   0   0   0   0   0   0   0   0  43   0   0   0   0  45   0   0   0   0   0   0  47   0   4   0   0   0   0   0   0  49   0   0   0   0   8   0   0   0   0   0   0   0   0   0   0   0   0   0   0  31   2  35   0   0   0   0   0   0   0   0   0   0   0   0   0   0   0   0   0   0   0   0   6   0   0   0   0   0   0   0  37   0   0   0   0  32   0   0   0   0  46   0   0   0   0   0  15   0   0   0   0   0   0   0   0   0   0   0
   0   0   0   0   0   0   0  27   0   0  28   0   0   0  42   0   0   0  12  15   0   0  45  27   0   0   0   0   0   0   0   0   0   0  40   0   0   0   6   0   0  45   0   0   0   0   0   0   0   0   0   0   0   0   0   9   0   0  23   0   0   0   0   0   2   0   0   0   0  28   0  41   0   0   0   0   0  25   0   0   0   0   0   0  15   0   0   0   0   1   0   0   0  49   0   0   0  50   0   0   0   0   0   0   0   0   0   0   0   0   0   0   0  14   0   0   0   0   0   0   0   0   0  38   0   0   0   0   0   0   0   0   0
   0   0   0   0   0   0   0   0  38   0   0   0   0   0   0  14  21   0   0   0   0   0   0   0  30   0   0   0   0   0   0  11  10   0   0  10   0  27   0   0  24  15   0   0   0   0   0   0   0   0   0   0   0   0   0   0   0   0   9   0   0   0   0   0   0   0   0   0   0   0   0   0   0  42   0   0   0   0   0   0   5  34   0   0   0   0  42   0   0   0   0   0   0   0   0   0  10   0   0   0   0   0   0   0   0   0   0   0   0   0   0  47   1   0   0   0   0   0   0   0   0   0   0   0   0   0   0   0   0   0   0  50
   0  11   0   0   0   0   0   0   0   0   0   0   0   0  26   0   0   0   0   0   0   0   0   0   0  48   0   0   0   0  10   0   0   0   0   0   0   0   0   0   0   0   0  32   0   0   0   0  13   0   0   0   0  47   0  15   0   0   0   0   0   0   0   0   0   0   0   0   0   0   0   0   0   0   0   0   0   0   0   0   0   9   0   0   0   0   0   0   0   0   0   0   0   0   0   0   0   0   0   0   0   0   0   0  29   0   0   0   0   0   0   0   0   0   0   0   0   0   0   0   0   0   8   0   0   0   0   0   0   0   0
   0   0   0   0   0   0   0   0   0   0  26   0   0   0   0   0   0   0   0   0   0   0   0   0   0   0   0   0   0   1   0  14  11   0  31  30  36   0   0   0   0   0   0   0   0   0   0   0   0   0   0   0   0   0   0   0   0  17   0   0   0   0   0   0   0   0   0   0   0   0   0   0  48   0   0   0   0   0   0   8   0   0   0   0   0   0  25   0   0   0   0  46   7   0   0   0   0  37   0  36   0   0   0  33   0   0  36   0   0   0  28   0   0  36   0   0   0   0   9   0   0   0   0   0   0   0   0  21   0  27
   0   0   4   0   0   0   0   0   0   0   0   0   0   0   0   0   0   0   0   0   0   0   0   9   0   0   0   0  28   0   0   0   0   0   0   0   0   0   0   0   7   0   0  21  39   0  35   6   0   0   0  49   0   0   0   2  28   0   0   0   0   0   0   0   0   0   0   0   0   0   0   0   0   0   0   0   0   0   0   0  45  42   0  40   0  12  19  17   0   0   0   7   0   0   0   0   0   0   0   0   0  45   0  13   0  18   0  27   0   0   0   0   0   0   0  43   0   0   0   0   0   0   0  26   0   0   0   0   0
   5   0   0   0   0   0   0   0   0   0   0   0   0   0   0   0  36  13   0   0   0   0   0   0   5   0  39  21   0   0   0   0   0  18   0   0   0   0   0   0   0   0   0   0   0  20   0   0   0   0   6   0   0   0   0   0   0   0   0   0   0   0  30   0   0   0   0   0   0   0   0   0   0   0   0   0   0   0   0   0   0   0   0   0  32   0   6   0   0   0   0   0  50   0   0   0   0   0   0   0   0   0   0   0   0   0   0   0   0   0   0   0   0  32   0   0   0   0   0   0  20   0   0   1  13   3   0   0
   0   0   0  46   0   0   1   0   0   0   0   0   0   0   0  32   0  28   1   0   0   0   0   0   0   0   0   0   0   0   0   0  50   0   0   0   0   3   0   0   0   0   0   0   0   0   0   0   0   0   0   0   7   0   0   0   0  34   0  12   0   0   0   0   0   0   0   0   5   0   0   0   0  38   0   0   0   0   0   0   0   0   8   0   0   0  19   0   0  43  31   0   0   0   0   0   0   0  15   0   0   0   0   0  45   0   0   0   0   0   0   0   0   0   0   0  34   0   0   0   0   0   0   0   0   0  40
   0   0   0   0   0   0   0   0  42   0   0  34   0   0   0   0   0   0   0   0   0   0   0   0   0   0   0   0   0  41  31   0   0   9   0   0   0   0   0   0   0   0   0   0   0   0   0  15   0   0   0   0   0   0  41   0   0   0   0   0  11   0   0   0   0   0   0   0  46  20   0   0   0   0   0   0   0   9   0   0  14   0   0   0   0  40   0   0   0   0   0   0   0   0   0   0  37   0   0   0   0   0   0   0   0   0   7   0   0   0  30   0   0   0   0   0   0   0   0   0   0   0  46   0   0  31
  35   0  44   0   0   0   0  35   0   0   0   0   0   0   0   0   0   0   0   0   0   0   0   0  36  26   0   0   0   0   0   0  21   0  39   5  14   0   0  12   0   0   0   0   0   0   0   0   0   0   0   0   0   0   0   0   0   0   4   0   0  31   0   0   3   0  34   0  12   0   0   0   0   0  39   0   0   0   0   0  46   0   0   0   0  19   0   0   0   0   0   0   0   0   0   0   0   0   0   0   0   0   0  16   0   0   0   0   0  48   0  47   0   0  29   0   8   0   0   0   0   0   0   0   0
   0   0   0   0  13   0   0   0   0   0   0  30   0  31  22   0   0  19   0   0   0   0   0   0   0   0   0   0   0   0  40  18   7   0  28  43   0   0   0   0  36   0   0   0   0   0   0   0   0   0   0  12   0   0   0   0   0  27   0  42  20   0   0   0   0   0   0   0   0   0   0   0   0   8   0   0  21   0   0   0   0   0   0   0   0   0   0   0  40   0   0   0   0   2   0   0   0   0   0   0   0   0   0   0   0   7  13   0   0   0   0   0   0   0   0   0  23  34  22   0   0   0   0   0
   0   0   0  13   0   0   0   0   0   0   0  16   0   0   0   0   0   0   0   0   0   0   0  15   0   0   0  21   0   0   0   0   0   0   0   0   0   0   0   0   0   0   0   0   0   0   0   0   0   0   0   0   0   0  37   0   0  17   0   0   0   0   0   0   0   0   0   0   0   0  29   0  11   0   0   0  14   0   0   0   0   0   0  10   0   0   0   0  18   0   0   0   0   6   3   0   0   0   0  40   0   0   0   0   0   0   0  24   0   6   0   0   0   0   0  23   0   0   0  34   0   0   0
   0   0   0   0   0   0   0   0   0   0   0   0   0   0   0  18   0   0   0  26   0   0   0   0   0   0   0   0   0   0   0  27   0   0   0   0   0  45   0   0   0   0   0   0   0   0   0   0   0  41   0   0   0   0   0   0   0   0   0   0  15   0   0   0   0   0   0  28   0   0   0   0   0  33  22  46   0   0   0   0  21   0   0   0  18   0   0   0   0   9   0   0   0   0   0   0   0  23   0   0  26   0   0  10   0   0   0   0   0   0   0  20   0   0  19   0   0   0   0   0   0   0
   0   0  43  19   0   0   0   0   0   0   0   0   0   0   0  15   0   0   9   0   0   0   0   0   0   0   0   0  36   0   0   0   0   0   0   0   0   0   0   0   0   0   0   0   0   0   0   0   0   0   0   0   2  16   0   0   0   0   0   0   0   0   0   0   0   2  14   0   0   0   0   0   0   0   0   0   0   0   0  40   0  40   0   0   0   0   0   0   0   0   0   0   0   0   0   0   0   0   9   0   0   0   0   0   0   0   0   0   0   0   0   0  39   0   0   0   0   0   0   0   0
   0   0   0  16   0   0   0   0   0   0   0   0   0   0   0   0   0   0   0   0   0  20   0   0   0  28   0   0   0   0   0   0   0   0   0   0   0   0   0   0   0   0   0   0   0   0   0   0  48   0   0   0   0   0   0   0   0   0   0   0   0  49   0   0   0   0   0   0   0   0   0   8   0   0   0  35   0   0   0   0   0  17   0   0   0  18   0  28   0   0   0   0   0   0   0   0   6   0   5   0  25   0   0   0   0   0   0   0   0   0   0   0   0  47   0   0   0   0   0   0
   0   0  11   0   0   0   0   0   0  34   0   0  37   0  40   0  37   0   0   0   0  29   0   0   0   0   0   0   0   0   6   0   0   0   0  31   0   0   0  19   0  38   0   0   0   0  10  33   0  50   0   0   0   0   0   0   0   0   0   0   0   0   0   0   0   0   0  18   0   0   0   0   0   0   0   0   0   0   1   0   0   0   0   0   0   0   0   0   0   0   0   0   0   0   0   0  21   2   0   0   0   0   0   0   0   0   0   0  15   0   0   0   5  50   0   0   0  10   0
   0   0  49   0  19   0   0   0   0   0   0   0  20   0   0   0   0   0   0   0   0   0   0   0   0   0   0   0   0   8   0  50   0   0   0   0   0   0  36   0  35   0   0   0   0   0   7   0   0   0   0   0   0   0   0   0   0   3   0   0   0   0  38   0   0   0  28   0   0   0   0   0   8   0   0   0   0   0   0   0   0   0   0   0   0   0   0   0   0   0   0   0   0   1   0   0  21   0   0   0   0   0   0  15   0   0   0   0   0  18   0   0   0   0   0  37   0   0
   0   0   0   0   0   0   0   0  43   0   0  49   0   0   0   0   0   0   0   0   0   0  23   0  11   0   0   0   0  36   0   0   0   0   0   0   0   0   0   0  10   0   0  34   0   0   0   0  43   0   0   0   0   0   0   0   0   0   0   0   0  29   0   0   0   0  47  32  49   0   0  44   0   0   0   0   0   7   0   0   2   2   0   0   0   0   0   0   0   0   0   0   0   0   7   0   0   0   0   2   0  49  13   0  28   0   0  30   0  19   0   0   0   0   0   0   0
   0   0   0   0   0   0   0   0   0   0   0   0   0   0   0  18   0   0  22   0   0   0   0   0   0  23   0   0   0   0   0   0   0  47   0  46   0   0   0   0  30   0  10   0   0   0   0   0   0   0   9   0   0   8   0   0   0   0   0   0   0   0   0   0  24   0   0  50   1   0  45   0   0   0   0   0   0   0   0   0   0   0   0   0  32   5   0   0   0   0   0   0   0   0   0  45   0   0   0   0   0   0   0   0   0   7   0   0   0   0   0   0   0   0   0   0
  36   9   0   0   0   0   0   0   0   0   0  20   0   0   0   0   0   0  37   0   0   0   0   0   0   0   0  39   0   0   0   0   0   0   0   0   0   0   0  19   0   0   0  38   0   0   0  18   0  42   0  11   0   0   0   0   0  50   0   0   0   1  14   0   0   0   0   0   0   0   0  32   0   0   0  38   0   0   0   0   0   0   0  31   0   0   0  49   0   0   0   0  36   0   0   0  24   0   0  26   0  33   0   0   0   0   0   0   9   0   0   0   0   0  42
   0   0   0   0   0   0   0   0  27   0   0   0   0   0   0   0   0   0   0   0   0   0   0   0   0   0   0   0   0  35   0   0   0   0   0   0   0  41   0   0   0   0   0   0   0   0   0   0   0   0  25   0   0   0   0   0   0   0   0   0   0   0   0   0  49   0   0   0   0   0   0   0  14   0   0   0   0   0   0   5   0   0   0   0   0   0   0   0   0   0   0   0   0  39   0  26   0  13   0   0   0   0   0   0   0  42   0   0   0   0   0  27   0   0
   0  33   0   0   0   0   0   0   0   0  33   0   0   0   0   0   0  30   0  35   0  17   0   0   0   0   0   0   0   0   0   0   0   0   0   0   2   0   0   0   0   0   0   0   0   0  21   0   0   0   0   0   0   0  50   0   0   0   0   0   0   0   0   0   0   0   0  14   0   0   0   0   0   0   0   0   0   0   0   0   0   0   0   0   0   0   0   0   0   0   0   5   0   0   0   0   0   0   0   0   0   9   0   3   0  24   0   0   0   0   0   0   0
   0   0   0   0   0  36   0   0   0   0  49   0   0   0   0   9   0   4   0   0   0  12   0   0   0  21   0   0  20   0  16   0   0   0   0   0  50   0  25   0   0   8   0   0   0   0   0   0   0   0   0   0   0   0  33   0   7   0  43   0  24   0   0   0   0   0   0   0   0   0   0   0   0   0   0   0   0   0   0   8   0   0   0  44   0   0   0   0   0   0   0   0  45   0   0   0   0  12   0   0  49   0   0   0   0   9  40   0   0   0   0   0
   0   0   0   3   0   0   0   0   0   0   0   0   0  13   0  20   0  49   0   0   0   0   0   0   0   0   0   0   0   0   0   0   0   0   0   0   0   0   0   0   0   0   0   0   0   0   0   0  31   0   0  36   0  34   0   0   0   0   0   0   0   0   0  25   0   0   0   0   0   0   0   0   0   0   0   0   0   0   0   0   0   0   0   0   0  39   0   0   0  34  48   0   0   0   0   0   0  24  33   0   0   0   0   0   0   0   0   0   0   2   0
   0   0   0   0   0   9   0   0   0   0   0   0   9   0   0   0   0  40   0   0   0   0   0   0   0   0   0   0   0   0   0   0  45   7   0   0   0   0   0   0   0   0   0   0   0   0   0   0   0   0  49   0   1   0   0   0   0   0   0   0   0   0   0   0   0   0   0   0   0   0   0   0   0   0   0   0   0   0   0   0   0   0   0   0   0   0   0   0   0   0   0   0   0   0  10   0   0   0   0  29   0   0   0  33   0  34   0   0   0   0
   0   0   0   0   0   0   0  20   0   0   0   0   0   0   4   0   0   0   0   0   0   0   0   7   0   0  12  16   0  32   0   0   0   0   0  27  13   0   0   0   0   0   0   0   0   0   0   0   0   0   0   0   0   0   0   0  37  34   0   1   0   0  41   0   0  11   0   0   2   0  30   0   0   0   0   0   0   0   0  13   0   0   0   0   0  17   0   0   0   0   0   0   0  23   0  24   0   0   0   0   0   0   0   0   0   0   9   0   0
   0   0   0   0   0  16   0   0   0  10   0   0   0   0  20   0   0  47   0   0   0   0  23  20   8   0   0   0   0  11   0   0   1   0   0   0   0   0   3   0   0   0  35   0   0  13   0   0   0   0   0   0   0   0   0   0   0   0   0   0   0   0   0   0   0   0   0   0   0   0   0   0   0   0   0   0   4   0   0   0   0   0   0   0   0   0   0   0   0   0   0   0   0   0   0   0  33   0   0   0   0   0   0   0   0   0   0   0
   0   0   0   0   0  48   0   0   0   0   0   0   0   0  49   0   0   0   0   0  44   0   0   0   0   0   0   0   0   0   0   0   0   0   0   0   0   0   0   0  26   0   0   0   0   0   2  38   0   0   0   0   0   0  25  49  36   0   0   0   0   0   0   0   0   0   0   9   0  38   0  34   0   0   0   0   0   0   0  42   0   0   0   0   0  24   0   0   0   0  25   0   0   0   0   0  41   0   0  27   0   0   0   0  35   0   0
   0   0   0   0   0   0   6   0   0   0   0   0   0   0   0   0   0   0  21   0   0   0   0  48  30   0  18   0   0   0   0   0   0  50  39   0   0  29   0   0   0   0   0  31   0  10  42   0   0   0   0   0   0   0   0   0   0   0   0   0   0   0   0   0   0   0   0   0   0   0   0  13   0   0   0   0   0   0   0   0   0   0   0   0   0   0   0   0   5   4   0   0   0   0   0   0   0   0   0  41   0   0   0   0   0   0
  37   0   0   0   0   0   0   0   0   0   0   0   3   0   0   0   0   0   0   0  40   0  23   0   0   0   0   0   0   0  22   0   0   0  10   0  29   0   0   0   0   0   0   0   0   0   0   0   0   0   0   0   0   0  45   0   0   0   0   0   0   0   0   4  34   0   0  40   0   0   0   0   0   0  44  48  45   0  36   0  28   0   0  33  32  22   0   0  43   0   0   0   0   0   0  11   0   0   0   0   0   0   0   0   0
   0   0   0   0   0   0   0   0   5   0   0  35   0   0   0   0   0   0   0   0  37   0   0   0   0  13  25   0   0   0   0   0   0   0   0   0   0   0   0   0   0   0   0  43  32  28   7   0   0   6   0   0   0   0   0  39   0   0   0  11   0   0   0  28   4   0   0   0   0   0   0   0   0   0   0   0   0   0   0   0   0   0   0  27   0   0   0   0   0   0  22   0   0   0   0   0   0   0   0   0  35  34  31   0
   0   0  33  34   0  43   0   0   0  12   0   0   0   0   0   0   0   0  16   0   0   0   0   0   0   0   0   0   0  16   0  47   0   0   0   0  17   0   0   0  48   0   0   0  34   0  45   0   0   0   0   0  11   0   0   0   8   0   0   0  16   0   0  39   0   0   8   0   0  45   0   0   0   0   0   0   0   0   0   0   0   0   0   0   0   0   0   0   0   0   0   0   0   0   0   0   0   0   0   0   0  34   0
   0   0   0   0   0   0   0   0   0   9   0   0   0   0   0   0   0   0  48   0   0   0   0   0   0  27   0   0   0   0   0   0   0  35   0   0   0   0   0   0  22   0   0   0   0  41   8   0  23   0   0  44   0   0   0   0   0   3   0   0   0   0   0   0  46   0   0   0   0   0   0   0   0   0   0  20   0  25   0   0   0   0   0   0   0   0   0   0   0  36   0   0   0   3   5   0   0  49   0   0   0   0
   0   0   0   0   0   0   0   0   0   0   0   0   0  50   0   0   0   0   0   0  13   0   0  26   0   0   0   0   0   0   0   0   0   0   0   0   0   0  24  44   0   0   0   0   0   0   0   0   0   0   0   0   0   0   0   0   0   8   0   0   0   0   0   0   0  11   0   0   0   0   0   0   0   0   0   0   0   0   0   0   0   2   0   0   0   0   0   0   0   0   0   0   0   0   0   0   0   0   0   0  27
  27   0  40   0   0   0   0   0   0   0   0   0   0   0   0   0   0   0   0   0   0   0   0   0   0   0   0   0   0   0   0   0   0   0   0   0  18  26   0   0   0   0   0   0  45   0   0   0   0   0   0   0   0   0  41   0   0  33   0   0   0   0   0   0  27   0   0   0   0   0  40   0   0   0   0   0   0   0   0   0   0   0   0  12   0   0  18   0   0   0   0   0   0   0  32   0   0   0   0  22
   0   0  34   0   0   0   0   0   0   0   0   0   0   0   0   0  12   0  13   0   0   0   0   0   0   0   0   0   0   0  37   0  29   0   0  38  27   0   0   0   0   0   0   0   0   0   0   0   0   0   9   0   0   0  40   0  36   0   0   0   0   0   0   0   0   0  37   0   0   0   0   0   0  12   0   0  23   0   0   0   0  10   0   0   0  31   0   0  23   0   0   0   0   0   0   0   0   0  14
   0   0   0  37   0   0   0   0  49   0  29   0   0   0   0  40   0   0   0   0   0   0   0  46  46   0   0   0   0   0  39   0   0   0   0   0   0   0   0   0  35   7   0   0   0   0   0   0   0   0   0   0   0   0  44   0   0   0   0  42   0   0   0   0   0   0   0   0   0  32   0   0   0   0   0   0   0   0   0   0   0   0   0   0  46   0   0  23   0   0   0   0   0   0  48   0   0   0
   0   0   0   0   0  21   0   0  28   0   0   0   0  42   0   0   1   0   0   0   0   0   0   0   0   0   0   0  12   0   0   0   0   0   0   0   0   0   0   0   0   0   0   0  10   0   0   0   0   0   0   0  21   0   0   0  36   0   0   0   0  20   0  41   0   0   0   0   0   0   0   0   0   0   0   0   0   0   0   0   0  35  44   0  14   0   0   0   0   0   0   0   0  20   0  11   0
   0   0   0   0   0   0  21   0   0   0   0   0  12  45   0   0   0  20   0   0   0   6  22   0   0   0   0   0   0   0   0   0   0   0   0   0  12  43   0   0   0  18  18  22   0   0   0   0   0   0   0  33   0   0   0   0  23   0   0   0   0   0   0   0   0   0  19   7   0   0  15   0   0   0   0   0   0   0   0  41   0   0   0  17   0   0   0   0   0   0   0   0   0   0   0   0
   0   0   0   0   0   0   0   0   0   0   0   0   0   0  14  40   0   0   0   0   0   0   0   0   0   7   0   0   0   0   0   0   0   0   0   0   0   0   0  33   7   0   0   0   0   0  44   0   0   0   0  50  23   0  39   0   0   0   0   0   0   0   0   0  35   0   0   0   0  35   0   0   0   0   0   0   0   0   0   0   0  37   0   0   0   0   0   0   0   0   0   0   0  33   0
   0   0   0   0   0   0   0   0   0   0   0   0   0   0   0   0   0   0   0   0   0   7   0   0   0   0   0   0   0  10   0   0   0   0   0   0   0   0   0   0   0  21   0  33   0  14   0   0   0   0   0   0   0   0  43   0  15   0   0   0   0   0   0   0  32   9   0   0   0   0   0   0   0   0   0   0   0   0   0   0   0   0   0   0  31  23   0   0   0   0   0   0   0   0
   0   0   0   0   0  23   0   0   0   0   0   0   0   0   0   0   0   0   0   0   0   0   0   0   0  21   0   0   0   0   0   0   0   0   0   0   0   0   0   0   0   0   0   0   0   0   0   0   0   0   0   0   0   0   0   0   0   0   0   0   0   0   0   0   0   0   0   0   0   9   0   0   0   0   0   0   0   0   0   0  45   5   0  19   0   0   0  43   0   0   0   0   0
   0   0   0   4   0   0   0   0   0   0   0  43  11   0   0   0   0   0  31   5   0  30   0   0   0  49   0  48   0   1   0   0   0   0   0  33  35   0   0   0   0   0  13   0   0   0   0   0   0  35   0   0  24   0   0   0  26   0   0   0  25   0  31   0   7  28   0   1   0   0   0   0   0   0   0   0   7   3  30   0   0   0   7  23   0   0   0   0   0   0   0   0
  34  35   0   0   0   0   0   0   0   0   0   0   0  23   0   0   0   0   0   0   0   9   0   0  27   0   0  32   0   0   0   0   0   0   0   0   0   0   0  29   0   0   0   0   0  42   0   0  47   0  47   0  11   0  40   0   0  18   0   0   0   0   0  43   0   0  48   0   0   0   0   9   0   0   0  44   0  48   0   0   0   0   0   0   0  15   0   0   0   0  42
  10   0   0   0   0   0   0   0   0   0  31   0   0   0   0  31   0   0   0  23   0   0   0   0   0   0   0   0   0   0   0   0   0   0   0   0   0  30  41   0   0   1   0   0   0   0  23   0   0   0   0   0  24   0   0   0   0  40   0   0   0   0   0   0  30   0  23   0   0   0   3   0   0   0  49   0   0   0   0   0   0   0   0   0   0   0   0   0   0   0
   0   0   0  29  22   0   0   0   0   0   0   0   0   0   0   0   0   0  30   0   0   0   0   0   0   0   0   0   0   0   9   0   0   0   0   0   0   0   0   0  23   0   7   0   0   0   0   0   0   0   0   0   0   0   0   0   0   0   0   0   0   0   0   0   0   0   0   0   0   0   0   0   0   0   0   3   0   0   0  28   0   0   0   0   0   0   0   0   0
   0   0   0   0   0  18   0   0   3   0   0   0   0   0   0   0   0   0   0   0  34  10   0   0   0   0   0   0  10   0   0   0   0  11   0   0   0   0   0   0   0   0   0   0   0   0   0   0   0   0   0   0   0   0   0   0   0   0   0  15   0   0   0   0  28   0   0   0   0   0   0   0   0   0  40  12   0   0   0   0   0   0   0   0  45   0   0   0
   0   0   0   0   6   0   0  44   0   0   0   0   0   0   0   0   0   0   0   0   0   0   0   0   0   0   0   0   0   0   0   0   0   0   0   0   0   0   0   0   0   0  14   0  30   0   0   0   0   0   0   0   0   0   0   0   0   0   0   0   0   0   0   0   0   0   0   0   0   0   0   0   0   0  31   0  32   0   0   0   0   0   0   0   0   0   0
   0  50   0   0   0   0   0   0   0   0   0  25  32   0   0   0   0   0   0  19  39   0   0   0   0   0   0   0   0   0   0   0  41   0   0   0   0   0   0   0   0   0  25   0   0   0   0   0   0   0   0   0   0   0  25   0  15  44   0   0   0   0   0   0   0   0   0   0   0   0   0   0   0   0   0  14   0  23   0   0   0   0  31   0   0   0
   0   0   0   0   0   0   0   0   0   0   0   0   0   0   0   0  14   0   0  47   0   0   0  14   0   0   0  27   0  28   0   0   0   0  18   0  18   0   0   0   0   0  37   0   0   0   0   0   0   0   0   0   0   0   0   0   0  38   0   0   0  12   0   0   0   0   0  11   0   0   0   0   0   6   0   0   0   0  48   0   0   0  21   4   0
   0   0   0   0   0   0   0   0   0   0   0   0   0   0   0   0   0   0   0   0   2   0   0   0  22   0   0   0   0   0   0   0   0   0   0   0   0  42   0   0   0   0   0   0   0   0   0   0   0   5   0   0   0   0  37   0   0  39   0   0   0   0   0  46   1   0   0  39   0   0   0   0   0   0  37   0   0   0   0   0   0   0   0  35
   0   0   0   0   0   0   0   0  25   0   0   0   0   0   0   0   0   0   0  49   0   0   0   0   0   0   0   0   0   0   0   0   0   0   0   0   0   0   0   0   0   0   0  21   0   0  36   0   0   0   0   0   0  19  26   0   0   0   0   0   0  10   0   0   0   0   6   1   0   0   0   0  13  13   0   0   0   0   0   0   0   0   0
   0   0   0   0   0  48  11   2   0   0   0   0  14   0   0   0   0  22   0   0  33   0   0   0   0  27   0   0   0   0   0   0   0   0   0  29   0  27   0   0   0   0  45   0   0   0   0   0   0   0   0  25   0   0   0   0   0   0   0  35   0   5   0   0  17   0   0   0   0  44   0   0   0   0   0   0   0   0   0   0   0  43
   0   0  16   0   0   0   7   0  49   0   0   0   0   0   0  35   0   0   0   0   0   0   0   0  25   0  32   0   0   0   3   0   0   0   6   0   0   0   0   0   0   0   0   0   0   0   0   0   0   0   0   0   0   0   0  15   0   0   0   0   0   0   0   0   0   0   0   0   0   0   0   0  23   0  19   0   0   0   0   0   0
   0   0   0   0   0   0   0   0   0   0   0   0  14   0   0   0   0   0   0   0   0   0   0   0   0   0   0   0   0   0   0   9  10   0   0   0   0  27   0  26   0   0   0   0   0   0   0   0   0  33   0   0   0   0   0   0   0   0   9   0   0   0   0   0   0   1   0   0  28   0   0   0   0   0   0   0   0   0   0   0
   0   0   0   0   0  32   0   0   0   0   0   3   0   0   0   0   0   0   0   0   0   0   0   0   0   0   0  22   0   0   0   0   0   0   0   0   0   0   0   0   0   0   0   0  28   0   0   0   0   0   0   0   0   0   0   0  24   0   0   0   0   0   0   0   1   0   0   0   0   0   0   0   0   0   0  45   0   0   0
   0   0  10   0  43  48   0   6   0   0   0   0   0   0   0   0  16   0   0   0   0   0   0   0   0   0   0   0   0   0   0   0   0   0   0   0   0   0   0  46   0  13   4   0   0   0  25   0   0  11   0   0   4   0   0   0   0   0   0   0   0   0   0   0   3   0   0   0   0   0   0   0   0   0   0   0   0   0
   0   7   0   0   0   0   0   0   0  18  23   0  28   0   0   0   0   0   0   0   0   0   0   0   0   0   0   0   0   0   0   0   0   0   0   0   0   0   0   0   0   0   0   0   0   0   0   0   0   0   0   0  18   0   0   0   0   0   0   0   0   0   0  17   0   0  40   0   0   0   0   0   0   0   0   0   0
   0   0   0   0  27   0   0   0   0   0   0   2   0   0   0   0   0   0   0  29   0   0   0   0   0   0   0   0   0   0   0   0   0   0   0   0   0   0  37   0   0   0   0   0   0   0   0   0   0   0   0  43   0  36   0  16   0   0   0   0   0  18   0   0   0   7   0   0   0   0   0   0   0   0   0   0
   0   0   0   3   0   0   0   0   0   0   0   1   0   0   0   1   0   0   0  28   0   0   0   0   0   0   0   0   0   0   0  19   0   0   0   0   0   0   0  14   0   0  21   9   0   0   0   0   0   0   0   0   0   0   0   0   0   0   0  42   0   0   0  43   0   0  42   0   0   0   0   0   0   0  17
   0   0   0   0   0   0   0   0   0   5   0   0  42   0   0   0   0   0   0   0   0   0   0   0   0   0   0   0   0   0   0   0   0   0   0   0   0   2  13   0   0   0   0   0  12  41   9  24   0   0   0   0   0   0   0  37   0   0  10   0  41   0   0   0   7   0   0   0   0  37   0   0   0   0
   0   0   0   0   0   0   0   0   0   0   0   0   0   0  27   0   0   0   0   0   0   0  44   0  19   0   0   0   0   0   0   0   0   0   0   0   0   0  14   0  49   0   0   0   0   0   0   0   0   0   0   0   0   0   4   0   0   0  17   0   0   0   0   0  13   0  40   0   0   0  35   0   0
   1  41   0   9  25  11   0   0   0   0   0   0   0   0   0  30   0   0   0   0   0   0   0  16   0   0   0   0   0   0   0   0   0   0   0  23  42   0   0   0   0   0   0   0  35   0   0   0   0   0   0   0   0   0   0   0   0   0   0   0   0  44  39   0   0   0   0   0   0   0   0   0
   0   0   0  40   0   0   0   0   0   0   0   0   0   0   0   0   0   0   0   0   0  47   0   0  49   0   0   0   0   0   3   0   0   0   0   0   0  48  39   0   0  13   0  49   0   0   0  15   0   0   0   0   0   0   0   0   0   0   0   0   4   0   0   0   0   0   0   0   0   0   0
   3   0   7   0   0   0   0   0   0   0   0   0   0   0  50   0   0   0   0   0   0   0   0   0   0   0   0  24  10   0   0   0   0   0   0   0   0  44   0   0   0  50  18   0   0   0   0   0   0   0   0  23   0   0   0   0   0   0   0   0   0   0   0  39  46   0   0   0   0   0
   0  34   0   0   0   0   0   0   0   0   0   0   0   0   0  38   0   0   0  49  21   0   0   0   0   0   0   0   0   0  28  24   0   0   0   0   6   0  19   0  43   0   0   0   0   0   0  22  20   0   0   0   0   0  23   0  30   0   0   0   0   0   0  24   0   0   0  25   0
   0   0   0  24   0   0   0   0   0   0   0  29   0   0  10   0   0   0   0  25   0   0   0   0   0   0   0   0  12   0  47  10   0   0   0   0   0   0   0   0   0  26   0   0   0   0   0  39   0   0  33   0   0   0   0   0   0   0   0  25   0   0  27   0   0   0   0   0
   0   0   0   0   0   0   0   0   0   0   0   0   0   0  16   0   0   0   0   0   0   0   0   0   0   0   0   0  21  23   0  43   0   0   0   0   0   0   0   0   0   0   0   0   0   0   0   0   0   0   0   0  34   0  38  46   0   0   0   0   0   0   0   0   0   0   0
   0   0   0   2   0   0   0   0   0   0   0   0   0  22   0   0   0   0   0   0   0   0   0   0   0   0   0   0   0   0   5   0   0   0   0   0   0   0   0   0   0   3   0   0   0  13   0   0   0   0   0   0   0   0   0   0   0   0   0   0   0   0   0   3   0  46
   0  15   0   0   0  33   0  29   0   0   0   0   0  11   0   0  10  12   0   0   0   0   0   0   0   0   0   0   0   0   0   0   0   0   0  40   0   0   6   0   0   0   0   0   0   0   0   0   0   0   0   0   0   0  50   0  44   0  24   0   0   2   0   0   0
  30   0   0   0   0   0   0   0   0   0   0   0   0   0   0   0   0   0   0   0   0   0   0   0   0   0  34   0  50   0   0   0   0   0   0   0   0   0   0   0   0   0   0   0   9   0   0  10   0   0   0  30   0  15   0   0   0   0   0   0   0   0   0   0
   8   0   0   0   0   0   0  38   0  14   0   0   0   0   0   0   0   0   0   0  43   0   0   0   0   0   0   3   0   0   0  25   0   0  43   0  49   0   0   0   0   0   0   0   0   0   0   0   0  43   0   0   0   0  20   0   0   0  28   0   0   0   0
   0   0   0  45   0   0   0   0   0  14   0   0   0   0   0   0   0   0   0   0   0   0   0  41   0   0   0   0   0   0   0   0  49   0   0  18   0   0  34   0   0   0   0   0   0  22   0   0   0   0   0   0   0   0   0   0   0   0   0   0   0   0
   0   0   0  31  32   8   0   0   0   7   0   0  25   0   0   0   0   0   0   0   0   0  26   0   0   0   0   0   0   0   0   0   0   0   0   0   0   0   0   0   0   0   0   0   0   0   0  26   0   0  14   0   0  48   0   0   0   0  29   0   0
   0   0  48   0   0   0   0   6   0   0   0   0   0   0   0   0   0   2   0   0  22   0   0   0   0   0   0  16   0   0   0   0   0  10   0   0   0   0   0   0   0   0   0   0   0   0   0   0   0   0   0  44   0   0   0   0  40  20   0   0
   7   0   0   0   0   0   0   0   0   0   0   0   0   0   0   0   0   0   0   0   0   0   0   0  10   0   0   0   0  13   0   0   0   0   0  30   0   0   0   0   0   0   0   0   5   0   0   0   0   0  37   0   0   0   0   0   0   0   0
   0   0   0   0   0  40   0   0   0   0   0   0  26   0   0   0   0  28   0   0   0   0   0   0   0   0   0   0   0  13   0   5   0   0   0   0   0   0   0   0   0  11   0   0   0   3  26   0   0   0   0   0   0   0   0   0   0   0
   0   0   0   0   0   0   0   0  37   0   0   0   0   0  11   0   0   0   0   7   0   0   0   0   0   0   0  36   0   0   0   0   0   0   0   0   0   0   0   0  32  10   0   0   0   0   0   0   0   0   0   0  45  27   0   0   0
   0   0   0   9  42   0   0   0   0   0   0   0   0   0   0   0   0   0   0   0   0   0   0   0   0   0   0   0   0   0   0   0   0   0   0   0   0   0   0   0  18   0  13  34   0   0   0  12  30   0   0  12   0   0   0   0
   0   0   0   0   0   0   0   0   0   2   0   0   0   0   0   0   0   0   0   0   0   0  39   0   0   0   0   0   0   0   0  25   0   0   0   0   0   0   0   0   0   0   0   0  10   0   0   0   0   0  27   0   0   0   0
   0   0   0   0   0   0   0   0   0  34   0   0  23   0  30   0  18   0   0  38   0   0   0   0   0   0   0   0   0   0   2   0   0   0   0   0   0   0  23   0   0   0   0   0   0   0   0   0   0   0   0   0   0   0
   0   0   0   0   0   0   0   0   0   0   1   0   0   0   0   0   0   0   0   0   0   0   0   0   0   0   0   9   0   0   0  33   0   0   0   0   0   0   0   0   0   0   0   0   0   0   0   0   0   0   0   0   0
   0   0   0   0   0   0   0   0   0   0   0   0   0  15   0   0   0   0  50   0   0  22   0   0   0   0   0   0   0   0   0   0   0  18   0  17   0   0   0   0   0   1   0   0   0   0   0   0   0   0   0   0
   0   0   0   0   0   0  38   0   0   0   0   0  47   0   0   0   0  13  11  46   0   0  26   0   0   0  12   0   0   0   0   0   0   0   0   0   0   0   0   0   0   0   0   0   0   0   0   0   0   0   0
   5   0   0   0   0   5   0  28  34   0   0   0   0   0   0   0   0   0   0   0   0  34   0   0   0   0  30   0   0   0   0   0   0   0   0   0   0   0   0   0   0  43   0   0   0   0   0   0   0   1
  39   0   0  49   0  22   0  31   0  10   0   0   0   1   0   0   0   0   0   0   0   0   0   0   0  45  33   0   0   6   0   0  19   0   0   0   0  22   0   0   0   0   0   0   0   0  47   0   0
   0   0   0  38  18   0   0   0   0   0   0   0   0   0   0   0   0   0   0   0   0   0   0   0   0   0   0   0   0  10   0   0  50   0  34   0   0   0   0   0   0   0   0   0   0   0   0   0
   0   0   5  12   0  38   6   0   0   0  48  34   8   0   0   0   4   0   0   0   0   0   0   0   0   0  37   0   0   0   0   0  41  28   0  46   0  48   0   0   0   0   0   0   0   0   0
   0   0   0   7   0   0   0   0   0   0   0  11  23   0   0   0   0   0   0   0   0   0   0   0   0  36   0   0   0   0   0   0   0   3   0   0   0   0   0   0   3  22   0   0   0  17
  46   0   0   0   0   0  41  13   0   0   0   0   0   0   0   0   0   0   0  47   0   0   0   0   0  13   5   0   0   0   0   0   0   0   0   0   0   0   0  12   8   0   0   0   0
   0   0   0   0  44   0   0   0   0   0   0   0   0   0   0   0   0   0   0   0  13   0   0   0  17   0  12   0   0   0   0   0  41   0   0   0   0   0   0   0   0   0   0  10
   0   0   0   2  13   0   0   0   0   0   0   0   0   0  45   0   0   0   0   0  43   0  49   0  26   0   0   0   0  15   0   0   0   7   0   0   0   0  20   0   0   0   0
   0   0   0   0  47   0   0   0   0   0   0   0   0   0   0   0   0   0   0   0   0   0  42   0   0   0   0   0   0   0  12   0   0   0   0   0   0   0   0   0   0   0
   0   0   0   0   0   0   0   0   0   0  34   0   0   0   0   0   0  23   0   0   0   0   0   0   0   0   0   0  45   9   0  28   0   0   0   0  47   0   0   0  15
   0   0   0   0   0   0   0   0  17   0   0   0   0   0   0   0  49   0   0   0  23   0   8   0   0   0   0   0  47   0   0  31   0  35   0   0   0  42   0  31
   0   0   0   0   0   0  35   0  41   0   0   0   0   0   0   0   0   0  40   0   0   0   0   0   0   0   0   0   0  17   0   0   0   0   0   0   0   0   0
   0   0   0  13   0   0   0   0   0  25  48   0   0   0   0  25   0   0   0  43   0   0   0   0   0   0   0   0   0   0   0   0   0   0   0   0   0   0
   0   0   0   0   0   0   0   0   0  13   0   0  49   0   0   0   0   0   0   0   3   0   0   0   0   0   0   0   0  13   0   0   0   0   0   0   0
   0   0   0   0   8   0   0   0   0   0   0   0  35  34   0   0   0   0   0   0   0   0   0   0   0   0   0   0   0   0  13  10   0   0   0   0
   0   0   0   0   0   0   0   0  44  30   0   0   0   0   0  17   0   0   0   0   0   0   0  35   0   0   0   0   0   0   0   0   0  22   0
   0   0   0   0   0  13   0  33   0   0   0  27  48  43   0   0   0   0   0   0   0   0   0   0   0   0  10  34   0   0   0   0   0  39
  48   0   0   0  22   0   0   0   0  23   0   0   0   0   0   0   0   0   0   0   0   0   0   0   0   0   0  48   0   0   0   0   0
   0   0   0   0   0   0   0   0   0   0   0   0   0   0   0   0   0   0   0   0   0   0   0   0   0   0   0   0   0   9   0   0
   0   0   0   0   0   0  38   0   0   0   0   0   0   0   0   0   0   0   0   0   2   0   0  19   0   0   0   0   0   0   0
   0   0   0   0   0   0   0  26   0   0   0   0   0  28   2   0   0   0   0   0   0   0   0   0   0   0   0   0   0   0
   0   0   0   9   0   0   0   0   0   0   0  49  42   0   0   0  28   0  44   0   0   0   0   0   0   0   0   0   0
   0   0   0   0   0   0   0   0   0   0   0   0   0  11   0  20   0   0  40   0   0   0   0  14   0   0   0  21
   0   0   0   0   0   0  14   0  32   0   0   0   0   0   0   0   0   0   0  46   0   0   0   0   0   0   0
   0   0   0   0   0   0   0   0   0   0   0   0   0   0   0  31   0   0   0  14  36   0   0   0   0   0
   0   0  49   0   0  47   0   0   0   0   0   0   0   0   2   0   0   0   0   0   0   0  18   0   0
   0  25   0   0   0   0   0  35   0   0   0   0   0   0  15  42   0   0   0  30   0   0   0  15
   0   0   0  18   0   0  10   0   0   0   0  20   0   0   0   0   1  30   0   0   0   0   0
  27   0   0   0   0  15  14   0  11   0   0   0  12   0   0   0  32   0   0   0   0   0
   0   0   0   0   0   0   0   0   0   0   0   0   0   0   0   0  50   0  50   0   0
   0   0   0   0   0  14   0   0   3   0   0   0   0   0   0   0   0   0   0  30
   0   0   0  34  22   0   0   0   0   0  15   0   8   0   0   0   0   0  31
   0   0   0   0   0   0  12   0   0   0  41   0   0   0   0   0   0   0
  31   0   0  37   0   0   0   0   0   0   0   0   0  27   0   0   0
   0   0  16  41   0   0   0   0   0  19   0   0  37   0   0   0
   0   0   0   0   0   0   0   0   0   1   0   0   0   0   0
   0   0   0   0   0   7   0  41   0   0   0   0   0   0
  22  41   0   0   0  48  16   0   0   0   0   0   3
   0   0   0   0   0   0   0   2  10   0   0   0
   0   0   0   0  23   0   0  14   0   0   0
   2  24   0   0   0   0   0   0   0   0
  13   0   0   0   0   0  26  26  30
   0   0   0   0  45   0  39  33
   0   0   0   0   0   0   0
   0   0   0   0   0  24
   0   0   0   0   0
   0   0  40  29
   0  34   0
   0   0
   0

 540
  23  10  16  19  23  13  17  13  13  15   9   8  15  12  19   7  25  10  22  22   2  24   4  19  12  17   5  13   6  23   3  12   1  24   1   6   7  13  21  12  16  25  15  19   7  19   6  22  24  17  16  12  24   2  20   3  23  13  11  22  17   8   6   5  10   7  13  18  24   8  19  15  14   4   2  16  11  18  12  25   1   5  10  20   6  22  15  23  24  22  13  18   8   9   4   9  21  20  23  15  21   3  14  11  20  17  24  17  18   6  12  17  15  20  17  19   4  17  17  10   4  12   5  10  18  15  20  11   6   3   1  15  25   1   5  23  15   8  18  24

