 140 
   0   0   0   0   0   0   0   0  24  21   0   0   0   0   0   0   0   0   0   0   0   0   0   0   0   0   0  36   0   0   0  50   0   0   0   0   0   0   0   0   0   0   0   0   0   0   0   0  13   0   0   0   0   0   0   0   0   0  48   0   0   0   0   0   0   0   0   0   0   0   0  39   0   0   0   0   8   0   0   0   0   0   0   0   0   0   0   0   0   0   0  46   0   0   0   0  46   0   0   0  10   0   4  24   0  25   0   0   0   0   0   0  24   0   0   0   0   0  47  30   0   0   0   0   0   0  34   0   0   0   0   0   0   0   0   0   0   0   0   0
   0   0   0   0   0   0   0   0   0   0   0   0   0   0   0   0   0   0   0   0   0   0   0   0   0   0   0   0   0   0  15  28   0   0   0   0   0   0   0   0   0   0   0   0   0   0   0   0   5   0   0   0   0   0   0   0   0   0  13   0   0   0   0   0   0   0   0   0  26   0   0   0   0   0   0   0   0   0   0   0   0   0   0   0   0   0   0   0   0  19   0   0   0   0   0  40   0   0   0   0   7   0  16   0   0   0   0   0   0   0  11   0   0   0   0  30   0   0   0   0   0   0   1   0   0   0   0   0   0   0   0  29   0   0   0   0   0   0   0
   0   0   0   0   0   0   0   0   0  30  37   0   0   0   0   0   0   0  17   0   0   0   0   0   0   0   0   0  12  20   0  11   1   0   0   0   0   0   0   0   3   0   0   0   0   0   0   0  11   0   0   0   0   0   0   0   0   0   0   0   0   0   0   0   0   0  48   0   0   0   0  25  27   5   0   0   0   0   0  31   0   0   0   0   0   0   0  50   0   0   6   0   0   0   0   0   0   0  31   0   0   0   0   0   0   0   0   0   0   0   0   0   0   0   0   0   0   0   0   2   0   0   0   7   0   0   0   7   0   0   0   0   5   0   0   0   0   0
   0   0   0  47   0   0   0   0  14   0   0   0   0   0   0   0   0   0   0   0   0  33   0  21   2   0   0  33   2  48   0   0   0   0  41   0   0   0   0   0   0   0   0   0   0   0   0   0   0   0   0   0   0   0   0   0  14   0   0   0   0   0   0   0   0   0   0  45   0   0   0   0   0   6   0   0   0   0   0  22   0   0   0   0   0   0   0   0   0   0   0   0   0  16   0   0   0   0   0   0   0   0   0   0   0   0   9   0   0   0   0   0   0   0   0   0   0   0   0   0   0   0   0   0   0   0   0   0  50  28   0   0   0   0   0   0   0
   0   0   0   0   0   4   0   0   0  47   0   0   0   0   0   0  26   0  28   0   0   0   0   0   9   0   0   0   0   0   0  14   0   0   0   0   0   0   0   0   0   0   0   1   0   0   0  26   0   0   0   7   0   0  13   0   0   0   0   0   0   0   0   0   0   0   9   0   0   0   0   0   0   0   0  13   0   0   0   0   0   0  15   0   0   0   0   0   0   0   0   0   0   0   0   0   0   0   0   0   0   0  34   0   0   0   0   0   0   0   5   0   0   0   0   0   0   0   0   0   0   0   0   0   0   0   0   0   0   0  50  17   0   0   0   0
   0   0   0   0   0   0  17   0   0   0   0   0   0   0   0   0  15   0   0   0   0   0   0   0   0   0   0   0  10   0   0   0   0   0   0  50   0   0   0   0   0   0   0   0   0   0   0   0   0   0   0   0   0   0   0   0   0   0  13   0   0   0   0   0   0   0   0   0   0   0   0   0  14   0   0   0   0   0   0   0   0   0   0   0   0   0   0   0   0   0   0   0   0   0   0   0   0   0   0   0   0   0   0  50   0  19   0  24   0   0   0   0   0   0   0   0   0   0  37   0   0   0   0   0   0   0   0   0   0   0   3   0   0   0   0
  47   0   0   0   0   0   0   0   0   0   0   0   0   0   0   0   0   0   0   0   0   0  17   0   0   0   0   0   0   0   0   0   0  16  11   0   0   0   0  38   0   0   0   0   0   0   0   0   0   0   0   0   0   0   0  31   0   0   9   0   0   0   0   0   0   0   0   0  13   0   3   0   0  36   0  29   0   0   0   0   0   0   0   0   0   0   0   0  20   0   0  18   0  39   0   0  21   0   0   0   0  39   0   0   0   0   0   0   0  16   0  40   0   0   0   0   0  18   0   0   0   0  19   0   0   0   0  36  37   0   0   0   0   0
   0   0   0   0   0   0   0   0   0   0   0   0   0   0   0   0   0   0   0   0   0   0   0  20   0   0  35   0   0   0  41  49   0   0   0   0   0   0   0   0   0   0   0   3   0   0   0   0   0   0   0   0   0   0   0   0   6   0   0   0   0  45   0  43   0  46   0  10   0   0   0  25   0   0   0  30   0   0  23   0   0   0   0   0   0   0   0  24   0   0   0   0  32   0   0   0   0   0  16  47   0   0   1   0   0   0   6   0   0   0   0  41   0   0   0  40   0   0   0   0   0   0  16   0   0   0   0   0   0   0   0  36   0
   0   0   0   0   0   0   0   5   0   0   0   0   0   0  18   0   0   0   0   0   0   0   0   0   0   0   0   0   0  14  19   0   0   0   0   0  42   0   0   0   0   0   0  26  12   0   0   0   0   0   0   0   7   0   0   0   0   0  42   0   0   0   0   0   0   0  25   0   0   0   0   0   0   0   0   0   0  26   0  21  14   0   0   0   0   0   0   0   0   0   0   0   0   0   0   0   0   0   0   0  41   0   0   0  24   0   0   2   0   0   0   0   4   0   0   0   0   0   0   0   0   0   0   0   0   0   0   0   0   0   0   0
   0   0  25   0   0   0   0   0   0   0   0   0   0   0   0   0   0   0   0   0   0  50  16   0   0   0   0  13  35  10   0   0   0   0   0   0  50   0   0  33   0  43   0   0   0  20   0   0   6   0   0   0   0  28   0  50   0   0  25  23  38   0   0   0   9   0   0   0   0   0   0   0  35   0   0   0   0   0   0   0   0  16   0   0   0   0   0   0   0   0   0   0  35   0  42   0   0   0   0   0   0   0   0  47   0   0   0   0   0   0  36   0   0  15   0   0   0  45   0   0  35   0   0  49   0   0  37   0   0   0   0
  14   0  13  42   0   0   0   0   0   0   0   0   0  20   0   0   0  41   0   0   1   0  42   0   0   0   0   4   5  45   0   0   0  31   0   0   0   0  39   0   0   0   0  37  40   0  13   0   0   0   0   0   0   0   0   0   0   0  38   0   0   4   0  20   0   3   0   0   0   0  22   0   0   0  32   0   0   0  36   0   0   0   0   0  13   0  49   0   0   0   0   0   0  32   0   0   0   0   0   0   0   0   0   0   0   0   0   0   0   0   0   0   2   0   0   0   0   0   0   0   0   0   0   0   0   0   0   0   0   0
   0   0   0   0   0   0   0   0   5   0   0   0   0   0   0   0  48   0   0   0   0   0   0   0   0   0   0   0   0   0   0   0   0   0   0   0  23   0   0   0   0   0   0   0   0   0   0   0   0   0   0   0   0   0   0   0   0   0   0   0   0   0   0   0   0   0   0   0   0   0   0   0   0   0   4   0   0   0   0   0   0   0   0   0   0   0   0   0   0  21   0  49   0   0   0  24   0   0   0   0   0  16   0   0   0   0  32   0   0   0   0   0   0   0   0   0  10   0   0   0   0   0  44   1   0   0   0   0   0
   0   0  18   0   0   3   0  48   0   0   0   0   0   0  34   0   0   0   0   0   0   0  40  12   0   9  19   0   0   0   0   0  12   0   0   0   0   0   0   0   0   0   0   0   0   0   0   0   0   0   0   0   0   0   0   0   0   0   0   0   0   0   0   0   0   0   0   0   0   0   0   0   0   0   0   0   0   0   0   0   0   0  20   0   0   0   0   0   0   0   0   0   0   0   0   0   0   0   0   0   0   0   0   0   0   0   0  14  49  34   0   0   0   0   0   0   0   0  15   0   0   0   0  22   0   0   0   0
   0   0   0   0   0   0   0   0   0   0   0  33  27   0   0  43   0   0   0   0   0   0   0   0   0   0   0   1   0   0   0   0   0   0  48   0   0   0   0   0   0  45   0   0   0   0   0   0   0   0   0   0   0   0   0   0   0   0   0   0   0   0   0   0   0   0   0   0   0   0   0   0   0   0   9   0   0   0  27   0   0   0   0   0   0   0   0   0   0   0   0  23   0   0   0   0  34   0   0   0   0   0   0  46   0   0   0   0   0   9   0   0   0   0   0  12   0   0  17   0   0   9   0   0   0   8   0
   0   0   0   0   0  23   0   0   0   0   0   0   0   0  29   0   0   0   0  38   0   0   0   0  50   0   0   0  40   0   0  17  42  33  34   0   0   0   0  49   0   0   0   0   0   0  43   0  15  48   0   0  50   0   0   0   0   0   0   0   0   0   0  13   0   6  35   0   0   0   0   0   0  32  38   0   0   0   0   0   0   0   0   0   0   0   0   0   0   0   0   0  29   0   0   0   0   0   0   0   0   0   0   0   0   0   0   0   0   0   0   0   0   0   0   0   0   0   0  31   0   0   0   0   0   0
   0   0   0   0   0   0  18   0   0   0   0   0   0   9   0   0   0   0  18   0   0   0  22  35   0  36  34  48   0   0   0   0   0   0   0   0   0   0   0   0   0   0   0   0   0   0   0   0  40   0   0   0   0   9  44   0   0   0   0   0   8   0  29   0   0   7   0   0   0   0   0   0   0   0   0   0   0   0   0   0   0   0   0   0   0  34   0   0   0   0   0   0  35   0   0   0   0   0   0  19   0  11  37   0  33   0   0   0   0  27  13   0   0   0   0   0   9  45  39   0   6   0   0   0   0
   0   0   0   1  22   0  17   0   0   0   0   1   0   0   0   0   0   0  46   0   0   0   0  39   0   0   0   0   0   4   0   0   0   0   0   0   0   0   0  50   0   0   0   0   0   0   0   0   0   0   0   0   0   0   0   0   0   0  18   0   0   0   0   0  46   0   0   0   0  26   0   0   0   0   0   0   0  50   0   0   0  43   0   0   0   0   0   0   0   0  29   0   0   0   0   0   7  26   0   0   0   0   0   0   0   0   0   0   0   0   0   0   0   0   0   0   0   0   0   0   0   0   0   0
  35   0   0   0   0   0   0   0   0   0   0   0   0  12   0   0   0   0   0   0  32   6   0   0   0   0   0   0   0   0   0   0   0   0   0  48   0   0   0  45   0   0   0   0   0   0   0  34  30  11   0  31   0   0   0   0   0   0   0   0  29   0   0   0   0   0   0   0  41   0   0   0   0  44   0   0   0   0  11   0   0   0   0   0   0   0   0   0   0   0   8   0  15   0  11   0   0   0   0  50  32   0   0   0   0   0   0   0   0   0   0   0   0   0   0   0   0  45   0   0   0   0   0
   0   6   0   0   0   0   0   0   0   0  10   0   0   0   0   0   0   8  26   0   0   0   0  18   0   0   0   0  16  35   0  40   0   0   0   0   0   0   0   0   0   0   0   0   0   0   0   0  32   0   0   0   0   0   0   0   0  35   0   0  29   0   0   0   0  45  35   0  23   0   0   9   0   0   0   0   0   0   2   0   0   0   0   0   0  22   0   0   0   0   0   0   0   0   0   0   0   0   0   0   0   0   0   0   0   0   0   0   0   0   0   0  13   0   0   0   0  47   0   0  38   0
   0   0  35   0   3   0   0   0   0   0   0   0   0   0   0  46   0   4   0   0  30   0   0   0   0   0   0   0   0   0  33   0   0   0   0   0   0   0   0   0   0   0   0   0   0  17   0   0   0   0   0   0   0   0  42   0   0   0   0   0   0  31  41   0   0   0   0   0   0   0   0   0   0  40   0  23   0   0   0   0   0   0   0   6   0  42   0   0   0   0   0   0   0  28   0   0  12   0  49   5  38   0  26   7   0   0   0   0   8   0   0   0   0   0   0   0   0   0   0   9   0
   0   0   0  28   0   0   0   0   0   0   0   0   4   3   0  50  27   0   0   0   0   0   0   0   0   0  50   0   0   0   0   0   0   0   0   0   0   0   0   0   0   0   0   0   0   0  31   0   0   0   0  18   0   0   0   0   0   0   0   0   0   0   0   0   0   0   0   0   0   0  36   0   0  16   0   0   0   0   0  40   0   0   0   0   0   0   0   0   0   0   0   0   0   0   0   0   0   4   0  14   0   0   0   0   0   0   0   0   0   0   0   0   0   0  39   0   0   0  19   0
   0   0   0   0   0   0   0  29   0   0   0   0   0   0   0   0   0   0   0   0   0   0   0   0   0   0  32  23   0   0   0   0   0  14  50   0   0   0  39   0  27   0  31  11   0   0   0   0   0  40   0   0   0   0   0  40   0   7   0   0   0   0   0   0  37   0   0   0   0   0   0   0   0  40  47   0  42   0   0   0   0   0   0   0   0  27   0   0  28   0   0  26   0   0   0   0   0   0   0   0   0   0   9   0   0   0   0   0   0   0   0   0   0   0   0   0   0   0   0
  41   1   0   0   0  21   0   0  24   0   0   0   0   0   0   0   3  39   0   0   0  24  25   0   0   0   0   0   0   0   0   0   0   0  46   0   0   0   0   0   0   0   0   0   0   0   0  19   0  33   0  34   0   0   0  41   0   7   0   0   0   0   0   0   0   0   0   0   0  46   0   0   0  32   0   0   0   0   0   0   0   0   0   0   0   0   0   0   0   0   0   0   0   0   0   0   0  31   0   0   0   0   3   0   0   0   0   0   0  41   0   0   0   0   0  43   0   0
   0   0   0   0   0  36   0   0   0   0   0   0   0   0   0   0   0   0   0  20   0   0   0   0   0   0  25   0   0  29   0   0   0   0   0   0   0   0   0   0   0   0   0   0   0   0   0   2   0   0   0  37   0   0   0   0   0  31   0  33   0   0   0   0   0   0   0   0   0   0   0   0   0   0   0   0   0   0   0   0   0   0   0   0   0   0   0   0   0  26   0   0   0   0   0   0   0   0   0   0   0   0   0   0   0   0   0   0   0   0   0   0   0   0   0   0  43
   0   0   0   0   5   0   0   0   0   0   0   0  15   0   0   0   0   0   0   0   0   0   0   0   0   0  33  43   0  11   0   0  46   0   0   0   8   0   0   0   0   0   0   0   0   0   0  44  45   0   0   0   0   0   0   0   0   0   0   0   0   0   0   0   0   0   0  22   0   0  15   0   0   0   0   0   0   0   0   0   0  38   0   0   0  50   0   0   0  44   0   0  49  33   0  40   0   0   0   0  24   0   0  31   0  17   0   0  31   0   0   0   0  47   0  39
   0   0  26   0  25   0   0   0   0  47   0  13   0   0   0   0   0   0   0   0   0   0   0   0   0   3   0   0   0   0   0   0   0  42   0   0   0   0   0   0   0   0   0   0   0   0   0   0   0   5   0   0   0   0   0  20   0   0  49   0   0   0   0   0   0   0   0   0   0   0   0   0   0   0   0   0   0  24   0   0   0   0   0   0   0   0  48   0   0   0   0   0   0   0   0   0   0   0   0   0   0   0   0   0   0   0   4   0   0   0   0  16   0   0   0
   0   0   0   0   0   0   0   0   0   0   5   0   0   0   0   0   0   0   0   0   0  23   0   0   0  29   0   0   0   0   0   0   0   0   0   0   0   0   0   0   0  24  32   0   0  34   0   0   0   0   0  20   0   0   0   0   0   0   0   0   0   0  26  16   0   0   0   0   0   0   0   0   0   0  15   0   0   0   0   0   0   0   0   0   0   0  10   0   0   0   0   0   0   0   0   0   0   0  43   0  19   0   0   0   0   0   0   0   0   0   0   0  31   0
   0   0   0   0  25  47   0   0  28   0   0   0   0   0   0   0   0   0   0   0   0  23   0  41   0  18   0   0   0  37   0   0   0   0   0  17  19   0   0   0   0   0   0   0  14   0   0   0   0   0   0   0   0   0   3   0   0   0   0   0   0   0   0   0   0   0  50  50   0   0   0   0  49   0   0   0   0   0   0   0   0   0  23   0   0   0   0   0   0   0   0   0   0   0   0   0   0   0   0   0   0   0   0   0   0   0   0   0   0   0   0   0   0
   0   0   0   0   0   0   0   0   0   0   0  39   0   0   0   0   0   0   0   0   0  48   0  47   0   0   0   0  21  42   0   0   0   0   0   0   0   0   0   0   0   0   0   0   0   0   0   0   0   0   0  10   0   0   0   0   0   0   0  18   0   0   2   0   0   0   0   0   0  18   0   0   0   0   8   0   0   0   0   0   0   0   0   0   0   0   0   0  50   0   0   0   0  20   0   0   0   0   0   0   0   0   0   0   0   2   0   0   0   0   0   0
  49   0   0   9  21   5   0   0   0   0   0   0   0   0   2   7   0   0   0   0   8   0   0   0   0   0   0   0   0   0   0   0   0   0   0  45   0   0   0   0   0   0   0   0   0   0   0  22   0   0  45   0  25   0   6   0   0   0   0   0   0  24   0   0   0   0   0   0   0   0   0   0   0   0   0   0   0   0   0   0   0  25   0   0   0   0   0   0   0   0   0   0   0   0   0   0   0   0   0   0   0   1   0   0   0   0   0   0   0   0   9
   0   0   0   0   0  16   0   0   0   0   0   0   0   0   0   0   0   0   0   0   0   0   0   0   0   0   0   0   0   0   0   0   0   0   0   0   0   0   0   0   0   0   0   0   0   0   0   0   0   0   0   0   0   0   0   0   0  40   0   0   0   0   0   0   0  18   0   0   0   0   0   0   0   8   0   0   0   0  22   0   0   0   0   0   0   0  46   0  47  48   9  42   0   0  47   0   0  48   0   0   0   0  49   0   0   0   0   0   0   0
   0  28   0   0   0   0   0   0   0   0   0   0   0   0   0   0   0   0   0   0  19  10   0   0   0   0   0   0  35   0   0   0   0   0   0   0  22   0   0  30   0   0   0   0   0  41   0   0   0   0  43  47   0   0  33   0   0   0   0   0   0   0  32   0  39   0   0   0   0   0   0   0   0   0   0  27   0  31   0   0   0   0   0   0   0  43  49   0   0   0  48   0   0   0   0   0   0   0   0   0   0   8   0   4  19   0   0   0   4
   0  18   0   0   0   0   0   0   0   0   0   0   0   0   0   0   0   0   0   0   0   0   0   0   0   0   0   0   0   0   0   0   0   0   0   0   7   0   0  19   0   0   0   0   0   0   0   0   0   0  32   0  22  32   0   0   0   0  47   0   0   0   0   0   0  28   0   0   0   0   0   0   0   0  26   0   0   0   0   0   0   0   0   0   0   0   0   0   0   0   0   0   0   0   3  31   0   0   0  27  21  22  35   0  20   0   0   0
   0   0   0   0   0   0   0   0  41   0   0   0   0   0   0   0   0   0   0  44   0   0   0   0   0   0   0   0   0   0   9   0   0   0   0  32   0   0   0   0   0   0   0   0   0   0   0   0   0   0   0   0   0  46  15   0   0   0   0   0   0   0   0  45   0   0   0   0  40   0   0   0   0  49   0  29   0   0   0  37   0   0   0   0   0   0   0   0   0   0   0   0   0   0   0  25   0   0   0   0  28   0  13   0   0  43  11
   0   0   0   0   0   0   0   0  49   0   0   0   0  46   0   0   0   0   0   3   0   0   0   0   0   0  13   0   0   0   0   0  24   0   0  42   0   0   0   7  12   0   0   0   0   0   0   0   0  21   0   0   0   0   0   0   0   0   0   0   0   0  15   0   0   0   0   0   0   2   0   0   0   0   0   0   0   0   0   0  16   0   0   0   0   0  13   0   0   0   0   0   0   0   0   0   0  37  12   0   0   0  14   0  47   0
   0   0   0   0   0   0  35   0  30   0  20   0  46  39  13   0   0   0   0   0   0   0   0   0   0  49  48   0   0  35   0   0   0  50   0   0   0   0   6   0   0   0  42   0   0   0   0   0   0   0   0   0   0   0   0   0   0   0  17   0   0   0  43   0  49   0   0   0   0   9   0   0  30   0   0   0   0   0   0   0  47   3   0   0   0   0   0   0   0   0   0  22   0  39   0   0   0   0   0   0   0   0   0   0   0
   1   0   0   0   0   0   0   0   0   0   0  13   0   0   3   0   0   0   0   0   0   0   0   0   0   0   0   0   0   1   0   0   0   0   0   0   0   0   9   0   0   0   0  49   0   0   0   0   0   0   0   0   0   0   0   0   0  49   0   0   0   0   0  50   0   0  47   0   0   0  43   0   0   0   0   0   0   0   0   0   0  40   0   0   0   0   0   0   0   0   0  23  46  49   0   0   0   0   0   0   0   0   0   9
  27   0   0  32   0   0  20   0   0   0   0   0   0   0   0   0  47   0   0   0   0   0   0   0   0   0   0   0   0  35   0   0   0   0   0   0   0  10   0  35   0   0   0   0   0   0   0   0   0   0   0   0   0   8  47   0   0   0   0   0   0   0  36   0   5   0   0   0   0   0   0   0   0  19   0   0   0  12   0   0  30   0   0   0   0   0   0   0   0   0   0   0   0   0   0   0  26   0   0   0   0   0   0
   0   0   0   0   0   0   0   0   0   0   0   0   0   0   0   0   0   0   0   0   0   0   0   0   0   0   0   0  32   0   0   0   0   0   0   2   0   0  14   2   0   0  44   0   0   0   0   0   0   0   0  20   0  33   0   0   0   0   0   0   0  48   0   0   0   0   0   3   0   0   0   0   0   0   0   0  40   0   0   0   0  45   0   0  36   0   0   0   0   0   4  17   0   0   0  13   0   0   9   0   0   0
   0   0   0   0   0   0   0   0   0   0   0   0   0   0   0   0   0   0  26   0   0   0   0   0   4  15  35   0   0   0   0   0   0   0   0   0   0   0  21   0   0   0   0   0   0  27   0   0   0   0   0   0   0   0   0   0   0   0   0   0   0   0   0   0   0   0   0   0   0   0   0   0   0   0   0   0   0   0   0   0   0   0   0   0   0   0   0   0   0   0   0   0   0   0   0   0   0   0   0   9   0
   0   0   0   0   0   0   0   0   0   0   0   0   0   0   0   0   0   0   0   0   0   0  32   0  28   0   0   0   0   0   0   0   0   0   0   0   0   0   0   0   0   0  10   0   0   0   0   0   0   0   0  14  39  29   0   0   0   0   0   0   0   0  34  30   0   0   0   0   0   0   0   0   0   0   0   0   0   0   0   0   0   0   0   0   0   0   0   0   0   0   0   0  27   0   0   0   0   0   0   0
   0   0   0   0   0   0  48   0   0   0   0   0   0   0   0   0   0  18  14   0   0   0   0   0   0   0  32   0   0   0   0  46   0   0   0   0   0   0   0   0   0   0  34   0   0   0   0   0   0   0   0   0   0   9   0   0   0   0   0   0   0   0   0   0   0  41   0   0   0   0   0  30   0   0   0   0  19   0   0   0  24  27   0   0   0   0   0   0   0   0   0   0   0   0   0   0   0   0   0
   0   0   0   0   0   0   0   0   6   0   0   0   0  41   0   0   0   0   0   0   0   0   0   0  25   0  35   0  28   0   0   0   0   0   0   0   0   0   0   0   0   0   0   0   0  34   0   0   0  15   0   0   0   0   0   0   0   0   0   0   0  19   0   0   0   0   5  44   0   0   0   0   0   3   0   0   0   0   0  22  11   0   0   0   0   0   0   0   0   0   0   0   0   0   0   0   0   0
   0  35   0   0   0   0   0   0   0   0   0   0  39   0   0  13   0   0   0   0   0   0   0   0   0   0   0   0   0   0  44   0   0   0   0   0   0   0   0   0  10  26   0   0   0   0  48   0   0   0   0   0   0  23  43   0  14   0   0   0   0   0   7   0   0   0   0   0   0   0   0   0  17   0  10   0   0   0   0   0   0   0   0  37   0   0   0   0   0  21   0   0   0   1   0   0   0
   0   0   0   0   0   0   0   0   0   0  24   0   0   5   0   0   0   0   0   0   0   0  13   0   0   0   0   0   0   0   0   0   0   0   0  11   0   0   0   0   0  24   0   0   0   0   0   0   0  49   0   0   0   0  37   0   0   0   0  35  48   0   0   0   0   0  25   0   0   0   0   0   0   0   0  31   7   0   0   0   0   0  38   0   0   0   0   0   0   0   0   0   0   0   0   0
   0   0   0   0   0  46   0   0   0   0   0  41  43  21   0  29  24   0   0   7   0   5   0  28   0   0  34   0   0   0   0   0   0   0   0   0   0   0   0   0  28   0   0   0   0  19   0   0   0   0   0   0  13   0   0   7   5   0  28   0   0  42   0   0   0   0   0   0   0   0   0   0   0   0  33  23   0   0   0   0  13   0   0   0   0   0   0   0   0   0   0   0   0   0   0
   0   0   0   0   0   0   0   0   0   0  27   0   0   0   0   0  32   0   0   0   0   0   0   0   0   2   0   0   0   0   0  36   0   0   0   0  39   0   0   0   0   0   0   0   0  43   0   0   0   0   0   0   7   0   0   0   0   0   0   0  13   0   0   0   0   0   0   0   0  46   0   0   0   0   0   0  38  22   0  46   0   0   0   0   0   0   0   0   0   0   0  38   0   0
   0   0   0   0   0   0   0   0   0  25   0   0   0   0   0   0   0   0   0   0   0   0   0   0   0   0   0   0   0   0   0   0   0   0   0   0   0   0   0  22   0  18   0   0   0   0   0   0  35   0   0   0   6  20   0   0   0   0   0   0  35   0   0   0   0   0   0   0   6   0   0  18   0   0   0   0   0   0   0   0   0   0  18   0   0   0   0  23   0   0   0   0   0
   0   0   0   0   0   0   0   0   0   0   0   0   0   0   0   0   0   0   0   0   0   0   0   0   0   0  14   0  49  24  17   0   9   0   0   0   0   0  38   0  17   9   0   0   0   0   0   0  24   0   0   0   0   0   0   0   0   0   0   0   0   0   0   0   0   0   0   0   1   0   0   0   0   0   0   0   0  49   0   0   0   0  36   0   0  32   0   0   0   0   0   0
   0   0   0   0   0   0  12  16   0   0  18   0   0  49   0   0   0   0   0   0   0   0   0   0   0   0   0   0   0  22   0   0   0   0   0   0   0   0   0  27   0   0   0   0   0   0   0   0   0   0   0   7   0   0   0   0   0   0   0   0   0  27   0   0   0   0   0   0   0   0   0   0  36   0   0   0   0   0   0   0   0   5   0   0   0   0   0  45   0   0  20
   0   0   0   0   0  50   0   0   0   0   0   0   0  32   0   0   0   0   0   0   0   0   0  10   0   0   0   0   0   0   0   0   0   0   0   0   0  27   0   0   0   0   0   0   0   0   0   0   0   0   0   0   0   0   0  14   0   0   0   0   0   0   0   0   0   0   0   0   0   0  28   6  26   0   0   0   0  13   0  28   0   0   0   0   0   0   0  18  40   0
   0   0   0   0   0  24   0   0   0   0   0   0  27   0  47  49  47   0  28   0   0   0   0   0   0   0  50   0   0   0   0   0   0   0   0   0   0   1   0   0   0   0   0   0   0  47   0   0   0   0   0   0   0   2   0   0   0   0   0   0   0   0   0   0   0   0   0   0   0   0  16   0   0   0   0   0   0   0   0   0   0   0   0   0   0   0   0   0   0
   0   0   0   0   0   0   0   0   0   0  16   0   0  49   0   0   0  26   0   0  30   0   0   0   0   0   0  33   0   0   0   0   7   0   0   0   0   0   0   0   0   0  21   0   0   0  32   0   0   0   0   0   0   0   0  15   0   0   0   0   0   0   0  39   0   0   0   0   0  41   0  34   0   0   0   0   0   0   0   0   0   0   0   0   0   0  35   0
   0   0   0   0   0   0   0   0   0   0   0   0   0   0   0   0   0   0   0   0  35   0   0   0  19   0   0   0   0   0   0   0   0   0   0   0   0   0   0   0  49   0   0   0   0   0   0  20   0   0  23   0   0   0   0  14   0   0   0   0   0   0  38   0   0   0   0   0   0  31   0   0   0   0   0   0   0   4   0   0   0   0   0   0   0  13   0
   0   0   0   0  46   0   0   0   0   0   0   0   0   0   0   0   0   0   0   0   0   0   0   0   0   0   0  35   0   0   0   0   0   0   0   0   0   0   0   0   0   0   0   0   0  33   0   0   0   0   0   0  35   0   0   0   0   0   0   0  18   0   0   0   0   0   0  30   2   0   0  29   0   0   0   0   0   0   0   0   0   0   0   0   0  33
   0   0   0   0   0   0   0   0   0   8   0   0   0   0   0   0   0   0   0   0  40   0   0   0   0   0   0   0   0  34  38   0   0   0   0   0   0   0   0   0  17   0   0   0   0   0   0   0   0   8   0   0   0   0  34   0  50   0  21   0   0   0   0   0  49   0   0   0   0   0   0   9  49   0   0   0   0   0   0   0   0   0   0   0   0
   0   0   0   0   0   0   0   0  12   0  24   0  18   0   0   0  46   0   0   0   0   0   0   0   0   0   0   0   0   0   0  50   0   0   0   0  32   0  44   0   0   0   0   0   0   0   0   0   0   0   0   0   0   0   0   0   0  18   0  11   0   0   0   0   0   0   0   0   0   0   0   0  30   0   0   0   0   0   0   0   0   0   0   0
   0   0  14   0   0   0   0   0   0   0   0   0   0   0   0   0   0   0   0  11  17   0   0   0   0   0   0   0   0   0   0   0   0   0   0   0  17   0   0   0   0  15   0  17   0   0   0   0   0   0   0  49   0   0   0  20   0  31   0   0   0  34   0   0   0   0   0  38  15   0   0   0   0   0   0   0   0   0   0   0   0   0   0
   0   0   0   0   0   0   0   0  18   0   0   0   0   0   0   0   0   0   0   0   0   0   0   0   0   0   0   0   0  48   0   0   0   0   0   0   0  41   0   0   0   0   0   0   0   0   0   0   0   0  38   0   0   0   0   0  21   0  18   0   0   0   0   0   0  44   0   0  15   0   0   0   0  19  36   0   0   0   0   0   0  39
   0  30   0   0  41   0   0   0   0   0   0   0   0   0   0   0   0   0  25   0   0   0   0   0   0   0   0   0   0   0   9   0   0   0   0   0   0   0   0   0   0   0  50   0   0   0   0   0   0   0   0   0  41   0   1   0   0  32  35   0   0   0   0   0  48   0   0   0   0   0   0   0   0   0  15   0   0   0   0   0   0
   0   0   0   0   0   0   0   0   0   0   0   0   0   0   0   0   0  28  34   0  12   0   0   0   0   0   0   0   0   0   0   0   0   0   0   0   0   0   0   0  15   0  17   0  27   0   0   0   0   0   0   2   0   0   0   2   0   0   0  37   0   0   0   0   0  48   7   0   0   0   0   0   0   0   0   0  23   0   0  39
   0   0   0   0   0   0   0   0   0   0   0   0   0   0   0   0   0   0   0   0   0   0   0   0   0   0   2   0  26   0   0   0   0   0   0   0   0   0   0   0   0   0   0  10   0   0   0   0   0   0   0   0   0  44   4   0   0   0   0   0   0   0   0   0   0   0  44   0   0   0   0   0   0   0   0  32   0   0   0
   0   0   0   0   0   0   0   0   0  38   0   0   0   0   0   0   0   0  25  33   0   0  20   0  40   0   0   0   0   0   0   0   0   0   0   0   7   0   0   0   0  47   0  13  40   0   0   0   0   0  27   0   0   0   0   0   0   0   0   0   0   0   0   0   0   0   0   0   0   0   0   0   0   0   0   0   0   0
   0   0   0   0   0   0   0   0   0   0   0   0  40   0   0   0   0   0   0   0   0   0   0   0   0   0   0   0   0  17   0   0   0   0   0   0   0   7   0   0   0   0   0   0   0  50   0  13   0   0  19   0  25   0   0   0  42  10  16   0  18   0   0   0   0   0  12   0   2   0   0   0   0   0   0   0   0
   0   0   0   0   0   0   0   0   0   0   0  20   1  14   0   0   0   0   0  22   0   0   0   0   0   0   0   8   0  46  47   0   0   0   0  39   0   0   0   0   0   0   0   0  11   0   0   0   0   0   0   0   0   0   0   0   0   0   0   0   0   0  26   0  47   0   0   0  45   0   0   0   0   0   0   0
  44   0   0   0   0   0   0   0   0   0   0   0  25   0   0   0   0   0   0  46   0   0   0   0   0   7   0   0   0   0   0   0   0   0   0  32   0   0   0   0   0   0   0   0   0   0   0   0   0   0   0  20   0   0   0   0   0   0   0   0   0   9  38   0   0   0   0   0   0   0   0   0   0   0   0
   0   0   0   0   0   0   0   0   0   6   0  20   0   0   0   0   0   0   0   0   0   0   0   0   0   0   0   0   0   0   0   0  23   0   0   0   0   0   0   0   0   0  25  32   0   0   0   0   0   0  10   0   0  14   0   0   0   0  32   0   0   0   0   0   0   0   0   0   0   0   0  34   0   0
   0   0   0  31   0   0   0   0  28   0  49   0   0  11   0   0  20  45   0   0   0   0   6   0  30  32   0   0   0   0   0   0   0   0   0   0   0   0   0   0   0   0   0   0   0   0   0   0   0   0  19   0   0   0   0   0   0   0  36   0   0   0   0   0   0   0   0   0   0   8   0   0   0
   0   0   0   0   3   0   0   0   0   0   0   0   0   0  43   0   0  42   0   0   0   0   0   7   0   0  19  49   0   0   0   0   0   0  39   0   0   0   0   0   7  17   0   0   0   0   0  43   0   0   5   0   0   0   0   0   0   0   0  20   0   0   0   0   0   0   0   0   0  46   0  50
  15   0   0  50   0   0   0   0   5   0   0   0   0   0   0   0   0   0   0   0   8   8   0   0   0   0   0   0   0   0   0   0   0   0   0   0   0   0   0   0   0  36   0   0   0  10   0   0   0   0   0   0   0   0  18   0   0   0   0   0   0  18   0  34   0   0   0   0   0   0   0
   0  16  49   0   0   0   0   0   0   0   0  24   0   0  28   7   0   0   0   0   0   0   0   0   0   0   0   0   0   0   0   0   0   0   0   0  15   0   0   0   0   0   0   0   0   0   8  49   0   0   0  41   0   0   0   0   0   0   0   0   0   0   0   0   0   0  11   0   0   0
  16   0   0   0   0  17   0   0   0   0   0   0   0  17   0   0   0   0   0   0   0  10   0   0   0  48   0   0   0   0   0   0   0  28   0   0   0   0   0   0   0   0  15   0   0   0   0   0  27   0   0   0   0   0   0   0   0  30   0   0   0   0   0   8   0   0   0   0   0
   0   0   0   0   0   0   0   0   0   0   0   0   0   0   0   0   0   0   0   0   0   0   0   0   0   0   0   0   0   0   0   0   0  45   0   0   0   0  10   9   0   0   0   0   0  48   0  15   0   0   0   0   0   0  49   0   0   0   0  22   0   0   0   0   0  11  24   0
  33   0   0   0  34   3   0   0   0   0   0   0   0   0   0   0   0  47   0  49   0   0   0   0   0   0   0   0   0   0   0   0   0  45   0   0   0   0   0   0  35   0   0  34   0   0   0   0   0   0   0   0   0   0   0   0   0   0   0   0   0   0   0  27  28   9  12
   0   0   0   4   0  41   0  22   0   0   0   0   0   0   0   0   0   0   0   0   0   1   0  38   0   0   0   0   0   0  38  26   0   0   0   0   0   0   0  33   0   0   0   0   0   0   0   0   0   0   0   0   0   0   0   0   0   0   0   0   0   0   0   0   0   0
   0  24   0   0   0   0   0   0   0   0   4   0   0   0   0   0   0   0   0   0   0   0   7   0   0   0   0   0  35   0   0   0   0   0   0   0   0   0   0   0   0   0   0   0   0  28   0   0   0   0   0   0   0   0   0  46   0   0   0   0   0   0   0   0   0
   0   0   0   0   0   0   0  20   0  50   0   0   0   0   0   0   0   0   0   0   0   0   0   0   0   0  38   0   0   0   0   0   0   0   0   0   0   0  26   0   0   0   0   0   0   0   0   0   0   0   0   0   0   0   0   0   0   0   0   0   0   0   0   0
   0   0   0   0   0   0   0  12   0   0   2   9   0  39   0   0   0   0   0   0   0   0   0   0   0   0   0   0   0   0   0   0   0   0   0   0   0  21   0   0   0   0   0  44   0  19   0  35   0   0   0   0  11   0  30   0   0   0   0   0   0   0   0
   0   0   0   0   0   0   0   0   0   0   0   0   0   0   0   0   0   0   0   0   0   0   0   0   0   0   0   0   0   0   0   0  50   0   0   0   0  13   0   0   0   0   0   0   0   0   0   0   1   0   0  44   0   0   0   0   0   0  12   0   0   4
   0   0   0   4   0   0   0   0   0  50   0   0   0   0   0  10   0   0   0   0   0   0   0   0  45   0   0   0   0   0   0   0  31   0   0   0   0   0   0   0   0  15   0   0   0   0   0   0  38   0   0   0   0   0   0   0  27   0   0   0   0
   0   0   0   0   0   0   0  43   0   0   0   0   0  34   0   0   0   0   0   0   0   0   0   0   0   0   0   0   5   0   0   0   0   0   0   0   0   0   0   0   0   0   0   0   0   0   0   0  14   0   0   6   0   0   0   0   0   0   0   0
  38   0   0   0   0  12   0   0   0   0   0   0   0   0   0   0   3  23   0   0   2  46  35   5  33   0   0   0   0   0   0   0   0   0   0   0   0   0   0   0   0   0   0   0   0  24   0   0   0   0   0   0   0   0   0   0   0   0   0
   0   0   0  37   0   0   0   0   0   0   0   0   0   0   0  14   0   0   0   0   0   0   0   0   0  39   0   0   0   0   0   0   0  17   0   0   0   0   0   0   0  17   0   0   0   0   0   4   0  11   0  23  49   0   0   0   0   0
   0   0   0   0   0   0   0   0   0   0   0  32   0   0   0   0   0   0   0   0   0   0   0   0   0   0  32   0   0   0   0   0   0   0   0  29   0   0   0   0   0   0   0   0   0   0  37   0   0   0   6   0   0   0   0   0   0
   0   0   0  49   0   0   0   0   0   0  43   0   0   0   0   0   0   0   0   0   0   0   0   0   0   0   0   0   0   0   0   0  47   0   0   0   0   0  16   0   0   0   0  11  34   0   0   0   0   0   0   0   0   0   0  49
   0   0   0  12   0   0   0   0  16  11   0   0   0   0   0   0   0   0   0   0   0   0   0   0   0   0  22   0   0  22  13   0   0   0   3   0   0   0   6   8   0   0   0   0   0   0   0   9   0   0   0  26   0   0   0
   0   0   0  15  45   0   0   0   0   0   0   0   0   0   0   0   0   0  11   0   0   0   0   0   0   0   0   0   0   0   0   0   0   0   0   0   0   0   0   0   0   0   0   0   0   0   0   0   0   0   0   0   0   0
   0   7   0   0   0   0   0   0   0   0   0   0   0   0  46   0   0   0  32   0   0   0   0   0   0  49   0   0   0   0   0  28  14   0   0   0   0   0   0   0   1   0   0  13   0  39   0   0   0   0   0  19  15
   0   0   0   0  34   0   0   0   8  44   0   0   0  27   0   0   0   0   0   0   0   0   0   0   0   0   0   0   0  44   0   0   0   0   0   0   0   0  22   0   8   0   0   0  39   0   0   0  16  25   0  32
   0   0   0   0   0   0   0   0   0  49   0   0   0   0   0   0   0   0   0   0   0   0   0   0   0   0   0   0   0   0   0  11   0   0   0   0   0   0   0   0   0   2   0   0   0   0   0   0   0   6   0
   0   2   0   0   0  18   0   0   0   0  18   0   0  34   0   0   0   0   0   0   0   0  30   0   0   0   0   0   0   0  37   2   0   0   0   0   0   0   0   0  21   0   9   0   0  36   0   0   0   0
   0   0   0   0   0   0   0   0   0  27  15   0   0   0   0   0   0   0   0  14   0   0   0   5   0   6   0   0   0   0  22   0   0   0   0  26   0  42   0   0   0   9   0   0   0   0   0   0   0
   0  43   0   0   0   0   0   0   0   0   0   0   0   0   0   0   0   0   0   0   0   0   0   0   0   0   0   0   0   0  32  29   0   0   0   0   0   0   0   0   0   0  47  38   0   4   0   0
   0   0   0   6  27   0   0  23   0   0   0  30   0   0   0   0   0   0  32   0   0   0   0   0   0   0   0   0   3   0   0   0   0   0  37   0   4  18  13  24   0   0   0   0   0   0   0
   0   0   0   0   0   0   0  31  25   0   0   0   0   0   0   0   4   0   0   0   0   0   0   0   0   0  11   0  47   0   0   0  37   0  38   0   0   0   0   0   0   0   0   0   0   0
   0   0   0   0  45  11   6   0   0   0  47  15   0   0   0   7   0   0  40   0   0   0   0   0   0   9   0   0   0   0   0   0   0   0   0   0  27   0  16   0   0   0   0   0   0
   0   0   0   0   0   0   0   0   0   0   0   0   0   0   8  44   9   0   0   0   0   0   0   0   0   0   0   0   0   0   0   0  40   0   0   0   0   0   0   0   0   0  47   0
   0  19   0  40   0  42  16   0   0   0   0   0   0   0   0  32   0  34   0   0   0   0  23  44   0   0   0   0   0   0  15   0  45   0   0   0   0   0   0   0   0   0   0
   0   0   0   0   0   0  24  23   0   9   0   0   0   0   0   0   0   0  24   0  16  43   0   0   0   0   0   0   0   0   0   0   0   0   0   0   0   0   0   0   0   0
  43   0   0   0   0   0   0   0   0   0   0   0   0   0   0   0   0   0   0   0  32   0   0   0  41   0  37   0   0   0   0  12   0   0   0   0   0  34   0   0   0
   0  43   5   0   0   0  23   0   0   0   0   0  24   0   0   0  43   0   0   0   0   0   0   0   0   2   0   0   0   0   0   0   0  30   0   0   0  36   0   0
   0   0   0   0  49   0   0   0   0   0   0   0   0   0   0   0   0   0   0   0   0   0   0   0   0   0  11   0   0   0   0   0   0   0   0   2   0   0   0
  45   0   0   4   0  39   0   0   0   0   0   0   5   0   0   0   0   5   0   0   0   0   0   0   0   0   0  24  31  36   0   0   0   0   0   0  36   0
   0   0   0   0   0   0   0   0   0   0   0   0   0   0   0   0   0  32  25   0   0   0   0   0   0   0   0   0   0  31   0   0  19   0   0   0   0
   0   0   0   0   0   0   0   0   0   0  26   0   0   0  33   0   0   0   0   0  14   0   0   0  26   0   0   0   0   0   0   5   0  10   0   0
   0   0   0   0   0   0   0   0  16  17   0  15   0   0   0   0   0   0  14   0   0   0   0   0  15   0   0   0   0  25   0   0   0  30   0
  23   0   0   0   0   0   0   0   0   0   0   0   0   0   0  47   0   0   0   0   0   0   0  44   0   0   0   0   0  44  42   0   0   0
   0   2   0  29   0  35   0   0  43   0   0   9   0   0   0   0   0  16   0   0   0   0   0  31   0   0   0  40   0   0   0   0   2
   0  10   0   0   0   0   0   0   0   0  43  13   0   0   0   0   0   0   0   0   4  41  14  31   0   0  14   0   0   0   0   0
   0   0   0   0   0   0  31   0   0   0  21   0   0   0  30  14  44   0   0  12   0  49   0   0   0   0   4   0   0   0   0
   0   0   0   0   0   0   0   0   0  26   0   0   0   0  17   0   0   0   0   0   0  16   0   2   0   0   0   0   0   0
   0   0   0   0   0   0  22   0   0   0   0   0   0   0  20   0   0   0   0   0  36   0  32   0   0   0   0   0   0
   0   0   0   0  13   7   0   0   0   0   0   0   4  41   0   0   0   0  12   0   0   0   0   0   0  27   0   0
   0   0   0   0   0  27   0   0   0   0   0   0   0   0   0  11  45   0   0   0   0   0   0   0  23   0   0
   0   0   0   0   0   0   0  36   0   0   0   0  34  43   0   0   0   5   0  28   0  16  33  31   0   8
   0   0   0   0   0   0  43   0   0  17   0   0   0  12   4  34   0   0   0   0   0   0   0   0   0
   0   0  24   0  40   0   0   0   0   0   0   0   9  29   0   0   0   0   0   0   0   0   0   0
   0   0   0   0   0   0  19  29   0   0   0   0   0   0   0   0   0   0   0   0   0   0   0
   4   0   0   0  35   0   0   0   0   0   0   0   0   0   9   0   0   0   0   0   0   0
   0   0   0   0   0   0  32   0   0   0   0   0   0   0   0   0   0  10   0   0   0
  41   0  17   0   0  44   0  34   0   0  26   0   0   0   0   0   0   0   0   0
   0   5   0   0   0   2   0   0   0   0  50   0   0   0   0   0   0   0   0
   0   0   0  48   0  29   3   0   0   0   0  15  22   0  42   0   0   0
   0   0  15   0   0   0   0   0   0   0   0   0   0   0  44  29   0
   0   0   0   0   0   0  37   0   0   0   0   0   0   0   0   0
   0   0   0   0   0   0   0   0   0  39   0   0   0  37   0
   0   0   0   0   0   0   0  39   0   0   0   0   0   0
   0  45  10   0  18   0  29   0   0   0   0   0   0
   0   0   0   0   0   0   0   0   0   0   0   0
   0   0   0   0   0   0   0   0   0   0   0
   0  30   0   0   0   0   0   0   0   0
   0   0   0   0  21   0   0   0  15
   0   0   2   0   9   0   0   0
   0   0   0   0   0   0  31
   8   0   0   0  16   0
   0   0   0   0   0
   0   0   0   0
   0   0   0
   0   0
   0

 1284
   3  10  11   1  18  19   7  18  14  20   7  24  18  10   5  17  23  20  10  21  12  15   7  10   2   5   5   9   6  24  22  10   2  11  18   2   8   2   9  13   2  25  10  25   7   4  10   1  24  10  19  24   7  14  10   6   6  14   3   9  12  11  19   3  14  21   4  13  19  16  13  19   1  10  14  21  15   6  24  12  15   3   3  11  25  22  22  16  17   6   3  18   2  18   2   4   7  22   1   6  14   5  12  15   6   5   2  10  15  15  22  12  21  17  19  19  10   2  11  14   3   5   2  25  21  25   7   5   1  19   5   6  10  18  14  11   4  23   6  25

