 140 
   0   0   0   0  14   0   0   0   0   0   0   0  35   0   0   0  41  22  24   0  42   2  12   5  12   9  27   0   0   0  36   0  11   0  45   0   0   0  44   0   0  21  16   0  47  21  47  13  34   0   0  24  44   0   0  14   8   1  37   0  18   4  15   0  37   0  11  25   7  13  46  41  44   0  48   0   0  43  43  10   1   0   9  32   0  44  22   0  49  10   0   0   2   0   0  29  47  14  15  15   0   0  14   0   2  46  20  29   0  31   0   0  43  41  49   0   0  47  39   0   1   0   0  23  25   0  37  40   2   0  34   0  11   0  10  20  12  43  46  26
  47  40  21   0  22   0   0   0  31  35  32  10  10   0   0   9   0  26  30   0   0   0   0   0  38   0   0   0   8  17   4   8   0  12  10  22  24   4   0   0   0   0   0  35   2   0  19  22  47   0  16   0   0   3   0   0  16   0   0  20   0   3  20  14   4   0   0   5   0   0   7   0   0   0   0   0   0   0   5  41  13  19   0   0  46  21  38  48   0   0  46   8  22  25   0  44   7   0   2   0   0   0   0   5   0  16   0   0  14  17  13  41   0  38  30   0   0   0   0  31   0   0   1   0  46  17   0  50   4   0  32   0   0  18  31   0   0   0   0
   0   0   0   0  44  45  47   0  14  35   3   0  30  35  15  43  45  26   0  22   0   0  15   0   0  42   0   0  29   0  43  31   0  34   0  10   0   0   0   0   0  19   0  45   0   0   4  40   0  26   0   0  36   0  26   0  18  24  22   0  20   0   0   0  18   0  32   0   0   0   0   0  27   0   0   6  33   0  25   0  46  24   0   0  29  17   0   5   4  41   6   0  15   0   0   9   5   0  46   0   0  36  15   0   0  15  40   1  16   0   0  21   0   0   0   0   0   0   0  37  22   0  17   0   0  23   0   0   0   0   0   9   4   0   0   0   0  45
   2   0   5  31  19   0  11  44  20  45   6  18  33   0  50   0  33   0   0   0  30   0   0  37   3  45   0  18  39   0   5  47  45   0   9   0  49  38   0  44  47  49  23   0   0   1   3  50  22  45   0   0  45  47   0   0   0  19  24   2   7   0  46  26   0   0  47  13  39   8   0  19   0   0   0  14   0   3   0   0  17   0   0  40   0  45  25  20   0  46  24   0  27  26   0   9  48  48   0   0   0  32  46   0   0   0   0   0  39  29  49   0  40  13  31   6   0  26   0   0   0   0   4   0  10  17   0   0   0  45  14  50   0  49   0   0   0
  39   0   0   0   0  22   0   5   0   0   0   0  12   0  25  32   8   0   0  21  49  33  14  40   0  34   0   0  35  32   0  28   6  21  27   0  23  50  17  41   1  15   0   0  25   0   6   0  36  33   0   9   0  17   0   0   0   4   0  39   0  16  32   0  32  29   0   0  21   0   0   0   0   0   0   0   0   0   0  21  50  39  37  25  17  48  48   0   0   0   0   0   0   9  30  21  50  19   0  35  49   0  38   0   0   0   0  22  50   0   5  14  28   0   3  26  15  19  42  24  45  13   0  19   0   0  37   0   0   0   0  29  50   0   6   0
  18   0   6  24   0   0   0   0  37   0   0   6  32  16   0   0   0   0   0   0  25   0  28  37   0   0   0   0   0   0   0   0  11   0   0   0   0  48  18  28   0   0   7   7   0   0  15  23   3  12  31   0   6  21  40   0  28   0  30  19  17   0   0  17  12  48   0  47   0  32   0  17  13  49   0   0   0  44   0   0  22   0   0  41  49   0   0  24   0   8   0   0   0  35   0   5  24  30   0   0   0   0  44   0  16   5   0  44   0  23   6  41  33   2   2   0  46  27   0   0   0  47   0  15  14  28   0   0   0  15  41  23  23  47  48
  14   0   0   0   0   2   0  17   0  50   0  46  12   0  27   0   0   0  46   4  31  18   0   0   9   0  24  35   0   0  42  19  37   0  39   0   3   0   5   0   0   9   9  38   0   0   0  16  40  34   4  32  38  45   0   0  30  42   7  12   0  25  38   0   0   0   0   0   0  18  19  35   0   0   0  29  21   0  15   0   0  29   0  25  35   0   9  39   0  42   0   4   0  10  12  30   4   0   0  34  14   0  49   4   0   0  16  48   0   0   0  23   0   0  48   0  12   0   0  12   0   0  29  38  43   0   0  47  16   0   0  15  37   0
   0  12  20   0  28  44  33   0   0  23  17   4  39   0  11  32   0  38  24   0   0   0   0   4   9   0  31  43  43   0  41   0   0  12   0   0  45  42   0   0  47   8   0   0  48  49   0  17  24   0   0   0  43  45  12   2   0   0   0  17   0   7   0  23   0  14   0   0   6  40   0   0   0   9   0   0   0   0  27  27   0  50   5   1  43   0  20  14  31  12  18   0  19   0  12   1   0  11   0   0   0   4  27  50   0   0   8  13  24   0  32   1   7   0   0   0   0   0  30  33  17  50  22  24   6  11  41   0  29   2  43   0   8
  27   0   0   0  14   0  45  19  29  17  27   0   0  40  25   5   0   0  28   0   0  11  48  18   0   7   2   0   0  24   0  50   0   0   0   0   0  33  33  36   7  14  21  43  45   0   0   5   0   0   3   0   9   0   0  44   0  41  11  17   9  48  18   4  29  13   0   0  18   0  45   0  16   0   0  37   0   8  25   0   7  37   0   0   0   0  47   0   0  19   0   0  31  12   0   0  16   0   0   0   9   1   0   0   0  48   0   0   4   0   0   0   0   0   0  25   9   0  18   0   0   0   0  28  43   3  13   6   0   0   0   4
  18   0  43   0   0   0  34  47   0   5  16   0   0   0   0  33   0  39   5   0   0  18  24   0   0  24  17   0   0   0  47  46  24  37  49  33  26   0   0  46   2   0   0   0   0  35  36   0  17   0   2   0  43   0  40   0  31  11  16  29   0  43   0  36   0  25   0   0   0   0   0   0  36   0   0   0   3  13  18   0   0   0   0   0  20   0  29  24   0   0   0   0  28  38   0   0  22  40   0  44   0   0  15   0   0  42   0  36   0   0   0   0   0  29   0  10  38   0   0   0   0   0  35  27  23  19  13   0   6   0   8
  20   0  35   0   0  49  15   0   0  50   0  14   9  40   2   0  27  25   0  28   2   0  45   0   0   5   0  42   0   0  18   0   2   8   8   0   6  37  48  23   0   0   2  37  49   6  27   0  18  15  28  43   0  41   0   0   0   0  19  32   0   0   0  14   0   0  31   0  42   0  27   0  45  21   2   0   0   6   0  49  50   0   0   0   0  16  32   0  43  20   0   0   0   0  32   0   0   0   0  46   0  29  28  21   0   4  39   0   0   0   0  22  25   7  16   0   5  17   0   0   0  21  28  47   0  13   0  44  44   8
  28   0   0   5   0  15   0  23   0   0   2   0   0   0   0  33  49  13  39   0  34   2   0   0  19  39  28  22  11  42  16   0   0   0  39   0   0  48  11  28   0   9  32  40  42  45   0  45   0   0   0   0   0   0   0   0  28  44   0   0   0  14  23   0  10  46   0   9  31  46   0   0   0   0  13   0   0   0  21  24  36   5   0   0  49  12   0  36  16   0  16   0   1  49   0  26  41   0   0  40  22   0   0   0   0  34  48  39  41   0  12  38   0   0   0  44   0   0   0  46  34   0  33  23  45   0   0   6   8
   0   0  43  41  11   0   0  29   0  14  38   0  41  49   0  44  21   7   0  42  23  15   5   7  38  43   1  33  50   0   0   0   0   0   0  36  50  11   0   0  13   0   3   0   0   0  26  44  18   0   5   0   3  12   8   0   0   0   0   3   0  37   3  46  37   0   0   0   0   0   0  15   0   0   0   0   0  17   0  47  14   0  48  13   0   0   0   6  35   0   4   0  44   0   0  20   8   0  28   0   2  49   0   0  42   0  11  15   0   0   0   0   9   0  14   0  42   0   0   0  12   0   0  24  35  32  24  40
  28   0   2  20  15  35   0  30   0   9  13   0   0   0  32   0  36   7  48   0   0  20  19   0  23  28  20  40  22   0   0   0   0  11   9   0   0   0  14  16   0   0   0   0   0   4   0   0  29   0   0  29  11  21  19  48   0   0   0  21  46  50   0   0   0   0  17  46   0  18   0   0  22  36  31   0  22  49   0  35  43  13  17   0   5   0   0   0   0   0  44   0   0   0   0   0   0   0   0  33  18   6   0   0  42   6   4  24  50   0  16   0   0  43   0   0   0   0   0   0   0   0  48   0  42   0   4
  35  15   0  14  27   7   0   0  45  24   0   4   0   0   0   0   3  17   7   0   4  33   0  28  24   0   0  16   0   0   0   0   0  26  29  30   0  18  22   0  12   0   0  36  38   0  26  40   0  12   0   0   8   0   0   0   0   0   8   0  40  16   0  39  50   4   0   0  48   0  37  23  50   0   0  47  43  34  21   0   0   3   0  19   0   5   1   0  48   0   2  37  32  27   0   0   0  40   0   2   0  21   0   0   0  23   0  44  29  19   0  47   0  23  46   9  39   0   0  19   6   0   0   0   7   1
  41   0   0   3   0  15   0   0   0   0  15  26   0   0  39   0  14   0   5   0   0   2   3   0  21   0   0   0   0   0  47   0   0  28  46  37   3   0  20   0  20  13   0   8  43   0  18   0  36  44  50  50  23  34   3   0   0  41   0  40  39  27  37   0   0   0   0  26   3  45  49   0  33  43   0  42   0  41  20   0   0   4  37  40  18  42  34   0  21   0   2  29   0   0   0   0  16  37  31   0  34   0   0   0  17   0   0   0  28   0  39   0   0  38  21   0  10   0   0  22   0   0   0  49   0
  10   0   0  28   4   5   0   0   0   0   1   0  35   0   0  37  22   0   0   0   0   0  27   0  40   0  44   0  50  28   0   0  17   3   0   0   0   0   0  16  46  25   0   0   0   1   0  49  32   9   0   0   0  38   7   0  15   0   0   0  41   0   0   0  31   7  40   0   3  42   9  21   0   0   0  19   0   0   0  44  40   0   0   0   0   0  17   0  28   0   0   5   0  29   6  32  33  31   0   4   0   0   3  24  35  45   0  10  21   0  16   0   7   0   0  41   0  43  31  24  10   0  12   0
  23   0  44   0   0  27  26   0   9  21   0  47  36   0   2   0   0   0   0  49  24   0   5  33   0   0   3   0   0   0  24  30  29   3  12   0  31  10  31   0   0  50   0   0   0  21   2   8   0  30  28   0   0  33   0  18   0  21   0  34   0   0  22   7   0  33   0   0   0   0   0   0   0  11  22  12   0   0   5   0   0  23   0  13   0   0  37   4   0   9   0   0   0   0  50  42  15  30  41   0  36   0   0   0   0   0  42  25   0   0   0  26   0  24   0   0   0  45   0   0   0   0  14
   0   7  12   2  16   8   0  18  36  28  20   6  12  11  10  46  47  31  26  13   1  21   9  48   0  29  41  37   0  46   0  38   0   0  14   0  23   0   1   0  31  26   0  21  28  39   0   6   0   0  17   6  36   0   2  10  38   0   0   9   0  42   0  25  30   0  26   0   0  31   0   0   0  19  21   0  22  16  31  29  45   0   8  44   0   6   0   0  37   0  21   0   0  12   0  25  12  47  19   0   0   0  26   0   0   0  45   0   0  22   0   0  20   0   0  42   0  17   0   0  21   0
   0  43  34   0  50  44   3   0   0   0   0   0  38  16   0   7  21   0   0   0   0  32   0  25  49  37  47  30  44   0   0   0   0   0  17   0   0   0   0   0   5   0   0   0   0   0  15  17  36  10   0   0   0  47   0  38   0   0   0   0  31   0  49  38   0   0   0  22  48   0  23   0  26  41  18  18  37   0   0  39  14   0   0  24   0   0   0   0   0  40   0  49  43  28  20  43   0   0   0   0   0   0   0   0   0   0   0  34  33  23  43   0   0  15   0  10   0   0   0  42  20
  45   0  33   0  12  24   0  14  25  37   0   0  13   0  15   3   0  16   0   0  47  15   0   0  31   0   0  28   0   0   0   0   0   0   0   7   0   0  22   4  44   0   0  39   0   0   3   0   0   0  33  48   8   0   0   0  22  21  33   0   0   0   0   0  19  25   9  26   0   0   0   0  10   0   0  47   0   0   0   0   0   0   9  43   0  31   0   0   0  10   0   0   0   6  29  17   0   0  40  31  40   0  50  45  37   0   2  34  17   7   0   0   0  29   0   0   0  32   3   0
   0  22   0   0   0   0   0   0   0   0  22  42  34   0   0   0   0   0  11   0   5   9   0   0   0  32   0   0  28  10  43   0  20  27   0   0   0  35   0  16  20  33   9   0   0   0   0  35  48   0  17   5   0  40  21  23  27  18  37   0   0   5   4  16  31  27  17   0  36   3  32  14  24   0  48   0  46   0  29  18  32   0   0  36   0   0   0   0   0   9  41   0   0  48   0   0  10   0   0   0  41   0   0   0  14   0   0  15  29   0   0   0  19   0  17   0   0   0  38
   0   0  33  13   3   0   0   0  29  26   2  29   0  30   0   0   0   0   0   0   0  39   0  33  42  24  48  47   0   3  42   0  48  33  23   0   0   0   0   0   0  27  41   0   0  24  16  49  48   0   5   0   0   0   0   0  29   0  11  37   0  46  31   0   0  49  48   0   0   0  17  14   0   0   0  18  37   1  39  26  41   0   0  12  14  49   0   0   0   0  17   0  11   1   0  27  31   9  33   0   0   0  49  49   0   0  44  23  40  30   0   0  20  26   0  38   0  26
   0   0  26   0   0  43   4   0  39  15   0   0   0   0   0   0   0   1  13  24  46   0   2  16  11   0   1   1   0   0   0   0   0   0   0  38  43  13   0   0   4   0  36   1  24   0   0  14   0   0   0   0   0   0  11  36   0   0  11  20  42   0   0   0  12   0   0   0   0  33   0  31   0   0  40  21   0   3  21   0  38   0   0   9   0   0   0   0  35   0  13   0   0   0   0  46   0  38   0  46   0   4  26  37   0   6  38   4  22   0   0   0  22  19  12   0  18
   0  31   0   0   0  10   0  38  17  45   8   0   0   0   9   0  50   0   0   0   0   0   3   0  21   0  39   0   0  47  48   0   0   0   0  28  11   5   0  19   1   0  18  37  23   0  35  34   2  42   0   0   0   0   0  24   0   0  18  10  47   0   0  49  35   0   0  49   0   1  16  38  25   4   0  12  39   3   0   0   0  13   0   0   0   0  18   0   0  18   0   0  30  42   0   0   0  34   0   0   0  23  33   0   0   0  42  41   5   0  45  16  21  41  42   0
   0   0  10   0  25  39   0   0   0  33   0   0   0   0  14  37  27  26   0  25  26  27  30   0   0   0   0  44   7   0  38   0  34  10   0   6  47   0   0   0   9  30   0  47   0   0  19  43   7   0   0   0  35  42  10   0  29   0   0  43   0   8  46  45   0   0   6  38  39   0   0  31  17  49   9  27  15   0  29   0   0   0   0   0   0  24   0   0   0  30   0   0  43   0  41  34  32   0   0   0   0   0   8   0   0   0   0  42  31   0   0   0   0  15   1
  41  45   0   0   0  47   0   0   0   0   0   0  40   8   0  38   5  25  33   0   0   0  31   0   0   0   0   0   0   0   0   0   0  24  36  26   0  26   0  47  41   0   8   0  36  17   2  46   2   0   0   0  37   0   0  34   0   0   0   0  10   0   0  30  30  17  14  22   0  20   0  40  14   0  32  22  19   0  18  10   0   0   0  17   0  15   0   0   0  22   0  42  26   0  40   0   0   0  28  30  22   0   0  30  28  31  40   4   0   0   0  43  32  29
   0   0  49   0  45  48   0  38  38  41  14  24  33   0  34   0  10   0   0   0  15   0  26  10  28   0   0  22  42   0   0   0  19  10   0  44   3  30   0  32   0   0   0   0   0  42  45   0   0   0   0  12   0  13  32   0  10   0  27   0   0   0   0   0  45  34  11   0  26  46   0   0  16  18   0  26   7  42  47   0  22  12   0   0   0   0  45  38  36   0   9  41   0  37   0   0  18   0   3  27   8   0  26  49   0   0  44   0  25  27  34   0   0
   0   5  13   0   0  50   0   0  30   0   0   0  26   3  42  39  36  19  35   0  50  43  39  28  11  26  30   0   0  28   7  13   0  48   0  24  24   0   0   0  10   0  25   0   7   0   2   0  12  42   0   0  41   0   0   0  35   0  32  37  23   0   0  46   0  37   0  11  33   0  27   6   0  32  44  38  32   8   0   0  21  21   0  29   0   0   0  42  15  22   0   0  26   0   0   0   0  49  50  24  14   0   0   0  19   0  50   0  40   0   7  41
   2   0   0  24   0  41   0  25  44   0   4   0   0   0  44   0   0  34   0   0   0  40   8   0   0   0   0  39  43  20   0   0   0   0   0   0  20  21   0  46  47   0  16   0   0  41   0  17  30   0   4   0   0  48   0  23  48   0   0  23  27   0   0   0  49  38   0   0   0   0   0   0  50  12   0   0  49   0   0  11  29   0   0  16  42   0   0   0   0   0   0   0  28   0  34   0   0   0   0  49   0  18   0  26  47  13   0   0   0  21   0
   0   0  11   0   7   0   0   0  43   0   0   5   0   0   0   0  45  48   3   0  14   0   2   0  25  13  47   0   0  17  18   0   0   0  43   0   0  36  26   0   0  35   0  21   0  47  24   0  29  49   0   0   0  40   0   0   0   0   0  31   0  11   0   0  25   0   0  41  16   0  10  36   0  39   0   0   0   0  41   0   0   0   0   0   6   0   0  39   0   0   0   9   0   0   5   0   0   0  41  25   0  29  37  20   0   0   0  48  22   0
   0  24  34  49   0  48  25   0  10  12   0   0   0   0   0  44   0   2  37   0   0   0  21   0  34   0  39  50   0   0   0   2   0  33   0   0  48   0   0  31  44   9   0   6   0  42  14   0  48   0  48  22   3   0   0  13   5  40   0  48   0  27   0   0   0  42   2  42   0   0   0   0   0   0   0   0   0  13  11  30  15   0   2   0  35   0   0   2   2  26  33  37   0   0  20  44  30   0   0  22   0  19   0   0   0   0   0  47   0
  41   0   0  34  32  12  50  45   0   0   0   0   2  37   1   0   0   0  24   0   5  35   0   0   0  44  17  40   0   0   6   0  34  11   0  43  41  23   8   0   0  43   0  36  46   0  25  21   0  25  50   0   0  28  24   8  29  47  26   0   0   0   0   0  15   0  37  37  29   0   0   5   0  17   0   0   0  31  27   0   8   0   0   0   0   0   0  13   4  33  24   0   0  34   0  30   0   0  22  50  20   0   0   1   0  15  27  13
   0   7  29   0   0  21  30  21  16  49  28   0   0  16  39   0   5   0   0  40   0  39  27   0  16   0   0   0   0   0   0  41  44   0  16  24  19   0   0   1   0  35   0   0  41   0  28   0   0  13  33   0  10   6  20   0  12  15   0   0   0   0   0   7  39  49  17   0  47   0  29   0   2   0  40   0  25   5   0  46   0   0   0  43   0   0  15   0   5  45   0   0   0   0   2   0   0  48  35   0  30  23   0   0   0   8   0
  33   0   7   0  24   0   0   0   0   0   0   0   3   0   0   0  10   0  33   0   0  36  19   6   0  25  27   0   0   2   0   0   0  44  27  39   0   0  11   0   0   0   0   0  39  35   0   0   0  14  21   3   0  31  45  12  39   0   0   0  11  19   0   0   0  25  24   0  16  10  10  23   0   0  18  15  20  40  44  22  14   0   0   0   0   0  10   0  47   0  28   0   0  17   0   5   0   0  47   0  24  48   9   0   0  19
   0   0  12  13   5  35   4  48   0  10   0  31   0   0  37  32   0   0   1  12   0  44   0  32  28   9   0  14   0  36   0   6   0   0  44  13   0   9   0  41  42  33  23  39   0   5   0   0   0   0  27   0   0   0   0   0   0  15   0   0  32  10   0   0   0   0   0   0   0   0   0   0   0   0  46  25  35  42   0   7   0   0   0  46  19   0   0  41  22   2  38   0   0  28   0   0   0  19  16  38  41  36   0   0  20
   0   0   0   0  11  24   3  35  32   0   0  26   0  44  17   1  45   0   0  21   0   0  27   0   0   0   0  17   0   0   2   0  12   0   0   0  34   0   0  16   0  18   0   5  19  49  28  41   0   0  18  34   0  22   0   0  24  14  43   0  19  17   0  18   0   0   6  21  15   0   0   0  14   0   0   0  16   0  26  17  30  34  50   0   0   4  32  42  42  17   0  11   0   1  36  18   0   0  27  16   0  21   2   0
  27   8   5  25   0  25   0   0   0   0   0  50  11   5   0   0  48  50  10   0  26   0  37   0   0   0   0  30   5   0   0  22   0   0  13   5   0  41  40  38   0  26   0  22   0   0   0   0   0  13   7   0   0   0   0   0   0   0   3   0   7  33  27   1  11   0   0  36  19   0  49  23  17   0  46   0  10  45  19  23   0   0  36  18   9  14   0   0   0  28   0  30   5   0  20  39  39  47   0   2   7   0  44
   0  24   0   0   0  39  22  18  47  28  29  48   0   0  11   0   0   0   0   0   0   0  30   0  22  40   0   0   8   0  15   0   0   0   0   0   0   0   0  43  28  27   0  45  28  26  43  31   0  11   6  46   6  25   0   4  16   0  38  44   0  28  20  10   0  46  36   9  29   9   0  22   0   0  25   0   0  43  29   5   0  33  35   1   0  23   0   0   1   2   0  24   8   0  47   0   0   0   0   4   0   0
  47   1  12   0  22   0   5  34   1  47   0   9   0   0   0   0   8  27  21  47   0  24  43  47   0   0   0   0   3  48   5  16   0   0   8  12   0  44   0   0   0   0   0   0   7  15   0   0  49  15  41  32   0  47   7  27   0   0  32   0  29  20   0   0   0  46   7   4   5  18  23   0   0   0  12   0   0   0  35   0  42   0  17   0  16   1   0  41  45   0   0   0   0   9   0   0   0  50   2   0  37
   0  21   6   5   0   0  24   0  30  38  13   0  20  30  49   0   0  49   3   5   0   7   0  38   0  23   0   0  19  15  16  31  43   0  38  32   0  36   0  36   0   9   0  13  44   5  49   0  48   9   0   0   0  23   6  50   0  15  15  20   0   6  13  44   0   0  40   0  43   0  43   0  31  25   0   0   0  34   0  11   0  43   0   0   0   2   0   0   0   0   0   0  47   0   0   0  46  40   0   0
   0   0   0   0  31   0  14   0  47   0   3   0   9  47  20  16  28  28   1   0  46  25   0  13  19   0   9   6  27   0  49   0   0   0   0  16  11   0  46   0  45  11   0  20   0  24   0  16  25   0   0   0   0   0   0  20   0   0   0   0   0  45   0   2  24   6   0   1   0   0  37  29   0  35   0   0  12  44   0   0   7  14   0  42   0   0  24  47  32   0   0   0   0  17   0   0   0  48  37
  20   9  48   0   0  17   0   0  13  43  13   0  47   8  19  21  22   0  12  10   7   0  19  17  11   0   0   0  24   0   0   0   0   0   0  16  34   0  47   0   0  48  37   0  29   0   0  21  11   0   0  11   0   8   0   0   0  20   0  34  48  37  30  37   0   1  35   0   0   5   0   0   0   1  47  50   0   0   0   0  16  32   0   0   0   0  19   0   0   8  19   1   0   0   0   0   0   6
   0   0  26   0  45  12   0  12  48   0   0   0   0  16   0  12   0  28  20  50  45   3   0  27   3   0   0  31  50  21   0  46  15   0  36   0  30  23  28   0   0  28   0   0  21   0  12   0   0  33  16   0  31   0   0   0   0  50   0  36   9   0   0  43   0   0  33  27   0   0  28   0   6  10   0   1   7   0  26   0   0  26  24   0  19  11  38   0   2   0   0   0  37   0   0   0   0
   0   0   0   0   0   0   9   8   0  23  10   0   0   0   0   9   0   8   0  33  39   0  43   0   0  41  39   0   0   0   0  36  13  30   0   0  33  46  45   0   0   0   0   0  50  18  15   0   0   4  18  31  14  45  26  39  40   0  17  34  29  11  17  13  37   0  22  50   0   0   0  30   0  29  43   0   0   0   1   0  27   0   0   0   0  22   0   0   0   0  49   0  38   0   0   0
  23   0   7  26   0  47   0  17  42   0  50   0  47   0   3   8   0  46  33   0   0   0   0   0  32  41   0  27   0   0   0  33   0  21   0  11   0   0  20   0  30  20   9  14   0  11  47   4   0  28   8   0  26   0  30   0   1   0  40   8  34  22  31  36  21  44  26   0   0   4   6  42  18  14   0   0   0  33  30   0   0  23   0   0  44   0  32   0   0  33   0   7   0   0  38
   0  22   0   0   0   0   0  41   0  22  43   0   0  32  21   0  22  26   0   0  20  15  31   0   0   0   0  27  12  40  35   0  43   0   0  40   9   0   0  14  30  24   0  10   0  36   0  18   0  45   0  38  26  20   4   0  23   0  42  43  23   6  20  23  12   0   0  19   0  27   0  45   0   0   0   0   0  34  37  39  48  27   0   0   0  15   0   0  25   2  44  12  19  14
  32  13   0   0  17  14  30   0   0   0  11  46   0   0   1  17  10   0   0   0   0   0  22  12   0  44  25  45  30  11   0   0  42   0   0  16   0   0   0   0   0   0   1   0   0   0   0   0   0   0   9   0  16   0   0   0   0  28  14  32   0   0  34  40  11  11   9  12   0   0   0  20   0   0  43   0  15   0  43  40  46   0  26   0   0  14   4   0   0  34   0   0   0
  20   0   0   0   0   0   0   0   0  22  41   0  50  19   0   0   0  45  45   0   0  19   4   0  44   0   0   0  25  43   0   0   0  38  31  49  22   0   0   0   0   0   0  34   0  20  45   0  35   5   0  43  33  44  36   0   0  11   0   0   0  45   0   0   0  29   0   0  31  13  30  18  32   0   0   0   0  43  14  36   0   0   0   0   0   0   0   0   0  11   0  34
   0  39   0  37  34   9  43   0  20   0   0  30   0   5  48  29   0   0   0   0  11   0   0   0   0  24   0   1   0  33   0   0  33   0   0   0   0  13   0  25  23   0   0   0  27   0   0  47   0   5   1   0   0  11  14   0  41  22   2  39   0   0   0  29   0   0  38   0   0   0   0   0   0  45   3  25   0   0  46  15   0   7   0   2   0  46   0  48   0   0   0
   0   0  27  10  17  44   2   0   0  20  37   4  40  41   0  26   0  46   0   0   0  46   0   0  19  25  12   0   7  21  48  33   0  40   0  49  21   0   0  17   0   0   0  26  42   0   0   0  26   0   0   0   0   0  15   0   0  22  46   8   0   2   0   0  19   9  33  27  28  38   0  45  20   0   0   0  11  41   0   0   6   0  30   0   0   0  27  22   0   0
  18  39   0  42   0   0   0   9  19   0  40   0   0  44   0   0   0  26  33   0   0   0   0   0   0   1  22  12   0   0   0   0   5   0   0   0   0  36   0   0  49   0   3  36   0  18   0  40  23   0  19  43   0   0   0   0   0   0   0   6   3  24  43   0   0   0   0  50  32   0   0   0  39  48   0   0  43  48   0  24   0   0   2   0   0   0  33  22  49
   0   6  25   0  46  45  38  32   0  48   0   0  41   0   0   0   2  47  49  38   0  33   0   0   0   0   0  37  48   0   0   0  27  13   1  44  35   0   0   0  43   0   0  19   0  18  36  25  25   0  28   0   0  15  16  26   0   0   0   7  48  44  16   0  18  32   0  32   0   0   0  19  23   0  39   5  11   0  28   3   0  11  47   0  27   0   0   0
   0  43   5   0   0   0  41   0  38  45  50   0  30  21  40  29   0   0   0   0  20   0   1   0  34   0   0  11   9   0   0  31   0   0  50   0   0  40   0  34   0   0   0  21  11  31  35  22  16  23   0  17   0   2  23   0  34   0   0   0   0   0   0  17   0  33   0   0  40   0   0   0   0   0   0   0   0  37   0   0  44   0   0   0   0  15   0
   0   0  47   0   0  11   0  27  13   0   0  16   0   0  35   0   0  43   0   0  27  31  24   0   6  40   0  23   0  45  36   0   0  20   0   0   0  45   0   0  10  34   0   0   4   0   0   0  22   0   0   0   0  12  25  11   0   0  30   0  10   0   0  38   0   0   0   0   4   0  29  19   7   1  10  18   0   0   0   0  44   9   4  38   0  40
   0   0  16  41  12  25   0   0   0  47   0   0  21  18  21  21   0   0   0  12   0  36   0  45   5   0   0   0   0  41  30  40  49   0  20   0   0  28  28   6   0   0   0  31  30   0   0   0   0  15  32   0  50   0  50   0   0  41  27   0   1   0   0   0   0   0   0  30  29   0  11  15  43  50   0  17  13   0   0  28  12  29   0   0  47
  46  15   0  32  16  36   9  22   0  10   0  36   0  37   0   0  34  27   0  48  29   0   8  41   0  41   0   0   8   0  48  35  36   0   0   0   8   0   0   0   0  12  26   0  33   0  15  28   0  13   0   0   0   0  10   0   0   0   0  27   0   1  14   0   0   0  27   0  12  13   0  21   0   8  35  48  31  12  16  47   0  17   0   0
  43   0   0  37  16  26   0  27  13  15   0   0   2   0  48  11   0  29   0   0   0   0   0  23  26  40  27  50   0   0  22   0   0   0  20   0   0  12   0   0   0   0  34   0  32   0   0  39   5  47  17  50  23   0   0   4   2  13   1   4  34   0  27   0  36  47   0  39   0  11  25  13   0   0   1  43   1   0   0  20   0  25   1
   0  38   0  28   0   0   0   0   0  43   0  20   0  36  43   0  47  45  16   0   0   0   0   0  28  47   0  31   6   0   3   0   0   0   0   5  12  29  21   5  10   0  19  23  14   0  19   0  41  13  34  40  18   0  36   0  31  15  18   9   0  37   0  31   0   1  24   0   0   4   0  21   8  11   0  27  32  48   0  37   0   0
   0   1  30   0  28   8   0   0   0   0   0   0   9  30  18   0  43   0  46  39  20   0   0  41  34   0   0   0   0   0   0   0   0   0   0   0   0  21  37   0   0   0  41  34  22   0  18   0   0  12   8   0   0  26   0   7  47   0  16  35   0   8   0   0   0   6   0   0  24   0  31   0   4  42   0   0   0   0  32  25  49
  34  43   7   0   0   0   0   0  46   0  22   1   0   0   9   0  41  48   0   0   0   0   0   0   0   0   8   0  49   0   0  34   0   0   0  23   0  35   3  33   3   0   0   5   7   5  24  39   2   0   1   0   0   0   8   0   0  48   0   0   0   0   0  16   0   0   0   0   0  28   0   0   2  26  38   7   0   0  34  37
  15  18   0   0   0   0  28  24   0  10  32   0  14   0  13   0  50   0   0   0  26  11  44   0   0   0   0   0   4   0   0   9  21   0  13   0   3   4   9  47   0   0  45   0  40   0  27   0   0   0  22   4  23   0   0  41   9   0  18   0  18   0   0   0  18   0   0   0   0   0   5   0   0   0  20  46   6   0  15
   0   0   0  15  14   0   0  14  29  17  46  17   4  21   2   0  41   0   0   0   4   0  46   0   0   0  16  32  39  49   0   0  13  17  28   0   0  33   0   0  10  27   0   0   0  11   0   0   0  25   7   0   0   0   0   0   0  13  33  21   0  30   0   0  15   0  15  40   0  41  39   0  50   3   0   0   0  44
   0  27  23   0   5  30  20  28   0   0   0   6  11   0   0   0  44   0  40  38   0  11  27   0  49  10   9   0  15   0   0   0   0   0   0   0   0   0   0  44  45   0   0   0   0  33  50   0   0  40   0  45   0  43   0   0  37   0  13   0  28   0  47   0   0   0   0  48  44   7   2   1  13   0  17   0   0
   0  30   0   0   0  48   0  23  23  24   0   0   0   0   0  42   0   0   0  26  10   0  48   0  31   0   0  43   0  42  27   0   0   0   0  22   0   0  50   0   0   0   6  31   0   0   0   2  40  37   0  26  45   4   0   0   4   0   1  11  27   0   0  45  39   0  47  18   1  39  18  42  23  44   0  44
   0  19   0  19   0  37   0   0  35  50  46  44  21   0  17  35   9   2  15   0   0  42  23  14   7   0   0   0   0   0   0  47   0  37  42  13  24   0   0   0  45  13  17   0   0  12   0   0  35   0  27   4   0   0  48   9   0   0  42  14  16   3   0   0   0  41   0  34   6   0   0  46   0   0  14
   0  41   0   0   0  20  36  38   0   0   0   0   0   0   0   0  49   0   6   0   0   6   7  10   0  16   0  17  11  47   0   9  10   0  20  37   0   0  30   6   1   0  21   0   8  40   0  18   0   0   1  28   0   0   0  25   3  37   0  25   0  11  31   0  28  22   0   0   0   0   1  21  12   0
  34   0  11   3   0  33  21   0   0  25   0  15   0  47   0   0   0   0   7   0   7   0   0   3  40  31  33   0  47   0   4  36   0   0   0   0  23  42   0   0   0   0   0  10   0  20   0  46   0  42   0   0   0  28   0   6   0  47   5  43   0  49   9  37  14   4   3   0   0   0   0  36  37
  13  20  25  42  14   0  16   0  18  38   0  22   0  32  38   9  40   0  34   0   7  16   0  30   0  32   0  39   0   0   0   0  24  43  44  16  47  30  44   0  11   0  18  41  29  17  20  39   0   0   1   0   3  32  42   0  21  45  29  41   0  18   0  36   0   0   0   0   0   0   0  24
   0   5   0   0  18  24  18   0   5  33   0  22   0  35   0   0   0  37  13   1   0   0   0  24   0  28   0   1   0   0   0   0   6   0   0   0   0   0   0  46   0   0   6   0   0   1   0  34   0  11  33  29  10   0  31   0  20  17   0  47  32  12  18  49   0  20  34  19  28   6  42
   0   0  20   0   0   0  25   0  31   4   0   0   0  37   0  19  47  25   0   0   7  12   1  35  23  44  28  22   0   0  11   1  17   0   0  36   0  37   1   0   2  49  50   0   0   0  12   0   0   0  47  30  18   0   0   0   2  37   0  44   0  18  35   0   0   3   0   0  34   0
   7   0  27   0   0  49  43   0  18   0  46  17   0  38   0   0   0  15   2  16  43  18  33   0   0  42   5  13  17  24  16   0   0  24   1  27   0  26   7  21   0   2   0  40  36  26   0   0   0   0  19   2  12  39  18  21   0  39  34  36   0  22  10   0   1   0   0   0   8
   0   0   0   0   0   0   0  29   2   5   0   0   0  50  20   0   0  42  13   1   0   0  48  44  42  14  38   6   0   0  47  32  26   0   0   0  37   2  40  21   4  28  30   0  35   0   0   0  41  14  14   0   0   3   0   0   0  18  50  48  43  25   7   0   0   0   0   0
   0  50   0   0   0  18   1  39  11  38   1   0   0   9   0   0   0  39   0   0   0  17   0  22   0   0   5  47   0  31   1   0   0  45   8  26  50   0   0  33  17  18  30   0   0  34   0  14   0  28   0   0   0   6  32   9  25   0  44  46  21   0   0   0   0  11  40
   0   0  40  27   0   0   0   2   0  43   6   0  31   0   0   0   0  12  37   0  17  19  11  19  14   0  10  15  37  41  43  36  47  45  33   0   0   0  36   3  22  28   0   0   0  21   0  32  34  28   0  34  34  42   0   0   0  22   0   0  27   1   0   7   0   0
  35  28  13   0  31  31  27  36  43   0  12   0   0  30   0   0   0   0   2  28   0   0  46   0  37   0   0  22   0   8   0   0   4   0   0   0   5   0  41  40  21   0   0  17  21  25  20  36  35   0  50   0   0   0   8   0   0  44  25   0   0  39  28  41   0
   0   0   0   0   0   0   0   0   5   0  38   0  15   0  25   0   0   0   0   5   0   0   4  41   7   0   0   0   0   0   0   0  15   0   0  40   0  34  48  29   0  10   0   0   0  34  14  39  36   0   0   0  28  13   0   0   0   0  34   0  16   0  13  19
   0   0  23   0  47  47   0  41   0  14   0  18  35  31   0   0  12  46   0  31   0   0  34   0   0   0   0   0   0   0  24   5   0   0   0   0   0  30   0   0   0  34   0   0   0  35   0   0  31  20   0   0   0   0  26   0   0  32  49   0  31   6  27
  29   0   0   0   1  20  20   0  24  41  39   0   0  21  34  33  34  27   0  27  19   1   9  23  12   0   0  28   0   6   2   0   0  15   4  34   0   0   5  29  10  11   0   4  14   0   0   0   0  18   0  17  15   0   0  16   0  10   7   0   0  28
   0   0  33  24   0   0   3  44   0   0   0  17   0  46  37  22  18  23   0   0   0   0   0  50   0   3   0   6   0  35  11   0   0  18   0   0  50   0  28   0   0  26  26   0   0  33  37  21   0  33   0  49  22   0  48   0   0  17   0  50   0
   0  40  33  35   0  35  45   0  39   0  41   5  49   0   0  25   0  34   0   0   0   0  11   0   0  13   0   1   0   0  15  16  32  28  19   0  41   0   0  50  14   0   0   0   0   5  19   0   0   0   0  45   0   0  29  47  25  44   0   0
   0   0  20   0   0   1  13   0   0  10   0   0  39  35  21   0   0  17  32  33  36  48   0   0   0   0  18   0  28  44  50  11   0  22   0   0   0  16   0  20   0  42  17   0  19  40   2  27  12   0  34  28  25  14   0   0   0   0   0
  14  25   0  17   0   0  39   0   0   0   0   0   0  16  30  12   4   0   0  14   0  37  38   0   0  14  42   0   0   0   0   0  31   9   6  39   0  49  40  18   0  25   0  47   0   0   1  41   0   0   9  45   0   7   0   0  26   1
   0  10  32   0  30  44   8   0  39  39   0  16   6  24  33  14   8   0  20   0  30   0  22  16  42   0  49  19  13  15  43   0  19   4   8  24   0   0   0   0  35  30   0  40   0   0   0   0   0  44   0  33   0   0   0   0  17
   0   0  32   0   0   0   5   6   0   0   0  30   0   6   0   0   0   0   0   0  26   3  11   0  34  29  26   0   7   0  27   0  16  30   5   0   0   0  46   1  29   1  25   0   0   0  24   7   0  25   0  46   0  45  17  25
   0   0  11   1   0  27   0   0  25   0   0   7   0  31  14   0   0   9  15   0   0   0   0  26  47   0  10   3   0  39   0   0  12  50  12   0  26   0   9   0   0   0   0   0   0  31   0   7  22   0  16   0  34   0   0
  48   0   0  16  30   1   0  20   5   0   0  47  46   0   7   4   0  31   7   0   9  26  41   0  22  45   0   0  36   0   0  21   0  50  15  28   0   2   0  41   0   0   0   0  24  33  19   0   0   0  28   6  39  28
   0   0  46   1   0  23   0  15   0  19  12   0  38   2   4  10   0   7   7   0  49   8  45   0   0  36  10   0   0  29   0  39   0   0  36   0   4   0   0  45   0   0   0   0  13   0  12  11  50   0   0  39   0
   0   0  42   0   0   0   0  34   0  33   0   0   0  45  16  18   0  25   0   0   0  45  10   0   0  23  26   0   0  28  31  42  17  25   0   0  50   0  20   0   0  48   4   0   0   0   0   0   0  30   0  13
  46  15   0  27  47   0  46   0  18  16   2   1  27  11   0  13  16   0   0   5   0  20   0  22   9  23  44  27  35  45   0  32  28   0   0   0   0   0  40  22   0  12   0   0  33  30   0  25  22  36  20
   9   0  42  19  11   0  50  29   0  15   0  38  38   0   0  50   0  32  13  37  41   0   0   3   0  48  25   0  26   0   2  25   0  38   0  24   5  11   7   0  22   0   0   7   0  28   0  13  20   0
   0   6   0  37   0   8   2  25   0   0   0   0   0  35   0  43   0   0  41  16   0   4   0   0   0   0   0  41   0   0   0   0   0   3   7   0   0   0   0  30  22   4  14   0  48  19  37  23  44
   0   0   0   4  44  23   0  15   0   0  47   0   0   0   0   0  38  13  38  22   0   3   5   0   0  35   0  15  35   0   0   0  15   8  36   0   0   0  46   0  12  11  15   0  22   0  21   0
   8   4   0   0   0   0   0  47   0   0  28   0  37   0   0  23   0  48  20  30   3   0   0   0   0  33   0   0   0   0  41  35   0  36   0  26  41  36   0  49   0   0   0  11  24  43  26
  11  24  15  19   0  19   0  28  12  32   0   0   0   0  20  49   0   2  25   0  45  42  50  44  38  48   0   0   0  22  23   1   8   0   0   0   0  10   0  24  41   0  37   8  15  11
   8   0  32   0  22   0   0  23  46  24  14   0  21   0   0   0   0  27   0  29  18   6   0  22   0  41  20   0  10   0   0  41   0   0  25  15  47  20   0   0  45   0   5  29  24
  50   3   0   0   0  15   0  32   0   0   0   0   0  24  45   0  50   0   0   0   0   9  45   0  43   0   0   0  24  27   0   0   0   1  20   4   0  13  43   0  21   2   0   0
   0   0   0   0   0   0   0   0   3   0  48   0   0  42   0  11   0   0   0   0  41   0   3   7  23  20   0  32  50  29   0  18  33  21  42   0   0   0   5   0  18   7  15
  13   0  41   0  26   0   0   0   0   0   0   0  47   0  41  19  26  31   0   0   0   0  38  25  12   0   0   0   0   0   0   0  43   0  20  18  14   8   0   0   0  20
  15   0   0  36   0   0   1   7  40   0  23  20   0  49  22   0   0  46  27   0  23   0  36  41  16   0  40   0  30  23   0   0  14   0  31  21  29   0  18  28   0
  35   0   0   0   0  14   0  31  43   7  20  35  34  18   0  50   4  42  35  33   2   0   0   0   0   0   0  38  25  47  36   0   1  18  44   0   6   0   0   9
  28   0   0   0  34  37  32   0  48   0  32  43   5   0   9  49  38   0   0  16   0  46  11   5   0   8   0  46  30   0  33  46  27   0  30  21   0   0   2
  33  35   0  19   0   0   0   0  31   0  40   0  27  30   0   3   5  15  26  17  36  11   0  42  18  39   0  44   0  24   0   0  18  19   0  31   0  42
  47  13  26  47  28  22   0  44   7  50   0   0  47   0  39  22   0  24   0   0   0   0  45   0  24   0  23   0   0  12   0   0   0   0  29  35  49
  31   0   0  28   0  32   0   0  37  40   0   8   0   0   3   0   0  15   2  32   8   0   0   9   0   0   0   2   0  35  20   0   0   0  44   3
   0  22   0   2  20  37   0  46   0   1   0   0   0   0   0  36   3   0  43  10   0   0  43   0   8  12  29  23  13  43   0   0  37  25  50
  24  29  31  34  23   0   0   7   0   0   0   0   0   0   0  37   7  38   0   0   0  24  46  13   0   0  25  43   0   0   0   0   0   1
   0  21   0  35   0   9   0   0   2  16  35   0   4  45  42   0   0   0   0   0   0  18  50   0   0   0  30  19   0  28   0   0   0
  31   0   0   0   0   0   0   0   0  14   0  37  44  30  29   0   0   0  32  48   0  30  44   0   0   0   0   0   9   0   0   0
   0  15   0   6   0   0   0   0   0  46   0  19   0  40  18   0   0   7   4   0   3  50   0  15  26   0   0   3   0  38  19
   5   0  44   5   0   0  32   0   0   0  10   0   0  39   0   0   0   0  36   0   0   0  43   0  32   0  46   2  22   0
   0   0   2  37  42  33   0  27   0  33  13   0   0   0  18   0   0   0  19   0   0   0   0   0  16  42  24  39   0
  41  31  36   0  19   0   4   0   4   0   0  32   0  40   0  31  38   0  42   0   0  13   0   0  33   9   0  21
  40  46   0   7  39  32   0   0   0  46   0  18   0  45  40   0   0  37  33  45   1   0   0  43  47  32  17
   0  37   2  23   0   0  24   4   0   0  32  25   0  20  35  11   0  35   0   0   0  50   0   0  38  18
  13  32  34  20   0   0   0   8   1  20   0  40  26   0   0   0   0  17  13  18   0   0   0  46  17
   0  38   0   0  28   0  30   8   0  31   0   0  36  41   0  13  45  23   0   6   0  36  29  11
   0  16  18   0   9  29  44   0   0   0   0  50   0  38  48  13  15   0   0  13   0   0   0
  11   0  21   0   0   0  12  10   0   5   0  17   0  16  10  49  38   0   2   0  17   0
  33  28   0  24  11   0   0  25   0  24  33  25   0   0   0   0  48  12   0  16  45
   0  37  14   3   0   0   1  31   0   0   0  49  42  24  46  23  44   0  19  42
  50   0   0   0   0   0   0   0  18   0   7   0   0  28   0  47  24   4   0
  48   0  42   0   0   8  36  23   7  48  34  35   8   0   0   0   0   0
   5  41   1   0  20   0   0   2   9   0   0   8   9   0  19   0   0
   0   0  30  50  39   0  14  40   0   0  30   0   0   0  29  32
   0  50  44   0  44   5   0  40  33   0   0  23   0  11  43
   0  28   0   0   0   8  16  15  15   0   0   8   0   0
   0   0   0   0   0  23   0  34  42  25   0   0   7
   0  17   0   0   0  19   0  40   9  39   0   0
   0   0   0   0  13  26   0   6   0  27  11
  42  11   0   0   0  48  34  26   0   0
   0  23   0  49   0  23   0  45   0
   0  48   0   0   0  42   0  33
  16  22   0   0   3  32  35
  43   0   0  47  50  33
   0  49  43  12  35
   0   0   0   0
  15  41   0
   0  48
   0

 1778
  12  22   7  18  20   7  18   4   7  15  21   7  22   6  22  21  20  17  16   6   4   2  12   7   7  19  24  13  15   1   4  14   4  24  12  24  24  12  18   4  24  17   2   9  23  13  25  21  25  25  13  14  21   8  15   5   2   5  20  25  17  22   9   7  22  15  21   8  16   1  24  11  24  14  15   4  12  17  23  15   6  23  19   2  14  24   8  12   9  14   1  10   1  23   2  23   7  14   1  24  21   9   8   4  18   9  17  23  25  23  15  14   1  24  22   1  21   1   5  20  18  22  22  25  12  25   4   3   1   6   7   1  16  15   1  13   1   4  12   6

