 140 
  10  37  46  27  34  49  17  35  37  22  15  12  43  15   3  23  15  36  29  14  29  45  26  24  21  36  30  36   3  29  43  36  40   7  16  31  12  19  26  33   9  44  41  38  35  48  27  40  41  36   9  38  33  25  41  16   3  33  16  49  17  26  39  34  45  13  42   5  35   1  30  21  46  13  29  37   7  30  17  40   6  41  26  22  29  38   3  39  36   3  20  43  22  22  34  10  22  50   7  18   5  14  19  47  18   1  49  14  31  23  40  15  22  10   9  15  34  26  42  17  47  39  18  17  24  40   6   2  37  41  31  14  46  28  31   9  49  39  22  42
  22  48   7   3  29  47   4  32  33  20  20  11  20  22   9   8  46  37  37  10  13  11   5  30  24  33  41  49  15  31  42  30  43  32   4  24  32  46  24  23  31  45  40  41  27  17  34  30  20  25  14   9  31   1  42  46   2   4  29  23  26  29  23  10  35  30  10  36  11  35  35  19  29  47  36  21  11  20   7  11  43  35  36  11   7  40  14  42  48  14  49   3  39  21   2  34  11  33  10   9   8  40  34  15  16  18   8  34   2  15  42  32  16  35  26  34  23  47  26  23  32  21  10  18   5  16  27  47  27  41  42  35  16  12  23   7  18  48  23
   3  50  26   8  47  47  22   6  34  15  47   8  50  21  35   4  26  19  41  31   9  11  22  42  33  12  25  19  31  12  29  12  20  46  39  43  19  37  12  18  38  13  14   7  27  10   9  39  32  42   8  28   7  32  36  43  16  44   8  47  23  27  47  37  35   7  33   7  40   9  37  23  39  49  20  48   3   7  22  45  26  45  27  40  10  15  45  29  33  41  21  10  31  29  50  18  37   3  43  43   4  43  14  21  25  38  14  32  37  35  14  22  34  13   2  10  22  17  10  25  20  20  41  22  23  39  17  33  10  48   9  17  37  29  33   6  15  48
  12  49  21  26  30  48  27   2  36  30  31  28  18  15  25  25  15  24  48  12  38  14  45   5  38   2  45  46  15  38  12  13  39  47  16  40   5  40  11  17  18  50  36  50  15  33  25  46  32   5  36  29  47  26  40  25  49  45   2   7  36  33  11   9  49   1  50  16  30  18  10   5  18   1   3  33  14   1  44  44  30  48  50  28  19   1  13  41  41  39   5  46  25  46  32  29  12  31  12  15  44  32  11  49   2   1  21  11  32  38  27  13  19  44  14  19  29  32  32  45  42  42  23  26  36  20  35  25  40  32  41   3  25  15   9   4  30
  44  32  46   5  13  10  40  43   7  22  37  31  31  10  31  33  33  41  23  20  30  34  37  17  21  41  38  20  41  41   2  36  11  15  33   5  18  21   6  35  31  24  16  47  14  48  23  32  23  21  11  46  23   2   3   6  23  47  40  47  44   7  44  39  33   3  30  46  37  13   6  10  30  37  18  37  13  19  30  50   2  27  39  44  20  23   2  20   5  44  28  30   4  41  38  32   5  41  50  15  14  33  44   8  15  28  37  34  12  41  44  39  14  12  26  12  14  14  35  10  38  46  45  32  10  46  26  35  30  31  15  28   1  41  42  39
  20  22  12  29  49   5  25  18  48   7  43  27  41   5  17  45  26  47  32  11   6  47  38  21  42  38   8  43  11  21   2  27  18  35  42  50  39  15  49  36  47  40  35  16  23  21  36  40  39  24  12  15  33  35  48   2   8  43   2  31  41  27  18  26  48  28  16  40   5  32  31  17   4   8  25  16  47  27  18  13   5  10  28  22   4  24  37   4  38  15  48  42   3  40   6  30   8   5  12  28  33  39  20  50  15  19  13  49  18   2  19   3  46  14  50  43  45  39  11  32  25  22   6   2  18  20  40   8   3  30   6  41  43  45  40
  25   1  19  46  33   1  15   2  35  50  19   8  26  15  28  50  23   8  49  46  47  34  12  26  49  11  11  36  17  43  29  28  44  47   1   2  34  34  40   7  48  31  45  48  25  14  23   1  17  23  33   8  33  37  30  36  35  22  13  47   2  41  23  31  13  35  44  32  46  18  49  11  36  38  16   4  38   6  44  25  33  34  46  45  12  23  36  22  39  15  20  35  29  36  41  42  10  31  11  30  41  45  11  46  12  47  50  26  14  16  40  18  10  38  47  29  34   9  20  33  18   4  29  33  36   9  49   2  34  15   5  43  11  22
  30  13   3  23  37  40  13  10   9  35  44  17  12  48  42  48  41  38  22  10  22  48   3  16   1  33  13  15   3  11  18  23  31  46  25  18  46  34   6  29  12  44   7  21  10  43  18  23  11  10   9  25  34   4  29  25   3  30  40  43  46  48  25  35  18  49  12   2  12  15  27  16   7  33  33  43  38  36   5  41   6  23  22  12  14  28  24  39  23  38  38  23  39  38  24  19  49  29  32  44  19  14  42  47  28  17  43  42   6  17   1  43  33  49  14  48   6  48  29   5  17  29   1  37  45  10  11  14  43  45  30  40  21
  41   7   4   3  36  28  13  42  17  49   4  10  32  34  15  39  47  41  50  49   3  10  16  18  44   2  19  18  13  46   9  47  20  28  19  47  15  13  45  31  35  50  41  28  14   6   5  25  23  28  39  33  12  17  48  34  31  20  13  22  36  23  15  24  20  42  43  24  24  35  22   3  50  17  13  50  31  29  37  14  36  44  44  28  32  31  36  25  15  32  37  13  35  45  49  25  10  33  23   5  38  42  11  10  36  40  15  11  15  13  42  47  13   1  24  43  26  33  42  24  32  24  21  14  16  17   8   2  23   2  42  45
  30  43  12   4  31   4  29  50  33  34  15   5  43   4  28  42  22  44  48  29   9  41  15  10  32  50  23  50   9  39  37  19   6  23  46  19  34  18   6  31  37  11  22  25  30  13   3  23  17  41  11  42  33  41  50  20  35  24  37   5  32  42  30  17  31  45   9  41  35  25  25  38   1  45   7  47  27  10   5  48  17  31  41  32   9  11  48  16  44   1  10  25  43   8  50   6  37  18  10   4  32   8  32  42  45  40  24  39  26  31  45  21  47   5   7  47  39   2  37  42  28  37  22  27  27   8  24  39  41  16  37
  46  36  39  31   7  23  28  18   5   3  39  15   3  46   9  32   2  35  42  30   3  39  18  30  47  22  10  31  14  45  47  49  29  47  37   5  21  24  46  12   7  31  41  38   6  10  37   7  10  33   5   9  34  29  30  44  48  50  37  11  13  40  44  19  29  19  17  28  38   8  43  38   3  26  27   1  41  40  27  24  19   3   1  49  22   5   7  28  42   5  42  25  23  46  20  19  35  17  25  17  11  38  50  21  33  35  27  22   4  21  45   7  33  19  43   3  44   3  46  14  48  24  10  24  26  30   8  36   1  32
  27  22   5  12   8  39  29  17  50  48  23  32   6  17  13  32  10   1  39  49  16  47  11   1  42   1  41  37  35  28  46  23  29  45   4  36  26  35   6  42   7  11  16  43   9  44  14  14  49  42  37  37  29  22  13  10   5  27  15   7  31  21  45  23  39  31  21   3  39   3   1  29  10  49   3  16  22  31  13  41  17  28   7  21  41  11   3  22  34  48  49  18  14   9  45  49  17  38  11   4  16  50  40   4  44  34  32  39  42  21  39  43  42  36  44  14  33  20  14  49   4  11   2  19  38  24   3  31  40
  37  29   7  24  10  12  50  12   5  42  41   2  24   1  31  33  47  30  15  20  22   9  16  25  24  16  23  15  34  14  35  21   2  35  28   5  19  11  32   5  13  18  10  20  36  14   7  28  29  36  31  15  43  11  27  28   5  29  18  23  32   6  47  23  45  37  30  11  24  45  24  39   1  48  35   6  44  48  17  45  48  25  48  48  30  39  35  20  41  28   6  16   5  41  29  11  43  12  31  37   3   6  46  48  49  43   1  30  10  45  13  23  37  10  47   8   2  48  14   7  30  49  41  33  22  34  36  42
  31  44   9  44  19  16  15  36  21  20  38  23  14  47  10  28  29  14   7   5  41  14  40  16   6  41  47  18  25  45  13  21  14  46  28  46  11  27   9  42  43  16  25   7  49  47   8  40  41  32  32  50  36  41   9  15  42   9  26   5  44  47  38  11  37  16  16  28  22   1  40  42  45  26   2  34  25   4  15   5   7  35  39   2  35  37  43  11  27  41   7  34  29  32  37  36   2   4  33  10  20  22  45  36  27  22  50   7   1  18  22  37  13  47  26  45  48  38  30  31  46  12  20  39  24  13  30
  23  21  23  41  16  25  20  39  19  25  35  22  26  12  22   8  31   8   6  13  42  33   3  34  50  47  41  37  40  24  34  43  17  21  12   8  15   3  30  22  10  31  21  16  16  42  36  31  49   4  12  34  11  38  49   5  12   9  49  23  23  37  24   7  20   5  34  17  19  34  10  49  21   1   4  50  18  38   2   2  17  13  27  14  26  45  20  34  14  17   6  35  13  37  24  23  20  41   6  34   5  35  44  46  22  17  46  24  26  44   6  23  26  49  25  28  45  23  29  17  27   6  35  37  36   6
  39  46   6  16   6  14  32  39  22   8  22  32  40  22  36  49   7  12  34  46   4  31  37  37  42  39   2  49  45  37  47  32   4  39   7  40  25  11  40  45  42  38   3  29  40  40  13  49  31  26  32  10  33  18  15  50  48  14  28  26  13  45  36  12  14  10  45  27  40  28  20  37  46  16  10  43  46  19  47  50   2  33   5  29  49   5  22   4  39  27   4  43  10  11  23  12  45   6   6  39  25  47  42   5   3  29  37  21  15  37   6  26  30  19   3  47  18  34  49  44  45  13   3  15  15
  45  17   6  35   3  36   7  13  11  50  38   2  27  42  46  26  21   1  12  48   5  12  16  24  15  18  29   6  21  43   1  16  24   8  14  18  39   3  18  20  16  10  33  44  10  45  35  16  25  34   2  39  20  37  48  31  28  46  21  50  49  11  48  21   1  18  46  38  36   3  45  44  23  15  14  44  26   9  10  35   4   1   9  15  42  34   1  42  34  29  10  12  24  31  17  25  22   4  13   6   2   8  24   9  19  41  30  46  33  42  46  15  14  23  25  19  46  15  29  46   7  42   9  25
   4   3  46  43  13  36  39  39  32   5  12  26  14  38  17  29  30  15  24  37  41   2  25  49  15  39  49  47  35  28  41  48  40  45  23  40  17  24   6  30  33  31  24  33  46  21  12   2  30  29  38   4  38  14  20  47  37  31  33  38  47  42   4  40  35  49  38  42  16  12  43  36  24  44   8  13  43  38  11  41  45   9  30   4  46  25  48  39  16  40  49   4  48  39   8  10  20  33  25  18   7   2  41  40  17   7  24  32  45  45  27  37  49  44  23  14  22  32  28  40  46   9  48
   2  18   5  11  49  14  30  41  37  40  18  18  47   3  10  37   8  42  13  20   5   5  40  31   9  12  47  14  21  43  39  37   5  44  45  45  29  38  27  36   6   2  34  45   7  33   6   3  34  25  47  14  25  37  50   8  47  16  34  46  22  18  37   3  22  33   3  19   6   9  26  16  34  23  41  33  20  32  46  13  35  48   9  39  12  17   2  39  37  22  46  16  38  10  35  17  38  32  16  34  15   4  33   9   5  29  36  13  36  29  49  21   2  35  29   7  30  37  14  47  13  47
   5  20  11  13  19  23  11  11  39  19  30  20  47  49  21  28  49  11  49   6  21  23  18  10   6   7  31  45  47  47  16  43  35  40   7  24  13  45  43  18  45  16  43   6  11  23  11   4  46  36  43  26  29  50  18  33   3  31  20  17  44  18  14  38  27  42  11  42  47  13  41  14   8  11  45  46  42  44  37  22  31  34  45  10  29  30  32  16   3  42  13  22  42  10  41  12  41  45  21  33  24  28  12  10  10  38  29  42  33  12  34   7  16   1  42  26   9   2   3  31  20
  23  19   5  23  30  19   8   5  18   7  27  10  45  16  10  37  33  16   3  27  22  14  40  30  43   9  30  29  45  20  11  19   3  40   1  26  45   1  39  42  22  18  22  26  13   4  22  24  33  19  33   8  27  17  19  12   1  21   1  25  34  41  27  36  17  29  25  23  46  36  29  25  42  40  48   4  27  16   4  25  39  48  25  10  33  42  36  29   6  44   3  32  16   1  13  24  11  32  16  21  40  37  18  24  10  20  40  29  18  49  45  33  11  40  39  29   3  45  17   4
  13  11  44   6  11  30  37  13  10  23   4   2   2  35   2  19  11  27   3   9  30  10  18  32   4  17  13   6  25  30  22  33   6   8   8  42  29  16  21  21  28  33   3  43  28  28  34  13  12  31  38  40  13  41  17  46  50  31  31   6  32   7   2  20  30  19   1  30  49  22  48  33  25   2  24  47   5  48  18  32  22  44  25   2  13  22  28  38   2  26  15  21  30  16  14  13  40   2   9  43  13  14  46   6  44  16  47   2  12  17  15  49  30  44  21  13  12  46   5
   4  11  10  16  48   7  11  39   3  37  48  28  18  12  10  14  16  28  48  49  38  45  39   8  25  13  36   8  39  40  50  27  12  32  47  24  40   6  24  10  15  20  24  43  27  19  11  47  38   3   1   4  19  13  12  18  48  21  35  13  38  28  43   7   3  19  48  11  47  43   4  35   6   5  12  26  13  40  38  40   7  31  18  27  21  16  36  41   4  17  11  17  33  41  12  45  28  20  36  23  22  41  49   2  36  31  27  15  50  35  41  44  41  48  46  50  33  38
  46  15  50  49  33  23   8   8  33  18  12  40  45  27  24   9  31   3  14   1  50  49  20  18  39  24  29   3  22  31  31  47  18  45  39  19  19  21  35  15  47  35   3  35  40  37  11  13  14  43  45  16  32  48  13  17  15  40  10   1  11   1  34  32  20  44  20   2   8  27  24  37   2  37  42   4  41  48   2  34  44  37  29  35  25  34  14  39  37  23  14   9  45  22  24  14   1  48  21  20  30  44   8  29  30  20  29   1  23  26   1  37   5  46  32  24  13
  18   3  46   4  33  20  41  16  49   7  31   7  12  13  15  50  23  29  48  26  28  48   6  27  14  24  36   4  36   2  10  23  41  25  19  40  11  16   4   1  29  15  30  33  21  19   5  18  37   3  28  39   9  18  49   6  35  22  16  27  19  40   3  35  16  48   7  15  35  25  40  43  13  42  46  19  30  30  22  34  36  49  16  36   9   2  45  23  38   1  18  19   1  11  39   4  40  17  20  29   5  39   4  33  45   1  12  20  49   8  34  45   5  35   8  49
  31  38  15  31   4  31  19  37  48  17  14  42  18  35  13  21  37   7  36  29   8  34  28  48  38  32  12   4  25  42  28  34  26  35  49  31  42  30   8  21  11  50   6   5  50   5   2  20  41   6  36  33   6  40  35  13  35  16  42  39   4  41  14  34  42  40  25  48  42  42  41  48  46  50  45  12  12  26  45  23  23  16   8   8  44  22  35   5  42  19  19  21  35  19  12  20  40  47  44  20  13  26  24   5  11  31  24  25  40  32  13   9  37  18   1
   4   4   2  17   7  44   5   1  14  25  14  29  35  24  37  41   1   1  37   3  23  22  14  36  50  41  26  22  19  44  19  32  38   1  24  37  13  41  31  32  28   2   3   7  49  34  12  20  30  14  12  31   8  43   6   5  50  44  23  46  18  20   2  17  24  25   7  13  19  22  12  46  32   9  47  17  18  36  22  11  38  11  23  44   6  48  45  38  10   5  33  26  46  24  42  41  34  30  38  39  27  41  44  33  15  10  49  26   8  49  45  21  28  44
  26  39   7  26  20   6  36  19  43  15  24  13   2  20  46  42  36  19   2  48   7  32   4  30   5  25  22  31   6  50  46  24  21  17  23  24  18  28  42  48  44  50  24  13  27  14  41  31   2   4  44  38  29  21  11  43  47  21  11  15  35   9   6  14  11  12  47  36  49  37   5  28  26  11  14   8  12  37  36  30  21  49  42   8  28  43  50  10  19   2  19  43   2  49  45   4  12  15  29  45  22  26  50   2   4   5  15  26  11  14  17   5  35
   7  10  46  10   8  11  26  22  26  43  34  19  32  48  17   7  43  29  17  11  18  10  17  48  25   4   7  26  45  20  47  12  41  48   2  35  18  25   8  47  22  28  27  32  34  31  29   5  15  18  13  25  16  38  24  23  10  25   3  35   7  33  32   9  24   6  40  45  42  22  32  42  29  22   5  37  27   3  15  27  32  37  49  25  22   4  38  26  20  11  30  28  42  25  14  37  18  24  47  42   4  17  28  21  20   6  50  32   9  21  19  14
  45  36  13  15  48  17  17  48   9   9  46  49   9  33  15  15  38  24  15  14  19  18  39  11  34  36  23  28  45  40  36  12  12   1  32  38  20  17  48   3  47  37  26  34   9  37  43  49   7  18  23  42  39   6   9   6  42  33  41  26  50   3  45  25  13  35  27  18  25  11  11  40  40  14  39  12  38  31  39  11  25  26  40   6  24  19  37  42   9  15  24   5   3  17  10  25  12  20  37  17  47   6   6  43  23   2  23  25  30  44  31
   1   8  25   7  20  22  14   1   7  44   4  12  42  25   1  42  15  41  41   6  44  44  32  34   5  30  32  13  28  16  32   5  50  12  38  12  30  50  10   1  20  12  12  19  42  13  18  47  31  31  12   9  26  15  13  32   5   3   4  45  12  17  15  50  10  39  22  19  31  47  31  10  23   4  11  50  24  40   2  21   2  12  43   5  25  46  44  30  22   7  12  31   4  22  26  12  40   4  50  47   1  39  35  37  11  24  28  17  24  18
  13  50  20  39  26  11  37  23  48  50  44  35  44  26  41  32  18  38  31   8   2  47  22   5  39   5  13  24   4  29  13  19  20  49  46  30  29  21  15  16  31  37  14  30  39   8  30   9  28  28   9  38  44  15  46  36  28   7  45  44  15  31  20   9  42  32  32  28   4   7   1   1  19  24  38  40  27  43  47  44  15  21   2  12  23   3  45  22  39  43  27   4  18  35  36  24  27  27  17  21  35  39  24  28  18  37  10  11   4
  19  23   7   2  34  42  46  10  43  30  46   6  15  31  35  35  11  19  50  39  10  45   3   4  14  25   5  37  42   1  10  21   4   6  20  38  45   4  10  31  37  44  25   1  28   2  46  35  13  24  17  37  43   1  39  44  23  10  32   5  32  16   6  31  13  44  43  23  41  48  23  45  12   6  50   8   1  22  25  41  31   1  50  46   4   9  27  24   1  48  30  23  42  35  31  21  36  43  13  24   7  18  15  25   6   8  49   1
  10   4   3   4  33  18  13  32  17  28   7  29  24  14  31  45  18  14   8  20  21  48  44  16   4  38  48  22  32  13  40   4  18  47  35  11  50  44  16   3  31  10  16   9  50  18  18  30  22   2  17  49  40  22  35  27  30  22  50  15  29  21   6  21  34  30  35  23   1  42  36   4  10  16  36  46  10  41  46  39   1  36  11   2  44  42  26  27  40  10  38  32  24  47  47  14   6   8  40  41  48  31  31  49  21  21  15
  37   4  17  47  36  45  44  21  45  44  29  13  49  40  50  21  25   4  34   1  27  49  50   3  19  11  41  49   9   5   6   9  24   3  28  46  19  46  46  45   5  15  22  49  33  27  45  22  39  26  13  25  44  39  27  43  13  21  12   2  10  26  26  48  43  19  47  48  49  35  46  21  42  19  36  41  20  50  43  33   8  12  17  28  24  40  16  28  44  12  45  15  29   4  30  22  31  35  47  30  21  28  38  10   9  13
  48   1  11  43  18   8  43  47   7  45  24  49  25  28  27   1  26  21  50  10  38  46   8  19  46  46   5   1  40  28  25   7  21  20  48  44  15  49  19  23   3  25  12  50  42  22  49  27  30  30  26  44  48  36  22  11  34  37  27  27  39  31   9  49  20  24   3  48  34  20  16  22  12  10  15  15  49  11   6  45  34   1   6  21  50  31  35  40  23  44  44  48  28  46  34  46   7   4  34  32   9  11   1   4   4
  24  35   2  23  47   1  31  41  40  13   7  39  48  34  20  27  43  36  48  38  35  16  24  16   5  20  19  11  47  42  13   9   1  46  33   9  45  28  40  45   7   1  24  27  18  27  32  46  15   4  14  15  48  38  27  49  49  27  46  20  48  22   6  50  42  13  19  36  12  36   2  25   3  18  20  28  11  39  27  25   9  19   1  42  22  33  35  43  25   7   3  26  11  50  42  22  47  21  10  31   4  36  44  16
  20  40  41   3  42  42   3  41  35   6   9  40  40  39  15  42  13  19  14  28  18  12  36  11  12  16  14  30   5  15  44   2  20  10  32   4  11  33   2  18  27  40   9  46  47  42  39   9   6  48  45  17  13  33  29   8  18  50  42  43  12  33  38  34  41  15   3  23   7  15  19  46   6   1  29  35  14   3  25  34  10  34  22   5  20  47   6  28  11  17  36  28  21  22  35  25  16   9  12  25  17   7  48
  44  49  29  49   2  47  37  16  49  41  39  41  22  41  38  49   3   4  22  10  37  25  12  14  50  13  43  39  18   9  49  21   3  37  44  25  18  47  12   5  25   5   9  50   8  35  20   3  46  48  30   7  24  16  11  26   5  39  25  30  20  50   2  40  39  25   7  12   3   6  23   2  33   1  40  35  17   2  11  25  11   9  27  49   9  39  15   9  35  41  11  16  10  50  11  28  33  15  18  37   6  44
  35  10  38  17  25  34  31  28  48  19  44  32  13  38   7  31  49  37   7  18  42  10   4  47  31  39  21  27  44  33  37  27  44  49  47  27  49  28  25  26  48  18  21  29  25  10   8  31  31  15   7  42   5   6   2  45  27  27  16  41  48  44  50  36  28  12  13   6   4  29   6  23  36   8  14  10  12  17  11  40  48  28  19  22  39  33  20  15  34  22  26  25   5  35  24  28  49  21  36  35  29
  48  26  20   3  12  23  41   4   4  49   2   6  16  27  10  42  13  13  26  37  29  22  50   8  46  38  31  14   6  37   9  44  27  21  33   2  25  17  21   7  32  41  23  46  15   3  43  38  36  20   9  20  14  25   7  42  33  32  13   4  30  35   9  12  39  14   5  12  44   7  15  20  21  36  32  42  45  30   5   4  31   5  40  42  32  14  40  41   9  33  37   3  21  50   1  23  49  39   7  40
   2  26  11  12  35  25  36  41  24  33  19  40  40  33  26  18  10  33  50   1  39  16  16  18  44  38  36  30  45  22  18  25   6  37  44  32  17  26  17  36  35  30  40  37  29  35  34  12  24   1  30  17  26  30  18   2   9  16  40  48   4  39  28  26  46  26  42  41  11  23   6  24  29  13  48   8  34  27  15  20  44   5  49  19  48  23  41  42  35   6  49  39  43   8  32  14  21  50  44
   3  24  43  49  39  15  29  47   7   8  12  48  16   4  21  15  41  26  19   2  37   3  17  41  14  21  35  31  40  35  49  26  32  35   2  22  17  46  22  10  33  29  26  27   5  26  43  46  15  11  49  30  46   7  12  26  29  28  17   7  49  49  13  12  46  45  12  45  38   3  35  30  21  18  16  31   6  12  31   8  39  14  14  45  20  32  49  32  37   2   2   6  14  33  23  29  44  34
  19  43  32  44  21  49   4  14  44  24  14   7  34  28  44  23  37  39   1  18  40  37  13  34  35  47  39  38   4  46  31   1   1  23  43  39  36  11  22  49   4  13  22  22   4  30  41  39  17  40  36  33   8  39  22  26  49  50  34  26  38   9  44  10  34  18   2  26  41  19  15  34  17  36  23  21  27   9  11  39  39  42  14   6  26  18  44  32  46  32   8  32  21  45  42  16  47
  23  33   2  43   6  19  20  15   5  40  50  31  38   2  42  49  42  46  23  46   9  22  22  41  22  34  30  30  39  12  12  49  48   4  40  10  13  34  42  42  47  24  15  13  42  34  26  17  22  47   2  41   5  42  29   6  15  13  34  31  49   1  22  14  20  26   3  31  27  46  42   4  18  49  41   6  27  34   1  13  12  35  20  27   5  18   5  11  38  23  25  46  30  14  20   3
  33  32   2  22  42  49   8  27  25  25  34  49   1  10  27  35   3  29  15  46  45   4  40  30   1   7  41   5  37  25  12  39   9  39  46  32  47  27  25  17  43  15  50  19  13  40  27  14  48  34  23   6  34  19  23  14  11  13  36  43   6  21  31   3  49  35  29  10  32  50  42  40  48  43  49  41  18  32  34  26  17  44  19  37   7  43  46  33   1  49  31  13  24  18   4
  41  44  25  29   8  45  44  44  13  31  34  44  47  15   1  46  21  21  50   1   6  17  16  21  26  37   1  44  17  47  14  29   8  48   4  31  34  37  48  41   6   3  31  26  49  41  37  10   2  37  49   1  11  45  21  40  16  39   4  44   8  21  18  20  29  24  33  15  10  34  38  40  33  40  21   6  24  28  32  15  32  18  26  22  38  33  35  45  17  34  39  30   1  11
   7  12   7  26  50  22  11  37  47  46  26  24   8  22  21  18  30  46  41   8  26  28  41  33  27   7  23  25   7  16  23  17  41  13  29   3  21  25  42  31  35  18  29   1  43   2  29  25  20  31  13  22  29  36   6  44  15  13  36   6  48  50  19  41  20  11   5  43  15  42  50  31   2  35  31  37   6  32  31  11  31  35  41  35  27   6  45   7  31   8  10  32  25
  40  25  36  44   5  33  17  25  43  17  33  38  46  41  23  49  20  32  47   7  23  42  29  32   5  39  14   7   3   2  31   1  20  16   9  36  43   7  13   4  25  40  33  37   8  41  25  36  15  31  49  47  41  28   8  34  43  11  15  29  13  32  38  19  43  18  23  28  34  22  46  26  41  45  35  27  18  37  17   7   6  36  33  26  26  37  16  23  36  31  21   9
   8  33  47  37  46  15   7   2  28  43  37  16  29  41  36   6   7  31   1  49  22  43  45  17  19  45  42  38  10  15  50  49   4  36  39  44  47  26  39   7  17  11  17   6  29  20  45   4  38  29  26  12  27  45  22  44  44  50  31  41  19  19  13   9  16   4  17  24   3   1  22  12  33  28  45  46  50  11  39   2  23   3   9  46  26   9  45  32  23   3  24
  38  31  15  12  24  34  16   4  13  49  20  16  40   3  10  23  25  15  24  19  47  46  47   4   3  17  46  20  19  43   9  11  46  22   5  26  23  42  10  31  39  14  41  11  22  38  33  26  17  34  19  50   6   9  16  27  30  38  15  17   5  16  18   8   8  24   4  20  23  34   4  33  28  38  25  30  13  13  31  36  30  43  39  40  44  13  45  47   3  11
  19  29  23  44   5   6  40  49  26  15  35  16  26  28  47  29  17  45  11  49   3  44  49  20  21  26   1  19  22  41  25  44   4  48  31  11  44  30  10  35  49  50  39  30   5  31  11  43   7   8  47  34  12   1  40  17  23  44   9  13  34  49  46  33  38  20   3  44  46  48  41  28  30  35  22   4  12  25  31  44  42  48  19  15   9  40  23  30   7
  10  42   1  25   4  42  15  26  32  46  49  40  20  11  27  48  32  28  40  35  22   6  20  31  40  19  31  35  37  43  11  23  20  23   2  37  23  20  20   5   6  23   3   9  31  44  46   7  32  50  44  47  28  10   2   5  26   5  45  21   1  29  32  22  16  31  12  40  42   7  45  30   2   9  42  43  17  34  13  27  23   8  33   8  36  49  45  34
  45  49  49  10  15  11  47  11  47  30  31   3  21  18   2  48  33  29  21  38  45  15  38   5  18  21  41  16  23   3  11  24  50  39  18  35  42  49  16  11  37   7   2   7  19  25   5  36  19  20  35  23   2  13  47  40  45   4  27  43  31  47   2  46  22  35  30  30  30  46  29  42  43  29  35  18  30  14  10  42  33  21  13  37  28  16  29
   8  23  38  10   7  36  29  34  31   4  48  37  16  46  38  25  42  18  48  35   2  38  26  50  42  28  31  47  38  25  42  23  16  20  26  13  32   3  45  35   1  35  26  30  14   7  15  48  21  33  43   1   4  11   4  50   9  29  32   8  41  34  28  44  45  27  34   9  31  48  27  10  43   7  20  11  16   9  22  36  14   9   7  39  34   6
   3  43  17  32  18  28   7  21  39  11  42  12  25  20  43  39  11  26  33  44  20  17   8  46  26   5  30  41  40  23  14  15  44  14   3   5  15   8  13   3  16  35  30  32  43  45   6  38  10   3  23  24  47  19  23  10  41  17  49  24   4  45  50  46  38  28   7  33  22  38  12  44  48  20   2  48  15  24  41  22   8  29   2  36   3
  33   5  42  30   1   4  19  12  47  50  42  21  25   9  12  14  30   4  48  32   4  37  35  15  49   8  25  22   3  13   3   8  46  38  46   4  26   4  30  28  21  12  21  34  16  17  45  12  19   5  38  47  26   6  40   4   6  12  49  31   5   1   2  43  35  14  44  16   9  17  46   4  43  20  11  39  46  16   9   7  40  35  22  45
  13  24  49   2  33  31  20  17  29  20   1  42  43  45  49  15  11  41  15   4   5  21  22  45  13  15  19  10  43  20  20  28  28  38  24  16  47   9   1   2  35  11  45  20  48  23  21   9  36  30  46  45  18  10  43  13  23  32  28  31  40  47  11  43  26  25  39  26  46  19  41  27  14   4  24  27   8  28  32  50  24  49  41
  50  11  49  43  20   4   1  37  46  34  27  19  15  10   7  45  48  23   7  26  49  20  33  14  30  20  30  20  33   3  11   6  34   5   6  12  28  31  47   4  16  11   3  39  25  21  25  50  13  41  15  38  20  17  47  42  14  37  48  25  42  26  36  39  20  29   8  29  39  27  48  27  32  43  14  11  32  27  15  16  10  39
   1  39  46   4   9  32  22   9   5   8  45  23  12   8  18  32   5  11  45  45  31  34  12  41  47   1  30  23  46  17  42  47  12   9  39  15   5  23  30  32  40  42  24  43  12  22  32  46  41  47   5  17  46  33  27  45  20  25   6  36  43   4  34  29  20  40  37  24  38  42  12  38  11  22   3  44  32  18  17   6  35
  36   1  26  10  12  43   3  48  19  20   3  13  11  11  30   5  24  22  13  14  17  48  38  12  37  44  20  45  39  41  35  37  48  32  20  12  37  33  46  27  17  29  11   4  15  31  28  47  34  42  46  42  17  33   1  43  45  16  25  12   2   7  27   9  48   1  44   5  22  32  19  12  32  49  37  28  37  26  28  50
  36  27   3   9  33   3  39  31   6  26  46  32  27   6   6  47  30  42   7   7  41   5  50  47   3  31  12  27  46  29  48   5  33  44  36  28  23  49  39  25  16  30  50   9   5   5  13  23  43  12  47  17  48  47   3  39  12  18  19  44  37  42  14  30   1  15  12  39  38  14  28  35  12  41  43  45  23  15  37
   3  35  46  43   4  28  34  29   9  31  38  42  21   2  12  14  12  39  31  18  33   2  12  33  29  25  19  12  43  24  42  21  28  16  37  25  27  25  22  48   8   8  45  35  15  50  37  13  44  40  48  48  21  10  11  25  10  15  12   4   8  21   7  14  49  25  30  35   4  24  22  32  16  21   8   2  23  32
   6  15  17  36  12   1  13  20  16  32  36  31  11  18  24  32  31   6  21   4  50  21  26   2  36  48   9  29  29  38   1  11  10  12  33  33  37  46  31  24   1   7  40   3   2  17  11   1  35  43  31  28   2  32   2  31  32  40  37  12  42  35  31  22  33  16  48  20  17  36  34  29  38  13  18   5  23
  14  38  15  47  42  17  27   4  10   6  43  42  37  29   4   9  39  38  39  17  16  10  39   4  39  14  18  29  24  36  41  42  28   7  45  14   5  47  46  13  47  20  23  21  15  34  48  15  10  44  48  32  40  26   3  43   7  19  27  20   8  49  22   6  10  11  19  36  46   7  20   1   3  40  39   5
  27  49  45  38  40  41  13  17   2   6  13  48   6  21  47  46  50  17  22  46   7   4  14  32  46  50   7  35  42  29   3  12  23  40  48  32  26  40  34  47  26  24  21   9  43  49   9  26  19   4  33  27  35  43  29  17  33  34  48  44  41  47  42  19  34  16  23   7  29  18  20  15  40  21  43
  41  40   5   3  32  36  11   1  37  42   5   5   9  40  26  50  41   8   2  47   7  24  46  40  15  39  31  26  47  29  41  49  28   7  36  14  12  11  38  45  13  22  10  38  22  48  39  45  17  27  35  46  45  23  13  12  22   7  21  30  49  21  16   3  15   7  11  14  23  24  40  16  38  10
  23  16  36  45  18  47  13  48  15  16   6  32  44   5  23   2   4  33  40  39  39   8  49  14  18  16   4  12   8  41   9  31  39   9  13  21  34  31  40  31  49  29   3  36  44  29  29  37  37  12  26  22  11   5   5  13  20  47   1  49  28  11  17  48  42  30  20  10  38  23  49   8  20
  15  33  15  19  37  35  46  46  17  36  45  25  19  44  28   7  48  26  47   1   5   4  27   4  48  21  43  23  16  49  26   6   8  27  25  42  20  10  25  19  25  34  36   3  18  45  28  31  47  13   6  45  27  18  49  44  23  19  35  30  24   2  30  27  42   7  26  15  49  22  28   7
  36  21  27  22  23  28  28  11  42  26  24  13  28   9  18  16  44   7   5   6  43  23  15  46  16  47  36  30  25  47  23  13  21  12  21  50  29  10  22  27  22  45  36   6  31  44   4  31   4   3  47  11  12  25  18  30  22  44  32  38  33  17  29  15  14  15  49   2   1  11  47
   7  36  22   6   1  18   3   8  48  15  23   9  45  46  17  18  11  12  35  34  18  21  23  27  49  38  49   2  42  22  29  40  45  34  39  15  10  46  47  46  30  32  19  16  50  29   8  24  48  12   8  46  27  44  36  39  18   4  17  17  18  28  24  26  36  48  31  36  43  49
  36   7   7  45  29   2  33  44  36   7  23  26  28  33  46   5  40   5  39  37  11  14   9  18  34  40  30  35  48  36  46  34  21  11   4  22  23  48  43   9  26  15  49  40  13   5  34   9  50  19  39  46  40  50  44  15  49  36  37  42  41  36  38  36   7   3  47   3   3
   2   9  23  41  43  39   1  34  24  47  20  48   8  26  21   9   5  19  46   9  39  11  27  49  27   3  28  32  27  20  35   4  14  29  25  47  44  29  32  23  16  25  46  32  50  23  19  10   6   6  25  11  36  46  41  10  49  35  29  10  34  37  17  13  48   2  49  26
  30   6  25  17   3  40  48  20  26   5  27  13   7  36  21  36  25   1  19   9  31  25  15  20   4  41  14  24  42   6   4  22  12  18  41  45  36  43  50  24  13  47  22  26  10  15  21  17  43  32  20   4   9  18  42  36  20  13  15  35  37   2  15  25  35   3  18
   2   5  13   4  21  14  41  37  46   1  10  32  36  24  17  27   9   2  37   2  39  38   7  41  27  38   3  14  22  17  11  11  16   9  25  41  23   6   6  47  43   3   9  42   9  13  49   4  47  19  49  12  16  36  50  24  24   4  26  11  20  32  29  32  33  35
   9  33  20   9  18   4   9   7  35  41   8  47  33   5  33  19  27   9  26  48  19  36  15  31  48   2   5  32   7  27  39   9  18  14  48  32  15  24  38  50   4  43  14  39  47  31  18  46   5  28  22  15   1   7  27  17  16  44  36  17  47  46   3  17  14
  24  11  32  15   4  29  20  24  33  48  36  34  42  34  16  33  19   6  14  37  38   4  13  17  31  43  43  45  33  16   5  31  39  24  15  24  25  14   4  12  44  19  17  10  17  30   5  36   6  11  43  49   8  19  12  20  12   3   1  22  38   6  13  46
  32  45  40  43  13   6  14  21  48  25  31  25  35   1   8  39  47  35   9  24  43  45   3  38  33  24   7   8  44   9  11  37  50  43  38  27  36  24  12   7  25  37   5  15  47  21  49  35  35   8  36  41  30   1  48  15  39  24  11  32  28  17  34
  50   9  38  10  19  10  23  36  28  37  16  21  23  29  35  25  33  14  23  21  24  42  14  14  26  12  12  11  11  50  45  41  10  41  14   6  23  31  17  17  25  34  31  34  18  32  35  29   4  46  17  14  40  35  50  31  33  38  42  45  13  14
  39   1  36  26  36  38  23   8  26  29   3  11  45  35  30  34  26  35  11  26  33  44  42  28  36   2  36  26  15  34   6   7  38  31  25   8  25  24  25   3  12   4   9  30  29  33  45  36  18  41  22  47  46  19  47  35  25  35   4  47   7
  41  49   1  21  36  34   3  13  30  50   3  29  24  25  29  25  32   2   3  27  12  26  12  13  46  26  26  23  38  33  29  22  16  20  12  30  42  41  22  42  30  46  31  12  43  50  24  41  44  19   6  28  31  47  40  27  45  31  48  19
  26  35  30  32  48  35  13  44  17   1  32  50  45  14  46  41   7  24  18  33  40  42  35  41  17  34  37  48  25   6  40  41  35  44  45   6  32  22  32  50  33  22  10  42  13  27  40   1  12  45  10   6  44  42  36   2  29  16  22
  44   7  50  14  34  26  44  31  21  28  34  47  41  38  11   4  18  16   3  21  13  34  50  11  27  28  47  47  45  27  15  38  40  44  27  26  34  25   4  47  46  12  23  20  41  25  50  38  35  49  46  18   9  23  42  19  35  32
  13  37  42  38  39  32  24  36  48  25  38  24  23  26  12  48   7  10  23  14  27   5  10  45   3  24  32  37  45  39  48  30   6  36  20  40  50   3  23  40  16   5  44   4  24   6   3   8  32   1   9  13   1  31  42  26   5
  45  26  47  11  32   5  42  14   7  45  28  21  28  43  35  43  16  18  24  31  48  49  32  25  42  16  15   3  46  34  24  48  44   4  15  39  19  29  15  17   2  44  26  40  31  29  19   4  24  11  19   5  30  46  26  42
  20  27  24  34  45  36  50  38  17  20  41   3   2  31   4  37  49  45  15   8  19  15   7  39  38  42  20  10   1   4  17  43  26  32   9  40  35  40   7  42   9  24   1  44   4  27  28   5  50   1  37  29  10  42  50
  41  24  34  26  27  23  20   5  37  11  12  37  15   4  36  28   6  30  21   3  20   6   4  25  31  29   8  27  18  27   5  33  30   9  48  27  10  14   2   1  16  50  10  41   6  40  37  23   1  35  24  34  34  37
  25  41   3  15  48  11  22  25  23  19   9  31  27  22  38  45  32   2  24   9  46  33  46  31  23  35  35  25  14  17  25  42  42  29  23  48  25  25  30   2  19   3  50  20  45  32  19  43  42  12  43   6  45
  31  26  17  25  33  40  46  11  21  14  34  30  20  47  46  15   9  36  24  35  33  27  29  11  26  18   5  15  13  16  19  27  34  14  27  16  40  40  24  27  11   4   5  28  40   4  16  12   8  38   4   1
  41   6  32  41   7  46  38  12  18  26  24   1  23  46  11  23   1  42  39   3  35  19  43  38  34  44  49   4  15   5  43  20  11  20  46  24   9  48   8   7  23  38   3  14  33  36  28   3  44  46  43
  49  30  19  19   1  27  47  29  37  45  44   6  22  28  50   4  30  30  19  47   9  45  12  29   7  21  12  42  16  10  21  42   1  39  49  26  19  36  37   2  42  32  39  28  15  45  34  37  12  50
   2   4  19  33  21  50  28  42  24  27  46  21   4  33  46   4  44  38  25  46   1  45  15  33  31  16  32  27   4  49   7  46  25   5  46   2  22  25  39  32  14  42  38  10   3  10   4  50  19
  11   3  47  30  23  50   3   4  44  26   5  19  46  40  47   2  16  34  36   5  15  18  22   1  32  32  23  40  23  16  23  48  34  19  10  17  38  34  28  26   1  10  32   6  44  50  35  31
  14  11  46  28  27  10  25  36  44  45  10  16  24  27  34  23  34  48   6  24  46  29  47  49  10   6   8  20  48  31  49  15  39  49  22  47  16  46  21  23  35  42  12  39  22  35  47
  38  23  15  42  42   1  12  31  14  38  32  26  47   9  28   1  40  47  30   3  38   2  16   6  24  45   1  38  37   3  24  33  15  25  31  41  11  18  28  44  44  41  22  37   6  35
  32  19   7  46  21  35  45  27  41  31   7   5  41  40  28  23  40  24  39  40   1   3  33  32  45   8  49   5  34  35  41  44  38  23  50  25   3  28   5   7   6  38  49  43  21
  34  11  13  22  32  22  40  24  45   6  39   3  10  32   5  26   9  32  43  36  50  36  44  35   6  27  37  13  48  44  34  16   1   9  30   3   3  37  20  44  18  22  27  49
  34   5  30  44   4  33  38  32  21  44  38  18  42  26  39   4  37  43  12  35  46   6  45  23  49  39  14  27   5  27  45  12  34   3  30  40   1  23  30  49  36   8  31
  12  32  16   3  41  26  33  23  47  25  47  16  24   9  43   6  23  21  37  24  19   9  16  38   6  14  37  32  21  16   8  21   9   8  47  18  46  38  13  28  23  22
  42   1  29  41  15  33   3  41  43  41  48  10   7  48  29  17  28  21  25   5  33  22  27  20  34  25  19  50  46   6  29  19  50  10  22   1   8  32  10  41  25
  50   6  44  34  50  32  11   1   3   8  43  44  31  34  20   2   5  33  41  16  36  28   7  42  24  38  10   1  36  22  13  43  49  38  34   9  39  18  18   1
   6   6  36   3   2   5  10  22  26   8  37  23  42  22  17   3  20  42  39  38  47   5  24  48  45  43  49   2  46  28  25   3   1  12  43  38  25  37  20
  23  16  29  45  29  29  31  40  24  41  11  36  13   4   4  11  38  32  28  40  44   8  40  33   3   7  21  37  43  44   8   5  47   6  10  39  10   7
  27  14  41  10  49  32  42   1   3  16  47  40  24  45  41  24   3   8  20  40  36  46  44  42  44  35   8   2  43  11   7  28  18  11  40  34  24
  34   5  34  45  30  30  50   2  28  36  12  17  40   5   6  18   1   5  50  49  21  38  35  43  22   5  15  26  23  38  48  29  18  12  40  31
  19  49   8  30   2  22  29  45  39  20  17  47  17  27  20  15  26  21  17  24  42  11   9  22  28  31  31  37  13  14  43  50  12  47   5
  10  44  13  40  31  22  16  41   6   6   2   5   6   2   6  21  35  39  34   2  39   9  32  45   9   1  47  50  14   9  16  47  29   2
  34  44   4  24  39  17  17  15  36   1  14  43  46  43  23   8  27  50  41   9   9  29  26  42  22   5   8  10  21  23  47  31  34
  15  29  17  32   1  16  32  17   5  50   7  34  46  28   1  19  50  28  15  27   7  28   4  13  34  37  41  32  38  31  42  20
   6  37  35   6  39   2  14  43  11  40   8  36  16   5  42  50  28  39  16  48  16  21  40   5  23  34  20  40  49  24   4
  18  12   6  22   3  36  33   2  38  23  13   1  11   1  35   6  39  26  27  37  47  46  19  48   7  17  16  22  34   5
  18  16  35  29   4  12  18  10  31  10  37  16  28  38  39  19  14  11  19  33  25  19  42  34  25  43  46  48  12
  48  41  27  13  43  20  47  12  18  47  14  16   4  22  38  34   5  32  27  26  27  28  40  37  43   9   2   8
  40  10  20  19  11  17   8  12  34  15  43  44  42  35  23  36   7  42  30  34  21   1  19  16  35  26  25
  13   1   9  36  23  44  11   7  11  32  38  26  32  46  42  14  39  31  22  28  31  22  33   6  42  29
  24  46  31   8  43  33  18  20  42  44  32  18  11  19  43  41  27  38  30  22  47  14  23  23  41
  45  39  39  50  26  44  50   7  30  40  36  15  35   5  39  28  31   4   6  36  16  17  24  41
  38  24  23  22  37  42  29  20  32  22   7  49  48  30  18  46  28   8  31  18  32  38  14
   4  26   1   4  15   8  49  45  24  36   3  30  27  50  34  50  23   8  35  27  33  47
  40  29  50   1  16  22  30  42  33   9  32  45   4   4  32  43   4  40  50  12   3
  50  41  17  21   7  15  30   7  45  28  26  14  43  28  37  18  48  42   9   8
  26  29  50  13  27  25   5  15  19  37   5  22  15  50  12  15   4  38  26
  34   7   6  37  40  35  14  19  20  10  20  13  12  30   3  35  12  22
   1  26  13  44  21  46  36   2  28   4  14  11  45  15  23  24  24
  42  11   3  17  38  12   7  43  26  38  17  24  26  41  39  41
  17  38  39  29   4   7  13   5   8  16   7  38  10  18  30
  44  35   5  36  24  17  17  39  47   4  15  36  29  11
  17  16  39  46   4  37  32  11   5  14  41  47  45
  39  10  28  47  25  15  36  33   9  34  23   6
  49   2  48  24  43   4  46   3   3  50  30
  45   4  12   4   1   8  45  27  16  50
  50  14  31  33  39  46  24  49  15
   3   8  46  34  32  30  50  32
  12  41  19   7  42   8   6
   7  18  24  26  42  23
  41  17  38  11  32
  31  24  15  18
  49   8  40
  21  42
  18

 127
   4  17  21   7   4   7  22  23   2   7  16  20   1  10   3   2   5  24  11  14   1  15  14   9  22  13  16  16  14  24   3   6  13  10  12  23  12   1  10   2   9   9   2  15   1   6   5  23  17   7  13  19  14   8  24   5   7  20  23  23  15   9  10  18   8  23   1  18   2  22  20  21  13   8   1  15   2   4  12  11  15   2  22  13  23  12  19  17   7   5  16  18   8  15  18  13  16  15  19  14  15  18  10  24  13   4  23  19  15   1   8  19  11   3  10  24   1  16  16   4  19   1  18  16  20  20   5  13  15  15   9  16  10  13  23   1  25   2   7   9

