 140 
   0   0   0  10   0   0   0   0   0   0   0   0   0   0   0   0   0   0   0   1   0   8   0   0   0   0   0   0  15   1   0   0   0   0   0   0   0   0  16  14   0   0   0   1   0   0   8   0   0   0   0   0   0   0   0   0   0   0   0   0   0   0   0   0   0   0   0   0   0  26   0  38   0   8   0   0   0   0  28   0  17   0   0  46   0   0   0   0   0   0   0   0  29   0  32   0  21   0   0  48   0   0   0   0   8   0   0   0   0   0   0   0  48   0   0   0   0   0   0   0  25   0   0  37   0   0   0   0  18   0   0   0  46  44   0   0   0   0   0   0
  37   0   0   0   0   0  12   0   0   0  12   0   0  38  48   0   0   0   0   0  10  29   0  21   0  40   0   0  41   0   0   0   0   0   0   0   0   0   0   0   0   0   0   0   0   0   0  24   0   0   0   0   0   0   0  45  32  20  28  50   0   0   0   0   0  42   0   0   0   0   0   0   0   0   0  38   0   0  27   0   0   0  19   0   0   0   0   0   0   0   0   0   0   0   0   0   0   0   0   0   0   0   0   0  30   0   0   0   0   0   2   0  23   0   0   0   0   0   0   0  14   0   0   0  28  21   0  26   0   0   0   0   0   0   0  20   0   0   0
   0   0   0   0   0   0  30  11  45  40  38   7   0   0   0   0   0   0   0   0  17  42   0  45   0   0   7   0   0   0   0   0   0   9  47  34   0   0   0  23  29   0  35   0  43  32   0  11   0   0   0   0   0   0   0   0  15   0   0  32   0   0   0   0   0   0   0   0   0   0   0   0   0   0   0   0   0  39   0  16   0  21   4   0   0  20   0   0   0   0   0  31   0   0   0   0   4   0   0   0  48  40   0   0   0   0   1   0   0   0   1   9   0   0  38   0  28   0   0   0  46   8   0   4   0   0  48   0  12   0  13   0  37   0  33  43   0   0
  38   0   0   0   0   0   0  22  25   0   0  43   0   0   0  40   0   0   0   0   0  49   2   0   0  32   0   0   0   0   0   0   0   0   0   0   3   0   0   0   0   0   0   8  47   0   0  45   0   0   0   0  24  11   0   0   0  28   0   0  23   0   0   0   0   0   0   0   0   0   0  22   0  49   0   0   0   0  44   0   9   0   0   0  47  12   0   0   0   0  23   0   0   0   0   0   0   0   0   0   0   0   0   0  34   0   0  12   0   0   0   0   0   0   0   0   0   6   0   0   0   0  28   0   0   0  47   0   0  17  46   0  48   0  38   0  18
   0  25   5   0   0   0   0   0   0   0   0   0   0   0   0   0  25   0   0   0   0   0   0   1   0   0   0  14   0   0   0   0   0   0  43   0  28   0   0   0   0   0  11   0  44   0  16  18  49  13  10   0   0   0  48   0   0   0   0   0   0  12   0   0   0   0   0   0   0  21  22   0   0   0   0   0   0   0   0   0   0   0   0   0   0   0   0   0  14   0   0   0   0   0  23   0   9   0   0  14  39   0   0   0   0   1   2   0   0   0   0  49  39   0   0   0   0  12   0   0   0   0   0   0   0   0   0  12   0   0   0   0   0  39   0   0
   0   0  39   0   0  48   0   0   0   0   0   0   0   0   0   3   0   0  12   0   1  20  20   0   0   0   0   0   0   0   0   0   0   0   0   0   0   0   0   0   0   0   0  31   0   0   0  33   0  37   0   0   0   0   0   0   0  26  45  20   0   0   0  31   4   0   0   0   0   0   3   0   0   0  24   0   0  23  31   0  39  28   0   0   0   0   0   0   0   9   0   0   0  48   0   0  47   0  38   0   0  29   5   0   0   8   0   0   0   0  33   0   0   0   0  32   0  14   0   0   7  41  23   0   0   0   0  32   0   0   0   0   0   0  24
  35   0   0  42   0  19   0  38   0  33   3   0  36   0  38   0   3   2  26   0   0  49  21   0  46   0   0   0   0   0   0   0   0  15   0   0   0   0   0   0   0  36   0  22  29   0   0   0   0   0   0   0   0  44   0   0   0   0   0   0  48   0   0   0   0  41   0   0  41   0  21   0  34  34   0   0  33   6   0  12   8  37   0  18   0   0   0   0   9  50  28   0   0  28  15   0   0   0  35   0   0  22  20   0  33   0   0   0  45   0   0   0   0   0   0   0   0  20   0   0  33   0   0   0   0   0   0  17   0  29   0   0   0  21
   0   0   0  12   0   0   0   2  13   0   0   0   0   0   0   2   0   0   0   0   0   0   0   0  37   0   0  34   0  40   0  30   0   0   0   0  41   5   0   0   0   0   0   0   9   0   0   0  46   0  20   0   0   0  44   0   0  48   0   0   0   1   0   0  30  30   0   0  46  12  16  44   0   0   0   6   3   0  16   0  29   0   0   0  18   0   0  28  13   0   0   0  18   0   0  33  48   0   0   0  16  12   0   0   0   0   0   0   0   0   0   0   0   0   0   0  24   0   0   0  36  29   0   0   0   0   0   0   0   0   0   0  13
   0   0   0   0   0   0   0  50   0   0   0   3  33   0  41   0   0  34  28   8   0   0   2  19   9   6   0   0   0   0   0   0  44  39   0   0   0   0   0   0   0   0  11   0   0   0   0   0  49   0   0  36  10   0   0   0  41   0   0   0   2   5   2   0   0  32   0   0   0   0   0  30   0  30   0   0   0   0   0   0   0   0   0  16   0   0   0  43   0   0   0   0   0   0   0   0  32   0  24   0   0   0  46   0   0   5   0   0   0   0   0  20   0   0  26  32   0   0   0  43   0   0   0   0   0  38   0   0   0   0  37   0
   0  25   0   0   0   0  29  25   0   0   0  17   0  16  29   0   0   0   0   0   0  40   0   0   0   0   0   0  11  25   9   0   8   0   0   0   0  29   0   0   0   0  26   0   0  29  16   3   0   0   0  13   0   0  33   0  35  39   0   0  50   2   0   0   0   0   0   0   0  12   0   0   0   0   0   0   3  49  32   0  17   0   0   0   0   0   0   0  45   0   0  21   0   0  38   0  40   0   0   0   0   0   0   0   0  44   0   0   0  23  26   0   0   0  48   0   0   0   0  32  49   0  16   0   0   0   0   0   0   0  49
   0   0  43   0  46   0   0   0   0   0   0   0   0   0   0   0   0   0   0   0   0   0  12   0  21   0  33   0   0   0   0   0   0   0   0   0   0   0   0   7   0   0   0   0   5   0   0  32   0   0  15  17   0   0   0   0   0   0   0  12   0  22   0  40   0   0   0  18   0  31   0   0  26   0   0   0   0   0   0  29   0   0   0   2   0   0   0  39   0   0   3  22   0   0   0  38   0   1   0   0   0   0  33   0   0  41   0   0   0   0   0   0   0  20   0   0   7   0  11   1   0   0   0   8  22   0   0   0  43   0
   0  49  10   0   0   0   0  37   0   0   5   0   0  25   0  19   0   0   7   0   0   0   0   0  12   0   0  48  24   0   4  20   0   0  37   0   0   0   0   0   0   0   0   0   0   0   0   0   0  20  47   0  42  32   0   0  48   0   0   0   0  18  33   0   0   0   2   0   0   0   0   0   0  36   0   0   0   0   0   0   0   0   0  17  47  24   0   0   0   0   0   0   0   0   0  26   0   0   0   0   0   3   0  26   0   0   0   3   0   0   0   0   0   0  25   0   0  48   0   0   0   0   0   0   0  18   0  20   0
   4   0  10   0   4   0   0   0  21   0   0   0   0   0   0   0   0   0   0   0   0   0   0  45  12   0   0   0   2   0  19  36   0   0  17   0   0   0  14   0   0  41  13   0  18  44  11   0  26   0   0   0  14   0   0   0   0   0   0   0   1  25   0  17  34  26  43   0   0   0   0   0   0  33   0   0   0   0  15  33   0   0   2   0   0   0  25   0  31   0  15  11   0   0   0   0   0   0   0   0   0   0  12   0  14   0   0   0  19   0   0   0   0   0   0   0   0   0   0   0   0  18   0   0   0   0   0   0
   0   0   0  37  14  28   0  40   0   0   0  32  29   0   0   0   0  36   0  45   0  13   0   0   0   0   0   0   0   0   0   0   0   0   0   0   0   0   0   0   0   6   0   0   0   0   0  24   0   3   0  23   0   0  19  27  39   0   0   0   0   0  39   0  20  13   0   0   0   0   0   0   0   0   0   0   0   0   0   0   0  10   0   0   0   0   0   0   0   0   0   0   0   0   0   0  48  15   0  38  36  40  30   0  31   0   5  31   0   0   0   0   0   0  46   0  48   0   0   0  24   0   0   0   0  36   0
   0   0   0   0  39   0  39   0   0   0   0   0   0   0   0   0   9   0   0  50   0  18  25   0   0   0   0   2  38   0   0  30  44  35   0   0   0  40   0   0   0   0  13   2   0   0  28   0  43   0   0   5  40   0   0   0   0   0   0   0   0   0   0   0   0   0   0  39   0   0   0   0  48   0   0   0  34   0   0   0   0  48   0  39   0   0   0   0   7   0  21   0  46   0  49   0   8   0   0   0   0   0   0   0   0   0   0   0   5   0   0   0  27  43   0   0  24   0  20   0   0   0   0  37   0   0
   0   0  24   0   0   0   0   0   0   0   8   0   0   0   0   0   0   0  48   0  23  10   0   0   0   0   0   0   0   0  30   0   0   0   2   0   0   0   0   0   0  26   0   0   0   0   0   0   0  48   0   0   0   0   0   0   0   0   0   0  49  23   0   4   0   0   0   0   0  37   0   0   0  19   0   0  42   0  19  27   0   0   0   8   0   0   0   0   0   0   0   0   0   0   0   0   0   0   0   0   0   0   0   0   0   0   0   0   0   0   0   0   0   0   0   0  14   0  22   0   0   0  31   0   0
   0  29   4   0   0   0   0   0   0  47   3   2   0   0  19  39   0   0   0   0   0   0   0   0   4   0   0   0   0  42   0   0   0   0   0   0   0   0  42   0   0   0  34   0   0  37   0   0   0   0  44   6   0   0   0   0  47   0   0  36   0   0   0   0   0   0  29   0   0   0   0   0   0  28  50  39   0   0   0   0   0   0   0  38   0   0   0   0   0   0   0   0   0  18   0   0  23   0  44   0   0   0   0   0   0   0   6  32   0   0  26  11   0   0   0   0   0   0  43   0   0   0   0  30
   0   0  35   0   0   0   0   0   0   0   0   0   0   3   0   0  21   0   0   0   0   0  47   0  35   0  28   0  42   0   0   0   0   0   0  26   0   0  37   0   0   0   0  16   0   0   0   0   0  49   0   0   0   0   0  49   0   0   0   0  30   0   2  10   0   0   8   0   8   0   0   0   0   0   0   0   0  20  30   0   0  37   0  38   0  35   0   0   0   0  26   0   0   0   0  17   0   0   0   0   0   0   0   0   0   0   4   0   0   0   0  11   5   0   0   0   0   0  48  34   0   0   0
  20   6  33   0   0   0   0   0   0   0   0  43   0  10   0   0   0   0  49   0   0  19   0   0   0   0   0   0   0   0   0   0   0  42   0   0   0   0   0  32   0   0  49  10  38  10   5   0   0   0  42  39  20   0  48   0   0   0   0   0   0   0   0   0   0   0   0   0   0   0   0   7   0   0   0   0   0   0   0   1  16   0   0   0  35  11   0   0   0   2   0   0   0   0   0   0  38   0   0   0   0   0   0   0  38  12   0   0   0   0   0   0   0   0   0   0  42   0   0   0  27   0
   0  36   0  48   0   8   0   0   0   0  11   0   0  41   0   0  37   0  47   0   0  33   0  45   0   0  17  10  26   0  27   6   0   0   0   0   0   0   0  13   0   0   0   0   0   0   0   0   0   0   0   0   0   0   0   0  46   0   0  17   0   0   0   0   0   0  36   0   0  34   0   0   0   0   0   0   0   0   0   0   0   0   0   0  46   0   0   0   0   0   0   0  17   0   0   0   0   0   0   0   0   0   0   0   0   0   0   0   0   0   0   0   0   0   0   0  22   0  22   0  14
   0   0  36   0   0  18   0  27   0   0   0   0  28  16  31   0   0   0   0   0   0   0   0   0   0   0   0   0   0  40   0   0   0  45   0  24   0  41  12   0   0   0   0   0   0   0   0   0   0  20  15   0   9  27  42   0   0   0   0  21   0  42   0   0   0   0   0  13  24   0   0  19   0  41   0  35   0   0   0   0   2   0  48   0   0   0   8   0   0  16   0   0   7   0  25   0   0   0   0   0  41   0   0   0   0   0   0   3   0   0   0   0  38   0   0   0   0   0   0  26
  33  12   0   0  20   1   0   0   0  42   0   0  17   0   0   0   0   0   0   0   0   0  26   0   0   0   0   0   0  21   0   0   0   0  21   0   0   0   0   0  39   0   0   0   0   0   0   0  22   0   0   0   0   0   0   0   0   0   0   0   0   0  26   0   0   0   0   0  36   0  43  40   0  27   0   0   0   0   0   0   0   0  40   0  18  23   0   0   0   0   0  20   4  33   0   0   0  30   0   0   0   0   0   0   0   0   0   0   0   0   0  40   0  17   0   0  35   0   9
   0   0  34   0   0   0   0   0   0   0   0   0  49  50   0   0  41   0   0   1  39  14  39   0   0   0   0   7   0   0   0  24   0   0   0   0   0   0  30  27  49   0   0   0   0   0   0   0  44   0  46   0   0   0   0  39  35   0  21   0   0   0   0   0   2   0   0   0   0   0   0  41   0   3   0  15   0   0   0   0   0   0   0  11   0   0   0   0   0  19   0   0   0   0   0   0   0   0   0   0   0   0   0   0   0   0   0   0   0   0   0   0  16   0   0   0   0  26
   0   0   0   0   0  21  34   0   0   0  30   0  13   0   0   0   0   0   0   0   0  14   0   0   0  38   1  35  11   0  12  48   0   4   0   0  15   0   0   0  35   0  36   0   0   0   0   5  19   0   0   0   0  32   0   0   0   0   0   0   6   0   0   0   0   0   0   0   0   0   6   0   0   0   0  25   0   0   0  19  13   0   0  41   0  30   0   0   0   0   0   0   0   0   0   0  12   0  21   0   0   0   1   0  11   0   0   0  36   8   0   0  31   0   0   0   0
  50   0   0   0   0   0   0   0   0   0   0   0   0   0  14   0   0   0   0   0   0   0   0   0   0   0  45   0   0   0   0   0   0   0   0   0   0   0   0   0   0   0   0  18   0  49   0   0   0   0   0   0   3   0   0   0   0   0   0  12   0   0  14   0  50   0   0   0   0   0   0  27   0   0   0   0  18   0   0   0   0   0  40   0   0   0   0   0   0   0   0  43  38   0   0   0   0   0   0   0   0   0   0   0   0   0   0   3   4   0   0   0   0   0  28   0
   0   0   0   0   0   0   0   0  15   0   0   0  42   0   0   0   0   0  43   0   0   0   0   0   0  32   0   5   0  48   0   0  49  20  47  45  35  32  24  48   0   0  42  27   0   0   0   0   0   0   0   0  44  26   0   0  25   3   0   0   0  40   0   0   0   5   0   0   0   0   0   0   0   0   0   0   0   0   0   0   0   0   0   0   0   0   0   0  21   7   0  31  16  11  31   0   0   0   0   0  27   0  18   0  24   0   0   0   1  46   0   0   0   0   0
   0   0   0   0   0   0   0   0   0   0   0   0  49   0  24  11  18  42   0   0   0   0   0   0   0   0   0   0   0   0  13   0   0   0   0   0   0   6   0   0   0  33  14  35   0   0   2   0   0  38   0   0   0   0   0   0   0   0   0   0   0   0   0   0   0  20   0   4   0   0   0   0   0   0   0  38   0  43  27   0  46   0   0   0   0   0  22   0   0   0   0   0   0  32   0   0   0   0   0   0   0   0   0   0  32   0  21   0  42   0   0   0  24  37
   0   0   0   0   0  40   0   0   0   0   0   0   0   0  22   0  20   0   0   0   0   1   0   0  24   0   0   0  11   0   0   0  49   0   0   0   0  43   0   0   0   9   8   0   0   0   0   0   0   0   7   0  11   0   0   0   0  26   1   0   0   0   0   0   0   0  34  11   0  30   0   0   0   0   0  14   0  17  22   0   0  33   7   0   0   0   0  21   0   0  40   0   0   0   0   0   0  24   0   0   0   0   0   0   0   0  18  35   0   0  42   0   0
   0   0   0   0   0   0   0   9   0   0   0  49   0   0  43   0   0   0  47   0   0   0   0   0   0  15   0   0   0   0   0   0   0   0   0   0   0  27  41  13   0   0   0   0  40   0   0   0  31  34   0   0   0   0   0   0   0   0   0  20   0   0   0   0   0   0   0   0  43   0  18   0   0  33   0  50  33  43  31   0   0  11   0   0   0   0   0   0   0   0   0   0   0  43   0  25   0  43  48  39   0  26  48   0   0   0   0   0  46   0   0   0
   0   0   0   0  24   0   0  37   0   0  13   5  11   0   3   0   0   0  38   0  48   0  36   0  37   0   0   0   0   0   0  29   0   0   0   0   0  39   0   0  49  21   0   0  30   0   0   0   0   0   0   0   0   0   0   0   0  19   0   0  27  21   0   0  47  27  22   0   8   0   0   0   0   0  38   0   0   0   0   0  20   0   0   0   0  23   0  12   0   0   0  41  17   0   0   0   0   0   0   0   0   0   0   0   0   0  30   0   0   0   0
   0   0  35   0   0   0   0   0   0   9  42   0   0   0  19   0  21   0   0   0   0   0   0  26   0  22   0   0   0   1   0  35  31  49   0   0   0  29  39   0   0   0   0   0   0   0  20   0   0  28   0   0   0  50  39   0  33   0  48   0   0   0   0   0   0   0   0   0   0   0   0  19   0   0   0   0   0   0   0   8   0   0   0   0   0   0   0  41  37  28  48   0  36   0   0   0  26   0  27   0   0   0   0   0   0   0   0   2   0   0
  48  43  42   0   0   0  21  37  37   0   0  15   0   5  32   0   0   0   0   0   0   0   0   0   0   0   0   0  49   0   0   0   0   0   0   0   0   0   0   0  23   0   0   0   0   0   0  18  20   0  13   0  16   0   0   0   0   0   0   0   0   0   0  12   0   0   0   0   0   0   4  44   0   0   2   0   0   0   0  44   0   0   0   0  48   0   0   0   0   0   0   0  49   0   0   0   0   0  17   0   0   0   0   0   0   0   0   0   0
  38  21  36   0   0   8   0   0   0   0   0  14   0   0  46   0  36   0   1   0   0   0   4  28   0   0   0   0   0  33   0   0   0   0   0   0   0  48   0   0   0   0   0   0   8   0   0   0   0   0   0   0   0   0   0   1   0   0   0   0   0   0   0  28   0   0   0   0  38  36   0  43  20  42  34  43  45   0   0   0   0   0   0   4  34   0   0   0   0   0  49   0   0   0   0   0  33  30   0   0   7  24   0  16   0   0  23   0
   0  29   0   0   0   0   0   0   0  35   0   0  37   0   0   0   0   0  18   0   0  12   0   0   0   0  26   0   0   0   0   0   0   6  46  17   0   0   0   0   0   0   0  28  11   0   0   0   5  47   0   0   0   0   0   0  45   0   0   0  48  13   0   0   0   0   0   0   0  34   0   0   0  19  41  24   0   0   0   0   0  37   0   5   0   0   0   0   0   0   0   0  13   0   0   4  18   0   0   0   0   0   0   0   0  16   0
  17   0  23   0   0   0   0   0  28   0   0   8   0   0   5   0   0   3   0  37   0   0   0   0   0   0   0   0  36   0  29   0   0  44   0  19   1   0  44  20   0   0  32  47   0   0   0   0  12   0   0   0   0   0   0  30   0   0   0   0  31   3   0   0   0   0   0   0   0   0   0   0  47   0   0   0  38  12  20   0  49   0   0  10   0   0  12   0   0   0   0   0   0   0   0   0   0   0  30   0   0   0   0   0   0   0
   0   0  27  22   0   0   0  40   0   0  25   0   0  46   0   0   0   0   0   0   0   0  27   0   0  30   0   0   8   0   0  36   0   0   0   0  20   0   0   0   0   0   0   0   0   0  23   0   0  46  34   0   0  18   0  29   0   0  23  32   0   0   0   0   1   0   0   0   0   0   0   0   0   0   0   0   0  49   0   0   0   0  39   0  30  14   0  32   0  41   0   0   0   0   0   0   0   2   7   0   0   0   0   0   0
   0   0  43   0   6   4   0   0   0   0   0   0  49   0   0  20   0  41   4   0   0  49   0   0   5  10   0   0   0   0   0   0   0   0   0   0   0  36  46   0   0   0   0  20   0   0   0   0  23   0   0   0   0   0   0   0   0   0  29   0   0   0   0  20   0   0   0  12   0   0   0   0   0   0   0   0   0   0  37   0  44  19   0   0  16  46   0   0   0   0   0   0   0   0   0   0   0  40   0  14   0  31  23   0
   0   0   0   0   0   0   0  25   0   0   0   0   0   0   0   0  17  16   0   0   0   2   0   0   0   0  29   0   0   0  12   0   0   0   0   0   0   0   0   0   0   0   0   0   0   0   0   0   0  22  21   0  48   0  43   0  46   0   0   0   0   0   0  43   0   0  38   0  32   0   0   0  16  25   0   0   0   1   0  33   0   0   0   0   0   0  11  12   0   0  25   0   0   0  43   0  39   0   0   0   0   0  41
   0   0   0   0   0  25   0  21   0  30   0   7   0   0   0   0  38   0   0   0   6   0   0  39   0   0  12  31   0  17  45   9   0   0   0   0   0  17   0   0  26   0   0   0  49   0   0   0   0   0  35   0  33   0   0   0  30   0   0   0   4   0  11   0   0   0  19   0   0   0   0   0  39   0   3   0   0   0   0  11   0  32   0   0  25   0   0   0  16   0   0  20  24   0  17  12   0   0   0   0   0   0
   0   0  13  38   0   0   0  11   0   0   0   0   0   0   0   0   0   0   0   0   0   0   0   0  50   0   0   6  39   0   0   0  24   0   0   0  17   4   0   0   0  12   0  38   0   0   0  14   0   0   0   0   0   0  23  40  26  47   0   0   8  36   0   0   0  49   0   0   0   0  46   3   0   0   0   0  45   0   3   0   0   0   0  50   0   0   0   0  10  48   0   0   0   0   0   0   0   0  35   0  31
   0  34   0   0   0   0   0   0   0   0   0  28  31   0   0   0  47   0   0   0   0   0   0   0   0   0   0   0  38  22   8   0   0   0   0  33   0   0   0   8  21   0  45  30   7   0   0   0   0   0   4   0   0   0   0   0   0  12  20   0   0  49   0  40   0   0   0   0   0   0   0   0  36   0   0   0   1   0  46  48  13  45   0   0   0   0   0   0   0  20  23   0   0   0  15   0   0   0  50   3
   0  19   0   0   0   0   0   0   0   0  48   0   0   0  25   0   0   9   0   0   0   0   0   0   0   0   0   0   0   0   0   0  10   0   0   0   8   0   0   0  29   0   0  35  22  12   0   0   0   0   0  24  50   0   0   0   0   0   0   0   0   0   0   0   0   0   0   0   0   0   0   0  40   0   0   0  49   0   0   0   0   0   0   0   0   0   0   0   0   6   0   0   2   0   0  25  35   0   0
   0  18   0   0   0   0   0   0   0   0   0   0   0   0   0   1  30  49   0   0   0   0   0   0  13   0   0   0  31   0   0   0  14   0   4   0  19   0   0   0   0   0  24   9   7   0   0   0   0  46   0   0   0  37   0  45   0   3   0   0   0  13   0   0   0   0  41   0   0   0   0   0   0   0   0   0   0   0  39   0   0   0   0  27   0   0   0  22   0   0   0   0   4   0   0   0   0   0
  21   0   0  14  48   0  16   0   1   0   0   0   0   0  36  30  14  39   0   0   0   0   0   0   0   0   0   0   0  35   0   0  34   0  46   0   0  18   0  18   0  20   0   0   0   0  36   0   0   0   0   0  17  17   0   0  20   0   0  37   0   0   0   0  30   0   0  38   0   0   0   0   0   0   0   0   0   0   0   0   0   0   0   0   7   0   0   0   0   0   0   0   0   0   0  32   0
  38   0   0   0   0   0   0   9   0   0  37   0   0   0   0   0   0   0   7   0  28   0   0   0   0   0   0  25   0   0  23   0   4   0  24   0   3   0  22  25   0   0  30   0  41   0   0   0   0   0   0  22  48   0   0   0   0   0   0   0   0   0   0  19   0   0  46   0   0   0   0   3   0   0   0   0   0   0   0   0   0   0   0   0  48   0   0   0   0   0   7  40   0   0   0   0
   0   0   0   0  14  31   0   0   0  43   1   0   0  42   0   0   0   0   0   0  39   0   0   0   0   0   0   3   0  20  17   0  15   0   0   0   0   0  22   0   0   0   0   0   7   0   0   0   0  25   0   8   0  31   0   0  38   0   0   0   0  24   0   8   0   0   9   0   0   0   0   0  30   8   0  35  45   0   0  40   0   6   0   0   0   6   0   0  47   0   4  31   0  36   0
   0   0   0   0   0   0  22   0   0   0   0   0   0   0   0   0   0   0  41   0   0   0   0   0   0   0   0   0   0  45   0   0   0   0   0   0   0   0  32   0   0   6  29   0   0   0   0   0   0   0  39   0   0   0   0   0   0   0   0   0   0   0   0   0  36   0  36   0   0   0   0   0   0   0   0   0   0   0   0   0   0  39   0   0  40  28   0  10   0  46  22  48  31   0
   0   0   0   0   0  31  38   0   0  19   0   0  41   0  21   0   0   0   4   0   1   0   0   0   0   0   0   0   0   0   0  20   0   0   0  23   0  28  34   0   0   0   0   0  17   0  14   0   0   6   0   0   0   2   0  12  17   0  36   4   0   0  25   0   0   0   0   0   0   0  26  39   0   0   0   0   0   0   0   0   0   3  30   0   0   0   0   0  30  32   0   0   0
  40   0   0   0   0   0   0   0   0   0   0   0   2   0   0   3   0  15   9   0  22   0   0  22   0  27   0   0   0   0   0  29   0   0   0   0   0   0   0  32   0   0   0  36   8   0   0   0   0   0   7   0   0  22   0  25   0   0   0   0   0   0   0   0   0   0  14  23   0   0   0   0   0   0   8   0  23  19   0  10   0  27  19  34  50   0  26   0  15  12  18   0
   0   0   0  10   0  29   0  11  45   0   0  31  24   0   0   0   0  37  24   0   0   0   0   0   0   0   0   0   0   0   0   0   0   0   0   0   0   0   0   0   0   0  38   0   0   0   0   0   0   0  27   0   0   0   0   5   0   0   0   0   0  49   0   0   0   0   0   0   0   0   0   0   0   0  20   0   0   0   0   0   0   0  33   0   0   0   0  32   0   0   0
   0  50   0   0   0  17   0  41   0   0  15   0  38  15   0  17  38   0   0   7   0   0   0   0  33   0   0   0   0   0   0   9   0   0   0   0  47   0   0   0   0   0  36   0   0   0   0  30   0  26   0   0  13   0   0   0   0   0   0  42   0  19   0   0   0   0   0   0   0   0   0  12  18   0   0   0   0   0   0  43   0   0   0  10   0   0  33   0   0   0
   0   0   0  32   0   0   0   0   0  16   0   0   0   0  22   0  43   0  49  15   0   0   0   0   0   0   0   0   0   0   0   0   0  29   0   0   0   0   0  39   0  18   0   0   0   0   0   0  24   0  45   0   0   0   0   0   0   0   0   0   0   0   0   0   0   0   0   0   0  25   0   0   0   0   0   0   0   4   0  47  44   0  19   0   0   0   0  48  27
  45   0   0   0   0  21  12   0   0   0   7   0   8   0  48  32   0   0   0   0   0   0   0  43   0   0   6   0  23   0   0   0  36   0  25   0   0   0  13   0   0   0   0   0   0  40   0  28  39   0   0   0   0  28   0   0   0   0   0  38  29   0  35   0   0   6  31  35   0   0  41  26   0  38   0   0   0   0   0   0   0  25   0  39   0   0   0   0
   0   0   0  25  26   0   0   0   0   0   0   0   0  15   2   0   0   0  19   1   6   0  50   0   0   0   0  44   9   0   0   0   0  49  11   0   0   0  42   0   0  16   0   0   0   0  17   0   0   0   0   0  44  29   0  15   0   0  44   0   0   0  36   0   0   0   0   0   4  19   0   0   0   0  31   0  16   0  21   0  33   0   7   0  41   0   0
   0   0   0   0   5   0   0   0   0   0   0   0  38   0   0   0   0  33   0   0   0   0   0   0   1   0   0   0  26   0  36   0  22   0   0   0  27   0   0   0   0   0   0   0   0   0   0   0   0   0   0   0   0  10   0   0  35   0   0   0   9   0   0  11   0   0   0  47   0  14  44   0   0  27   0  13  15   0  40   0   0   1  11   0   0  25
  35   5   0   0   0   0   0  37   0   0   0   0  18   0   0   0   0   0  43  50   0   0   0   6   7   0   0   0   0   0   0   0   0   0   0   0   0   0   0   0   0  18   0   0   0   0   0  42   6   0   0   0   0   0  35   0   0   0   0   0   0  40   0  24   0   3   0   0   0  49   0   0   0   0   0  32   0   0   0   0   0  12   0   0   0
   0   0   0   0   0   0   0   0   9   0   0   0   0  30   0   0  34   0   0   0   0   0   0   0   0  36   0   0   7   0   0   0   0   0   0  30  14  15  28   0   0  31   0  22  14   0   0   0  36   0  35  37   0   0   0   0   0   0   0  31   0  48   0   0   0   0   0   0  17  36   0   0   0   0   0   0   0   0   0   0   0   0   0  17
   2   0  15  42   0  28   0   0   0   0   0   0   0   0   0  15   0  43   0   0   0   0  19   0   0   0   7   0   0   0   0  31   0   6   0  20   0   0  42   0  28   0   0   0   0   0   0   0   0   0  16  16   0   0   0   0  31   0  35   0   0  25   0  10   0   0   0   5   0   0  12   0  46   0   0   0   0   0   6   0   0   0   0
   0   3   0   0   0   0   0   0   0   0   0   0   8   0   0  11   0   0   4   0  14   0  42   0   0  42   0   0  41   7   0   0  14  22  17   0   0   0   0  18   0   0   0   0   0   0   0   6   4   0   0   0  22   0   0   0   0   0   0   0   0   0   0  25   0  20  46  20   0  12   0   0   0   0   0  33  25   0   0   0   0   0
   0   0   6   0  16   0   0   0   0   0   2   0   0   0   0   0   0   0  24   0   0   0  43   0   0   0   0  25  29   0   0   0   0   0  30   0   4   0   0  38   0   0   0   0   0   0  12   0  25   1   0   0   0   0  35  44   0   0   0   0   0   0  19   0   0   0   0   0  11  26   0   0   0   0   4   6  12   0  25   0   0
   0   0   0   0   0   0   0   0   0   0  37   0  33   0   0   0   0  43   0   0   9  25   0   0  12  22   0   0   0   0   1   0  32  45   0  14   0   0  37   0  20   0   0   0   0  22   0   0  43  27   0   0   0   0   0   0   0   0   0   0  19   0   0   0  21   0   0   0   0   0   0   0  13   0   0  14   0   0   0   0
   0   0   0   0   0   0   0  40   0   0   0   0   0   0   0   0   0   0   0  18   0  13   0  25   0  11   0   0  30   0   0   0   0   0   0   0   0   0   0   0   0   0   0   0  14   0  18   0   0  44  39   0   0   0   0  19   6  16   0   5   0   0   0   0   0  26   0   0   0   0   1   0   0  10   0  24   0   0   0
   0   0   0   0   0  23  21   0   0   0   0   7   0  30   0   0  34   0   0  24   0   0   0   0   0   0  41   0   0   0   0  16  32   0  37   0  21   0   0   0   0  50   0   0   0   0  34   0   0  42   0   0   0   0   0   0   0   0   0   0   0   0  27   0   0   0   0   0   0   0   0   0  39   0  38   0  39   0
   0   0   0   0   0   0  30   0   0   0  24   0   8   0  27   0  44  34   0   4  26   0   0   0   0   0   0  40   0   0   0   0   0   9   0   0   0  12   0   0   0   0  20   0   0  39   0   0   0   0   0   0  30   0   0   0   0   0   0  19   0   2  16   8   0   0   0  26   0   0   0   0   0   0   0   0   0
   0   0   0   0   0  41   0   0  50   0   2   0   0   0   0   0   4   0   0  44   0   0  26  40   0   0   0   0  32   0  40   0   0   8   2   0  49   0   0   0  12   0   0  11  11   0   0   0   0   5  38  15  25  23   0   0   0  45   0   0  10   0   0   0   0  18   0  27   0   0   0   0  20   0   0   0
   0   0   0   0   0   3   0   0   0  27   0   0   0   0   0   0   0   0   0   0   0   0   0   0  18  10   0   0   0  33   0   0  49   0   0   0   1   0   0   0   8  17   0   0   5   0  11   0  46   0   0   0  28   0   0  28   0   0   0   0   0   0   0   0   0   0   0  30   0   0   0   0   0   0   0
   0   0   0   0   0   0   0   0   0  27  26   0  34   0   0  48   0   0  17   0   0  11  12   0   0   0  37   0   0  37   4   0   0   0   0   0  19   0   0   0   0   0   0   0  37  38   0   0  40   0  10   0   0  33   0   0  17   0   2   0   0   0  34  40   0   0   0  32   0   0   0  19   0   1
  33   0   0   0   0   0   0   0   0   0   0   0   0   0   8   0   0   0   0  11   0  10   0   0  23   0   0   0   0   0   0   0  21   0   0   0  35   0   0   0   0   0   0   0   0   0  24   3   0   0   0   0   0   0   0   0   0   0   0   0   0   0   0   0   0   0   0   0   0   0   0  12  49
   0   0   0   0  21   0   0   0   0   0   0   0   0   0   0   0  48   0   0  16   0   0   0   0   0   0   4   0   0   0   0  42   0   0   0   0  37   0   0  46  37   0   0   0   0   0   0  38   0  28   0   0   0   0  14   0   0   0   0   0   0   0   0   0   0   0   0   0  35   0   0   0
   0   0   0  23  16   0   0  40   0   0   0   0   0   0   0  43   0   0   0   0   0   0  32  40  22   0  34   0   0   0   0   0  38   0   0   0   0   0  34   0   0   0  24   0   0   0   0   0   0   0   0   0   0   0   0   0   0   0   0  23   0   0   0   0  11   0   0  44   0  39   0
   0   0   0   0   0  41   0  12  42   1  19  15   0   0  21   0   0   0   0   0   0   0   0   0   0  43   0  10   0   0   0  40   0   0   0   0  48  21   0   0   0   0   0   0   0   0  34   0   0   0  46  21   0   0   0   0   0  31   0   0   0   0   0   0   0   0   0   0  47   0
   0  32  40   0  42  13  13  30   0  37   0   0   0   0   0   0   0   0   0   0   0   0   0   0   0   0   0  10   0   0  17   0   0   0   0   0   0   0   0   0  31   0   0   0  41   9   0  33   0  13   0   0   0   0   0   0  33   0   0   8   0   0   0   0   0   0   0   0   0
   0   0   0   0   0   0   0   0   0   0   0   7   0   0  34   0   0   0   0   0   0   0   0   0   0  32   0   0   0  30   0   0   0   0   0   0  18   0   0   0  23   0  40   0   0   0   0  46  41  42  21   0   7   0   0   6   0   0   0   0   1   0  10   0   0  17   0  10
  10   0  38   0   0   0   0   0  42   0   0   0   0   0   0   0   0  28  17   0   0   0   0   6   0  50  40   0   0   0  33   0  12  32  30  44  16   0   0  31  12   0  21   0   0   9   0   0  48   0   0   0   0   0   0   0   0   0   0   0   0   0   0  31   0  16   0
  25   7   0   0  15  29   0   0   0   0   0   0  46   0   0   0   0   0   0   0   0   0  22   0   0   0   0   0  45   0   0   0   0   0   0   0   0   0   0   0   0   0   0   0   0   6  16   0   8   0   0   0   0   0   0   0  25  40  29   0   3   0   0   0  15   0
   0  45   0   0   0  20  30   0   0   0  38   0   0   0   0   0   0   0   0   0   0  39  11   0   0   0  26   0  23   0   0   0   0   0   0   0  17   0   0   0   0   0   0   0   0   0   0  32   0   0   0  49   0  50   0  12   0   0   0   0   0   0   0   8   0
  28  12  19   0  25   0   0   0   0   0   0  30   0   0   0   0   0   0   0   0   0   0   0   0   0   0   0   0   0   0  32   0   0   0   0   0   0  43   0   0   0   0   0   0   0   0   0  37  27   0   0  29   0   0  45   0  18   0   0   0   0   0   0  35
   0   0  30  29   0   0   0   0   0   6   0   0   0   0   0   0   0  20  18  43   0   0   0   0   0   0   9   0   0   0   0  30   0   0   0  14   0   0  20   0   0   0   0   0   3   0   0   0   0  27   0   0   0   1   0   0   0   0   0   0   0   3  14
   1   0   0  18   0   0  36   0  44   0  45  14   0   0  39   0   0   0   0   0  42   0  33   0   0   4   0   0   0   0  37  12   0  22   0   0   0   0   0   0   0   0  13   0  20  29  38   0   0   0   0   0  34   0   0  16  46   0   0   0   0   0
   0   0   0  31   0   0   0   0  17   0  33  14   0   0   0   2   0   0   0   0   0   0   0   0   0   0   0   0   0   0   0   0  21   0  35   0   0   0   0   0   0  47  36   0   0  27   0  27   5   0   0  14  39   0   0   0   0   0   0   0   0
   0  39   0  17   0   0   0  39   0   1   0   0   0  13   0   0   0   0   0   0   0  13   0   0   0  16   0   0   0   0   0   0   0   1   0  16  50   0   0   6   0   0   0   0   0   0   1   0   0  44   0   6   0  27   0   0   0   0   0   0
   0   0   0   0   0   0   9   0   0   0  48  28   0   0   0   0   0   0   0   0  32   0  18   0  26   0   0   0   0   0   0   0   0  47   0   0   0   0   0   0   0  11   0   0   0   0   0   0  44   0   0   0   0   0   2   0   0   0   0
  36  36   0   0   0   0   0   0   0   0   0  31   0  44   0   0   0   0   0  39  44   0  39   0   0  12   0   0   0   0   0   0   0   0   0   0   0   0  28   0   0  37   0   0   0  42   9  36  23   0   0   0   0   0   0  42   0  13
   0   0  14   0   0   0   0  34   0   0   0  47   0   0   0   0   0  34  44   4   0   0   0  43   0   0   0   0  13   0   0   0  10   0   5  20   0   0   0   0   0   0   0  19  32   0  41   0   0   0   0   0   0  44   0   0   0
   0   0   0   0   0   0   0  38   0   4  20   0  23   0   0   0  25   0   0   0   0  32   0   0  35   0   0   0  39  11   0   0   0   0   0   0   0  22   4   0   0   0   0   0  48   0   0   0   0   0   0   0   0   0   0   0
  43  48   0   0   0   0   0   0   0   0   0   0  17   0   0   0   0   0   0   0   0   0  24  24   0   0  29  16   0   4   0   0   0  12   9   0  11   0   0  21   0   0   0  14   0   0   0   0   0   0   0   0   8   0   0
   0   0  27   0   0   0   0   0   0   0   0   0   0   0   0   0   0   0   0   0  25   0   0   4  22   0   0  18   0   0  37   0   0   0   0   0  15   0   0   0   0   0   0   0  32   0   0   0   0   0   0   5  35   0
  48   0   0   0   0   4  46   0   0   0   0  34   0   0   0   0  11   0   0   0   0  47   9   0   0   0   0   0   0   1   0   0   0   0   0   0   0   0  33   0   0   0   0   0   0   0   0  28   0   2   0   0   0
   0   0   0   0  20   0   0   0   5  48   0  28   0   0   0   0   0   0  24  34   0   0   0   0   0   0  11  40   0   0  34   0   0  14  47  30   0  10   0  12   0  27   0  21  13   0   0   0   0   0   0   0
   0   0   0  47   0  26   0   0   0   0  35   0   0   0   0   0   0   0   0   0   0   0  28   0   0   0   2   0   0   0   0   0  31   0  25   0   0   0   0  30   0  21   2  23   0   0   0   0  47   0   0
  30   0   0   0   0   0   0   0   0   0   0  22   0   0   0   0   0   0   0   0   0  29  15   0   0   0   0  39  31  13  46  24   0   0   0   0   0   0   0   0  38   0   0   0   0   0   8   0   0   0
   0  17   0   9   0   0   0   0   0   0   0   0   0  26   0   0   0   0  34   0   0   0   0   0   0   0   0   0  36   0   0   0   0   0  19   0   3   0   0   0   0   0   0   0   0   0   0  32   0
   0   0   0  13   4   0   0   0   0   0   0   0   0   0   0   9   0   0   0   0   0   0   0   0   0   0   0   0   0   0   0   0   0   0   0   0   0   0   0   4   0   0   0   0  33  40   0   0
   0   0   0   0   0   0   0   0   0   0   0   0  49   0   0   0   0   0   0   0   0   0   0  15   0  33   0   0   0  40  11   0   0  21   0  48  29   0   0   0   0   0   0   0   0   0   0
   5   0   0   0   0   0   0  44  46  20   0   0   0   0   0  50   0   0  12   0  22   0   0  35   0   0   6   0  37  26   0   4   0   0   0   0   0  33   0   0   0  38   7   0   6   0
   0   0   0   0   0  21   0   0   0   0   0  48   0   0   0   0   6   0   0   0   0  45   0   0  15   0   0   0  16   0   0   0  26   0  46   0  19   0   0   0   0   0   0   0   0
   0   0  45   0   0   0  14   0   0  29   0   0  14   0   0   0   0   0   0   0   2   0   0  21   0   0   0   0   0   0   0   0   0   0   0   0   7   0   0  30   0   0  20   0
  47   0   0   0   5   0   0   0  14   0   0  35   0   0   3   0   0   0   0   0   0   0   0  21   0   0   0   0   0   0   1   0   0   3   0   0   0   0   0   0   4   0   0
   0   0   0  46   0   0   0   0   0   0   0   0   0   0   0   0   0   0   0  16   0   0   1   0   0   0   0  49   0   0   0  29   0  40   0   0   0   0   0  31   0   0
   0   0  17   0   0   5  47   0  21   6   0   0  39   0   0   0   0   0   0  16   0   0   0   0  11   0   0   0  40   0  23  24   0   0   0   0   0  32  42  13   0
   0   0   0  13   0   0   0   0   0   0   0   0   0   0   0   0   0   0   0   0   0   0   0   0   0   0   1   0   0  24   0   0   0   0   0   1   0  32   0  21
  26  10   0   0   0   0   0   0   0   0  34   0  18   0  50   0  15  18   0   0   0   0   0   0   0   0   0   0   0   0   0  27   0   0   0   0   0   0   0
   0   0   0   0   0   0   0   0   0   0   0   0   0  20  41   0   0   0  48   0   0  15   1  45  36   0   0   0   0   0   0   0   0  42   7   0   0  48
   0   0   0   0  43   0   0   0   0   5   0   0   0   0   0   0   0   0   0  18  43   1   0   0  31   0   0   0   0   0   0   0  33   0   0   0   0
   0  11   0   0  42   0  28   0   0   0   0  35   0  31   0   0   0   0   0   0   0   0   0   0   0   0   0   0   0   0   0   0  42   0  18   0
  28   0   0   0   0   0   0   0   0   0   0  37   0   0  39   0  35   0   0   0   0   0  12   0   0  11   0   0   0  37   0   0   0   0   0
   0   0   0   0   0   0  33  47   0   0   0   0   0   0   0   0   0  31   0   9   0  14   0   0   0   0   0  11   0   0   0   0   0   0
   0  23   0   0   0   4   0   0   0   0  30   0   0  46   0  40   0   0   0   0   0  46  39   0   0   2   0  24   0   8   0   0  43
  37   0   1   0   0  22  30   0   0   0   0   0   0  36   0  39   0   0   0   0  23   0  11  10   0   0   0   0   0  49   0  29
   0   0   0   0   0   0   0   0   0   0   0  47   0   0  18   0   0   0  16   0   0   0  32   0   0   0   0   0  23  33   0
   0   0   0   0  43   0  38  15   5   0   0  20   0   0  35   0  13  27   0  34   0   0  40   0  10   9   0  45   0  22
   0   0   0   0   0   0   0   5   0  30   0   0   0   0   0  30  19  36   0   0   0   8   0   0   0   0   0   0   0
   0   6   5   0   0   0   0  13   0   0   0   0   0   0  12   0  21   0   0   0  21   0   0   0   0   0   0   0
   0  20   0  47   0   0  33   0   0   0   0   0   0   0   0   0   0   0   0  24   0  31   0   0   0  13   0
  22   0   0  47   0   0   0   0   0   0   0   0   0   0   0   3   0   0   0   0  25   0   0   0   0   0
   0   0   0  21   0   0  32   0   0   0   0   0   0   0   0   0   0   0  13   0   0  29   0   7   0
   0   0   0   0   0   0   0  48   0   0   0   0   0   0   0   0  33   0   0   0   0   0   0   0
   0   0   0   0  43   0  50   2   0   0   0   0   0   0   0  38   0   0  13   0   0   0   0
   0   0   0  17   0   0   1  35   0  28   0   0   0   0  33  14   0   0  44   0  31  19
   0  13   0   0  20   0   0  26   0   0   0  10   0   0   0   0   0   0   0   0   9
   0   0   0   0   0   0   0   0   0   0   0   0   0   0   0   0   0   0  31   1
   0   0   0   0   0  11   0   7   0  25   0   0   0  19   0   0   0   0   0
   0  47  12   0  39   0   0   0   0   0   0   0   0   0  11   0   0  12
   0   0   0   0   0   0   0   0   0   0   4   0   0   0  26   0   0
   0   0  48  44   0   0  29   0  21   0  38   0   0   0   0   0
   0   0   0   0   0   0   0   0   0   0   0   0   0   0   0
   0   0   0  43   0   0   0   0   0   0  33   0   0  43
   1   0   0   3   0   0   0   0   0   0   0   0   0
   0   0   0   0   4   0   0  19   0   0   0  26
   0   0   0  21   0  42   0   0   0  22   0
   0  48   0  36   3  50   0   0   0   0
   0   0   0   0   0   0   0   0  22
  10   0   0   0  32  28   0   0
   0   0   0   0   0   0   7
   0   0   0   0   0   0
   0   4   0   0  43
   0   0   0  34
   0   0   0
   0   0
   6

 354
  17   9  18   8  20   5  25  24  20   5   5  20   8   3  10  14  20  21  18  22  18  15  20  21  22   1   2   6   5  11  12  12  14  10  16   9   9  24  23  10  14   5   2   9  24  12  11  16   2  14  14   3  10   2  16   4  18   5  20  20  23  16  25  15   5  24  10  16  18   9   6  11   9  15  24  13  12   6  15  16  22   6  13  15  10   4  10  14  22   4   6   8  11  13  17  12   4   8  12  25   2   2   6  19  24  14  16  22  21   2  18   1   4  18  12   2  20  24  22  11   3  20   5  18  23   1   8   7   1  17  16  17  22  12  10  11   3   7   8   2

