 140 
   0   0  17   0   0   0  13   0   0   0   0   0  34   0   0   0   0   0   0   0   0  41   8   0   0   0   2   0   0  25   0   0   0   0   0   0   0   0   0   0   0   0   0   0   0  29   0   0   0   0   0   0   0   0  17   0  36  40   0   0  23  26   0  46   0   0   0   0   0   0   0   2   0   0   0   0   0  19   0   0   0   9   0  29   0   0   0   0   0   0   0  30  42   0   0   0   0   0  42   0   0  49   0   0  27  33   0   0   0   0   0   0   0  24   0   0   0   0   0   0   0   0   0   0   0   0   0  41   0   0  15   0   0   0   0  31   0   0  17   0
   0   0   0   0   0   0   0   0   0   0  20   0   0   0   0   0   0   0   0   0   0   0   0  43   2   0   0   0  26  20   0   0   0   0  45   0  43  42   0   0   3   0   0   0   0   0  50   0   0   0   0   0  11   0   0   0   0   0   0   0  50   0   0   0   0   0   9  40   0   0  18   0   0   0   7  34   0   0   0   0   0   0   0   0  23   0   0   0   0  41  15   0   0  30   0   0   0   0   0  41   0   0   0   0   0   0  32  13   0   0   0   0   0   0   0   0   0   0   0  48   0   0  24   0   0   0   0  17   0  16   0   0   0   0   0   0   0   0  16
   0   0   0   0   0   0   0   0  38   0   0  18  13   0   0   0   0   0  47   0   0  21   0   0  20   6   0   0   0   0   0   0   0   0  46  44   0   0   0  16   1   0  41   3   0   0   0   0   0   0   0   0   0   0  48   0  15  10  43   0   0   0   0   0   0   0   0   0   0   0   0   0  43  29   0   0  42   0   0   0   0  17   0   0   0   0   0   0   2   0   0  37   0  12   0   0   0   0  13  37   0   0   0   0   0   0   0   0  23  48   0   0   0   0   0   0   0   0   0   4  21   0   0   0   0   0   0   0  30   0   1   0   0   0   0   0   0   0
   0   0   0  31  19   0   0  40   0   0   0   0   0   0  44  48   0   0   0   0   0  24   0   0   0   0  21   0   0   0   0  48  43  37   0   0   0  19   0   0  33   0   0   0   0   0   0   0   0   0   0  11   0  34  30   0   0   0   6   0  25   0  44   0  38  47   0   0   0   0   0   0  37  47   0   0   0   0   0   0   0   0   0   3   0   0   0   0   0  24  22   6  46  36  14   0   0   0   0   0   0   0   0   0   0   0   0  29   0   0  37   0   0   0   0   0   0   0  37   8   0   0  36   0   0   0   0   0   0   0   0   0   0  30   0   5  39
   0   0  31   0   0   0   0  42   0   0   0   0   0   0   0   0   0   0   0   0   0   0   0   0   0   0   0   0   0  21   0   0  42   0   0   0   1   0   0   9   0   0   0   0   0   0   0  41  48   0   0  46   0   0   0   0  23   0   0   0   0   0   0   0   0   0   0  18   0   0   0  48  39   0  28   0   0   0   0   0  23  39   0  28   0   0   0   0   0   0  36   0   0   7   0   0   0   0   0   0   0   0  31   0   0   0   0   0  17   0   0   0   0   0   0   0  30   0   0   0   0   0   0   0  36   0   0   0   0   0   0  23  18   0   0  17
   0  39   0   0   0   0   0   0   0   0  15   0   0   0   0   0   0  15   0  48   0   0   7   0   0   0  44  23  31  10   0   0  40   6   0   0  47   0  38   0   0   0   0   0   0   0   0  24   0   0  46   0  43   0  14  24   0   0   0   0   0  14  23   0   0  28   0  26   0   0   0   0  26  37   0   0   0   0   0   0   0   0   0   0   0   0   0   0   0  25   0   0  26   0   0   0  15  41   0   0   0  45   0  38   4  49   0   0   0   0  48  27   0   0  25   0   0   0   0   0   0   0   0  40   0   0   0   0  46   0   0   0   0   0  30
  10   0   0   0  41   0   0   0   0  25   0   0   0   0   0   0   0   0   0  35   0   0  34   0   0  43   0   2   7   0   0  20   0  12   0  26   0  41   1   0   0   0   0   0   0  44   0  27   0   0   0   0   0   0   0  17  23   0  38   0   0   0   0   0   0   0   0   0   0   0   0   0  30   0  33   0   0   0   0   0   0   0   0   0   0   0   0  46  10   0   0   0   0  37   0   0   0   0   0  46  43   0  16   0   0   0   5  12  24   0   0   4   0   0   0  33   0  25   0  38   0   0   0   1  50   0  25   0   0   7  12   0   0   0
   0   0  23  11   0  26   0   0   0   0   0   0   0  44  43   6   0  37   0  16   0   0  34   0   0   0   0   0   0   0   0   0   0   0   0   0   0   0   0   0   0  49   0   0   0   0   0  36   0   0   0   0   0   0   0   0   0   0   0   0   0   0   0   0  22   0  41   0   2   0   7  37  11   0   0   0   0   0   0   0  34   0  37   0   0   0   0   8  21  30   0  22  46  31   1   0   0   0   0   0   0   0  17   0   0   0   0   0  27  46   0   0   0  32  41   0  21   0   0   0   0   0  21   0   0   0  15   0  34   0  13   0   0
   0   0   0  50   9   0   0   0  26   0   2   0   0   0   0   0   0   0   0   0   0   0   1   3   0   0   0   0   0   0  47   0   0  26   0  48  26   0   0   0   0  11   0   4   0  50   0   0   0  17  10   6   0   0   0   0   0   0  26   0  11   0  27  10   0   0   0   0   5   0   0   0  23  30   0   0   0   0  30   0   0   0   0   0   0   0  30   0   0   0   0   0   0   0   0   0   0   0  34   0  36  36   0   0   0   0  44   0   0   0   0   0   0   0   0   0   0  31   0   0   5  13   0   0  46   0   0   0   0   0   0   0
   0   1   0  15  16   0   0   2   0   0   0   0  39   0   0  28   0  15  11   0   4  49   0   0   0  25   0   0   0   0   0   0   0   9   0   0   0   0  11   0  22  10   4   0   0   0  47   0   0   0   0   0   0   0   0   0   0   0   0   6   0   9   0   0   0   0  45  45   0  14   0   0  25  22  30   0   0   0   0   0   0   0   0  26   9   0  14   0   0   0   0   0  43   0   0   0   0   0   0   0   1   0   6   0   0  14  21   0   0  16   0   0  40   0   0  49   0   0  49   0   0   0   0   0   0   0   0   0  15   0   0
   0   0   0  47   0   0   0   0  36   0   0   0   0   8   6   0   0   0   0  38  11   0   0   0   0  36   0  17  14  12   0   0   0   0   0   0  22   0   0   0   0  50  33  33   0   0   0   0   0   0   0   0   0   0   0   0   0   0   0   0   0   9   0   0   0   0   0   0   0   0   0   0   0   0   0   0   0  49  29  48   0  27   0   0   0   0   2   0   6   0   0  43   0   0   0  50   0  48   0   0   0   0   0   0   0  42   0   0   0  19   0   0  43   0   0   0   0   0   0   0   0   0   0   0  39   0   0   0   0   0
   0   0   0   0  17   0   0   0   0   0   0   3   0   0   0   0   0   0   0   0  18   0   0  48  18   0   0   0   0   0   1  18  41   0  36   0  31   0   0   0   0   0   0   0   0   0   0   0   0   0   0   0   0  37   0   0  29   0   0   0  34   0   0   0   0  47   0   0   0   0  38   0   0   0  41  40   0   0   0  18  44   0   0   0   0   0  23   0   0   0   0   0   0   9  26   0   0   0  34   0   0   0   0   0   0   0   0   8   0   0   0   0   0   0   0   0   0   0  14   0   0  35   0   0   0   0  48  24   0
   0   0   6   0   0   0  22  32  32   2   0   0   0  26   0  43  12   0  14  29   0   0   0   0   0   0   0   0  10   0  29   8   0   0  32   8  29   0  13  30   0   9   0   0   0   0  49   0   0   0  26  43   0   0  27   0   0   0   0   0   0   0   0  40   0   0   0   0   0   1   0   0   0   0  40  17   1  48   0   0   0  30   0   5   0  32   0   0   0  12   0   0   0  33   0   0   0   0   0   0   0   0  38   0   0   0   0   0   0   0   0   0  28   0  36   0   0   0   0   0   0   0   0   0   0   0   0   0
   0   0   0   0   0   0   0  37   0   0   0   0   0  36   0   0   0   0   0   0  22   0   0   0   0  29   0   0   0   0   0   0   0   0   0   0   0   0  17  50   0  30  16   0   0   0   0   0  31   0   0   0  26   0  40   0   0   0   0  31   0   0   0  45  50  27   0   0  10   0  36   0   0   0   0   0   0   0   0   0   0   0   0   0   0   0  25  47   0  43   0   0  46   0   0   0   0   0   0  10   0   0   0   0   3  36   0   0  24   0   0   0   0   0   8   0   0   0   0   0   0   0   0   0  49   0  34
  24  44   0   0   0   0   0   0   0   0   0   0   0   0   0   0   0   0   0   0   0   0   0   0   0  22   0   6   0  42  47  39   0   0   0  15  50   0   5  23   0  37  25   0   0   0   0   3   0  16   0   0  39   0  10   0  15   8   0   0   0   0   0   0   0  10  24   0   0   0   0   0   0   0   0   0   0   0   0  39   0   0   0   0   0  13   0  26   1   0   0   0   0   0   0   0   0   0   0   0   0   0   1   5   0  21   0   0   0  27   2   0   0   0  14  37  46   0   0  47   0  38   0   0   8   0
   0   0   0  20   0   0   4   0   0   0   0   0   0   0   0   0   0  14   0   0   0  15   0   0  24   0   8   0   0  25   0   0   0   0   0   0   0   0   0   6   0   0   0  37   0   7   0   0   0   0  43   0   0   0   0   0   0   0   0   0   0   0   0   0   0   0   0   0   0  37  45   0   0  44   0  26   8  34   0   0   0   0   0   0   0   0   0   0  48  18   0  37   0   0   0   0   0   0   0   0   0   0   0   0   0   0   0   0   0   0   0   0  32   0   0   0  32  26   0  37  42   0   0   0   0
   0   0   0   0   0   0   0   0   0   0   0  46   0   0   0   0  17   0   0   0   0   0   0   0  21   0   0   0   0   0  24   0   0   0   0   0   0   0   0  13  36   0  43  45   0  39  19   6   0   0  38   0  33   0  23   0   0   0  38   0   0   0  29   0  45   0   0  17  35   8   2   0   0   0   0   0   0   7  28  30  42   0   0   0   0  34   0   0   0   0   0  24  10  46   0   0  13   0   0  26   0   0   9   0   0   0   0   2   0   0   0   0   0   0   0   0   0   0   0   0   0   0   5   0
  28   0  42   0   0   0   0   0   0   0   0   0   0   0  27   0  39   0   0   0  21   0   0   0   0   0   0   0   0   0   0   0   0   0  37   0   0  42   0  37   0  44  12   0   0   0   0   0   0   0   0   0   0  19   0   0   0   0   0   0  43   0   0   0   0   0  12   0   0  30   0   0  41   0   0   0   0   0   0   0   0  22   0   0   0   0  11   0   0   0   0   0   0   0   0   0   0   0   0  32   0   0   0   0   0   0  39   0   0   0   0  33  48   0  17  16  20   0  35   0   0   4   0
   6   9  42   9  20   0   0   0   0   8   0   0   0   0  23  23   0   0   0   0   0   0   0   0   0  30  15  39   0   0  34   0   0   0  20   0  16   0   0  22   0   0   0   0   0   0   0  10   0  42   0   0   0   0  36   0   0   0   0   0  19   0   0   0   0   0   0   0   0  37   0   0   0   0   0   0   0   0  28   0   0   0   0  50  41   0   0   1  27  44   0   0  42   0   0   0   0   0   0   0   0   0   0   0   0  16   0   0   0   0   0   0   0   0   0   0   0   0   4   0   0   0
  27   0   0   0   0   0   0   0   0  20   0   0   0   5   0   8   0   0   0   0   0   0   0   0   0   0   0   6   0   0   0   0   0   0   0  43   0   0   0   0   0   0   0  23   0   0   0   0   0  31  11   0  44  49   0   0   0   3  25   0   0   9   0   0   0   0  43  25   0   0  20   0  17   0   8   0   0  19  39   0   0   0   0   0   0   0  15   0  47   0   0   0  22   0   0  28   0   0   0   0   0   5   0   0  16   0  11   0  10   0  22   0   0   0   0   0   0   0   0   0   0
   0  41   0   0   0   1   0   9   0   0  27  33   0   0   0  15   0   0   0   0   0  20   0   0   0   0   0  30   0   6   0   0   0   0   0   0   0   0   1  40  34   0   0   0  40  12   0  27  49   9   0   0  42   0   0   0   2  32   0   0   0   0  15  18   0   0   0   0  14   0   0  40   0   0  27   0  18   0   0   0  42   0   0   0   0   0   0  10   0   0  39   0   0  16   0  47   0   0   9  16  34   0  14  39   0  18   0  13  42   0  41  48   3   0   0  35  46   0  49   0
   4   3   0  30   0   0   0   0   0   0   0   9   0   7   0   0  21   0   0  35   0   0   0  36   0   0   0  50   0  22   0   0   0   0   0   0   0  34   0   0  10   0   0   0   0   0   0   0   0   0   0  18  33   0   3   0   0   0   0   0   0   0   0   0   0   0  15   0   0   0   0   0  10  50   0   0   0   0   0   0   0   0  11  31   0   0   0   0   1   0  13   0   0   0   0   0   0   0  45   0   0  27   0   0   0   0   2   0   0   0   0   0   0   0   0   5   0  35   0
   0   0   0  13   0   0   0   0  25  13  34  46   0   0   0   0   0   0   0  49   0   0   0  17   0   0  29   0   0   0   0   0   0  21   0   6   0   0   0   6   2   0   0   0   0   0  47   0   0   0  31  32  27   0   0   0   0   0   0   0   0   8   0   0  19   0   0   0   0  11   0   0   0   0   5   0   0   0   0   0   0  44   0  17   0  38   0   0   0  50   0   0   0   0   0   0  18   0   0   0   0   0  14   0   0   0   0   0  21  31   0   0   0   0   0   0   0   0
   0   0   0   0  10   0   0   0   0   0   0   0   0  35  43  40   3   3   0   1   0   0   0   0   1   0  12   0   0   0   4   0   0   7   0   0   0   0   0   0   0   0   0   0   0   0   0   0   0   0   0   0   0   0   0   0   0   0   0   0  38   5   0   0   0   0   5   0   0   0   0   0   0  17   0  47   0   0   0   0  36   0   0  45  18   0   0   0   0   0  19   0   0  17   0   0   0   0  34   0   0  20   0   0   0   0   0   0  38   0   0   0   0  46   0  26   0
   0  29   0   0   0   0   0   0   0   0   0   0  11   0  27   0   0   0   0  45   0   0  21  27   0   0   0   0   8   0   0   0   0  39   0   0   0   0   0   0   0  15   0   0   8   0   0   0   0  45   0   0   0   0   0   0   0   0   0   0  34   0   0   0   0   0   0   0   0   0  21   0   0   0   0   0   0   0  30  18   9   0   0   0   6  27  48  19  46  44   0   0   0   0   0   0   0   0   0  30   0   0   0   0   0   0   0   0  48   0   0   2   0   0  27   0
   0   0   0   0   0  39  18   0   0  37   0   0   0   0   0  21  24   0   0   0   0  21   0   0   0   0   0  10   0  39   0   0   0   0   0   9   0   0   0   0   0   0   0   0   0   0   0   0   0   0   0   0   0   0   0   0  15   0  39   0   0   0   0   0  29   0   0   0   0   0   0  38   0   0  28   0   0   0   0   4  29  12   0  37   0   0   0   0  19  24   0   0   0  24   0  27   0   0   0   0   0  49   0   0   0  47   0   0   0  40   0   0   0   0   0
   0   0   0   0   0   0  26   0   0   4   0  11   0  38   0   0   0   7   0   0  48   0   0   2   0   0   0  20   0   0   0  23   0   0   0   0   0   0   0  16   0   0   0   0   0   0   0  30   0   0  10  29   0   0   6   0   0   0  49   0   0   0   8   0   0   0   0   0   0   0   0   0   0   0  46   0   0   0   0   0   0   0   0   0   0   0   0   0  33   0  50   0   0   0   0   0   0  16   0   0   0  29   0   0  42   0   2   0  18   0   0   0   0   0
   0   0   0   0   0   0  11   0   0   0  19   0  42   0   4  50   0   0   0  26   0   0   0  20   0   0   0   0   0   0   4  29  42  25   0   0   0   0   0   0   0   2   0   0   0  47   0   0   0   0   0   0   0   0  31   0   0   0   0   0  28  36  29   9   0   0   0   0   0   0   0   0   6   0   0  40   0  46   0   0   0   0   0   0   0   0   0   0  26   0   9   0   0   0   0   0   0   0   5  39   0  14   0   0  19   0   0   0   0   0   0   0   0
   0  48  32   0   0   0   0   0   0   0   0  45  49   0   0   0  22   0   0   0  45   0   8   0   0  32   0   6   0  26   0   0   0  33  39   0   0   3   0   0   0   0   0   0   0   0   0   0  13   0   0   0   0   0   0   0  16   0  42   0   0   5   0   0   9   0   0   0   0   0   0   0  15   0   0   0  49   0   0   0   0   0   0   0   0   0   0   0   0   0   0   0  17   0   0   0   0   0   0  31   0   0   0   0   0   0   0   0   0   0   0   0
   0   0   0   0   0   0   0  21   0   0  12   0   0   0   0   0   0   0   0   8  14   0   0   0  30   0   0   0   5   0   8   0   0   0   0  29   0  21   0  25  30   0   0  23   0   0   0   0   0   0   0   0   0  21  22   0   0   0   0   0   0   0  24   0   0  11   0   0   0  42   0   0   0   1   0   3  44   0  10   0   0   0   0   0   0   0   0   0   0   7   0   0  31   0   0   0   0   0  11   7  29   0   9  45  14   0  23   0   0   0  21
   0   0   0   0   0   0   0   1   0  40   0   0   0   0   0   0   0   0   0   0  24   0  45   0   0   0  33   0   0   0  15   0   0   0   6   0  33   0   0  27   0   0   0   0   0   0   0   0   0   0  37   0   0   4   0   0   0  35   0  47   0   0   0   0   0   0   0  50   0   0  16   0   0   0   0   0   0   0   0   0   0   0  49   0   0   0   0   0   0   0   0   0   0   0   0   0  19   0   0   0   0   0   0   0   0   0   0  22   0  21
   0  11   0   0   0   0   0   0   0   0   0  40  43   0   0  35   0   0  50   0   0   0   0   0  14   0   0   0   0   0   0   0   0   0   0  15   0   0   0   0   2   0   0   0   0   0   0   0   0   0   0  29   0  19   0   0   0   0   0   0   0  45   0  36   0  34   0   0  49   0   0   0   0   0   0   0   0   0   0   0  36   0   0  35  18   0   0   0   0  14  41   0   0  34   0   7   0  18   0  44   0   0  48  24  30   0  38   1   0
   0   8   0   0   0  46   0   0  49   0   0   0   0   0   0   0   0   0   0   0   0   0   0   5   0   0  36   0   0   0  31  12   7   0   0  23   0   0  40   0   0  46   0   0   0   0   0   0   0   8   0  36   0   7  40   0   0   0  42   0  28   5   0   0   0  18  16   5  18   0   0   0   2  27   0   0   0  44   0   0   0   0   8   0   0   0   0   0   0   0   0   0  44  44   0   0   8   0   0   0   0   0  10   0   0  39  43   0
  25   0   0   0  47   0   0   0  40   0   0  11   0   0   0   0   0   0  13   0  16   0  46   0   0   0   0  33   0   0  45  43   0   0   0   0   0   0   0   0  30   1   0   0   0   0  20   0   0   0   4   0   0   0   0   0   0   0   0   0   0   0  34   0  13   0  19   0   0   0  15   0  33  20   0   0   0   0   0   0   0   0   0   0   0   0  23   0   0   0   0  41   0   0   0   0  21   6   0   5   6   0   0  36  31   4   0
  22   0   0   0   0   3   0  27   0   0  43   0   0   0   0   0   0   0   0   0   0  25   0   0   0   0   0   0   0  25   0  26   0   0   0   0   0   7   0   0   0   7  14  38   0   0   0   0   0   0   0  18   0   0   0   0  17   0   0   0   0   0   3  29  39  36   0   0   0   0   0   0   0   0   0   0   0   0   0   0  48   0   0   0   0   0  45  18  10   0   0   0   7   0   0   0   0   0   4   0   2   0   0   0   0   0
   0   0  31   0   0   0   0   0   0   0   0  25   0   0   0   0   0  32  46   0   0   0  30   0   0   0   0   0   0   0   0   0  29   0   0   0   0  14   0  32   0   0   0   0   0   0  31  25   0   0   0  50   0   0   0   0  36   0   0   0   0   0   0  34  39  22   0   0   0   0   0   0  20  30   4  43   0  22   0   0  10   0   0   0   0   0   0   0   0   0  44   0  13   0   0   0  34   0   0   0   0   0  20   0   0
   0  34   0   9   0  43   0   0  29  15   0  34   0   0   0   0   0  12   0   0   0   0  32   0  27  41   4  40   0   0   0   0   0   0   0   0  20   0   0   0   0   0   0   0   0   0   0   0   0  13   0  20  14  11   0  20  33   0   0   0  40  25   0   0  34   0  29  47   0   0  47   0   8   0   0   0  10   0   0   0   0  31   0   0   0  24   0   0   0   0   0   0   0   0  28   5   0   0   0   0   0   1   0  11
  16  38   0   0   0  23  46   7   0   0  23   0   0   0   0   0  21  43   0   0   0   0   0   0   0   0   0   0   0   2   0  15   0   0   0   0   0   0   0   0  34   0   0   5   0   0   0  36   0   0   0   0   0  23   4   0   0   0   0  28   0   0   0   0   2   0   0   0   0   0   0   0   0   0   0   0   0  45   0  32   4   0   0   0  27   0  12   0  31  40   0  38   0  25   0   0   0   0   0   0   0   0  43
   0  25  49   0   0  10   0   0   0   0  29   0   0   0   0   3   0   0   0   0   0  41  23  44   0   0   0   0   0   7   0   0   0   0   0   0   0   0   0   0   0   0   0   0   0   0   0   0   0   0   0  48   0   0   0   0   0   0  39   0   0   0  41  35  38   0   0   0   0  21   0   0   0  47   0   0   0   0   0  32   0   0  37   0  41  29  40   0   0  41   0   0   0  41   0  16  29   0   0   0  34   3
  40   0   0   0   0   0  42   0   0   0   0   0   0   0   0   0   0   0   0  36   0   1   0   0   0   0   0   0   0   0  29   0  42   3   8   0  32   6   0   0   0   0   0   0   0  33   0   0   0   0  31   0  43   0   0   0   0   0   0   0   0   0   0   0   0   0   0   0   0  40  32   0   0   0   0   0   0   0   7  33   0   0   0  37  11  31   0   0   0   5   0   0   0   0  41  35   0   0   0   0   0
   0   0   0  28   0   0  40   0   0   0   0   0  37   0   0   9   0  27   0  22   0   0   0   2   6   0   0   0   0   0  15   0   0   0   0   0   0   0  39  32   0   4   0   0   0   0   0   0  24   0   0   0   0  21  38   0   0  34   0  25   0   0  13   0   0  17   0   0   0   0   0   0   0   0   0   0   0  43   0   0   2  27  36   0   0   0   0   0   0   0   0   0   0   0   0   0   0   3   0   0
  19  42   0  38   0   0  16   0   0   0   3  43   0   0  34   9  47   0   0  14   0   0   0   0   0   0   0  31   0   0   0   0   0  33   0  25  34   0   0   0  43  44  13   0   0   0   0   0   0   0   0   0   0  15   0   0  40   0   0   0   0   0   0  32   0   0   0   0  45   0   0   0   0   9   0   0   0   0   0   0   0   0   0  41   0   0   0   0   0   0   0   0  30   0   0   0   0   0   0
   0   0   0   0   0   0   0   0   0   0  26  31  14   0  33   0   0  19   0   0   0   2   0   0   7   3  50   0   0   0   0   0   0  37   0   0  43   0   0   0   0   0   0   0   0  40   0  31  36   0   0   0   0   0   0   0   0   0   0  17   0   0   0   0   0   0   0  26   0  41  15   0  25  18   0   0   1   0   0   9   0  25   0   0   0   0  41   0   0  29   2   0   0  30  43   0   0   0
   0   9  29  27   0   0   0  35   0   0   0   0   2   0   0  19   0   0   3   0   0  32   0   0   0   0   0  32   0   0   0  40  34   0   0   0   0   0   0   0   0   9   0   0   0  46   0   9  21   0   9   0   0  37  31   0   0   0  12   0  39   0   0  30   0   0   0   0  34  16   1   0  39   0   0   0   0  45   9   0   0   0  19   0  25   0   0   0   0   0   0  29  27   0   0   0   9
  22   0   0   0   0   0   0   0   0   0   0   0   0   0   0   0   0   5   0  18   0   0  14   0   0  45   0   0  13  49   0   0  45   0   0   0   0   0  27   0  18   0   0   0   0   0   0   0   0   0   0   1   0  24   3   0   0   0   0  31   0   0   0   0   0   0   0   0  34  10  15   0   0  31   0  21   0  38   0   3   0   0  49   0   0   0   0   0  12   0  50   9   0   0   0   0
  43   0   0   0   0   0   0   0   0   0   0   0  11  33   0   0   0   0   0   0   0   0   0   0   0   0   0   0   0   0   0  37  41   4  23   2   0  48   0   0   0   0   0   7   6  46  43   0   0   0   0   0   0  19   0   0   0  19   0   0   0   0   0  16   0   0   0   0  16   0  25   0   0   0   0  27   0   0   0   0  15  19   0   0   0   0  34   0  49  18  11   0   0   0   2
  21   9   0  27   0  28   0   0  15   0   0   0   0   0   0   0   0   0   0   0   0   0  13   0   0   0  12   0   0   0  26  36   0  43   0   0   0  12  40   0   0   0   0   0   0  30  38   0  28   0   0   0   0   0   0  31   0   6   0   0   0  38   0   0  42   0  15   0  25   0   0  37   0   0   0  50   0  18   0   0  30   0   0   0   0   0   0   0   0   0   0   8   0   0
   0   0   0   0  19   0  16   0   0   0  12  34   0   0   0   0   0   0   0   0   0   0  22  33  38   0   0   0   0   0   0  32   0   0   0   0   0   0  28   0   0   0   0   0   0  31   0   0   0   0   0   0   0  13   0  30   0   0   0  21   0   0   0   0   0  21   0  35   0   0  48  17   0  45   0   0   0   0  17   0   0   0   0   0   0   0   0   0  16   2   0   0   0
   0   0   0  25  34   0   0  31  24  25   0   0   0   0   0   0   0   0   0  16   0   0   0   0  35   0   0   0   0   0  35   0  28   6   0   0  38  25   0   0   0   0   7   0   0   0   0   0   0   0  32   0  14  42   0   0   0   0   0   0   0  38   0  34   0   0   0   0  33   0   0   0   0   0   0   0   0   0   0  31   0   0  48  33   0   0   0   0   0   0   0   0
   0   0   0   0   0   7   0  12   0   0   4   0  17   9   0   0   0   0  44   0   0   0   0   0   0   0   0   0   0   0  31   0   0  31   0   0   0   0   0  26   0   0   0  32   0   0   0   0   0   0   0   0   0   0  12   8   0   0   0  26   0  11   0   0   0   0   0   0  50   0   0   0   0   0   0   0   0  17   7   0  38   0   0   0  44   0   0   0   0   0   0
   0  17   0   0   0   0   0   0   0   0   0   0   0   0  21   0   0   0   0   0   0   0   0   0   0  23   0  15  13   0   0   0   0  45  12  42   9   0  41   0   0  50   0   0  31   0   0   0   0   0   2   0   0   7  50   0   0   0   0   0   0   0   0   0   0   0   0  42   0   0   0  12   0   0   0   1   0  16   5   0   0   0   0  19   0   0   0   0   0   0
   0   0   0   0   0   0  32  19   0   4   0   0   0   0   0  50   0  49   0   0   0   0  30   1  24   0   0   0   0   0   0   0  45   0   0   0   0   0   0   0   0   0   0   0   0   0   2   0   0   0   0   0   0  49   0   0   0  35   0  26   0  18   0   0   0   0   0   0   0   0   0   0   0   0   0   0  46   1   0   0  22   0  39   0   0  41   0   0  11
  28   0   0   0   0   3   0   0  46   0   0  16   0   0   0   0   0   0   0  34   0   0   0   0  36  35   0   0   0   0   0   0   0  38   0  32   0   0  23   0   1   0   0  11   0   0   0   0   0   0   0  19   0   0   0   0  26   0   0   0  37  24   0   6   0  34  15   0   0   0   8  21   0   0  10  24   0   0   0   0   2   0   0   0   0  41   0   0
   0   5   0   0   0   0   0   0   0   0   0   0   0  49   0   0   0  26   0   0   0  50  18   0  33   0   0   0   0   0   0  37   0   0   0   0  33   0   0   0  11   0   0   0   0   0   0   0  40   0   0   0   0   0   0   0  29   3   0   0   0   0  46   0   0  27   0  48  10   0   0   0   0  43   0   0   0   0   0   0   0   0   0   0   0   0  50
   0   0   5   0  21   0   0  40  33   0   0   0  41   0   0   0   0   0   0   0   0   0   0   6   1   0   0   0   0   0  11   0   0  38  39   0   0   0   0   0   0   0   0  20   0  20   0   0   0   0   0   0   0   0   0   0   0   0   0   0   0   0   0  43  10   2   0  20   0  12   0   0   7   0   0   0   0   0  42   0   0   0   0   0   0   0
   0   0   0   0   0  49  12  12   0   0   1   0   0   0   0   0   0  42  40   0   0   0   0   0   0   0   0  15   0   0   0   0  39   0   0   0   0   0   0   0   0   0  30   0   0   0   0   0   0   0   0   6   0   0   0   0  39   0   0  39  34   0   0   0   0   0  42   0  47  44   0   0   0  32   0   0   4   4   0  11   0   0  36   0   0
   0   0  14  11  14  13   0  47   6   0   0   5  40   0   8   0  35   0  16   0   0   0  36   0   0   0   0   0  31  10   0   0  48   0   0   0  30   0   0   0   0   0   1   0   0   0  37   0  42   0   0   0   0   0   0   0   0   0   0   0  13   0  30   0   0   0   0   3  45   0   0   0   0   0   0   0   0   0   0   0   0   0  22   0
   0   0   0   0   0  44  46  45   0   0   0   0   0   0   0   0   0   1   0   0   0   0   0   0   0   0   0   0   0  14   0   0   0   0   0   0   0   0   0   0  23   0   0   0   0   0   0   0   0   3   0   0  14   0   0   0   0   0   0   0   0  38   0   0   0   0   1   0  24   0   0   0   0   0   0   0   0  30   0   0   0   0   0
   0   0  33   0   0  31   0   0   0   0   4   0   0  20   0  23   0   0   0  40   0   0  12   0   0  44   0   0  50   0   0   0   0   0   0   0   0   0   0   0   0  28   0  18   0   5   0  38   0   0  13  42   0   0   0   0   0  32  19   0   0   0   0   0   0   0   0  34   0   0   0   0  24   0   0   0   0   0   0   0   0   0
  13   0   0  14  43   0  27  18   8  29  36  18   0   0   0   0  28   0   0   0   0   0   0  15   0   0   0   0   1   8   0   0   0   0   0   0   0   0   0  30   0   0   0   0   0  45   0  42   0   0   7   0   0   0   0   0   0   0   0   0   0   0   0  35  38   0   0   0   0   0   0   7   8   0   0   0   0  24   0  18   0
   0   0   0   0   0   0   0   0   0   0  33   0   0   0   0   0   0   0   0   0   0   0   0   0   0  32   0   0  21   3   0  37   0  50   0   0   0   4   0   0   0   9  29   0   0   0   0   0   0   0   0  13   0  20  42  33   0   0  45   0   0   0   0   0   0   0   0   0   3   0   0  31   0   1  39   0   0   0   0   0
   0   9  50   0   0  34   0  25  41   5   0  41   0  42  29   0  37   0   0   0  11  32  26   0   0   0   0   0   0   0   0  12   0   0  36   0   0  20   0   0   0   8   0   0  12   0   0   0   0   0   7   0  41   0   0   0   0   0  44   0  20   0   0   0  46   0   0   0   0  38  25   0   0   0   0   0   0   6   0
   0   0   0  40   0  29   0   0   0   0   0   0   0   0   0   0   0  34   0   0   0  13  28   0   0  38   0   0  33   0   0   0   0   0   0   0   0   0  35   0  42   0  11   0   0  28   0   0   0   5   0   0   0  31   0  41  20   0  38   0   0   0   0   0   0   1   0   0   0   0  29  44   0   0  12   1   0   0
   0   0  37   0   0   0   0   0   0   0   0  14   0  19  31   0  50   0  38   0   0   0   0   0   0  41   0   0   0   0   0   0   0   0   0  35   0  38   0  12   0   8   0   4   0   0   0  49  30  36   0   0   0   0   0   0   0   0   0  15  44   0   0  24  28  40   0   0   0   0   0  42   0  33   0   0   0
   0   5   0   0   0   0   0   5   0  19   0   0   0  40  39   0   1   0   0   0   0   0   0   0   2   0   0   0   0   7   0  44   0   0   0   0   0   0  11  13   2   0  45  42   8   1  29   0   0  11   0   0   0   0   0   0  26   0   0   0   3   0   0   0  35   2   0  27   0  41  24   0   0   0   0  13
   0   0   0  49   0   4   0   0   0   0   0   0   0   0   0  42   0   0   0  46  15   0   0   0   0   0   0  46   0  42   0   0   0  43  45   0  24   0  42  34   0   0  17   0  50   0   0  37  23   0   0   0   0  16   0  38  50  33   0   0   0  30  36  40   0   0   0   0   0   0   0   0  27   0   0
   0   0   0   0  14   0   0  46   0   2   0   0   0   0  39   0   0   0   0   0  30   0  18   0   0   0   0   0   0  35  38  31   0   0   0   0   0   0   9  36   0  16   0  42   0   0   0   0   0   0   0  38   0   0   4   0   0   0   0   0   0   0   0  33   0   0   0   0  25   0   0   0  45   0
   0   0  20   0   0   0   0  16   0   0   0   0   0  30  37   0   9   0  26   0   0   0   0   0   0   0   0   0   2   0   0   0   0   0  19   0  49   0   6   0   0   0   0   0   0   0   0   0   0   0  11   0   1  36   0   0   0   0   0  25  47   0   0   0   0   0   3   0   0   0  16   0   0
   0   0   0   0   0   0   0   0   0   0   0   0  46   0   0   0   0   0  18   0   0   0   0   0  31   0   0   0   0   0  44   0   0  39   0   0   0   0   0   0   0   0   3   0   0   0   0   0   2   0   0   0   0   0  43  22  46   0   0  41   0   0  40   0   0  29   0   0  16   0   0   0
  27   0   0   0   0   0   0   0  29   0   0   0   0   0   0   0   0   0   0   0   0   0   0   0   0  41   0   0   0   0  42   0  21   0   0   0  48   0  49  16   0   0   0   0  11   0  39   0   0  22   0   0  14   0   0   0   0   0   0   0   0   0   0   0   0  33  13   0  22   0  34
  22   0   0   0   0   0   0   0   0  48   0   0   0   0   0   0   0   0   0   0  49  33   0  41   0   0   0   0   0   0   0   0   6   0  24   0   0   0  27   0   0  16   9  43   0  35  30   0   0   0  47   0  18   0   0   0   5   0   0   0   0   7   0   0   0  43   0   0   0  37
   0   0  49   0   0   0   0   7   0   0   0   0   0   8   0  32   0  15   0   0   0   0   0   0   0  14   0   8   0  35   0   0  18  48  17   7   0   8   0   0   0  25   0   0   0   0   8   0   0   0  37   0   0   0   0   0   0   0   0   0   0   0   0   0   0   0  22   0   0
   0   0   0   0   0   0   0   0   0   0   0   0  10   0   0   0   0   0  29   0   0   0   0   0   0   0   0   9   0   0   0  29   0   0   0   0   0   0   0  39   0  33   0  44   2   0  38  49   0   0   0   0  26  49   9   0   0   0  46   1   0  39   0   0   0  14   0  12
   0   0  48   0   0   0   0   0  33   0   0   2  37   0   0   0   0   0   0   0   0  24   0   0  35  13  47   0   0   0   0   0   0   0  18   0  17  45   0   0   7   0   0   0   0   0   0   0  33   0   0  22  28   0   0   0   0   0   0   0   0   0  25   0   0   0  13
  41   0   0   0   0   0  49   0  23   0   0   0   0   0   0   7   0  39   0  15   0  16   0   0   0   0   0   0  11   0   0   0   0   0   0   0   0   0  27   0  16   0   0   0   0   0   0   0   0  23   0   0   0   0  30   4   0   0   0   0   0   0   0   0   0   0
   0   0   0   0   0   1  38   0   0   0   0   0   0   0   0   8  43   0  50  33   0   0   0  47   0  49   0  48   0   0   0   0   0   0   0   0  17   0   0   0  30   0   0  17  48   0  24  28   0  24   0   0   0  10   0   0   0   0   0   0   0   0   0   0   0
   0   0   0   5   0  28   4   0  33  47   0   0   0   0   0   0   0  10   0  16   0   0   0   0  40  21   0   0   0  28   0  11  11   0   0   0   0   0  11  40   0   0   0   0   3   0   0   0  28   0   1   0   0   0   0   0   0   0   0   0   0  27   4   0
   0   0   0   0   0   0   0   0   0   0   0   0   0   0   0   0  23   0   0   0   0   0   0   0   0   0  18   0   0   0   0  40   2  44   0  43   0   0  30   0  19   0   0  16   0  13   0   0  10   0   0   0   0  39   0   0   0   0   0   0   0   0   0
  35   0   0  16   0   0   0   0   0   0  16   0   0   0   0  50  25   0   0   0   0   7   0  30  29   0   0   0   0   0   0   0   0   0   0   0   0   0   0   1   0   0   0   0   0   0   8  15   0   0   0   0   0   0   0  48   0   0   0   0   0   0
  29   0   0   0   0   0   0  25   0   0   0   0   0   0   0   0   3   0   0   0   0   0  43   0  39   9   0   0  22   0  30   0   0   0   0  19   0   0  32  49   0   0  27  39   4   0   0   0  25   0   0   0   0   0   0  29   0   0   0   0   0
   0   0   0   0   0   0  11   0   0   0   7   0   0   0   0   0   0   4  42   2   0  12   0   0   0   0   0  46   0   0   0   0   0   0   0  24   0   3  35   0   0   4   0   0  48   0  49   0   0   0   0   0   0   0  37   0   0   0   0   0
  22   0   0   0   0   0  25   0  34   0   4   0   6   0  12  21   0   0   0   0   6   0  48   0   4   0   0   0   0  39   0   0   0   0   0   9   0   0   0   0   0   0   0  50   0   0   0   0   0   0   0   0   0   0   0   0   0  25   0
   0   0   0   0  14   0   0   0   1  25   0  18   0   0   0   6  36   0   0   0   0   0   0  41   0   0   0   0   2  27   0   0   0   0   0   0  50  40   0   0   5  35   0   0   0   0   0  12   0   0   0   0   0   0   6   0   0   0
   0  17   0   0   0   0   0   0  37  13   0   0   0   0   2  49   0   0   0   4   0   0   0   0   0   0   0   0   0   0   0   0   0   0   0  43   0   0   0   0   0   0   0   0   0   0   0   0   0   0   0   0   0   0   0   0   0
  50   0   0   0   0   0  22   0   0   0   0   0   0   0   0   1  48   2   0   0  13   0   0   8   0   0   0   0   0   0   0   0   0   0   0   0   0   0   0   9   0  32   0   0   0  14   5   0  47   0  11   0  16  49   0   0
   0  15   0  15  45   0  25   0  31   0   0   0   0   0   0   0   9   0   0   0  46   2   0   0   0   0   0  29   0   0   0   0  36   0   0  45  34  26   0   0   0  24   0   0   0   0   0   0  20   0   0  30   0   0   0
   0   0   0   0   0   0   0   0   0   0   0   0   0   0   0   0  12   0  46   0   0   0   0   0   0   0   0   0  40  16  11   0   0   9   0  23  18   0  38   0   0   0   0   0   0  42   0   0  26   0  14   0   0  48
   0   9   0   0   0   0   0   0   0  24   0   0   0   0   0   0   0  39   0   0  38   0   0   0   0  28   0   0  18   0  12   0  19   0   0   0   0   0   0  26  13   0   5   0   0   0   0  10   0   0  48  27   0
   0   0   0   0   0   0   0  34   0  44  36   0   0   0   0  15   0   0   0  44  10   0   0   0  26   8   0   0   0   0   0   0   0  18   0   0   0  36   6   0   0  40   0   0   0  29   3   0   0   0  22   0
   0   0   0   0   0   0   0   0   0   8   0   0   0  29   0   0   0  50   0   0   0  30   0   0   0   0  18  30   0   0   0   0   0  32   0   0   0   0   0  50   0   0  14   0   0   0   0   0   0   0   0
   0   0   6   0  17  38   0   0   0  39   0   0   0   0   0   0  46   6   0   0   0  11  43   0   0   0   0  20   0   0   0   0   0   0   0   0   0  45   0   0   0  15  12   0   0  50   0  48  12  45
   0  37  30   0  22  18   0   0  29   0   0   0   0   4   0   0   0   0   0   1   0   0   0   0   0  31   0   0   0  20  44   0  20  40   0   0   0   0   0   0   0   0   0  39   0   0   0  14   0
   0   0   0   0   0   0   0   0   0   0   0  37  18   0   0   0   0   0  44   5   0  27   0   0   7   0   3   0   0   0   0  20   0   0   0  27   0   0  38   0   0   0   0   0   0   0   0  49
   0   0   0   0   0   0   0   0   0   0   0   0   0   0   0   0   0  23   0   0   0   0   0   0   0   0   0  17   0  46   0   0   0   0  35   0   1   0   0   1   0   0   0   0   0   0   0
   0   4   0   0   0   0   0  16  25   0   0   0   0   0   0  36   0   0   0   0  49   0   0   0   0   0   0  24   0  15  49  45   0   0   0   0   0  49   0   0   0   0   0   0   0   0
  19   0   0   0   0   0   0   0   0  22   0  50   0   0  13   0   0   0  43   0   0  14  43   0   0  31  50   0   0  47  28   0  25   0   0   0   0   0   0   0   0   0   3   0   0
   0   0   0   0   0   0   0   0   0   0  21   0   0   0  50   0   0  50   0   0   0   0  33   0   9   0   0   0   0   2  32   0   0   0   0   1   9  21   0  40   0   0   0   0
   0   0   0   0  46   0  46   0   0  19   0   0   0  37   0  14   0   0   0   0   0   0  46  28  12   0   0   0   0   0   9   0  29   0   0  14   0  42   0   0   0   0   0
   0   0   0   0   0   0   0   0   0   0   0   0   0   0   0   0   0   0  44   0   0   0   0  38   0   0   0   0   0   0  23  25   0   0   0   0  27  16   0   0   0   0
   0   0   0  41   5   0   0   0  46   0   0   0   0   0   0   0   0   0   0   0   0   0   0   0   0  22   0   0   0  17   0   0   0   0   0   0  14   0   0  14   0
   0   0   4   0   0   0   0   0   0   0   0   0  24   0   0   0   0   0   0   2   5   0  33   0   0  47   0  19  42   0   0  29   0   0   0  49   0   0   0   0
  11   0   0   0  35   0   0  22  23   0   0   7   0  38  16   0   0   0  14   0  46   0  17   0   0   0   0   0  27  22  15   0  29   0   0   0   0   0   0
   0  23   0   0   0   0   0  40   0   0   0  28   0   0   0   0  40   0  36   0  23   0   0   0   0   0   0   0   0   0   0   0   0   0   0   0   0   0
  41   0  47   0   6   0   0   0  47  22   0   0   6   7   3   0   0   0   0   0   0   0   0   0   0   0   0   0  32   0   0   0   0   0   0   5  41
   0  27   0   0   0   0  30  31   0   0   0   2   0   0   0  30   0   0   0   0   0   0   0   0   0   0   0   0   0   0   0   0  21   0   0   0
  50   0   0   0   0   0   0   0   0   0   0   0   0   0   0   0  20   6  44   0   0   0   0   0   0  20   0   0   0  22   0   0  19   0  35
   4  30  23   0   0  24   0   0   0  33   0   0   0   0   0   0   0   0   0   0   0   0   0   0  31   0   0   0   0  11  33   0   0   0
   0   0  19   0   0   0   0   0   0   0   0   0   0   0   0  37   0   0   0  15   0   0   0   0   0  12   0   0   0  37   0   0  44
  20   0   0   0   0  46   0   0   0   0   0   0   0   0   0   0   0   0   0   0   0   0   0   3   0   0   0  14   0   0   0   0
  15   0   0   0   0   0   0   0   0  33   0   0   0  21   0   0   0   0  44  36   0   0   0   0   4   0   0   0   0   1   0
   0   0   0  18   0   0   0  20   0  20   0   0   0   0   0   0   0   0   0   0   0   0  25   0   0   0   0   0  34   0
  47   0   0  25   0  37   0   0  12   8   0   0   0  25   0   0  37   0   0   0   0   0  44   0   0  45   0   0   0
  32   0   0   0   0   0  43   0   8   0  17   0   0   0   0  18   0   0   0   0   0  24  14   0   0   0   0   0
   0   0   0   0   0   5   0   0   0   9   0   9   0   0   0  15  11   0   0   0   0   0   0   0   0   0   0
   0   0   0  46   0   0   0   0   0   0  27  41   0   0   0   0   0   0  16  43   0   0  34   0   6   0
   0  16   0  35  12   0   0   0   0   0   0   0   0   0   0  48   0  16  39   0   0   0   0   0   4
  35   0   0   0   0  44   0  29   0   0   0   0  50   0   3  41  23  14  31   0   0   0  31   0
   0  49   0   0   0  38   0   0   0   0  17   0  43   0  23   0   0   0  16  26   0   0  43
   0   0   0   0   0  10   0   0  12   0   0   0  27   0   0   0   0   0   0   0   0  17
   3   0   1  17   0   5   0   0   0  41   0   0  37   0   0  38  13   0  15   0   0
  46  40   0   0   0   0  49   0   0   0   0   0   0   0   0   2  19   0   0   0
   0   0   0   0   0  47   0   0   0   0   0   0   0   0   0   0   0   0   0
   0   0   0   0   0   0  29   0   0   0   0  24   0   0   0  33   0   0
   0  40   0   0  30   0   0   0   0   5   0   0   0   0   0   0   0
   0   0   0  16   0  22   0   0   0   0   0  38   0   0   0   0
   0   0   0   0   0   0   1   0   0   0   0   0   0  27   0
   0  36   0   0   0   0   0   0   0   0   0  14   0   0
   0  38   0  15   0   0   0   0   0  22  47   0   0
   0   0  40   0   0   0   0   0   0   0   0   0
   0   0   0   0  24   0   0   0   0   6  18
   0   0  28   0   0   0   0   0   0   0
   0   0   0   0   0  37   0   0  36
  48   0   0   0   0   0   0  12
   0   0   9   0   0   0   0
  10   0  22   0   0  17
   0   0   0   0  25
  45   0   0  44
   0   0   0
   0   0
   0

 269
   3  16  13  18   9  21   7  21  11  15  18  12  15  22   1   9  25   8   4  17  12  15  16   8  18   2  12   2  10   9  23   3  22   8  18   8   3  18  24  13  11   3  23   7   7  17  10  20   6  16   8   4   7  21  24   2  18  22  22  15   7   4  17  11   1  12   5  22  24  25   2  12   4  10   6  25   1   7  24  23   7  18   7  24  21   8  23  24  23  15  24   3   6   9  12  14  13  12   1   1  12  13   8  22   4  20  16   5  23  18  15   8  17  25  19  25  19  14  10  17   6  15   2   8  25   9   2  10  23  12   8  23  12   2  17   1  22   8  22   8

