 140 
   0   0   0   0   0   0   0  26   0   0  11   0   0   0   1   0   0   0   0   0   0  10   0   0   0  10   0   0   0   0   0   0   0   0   0   0   0   0   0   0   0  31   0   0   0   0   0   0   0  45   0   0   0   0   0   0   0   0   0   0  46   0   0   0   0   0   0   0   0   0   0   0  41   0   0   0   0   0   0   0   0   0   0   0   0   0   0   0   0  47   0   0   0   0   0   0   0   0   0   1   0   0   0   0   0  24   0   0   0  36   0   0  24   0   0   0   0   0   0   0   0   0   0   0   0   0   0   0   0   0   0   0   0   0   0   0   0   0   0   0
   0   0  34   0   0   0   0   0   0   0   0   0   0  19   0  10  11   0   0   0   0   0   0   0   0   0  14  27   0   0   0   0   0   0   0   0   0  22   0   0   0  15   0   0   0   0   0   0  14   0   0   0   0   0  30   0   0   0   0   0   0   0   0   0   0  19   0   0   0   0   0   0   0   0   0   0   0   0   0   0   0   0   0   0  26  11   0  32   0   0   0   0   0  36   0   0   0   0   0   0   0   0   0   0  10   0   0   0   0   0   0   0   0   0   0   0   0   0   0   0   0   0   0   0   0  24   0  37   0   0   0   0   0   0   0   0   0  21   0
   7   0   0   0   0   0   0   0   0   0   0   0   0   0   0   0   0   0   0   0   0   0   0  22   0   0   0   0   0   0   0   0   0   0   9   8   0   0   0   0   0   0  39   0   0   0   0   0   0   0   0   0   0   0  47   0   0   0   0  26   0   0   0   0   0   0   0   0   0   0   0   0   0   0   0   0   0   0   0   0   0   0   0   0   0   0   0   0   0   0   0  34   0   0   0   0   0   0   0   0   8   0   0   0   0   0   0  37   0   4   0   0   0   0   0   0   0   0   0   8   0   0   0   0   0   0   0   0   0   0   0  32   0  43   0   0  40  35
  42   0   0   0   0   0   0   0  17   0   0   0   0   0   0   0   0   0   0  39   0   0   0   0   0   0   0   0   0   0   0   0   0   0   0   0   0   0   0   0   0   0   0   0  14  13   0  19   0   0   0   0   0   0   0   0   0   0   0   0   0   0   0   0  48   0   0   0   0   0   0   0   0   0   0   0   0   0   0  14   0   0   0   0  42   0   0   0   0   0   0   0   0   0   0   0  45   0   0   0   0   0   0   0   0   0  42   0   0   0   0   0   0   0   0   0   0   0   0   0   0   0   0  17   0   0  46   0  27   0   0   0   0  23   0   2   0
   0   0   0  50   0  45   0   0   0   0   0   0   0   0   0  40   0   0   0   0   0   0   0   0   0   0   0   0   4   0   0   0  29   0   0   0   0   0   0   0  38   0   0   0   0   0   0   0   0   0   0   0  40   0   0   0   0   0   0   0   0   0  48   0   0   0   0   0  43   0   0   0   0   0   0   0   0   0   5   0   0   0   0   0   0   0   0   0   0   0   0  29   0   0   0   0   0   0   0   0  17   0   0   0   0   0   0   0   0  48   0   0   0   0   0   0   0   0   0   0   0   0   0   0  50   0   0   0   0   0   0   0   0   0   0   0
  31   0   0   0   0   0   0   0   0   0  45   0   0   0   0   0   0   0   0   0   0   0   0   0   0  28   0   0   0   0  47  47   0   9   0   0   0   0  24   0  25   0   0   0   0  39   0   0   0   0   0   0  33   0   0   0  14   0   0  10   0   0   0   0   0   0   0   0   0   0   0   0   0  26   0  19   0   0   0   0   0   0   0   0   0  39   0   0   0   0   8   0   0  31   0   0   0   0   0   0  47   0   0   0  21   0   0   0   0   0   0   0   0   0   0   0   0   0   0   0   0   0   0   0   0   0   0   0   0   0   0   0   0   0   0
   0   5   0   0   0   0   0   0   0   0   0   0   0   0   0  38   0   0   0   0   0   4   0   0   0   0   0   0  35   0   0   0  35  19  32   0   0  37   0   0   0  35   0   0   0  35   0   0   0   0   0   4   0   0   0   0   0   0   0   0   0   0   0   0   0   0   0   0   0   0   3   0   0   0   0   0   0   0   0   0   0   0   0   0   0   0   0   0   0   0   0   0   0   0   0   0   0   0   0   0   0  19   3   0   0   0  17   0   0   0   0   0   0   0   0   0   0   0   0  36   0   0   0  11   0   0   0   0   0   0   0   0   0   0
   0   0   0   0  36   0   0   0   0   0   0   0   0   0   0   0   0   0   0   0  43   0   0   0   0   0   0   0   0   0   0   0   0   0   0   0   0   0   0  46   0   0   0   6   0   0   0  13   1   0  17   0   0   0  17   0  39  42  13   0   0   0   0  22   0   0   0   0   0   0   0   0   0   0   0   0   0   0   0   0   0   0   0   0   0   0   0   0   0   0   0  50   0   0   0   0   0   0   0   0   0   0   0   0   0   0   0   0   0   0   0   0   0   0   0   0   0   0   0   0   0   0   0   0   0   0   0   0   0   0   0   0   0
   0   0   0   0   0   0  20   0   0   0  49   0   0   0   0   0   0   0   0   0   0   0   0   0   0   0   0   0   0   0   0   0   0   0   0   0  28  19   0   0   0   0   0   0   8   0   0   0   0   0   0   0   0   0   0   0   0   0   0   0   0   0   0   0   0   0   0   0   0   0   0   0   0   0  38   0   0   0  14  48   0   0   0  39   0   0   0   0  36   0   0   0   0  14   0   0   0   0   0   0   0  23   0   0   0   0  12   0   0   0   1   0   0   0   0  50   0   0   0   0   0   0   0   0   0   0   0   0   0   0  16   0
   0   0   0   0   0   0   0   0   0   0   0   0   0   0   0   0   0   0   0   0   0  31   0   0   0   0   0   0   0   0   0   0   0   0   0   0   0  32   0   0   0   0   0   0   0   5   0   0   0   0   0   0   4   0   0   0  27   0   0   0  46   0  20   0   0   0   0   0   0   0   0   0   0   0   0  16   0   0   0   0   0   0   0  49   0   0   0   0   0   0   0   0  44   0   0   0   0   0   0   0   0   0   0   0   0   0   6   0   0  14   0   0   0   0   0   0   0   1   0   0   0   0   0   0   0   0   0   0   0   0   0
   0   0   5  31   0   0   0   0   0   0   0   0   0   0   0   0   0   0   0   0   0  13   0   0   0   0   0   0  22  18   0   0   0   0   0   0   0   0   0   0  32   0  21   0   0   0   0   0   0   9   0   0   0   0   0   0   0   0   0   0   0   0   0   0  23   0   0   0   0   0   0  36   0   3   0   0   0   0   0   0   0   0   0   0   0  27   0   0  46   0   0   0   0   0   0   0   0   7   0   0   0   0   0   0   0   0   0   0   0   0   0   0   0   0  43  37   0   0   0   0   0   0   0  17   0  38   0   0  34   0
   0   0   0   0   0   0   0   0   0   0  10   0   0   0   0   0   0   0   0   0   0  40   0   0   0   0   0   0   0   0   0   0   0   0   0   0   0   0   0   0   0   0   0   0  12   0   0   0   0   0   0   0   0   0   0  37   0  33   0   0   0   0   0   0   0   0   0   0   0   0   0   0   0   0   0   0   0   0   0   0   0   0   0  29   0   0  28  24   0   0   0   0   0   0   0   0   0   0   0   0   0   0   0   0   0   0   0   0   0   0   0   0   0   0   0  16   0   0   0   0   0   0   0   0   0   0   0   0   0
   0  37   0   2   0   0   0  22   0   0   0   0   0   0   0   0   0   0   0   0   0   0   0   0   0   0   0   0   0   0   0   0   0   0  27   0   0   0   0   0   0   0   0   0   0   0   0   0   0   0   0   0   0   0   0   0   0   0   0   0   0  16  39   0   0   0   0   0   0   0   0   0   0   0   0   0   0   0   0   0   0   0   0   0   0   0   0   0   0   0   0   0   5   0   0   0   0   0   0   0   0   0   0   0   0   0   0   0   0   0   0  40   0   0  17   0  29   0   0   0   0   0   0  21   0   0   0   0
   0   0   0   0   0   0   0   0   0   0   0   0   0   0   0   0   0   0   0   0   0   0   0   0   0   0   0   0   0   0   0   0   0   7   0   0   0  38   0   0   0   0   0   0   9   0   0   0   0   0   0   0   0   0   0   0  38   0   0   0  31   0   0   0  11   0   0   0  14   0   0   0   0   0   0   0   0   0   0   0  42   0  25  14   0   0   0   0   0  39   0   0   0   0   0   0   0   0   0   0   0   0   0   0   0   0   0   0   0  38   0   0   0  47  24  48   0   0   0   0   0   0   0  43   0   0   0
   0   0   0   1   0   0   0  27   0   0   0   0   0  45   0   0   0   0   0   0   0   0   0   0   0  13  49   0   0   0   0   0   0   0   0   0   0   0   0   0   0   0   0  21   0   0   0   0   0   1   0   0  13   0   0   0   0   0   0   0   0   0  12   0   0   0   0   0   0   0   0   0   0   4   0   0   0   0   0   0   0   0   0   0   0   0   0   0   0   0   7   0   0   2   0   0   0   0   0   0   0   0   0   0   0   0   0   0  15   0   0   0   0   0   0   0   0   0   0   0   0   0   0  39   0   0
   0   0  22  16  27   0   0   0   0   0   0  46   0  29   0   0   0   0   0   0   0  38   0   0   0   0   0   0   0   0   0  11   0   0   0   9   0   0   0  12   0   0   0   0   0   0   0   0   0   0   0   0   0   0   0   0   0   0   0   0  33   0   0   0   0   0   0   0   0   0  26   0   0   0   0   8   0   0   0   0   0   0   0   0   0   0   0   0  12   0   0  10   0   0   0  19   0   0   0   0   0   0   0   0   0   0   0   0   0   0   0   0   0   0  21   6   0   0   0   0   0   0   0   0   0
   0   0   7   0   0   0   0   0   0   0   0   0   0   0   0   0   0  28   0   0   0   0   0  21   0   3   0   0   0   0  36   0   0  23   0   0   0   0  47   0   0   0   0   0   0   0   0   0   0   0   0   0   0   0   0   0   0  26   0   0   0   0   0   0   0   0   0   0   0   0   0   0   0   0   0   0   0   0   0   0  25  13   0   0   0   0   0   0   0   0   0   0   0   0   0   0   0   0   0  47   0   0   0   0   0   0   0   0   0   0   0   0   0   0   0   0   0   0   0   0   0   0   0   0
   0  48   0   0   0   0   0   0   0   0   0   0   0   0   0  28  30   1   0   0  38   0   0   0   0  20   0   0   0   0   0   1   0  44   0  14   0   0   0   0   0   0   0   0  32   0   0   0   0   0   0   0  11   0   0   0  44   0   0   0  35   0   0   0   0   0  16   0   0   1   0   0   0   0   0   0   0   0   0   0   0   0   0   0   0   0  18   0   0   0   0  20   0   0   0   0   0   0   0   0  14   0   0  16   0   0   0   0   0   0   0   0   0   0   0   0   0   0   0   0   0   0   0
   0   0   0   0   0   0   0   0   0   0   0   0   2   0   0   0   0  37   0   0   0   0   0   0   0  22   0   0   0   0   0   0   0   0   0   0   0   0   0   0   0   0   0  28   0   0   0  21   0   0   0   0   0  33   0   0   0   0   0   0   0   0   0   0   0   0   0   0  50   0   0   0   0   0   0   0   0   0   0   0   0   0   0   0   0   0   0   0   0   0   0   0   3   0   0   0   0   0   0   0  38   0   0   0   0   0   0   0   0   0   0   0   0   0   0   0   0   0  48   0  36   0
   0   0   0   0   0   0   0   0   0   0   0  26   0   0   0   6   0   0   0   0   0   0   0   0   0   0   0   0   0   0   0   0   0   0   0   0   0   0   0   0   0   0   4   0   0   0   0   0   0   0   0   0   0   0  16   0  15   0   0  17   0   0   0   0   0   0   0   0   0   0   0   0   0   0  24  44   0   0   0   0   0   0  26   0   0   0   0   0   0   0   0   0   0   0   0   9   0   0   0   0   0   0   0   0   0   0   0   0   0   0   0   0   0   0  18   0   0  44   0   0   0
   0   0   0   0   0   0   0   0   0   0   0   0   0   0   0   0   0   0   0   0   0   0   0   0   0  12  11   0   0   0   0   0   0   0   0   0   0   0   0   0   0   0   0   0   0   0   0   0   0   0   0   0   0   0   0   0   0   0   0   0   0   0   0  27   0   0   0   0   0   0   0   0   0   0   0   0   0   0   0   0   0   0   0   0   0   0   0   0   0  19   0   0   0   0   0   0   0   0   0   0   0   0   0   0   0   0   0   0   0   0   0   0   0   0   0   0   0  10   0   0
   0  46   0   0   0   0   0   0   0   0   0  20   0   0   0   0   0   0   0   0   0   0   0   0   0   0   0   0   0   0   0   0   0   0   0   0   0   0   0   0   0   0   0   0   0   0   0   2   0   0   0   0   0   0   0   0   0   0   0   0   0   0   0   0  38   0   0   0   0   0   0   0   0   0   0   0   0   0   0   0   0   0   0   0   0   0   0   0   0   0   0   0   0  13   0   0   0  11   0   0   0   0   0   0   0   0   0   0   0   0   0   0   0   0   0   0  50   0   0
   0   0   0   0   0   0   0   0  33   0   0   0   0   0   0   0   0  36   5   0   0   0   0   0   0   0   0   0   0   0   0   0   0   0   0   0   0   0   0   0   0  49   0   0   0   0   0   0   0   0   0   0   0  36   0   0  30   0   0   0   0   0   0   0   0   0   0   0   0   0   0   0   0   0   0   0   0   0   0   0   0   0   0   0   0   0   0   0   0   0   0   0  13   0   1   0   0   0   0   0  38   0   0   0   0   0   0   0   0   0  40   0   0   0   0   0   0   8
   0   0   0   0   0  21   0   0  18   0   0   3   0  27   0   0  21   0   0   0   0   0   0   0   0   0   0   0   0   0   0   0  30  47   0   0   0   0  13   0   0   0   0   0   0   0  50  34   0   0   0  46   0   0   0   0   0   0   0   8   0   0   0   0   0   0   0   0   0   0   0   0   0   0   0   0   0   0   0   0   0   0  26   0   5  31   0   0   0   0   0  31   0   0   0   0   0   0   0   0   0   0   0   0   0   0   0   0  29   0   0   0   0   0   0   0   0
   0   0   0   0   0   0   0   0   0   0   0   0   0   0   0   0   0   0   0   0   0   0   0   0   0   0  18   2   0   0   0   0   0   0   0   0   0   0  26   0   0   0   0   0   0   0   0   0   0   0   0   0   0   0  35  37   0   0   0   0   0   0   0   0   0   0   0   0   0   0   0   0   0   0   0   8   0   0   0   0   0  34   0  42   0   0   0   0   0   0   0  33  48   0   0   0   0   0   0   0   8   0   0   0   0   0   0   0   0   0  41   0   0   0   2   0
   0   0   0   0   0   0   0   0   0   0   0   0   0   0  34   0   0   0  17   0   0   0   0   0   0   0   0   0   0   0   0   0   0   0   0   0   0   0   0   0   0   0   0   0   0   0  36   0   0   0  12   0   0  36   0   0   0   0   0   0   0   0   0   0   0   0   0   0   0   0   0   0   0  28   0   0   0   0   0   0   1   0   0   0   0   0   0   0   0   0   0   0   0   0  41   0   0   0   0   0   0  37   0   0   0   0   0   0   0   0   0   0   0   0   0
   0   0   0   0   0   0   0   0   0  26   0  46   0  23   0   0   0   0   0   0   0  15   0   0   0   0   0   0   0   0   0   0   0   0   0  26   0   0   0   0   0   0   0   0   0   0   0   0   0   0   0   0   0   0   0   0   0   0   0   0   0   0   0   0   0   0   0  46   0   0   0   0   0   0   0   0   0   0   0   0   0   0   0   2   0   0   0   0   0   0   0   0  32   0   0   0   0   0   0   0   0   0   0   0   0   0   0   0   0   0   0   0   0   0
   0  45   0   0   0   0   0   0   0   0   0   0   0   0   0   0   0   0   0   9  22  14   0   0   0   0   0   0  29   0   0   0   0   0   0  31   0   0   0   0   0   0   0   0   0  45   0   0   0   0   0   0   0   0   0   0  40   0   0   0   0  22   0   0   0   0   0   0   0   0   0   0   0   0   0   0   0   0   0   0   0   0   0   0   0   0  40   0   0   0   0   0   0   0   0   0   0   0  24   0   0   0   0   0   0  40   0   0   0  46   0   0  30
   0  42   0   0   0   0   0   0  16   0   0  17   0   0   0   0   0   0   0   0   0   0   0   0   0   0   0   0   8   0   0   0   0   0   0  37   0   0   0   0   0   0   0   0   0   0   0   0   0   0   0   0   0   0   0   0   0   0   0   0   0  11   0   0   0   0   0   0   0  39   0   0  30   0   0   0   0   0   0   0   0   0  39   0   0   0   0   0   0   0   0   0   0   0   0   0   0   0   0   0   0   0   0   0   0   0   0   0   0   0   0   0
   0   0   0  42  49   0   0   7   0   0   0   2   0   0   0   0  25   0   0   0   0   0   0   0   0   0   0   0   0   0   0   0   0   0   0   7   0   0   0   0   0   0   0   0   0   0   0   0   0   0  18   0  20   0   0   0   0   0   0   0   0   0   0   0   0   0   0   0   0  28   0   0   0   0   0   0   0   0   0   0   0   0  38   0   0   0   0   0   0   0   3  43   0   0   0   0   0  43   0   0   0   0   0   0   0   0   0   0   0   0   0
   0   0   0   0   0   0   0   0   0  30   0   0   0  34   0   0   0   0   0   0   0   0   0   0   0  22  20   0   0   0  18   0   0   0   0   0   0   0   0   0   0   0   0   0   0   0   0   0   0   0   0   0   0   0   0   0   0   0   0   0   0   0   0   0   0   0   0   0   0   0   0   0   0   0   0   0   0   0  20   0   0   0   2   0   0   0   0   0   0   0   0   0   0   0   0   0   0   0   0   0   0   0   0   0  12   0   0   0   0   0
   0  47   0   0   0   0   0   0   0   0   0   0   0   0   0   0   5   0   0   0   0   0   0   0   0   0   0   0   0   0   0   0   0   0   0   0   0   0   0   0  15   0   0   0   0   0   0   0   0   0   0   0   0   0  22   0   0   0   0   0   0   0  36   0  33   0   0   0   0   0   0   0   0   0   9   0   0   0   0   0   0   0   0   0   0   0   0   0   0   0   0   0   0   0   0   0   0   0   0   0   0   0   0   0   0  13   0   0   0
   0   0   0   0   0   0   0   0   1   0   0   0   0   0   0   0   0   0   0   0   0   0   0   0   0   0   1   0   0   0   0   0   0   0  31   0   0   0   0   0   0   0   0   0   0   0   0   0   0   0   0   0   0   0   0   0   0   0   0   0   0   0   0   0   0   0   0   0   0   0   0   0   0   0  18   0  11   0   0   0   0   0   0   0  29   0   0   0   0   0   0   0   0   0   0  48   0   9   0   0   0   0   0   0   0  10   0   0
   0   0   0   0   0   0   0   0  11   0   0   0   0   0   0   0   0   0   0   0   0   0   0   0   0   0   0   0   0   0  43   0   0   0  46   0   0   0   0   0   0   0   0   0   0   0   0   0   0   0   0   0   0   0   0   0   0   0  46   7   0   0   0   0   0   0   0   0   0   0   0   0   0   0   0   0   0   0   2   0   0   0   0   0  10   0   0   0   0   0   0  11   0   0   0   0   0   0   0   0   0   0   0   0   0   0   0
   0   0   0   0   0   0   0  43   0   0  22   0   0   0   0   0   0  25   0   0   0   0   0   0   0   0   0   0   0   0   1   0   0   0   0   0   0   0   0   0   0   0   0   0   0   0   0   0   0   0   0   0   0   0   0   0   0   0   0   0   0   0   0   0   0   0   0   0   0   0   0   0   0   0   0   0   0   0   0  20   0   0   0   0   0   0   0   0   0   0   0   0   0   0   0   0   0  19   0   0   0   0   0   0  20   0
   0   0  22   0   0   0   0   5   0   0   9   0   0   0   0   0   0   0   0   0   0   0   0   0  39   0   0  36   0   0  44  10   0   0   0  36   0   0   0   0   0   0   0   0   0   0   0   0   0   0   0   0   0   0   0   0   0   0   0   0   0   0   0   0  13   0   0   0   0   0   0   0   0   0  29   0   0   0  42   0   0   0   0   0   0   0   0   0   0   0   0   0   0   0   0   0   0   0   0   0   0   0   0   0   0
  49   0   0   0   0   0   0  11   0   0   0   0   0   0   0   0   0   0  21   0  25   0   0   0   0   0   0   0   0   0   0   0   0  40   0   0   0  18   0   0   0  21   0   0   0   0   0  11   0   0   0   7   0   0   0   0   0   0   0   0   0   0   0   0   0   0   0   0   0   0   0   0   0   0   0   0   0   0   0   0   0  41  33   0   0   9   0  26   0   0   0   0  20   0   0   0   0   0   0  19   0   0   0   0
   0   0  37  45   0   9   0   0   0   0   0   0   0   0   0   0   0   0   0  27   0   0   0   0   0   0   0   0   0   7   8   0   0   0   0   0  18  14   0   0   0   0   0   0   0   0   0   0   0   0   0   0   0   0   0   0   0   0   0   0   0   0   0   0   0   0   0   0   0   0  45   0   0  32   0   0   0   0   0   0   0   0   0   0   0  27   0   0   0   0   0   0   0   0   0   0   0   0   0   0   0   0   0
  33   0   0   0   0   0   0  11   0   0   0   0   0   0   0   0   0   0   0   0   0   0  44   0   0  36   0   0   0   0   0   0   0   0   0   0   0   0  10   0   0   0   0   0   0   0   0   0   0   0   0   0  31   0   0   0   0   0   0   0   0   0   0   0   0  30   0   0   0   0   0   0   0  36   0   0   0   0   0  40   0   0   0   0   0   0   0   0   0   1   0   0   0   0   0   0   0   0   0   0   0   0
   0   0   0   0   0  31   0  26   0  14   0  32   0   0   0   5   0   0   0   0   0   0   0   0   0   0   0   0   0   0   0   0   0   0   0   0   0   0   0   0   0   5   0   0   0   0   0   0   0   0   0  34   0   0   0   0   0   0   0   0   0   0  49   0   0   0   0   0   0   0   0  41   0   0   0   0  19   0   0   4   0   0   0   0   0   0   0   0   0   0   0   0   0   0   0   0   0   4   0   0   0
   0   0   0   0   0   0   0   0  41   0   0   0   0   0   0  23   0   0   0   0   0   0   0   0   0   0   0   0   0   0   0   0   0   0   0   0   0   0   0   0   0   0   0   0   0   0   0   0   0   0   0   0   0   0   0   0   0   0   0   4   0   0   0   0   0   0   0   0   0   0   0   0  28  37   0   0   0   0   0   0   0   3   0  26   0   0   0  32   0   0  12   0   0   0   0   6   0   0   0   0
   0   0   0   0   0   0   0   0   0   0   0   0   0   0   0   0   0  43   0   0   0   0   0   0   0   0   0   0   0   0   8   0   0   0   0   0   0   0   0   0   0   0   0   0   0   0   0   0   0   0   0   0   0   0   0   0   0   0   0   0   0   0   0   0   0   0  28   0   0   0   0   0   0  29   0   0   0   0  12  11   0   0   0   0   0   0   0   0   0   0   0   0   0   0   0   0   0   0  29
   0   0   0   0   0  22   0   0   0   0   0  44   0   0  15   0   0   0   0   0   0   0   0   0   0   0   0   0   0   0   0   0   0   0   0   0   0   0   0   0   0   0   0   0   0  35  34   0   0   0   0   0   0   0   0   0   0  22   0   0   0   0   0   0   0   0   0   0   0   0   0   0   0   0  41   0   0  33   0   0  48   0   0   0   0   0   2   0   0   0   0   0   0   0   0   0  30   0
   0   0   0   0   0   0   0   0   0   0  36   0   0   0   0   0   0   0   0   0   0   0   0   0   0   0   0   0   0   0   0   0   0   0   2   0   0   0   0   0   0   0   0   0   0   0   0   0   0   0  32   0   0   0   0   0   0   0  36   0   0   0  38   0   0   0   0   0   0   0   0   0   0   0   0   0   0   0   0   0   0   0   0   0   0   0  50   0   0   0   0   0   3   0   0   0   0
   0   0   0   0   0   0   0   0   0   0  25   0   0   2   0   0  36   0   0   0   0   0   0   0   0   0   0   0   0   0   0   0   0   0   0   0   0  28   0   0   0   0   0  37  13   0   0   0   0   0   0  48   0   0   0   0   0   0   0   0   0   0   0   0   0   0   0   0   0   0   0   0   0   0   0   0   0   0   0   0   0   0   0   0  32   0   0   0   0   0   0   0   0   0  28   0
   0  18   0   0   0  38   0  46   0  30   0   0   0   0   0   0   0   0   0   0  36   0   0   0   0   0   0   0   0  36   0   0   0   0   0   0   0   0   0   0   0   0   0   0   0   0   0  20   0   0   0   0   0   0   4   0   0   0   0   0   0   0   0   0   0   0   0   0   0   0   0   0   0   0   0   0  40   0   0   0   0  27   0   0   0   0   0   0   0   0   0   0   0   0   0
   0   0   0   0   0   0   0   0   0   0   0   0   0   0   0   0   0   0   0   0   0   0   0   0   0   0   0   0   0   0   9   0   2   0   0   0  28  46   0   0   0   0  10   0   0   0   0   0   0   0  12   0   0   0   0   0   0   0   0   0  29   0   0   0   0   0   0   0   0   0   0   0   0   0   0   0   0   0   0   0   0   0   0   0   0   0   0   0   0   0   0   0   0   0
   0   0   0   0   0   0   0   0   0   0  22   0   0   0   0   0   0   0   0   0   0   0   0   0   0   0   0   0   0   0   0   0   0   0   0   0   0   0   0   0   0   0   0   0   0   0   0   0   0   0   0   0   0   0   0   0   0   0   0   0  44   0   0   0   0   0   0   0   0   0   0   0   0   1  30   0   0   0   0   0   0  16   0   0   0   0   0   0   0   0   0   0   0
   0   0   0   0   0   0   0   0   0   0   0   0  30   6   0  30   0   0   0  30   0   0   0   0   0   0   0   0   0   0   0   0   0   0   0   0   0   0  25   0  25   0   0   0   0   0   0   0   0   0   0   0   0   0   0   0   0   0   0   0  31   0   0   0   0   0   0   0   0   0   0   0   0   0   0   0   0   0   0   0   0   0   0   0   0   0   0   0   0   0   0   0
   0   0   0   0   0   0   0   0   0   0   0   0   0  47   0   0   0   0   0   0   0   0   0   0   0   0   0   0  14  49   0   0   0   0  23   0   0   0   0   0   4  42  46   0   0   0   0   0   0   0   0   0   0   0   0  18   0   0   0   0   0   0  41   0   0   0   0   0   0   0   0   0   0   0   0   0   0   0   0   0   0   0   0   0   0   0   0   0  46   0   0
   0   0   0   0   0   0   0   0   0  21   0   4   0   0   0   0   0   0   0   0   0   0   0   0   0   0   0   0   0   0  39   0   0   0  28   0  13   0   0  38   4   0  33  28   0   0   0   0   0   0   0   0   0  27   9   0   0  14  33   0   0   0   0   0  50   0   0   0   0   0   0   0   0   0   0   0   8   0   0   0   0   0   0   0   0   0   0   0   0   0
   0   0   0   0   0   0   0   0   0   0   0   0   0   0   0   0   0   0   0   0  33   0   0  44   0   0   3   0   0   0   6   0   0   1   0   0   0   0   0   0  29   0   0  24   0  23   0   0   0   0   0  42   0   0   0   0   0   0   0   0   0  47   0  45   0   0   0   0   0   0   0   0   0   0   0   0   0   0   0   0   0   0   0   0   0   0   0   0   0
   0   0  22  41   0   0   0   0   3   0   0   0   0   0   6  38   0   0   0  27   0   0   0   0   0   0   7   0  38   0   0   0   0   0   0   0   0   0   0   0   0   0   0   0   0  35   0   0   0   0   0  40  24  48   0   0   0   0   0   0  22   0   0   0   0   0  23   0   0   2   0  40   0   0   0  42  33  49   0  40   0   0   0   0   0   0   0   0
   0   0   0   0   0   2   0   0   0  18   0   0   0   0   0   0   0  11   0   0   0   0   0   0   0   0   0   0   0   0   0   0   0   0   0   0   0   0   0   0   0   8   0   0   0   0   0   0   0  39   0   0   0   0   0   0   0   0   0   0   0   0   0   0   0   0   0   0   0   0   0   0   0   0   0   0   0   0   0   0   0   0  41   0   0  23   0
   0   0   0  45   0   0  25   0   0   0   0   0   0   0  23   0   0   0   0   5   0   0   0   0   2   0   0   0   0   0   0   0   0   0   0  31   0   0   0  46   0   0   0   0   0   0   0   0   0   0   0   0   0   0   0   0   0   0   0   0   0   0   0   0   0  32   0   0   0   0   0  43   0   0   0   0   0   0   0   0   0   0   0   0   0   0
   0   0   0   0   0  42   0   0   0   0   0   0   0   0   0   0   0   0   0   0   0   0  36   0   0   0   0   0   0   0   0   0  11   0   0   0   0  43  50   0  33   0   0   0   9   0   0   0  46   0   0   0   0   0   0   0   0   0   0   0   0   0   0   0   0   0   0   0   0   0   0   0   0  15   0   0   0   0   0   0   0   0   0  43   0
   0   0   0   0   0   6  13   0  25   0   0   0   7   0   0   0   0   0   5   0   5   0   0   0   0   0   0   0   0   0   0   0  32   0   0  48  25   0   0   0   0   0   0   0   0   0   0  14   0   0   0   0   0   0   0   0   0   0   0   0  14  49   0   0   0  30   0   0   0   0   0   0   0   0   0   0   0   0   0   0   0   8   0   0
   0  47   0   0   0   0   0   0   0   0   0  42   0   0   0   0   0   0   0   0   0   0   0  46   0   0   0   0   0   0   0   0   0   0   0   0  28  26   0   0   0   0   0   0   0  41   0   0   0   0   0   0   0   0   0   0   0   7   0   0   0   0   0  35   0   0   0   0   0   0   0   0   0   0   0   0   0   0   0   0   0   0   0
   0   0   0   0   0   0   0   0   0   0   0   0   0   0   0   0   0  46   0   0   0  18   0   0   0   0   0   0   0   0   0  23  37   0   0   0   0   0   0  34   0   0   0   0   0   0   0   0   0   0   0   0   0   0   0   0   0   0   0   0   0   0   0   0   0   0   0   0   0   0   0   0   0   0   4   0   0   0   0   0   0   0
   0  12   0   0   0   0   0   0   0   0   0   0   0   0   0   0   0   0   0   0   0   0   0  23   0   0  22   0   0   0   0  38   0   0   4   0   0   0   0   0   0   0   0  46   0   0   0   0   0   0   0   0  26   0   0   0   0   0   0   0   0   0   0   0   0   0   0   0  48   0   0   0   0   0   0   0   0   0   0   0   0
  35   0   0   0  19   0   0   0   0   0   0   0   0   0   0   0   0   0  10   0  23   0   0   5   0   0   0   0   0   0   0   0   1   0   0   0   0   0   0   0   0   0   0   0   0   0   0   0   0   0   0   0  19   9   0   0   0   0   0   0   0   0   0   0   0   0  21   0   0   0   0   0   0  40   0   0   0   0   0   0
   0   0   0   0   0   0   0   0   0   0   0   0   0   0   0   0   0   0   0   0   0   0   0   0   0   0   0   0  14   0   0   0   0   0   0   0   0  50   0   0   0   0   0   0   0   0   0   0   0   0   0  20   0   0   0   0   0   0   0   0   0   0   0   0   0   0   0   0   0  32   0   0   0  43   0  45   0   0   0
   0   0   0   0   0   0   0   0   0   0   0   0   0   0   0   0   0  34   0   0   0  20   0   0   0  12   0   0   0   0   0  16   0   0   0   0  42   0   0   0   0   0   0   0   0   0   0   0   0   0   0   9  43   0   0   0   0   0  15   0   0   0   0   0   0   0   0   0   0   0   0   0   0   0   0   0   0   0
   0   0   0   0   0   0   0   0   0   0   0  46  22   0   0   0   4   0   0  35   0  28   0   0   0   0   0   0   0   0   0   0   0  42   4   0   0   0   0   0   0   0  42   0   0   0   0   0   0   0   0   0   0   0   0  46   0   0   0   0   0   0   0   0  20   0   0   0   0   0   0   0   0   0   0   0   0
   0   0   0   0   0   0   0  10   0   0   0   0   0  42   0   0   0  46   0   0   0   0   0   0   0   0   0   0   0   0   0   0   0   0   0   0   0   0   0   0   0   0   0   0   0   0   0   0   3   0   0   0   0   0   0  46   0   0   0   0   0   0   0   0   0   0   0   0   0   0   0   0  16   0   0   0
   0  14  22   0   0   0   0   0  25   0   0   0   0   9   0   0   0   0   0   0   0   0  30   0   0   0   0   0   0   0   0   0  10   0  20   0   0   0  22   0   0   0   0   0   0   0   0   0   0   0   0   0   0  42   0   0   0   0   0   0   0   0   9   0   0  10   0   0   0   0   0   0   0   0  39
   0   0   0   0   0   0   0   0   0   0   0   0   0   0   0   0   0   0   0   0   0   0   0   0   0   0   0   0  38   0   0   0   0   0   0   0   0   0   0  13   0   0  44   0   0   0   0   0   0   0   0   0   0   0   0  45   0   0   0   0   0   0   0   0   0   0   0   0   0   0   0   0   0   0
  17   0  28   0  17   0   0   0   0   0   0   0   0   0   0   0   0   0   0   0   0   0   0   0   0   0   0   0   0   0   0   0   0   0   0   0  15   0   0   0   0   0   0   0  28   0   0   0   0   0   0   0   0   0  29   0   0   0   7   0   0   0   0   0   0   0   0   0  39   0   0   0   0
   0   0   0   0   0   0  46   0  29   0   0   0   0   0   0   0   0   0   0   0   0   0   0   0   0   0   0   0  26   0   0   0   0   0   0   0   0  23  20   0   0   5  45   0   0   0   0   0   0   0  38   0   0   0   0   0   0   0   0   0   0   0   0   0   0   0   0   0   0   0   0   0
   0   0   0   0   0   0   0   0   0   0  26   0   0   0   0   0   0   0   0   0   0   0   0   0   0   0   0   0   0   0   0   0   0   0   0  44   0   0   0   6   0   0   0   0   0   0   0   0   0   4   0   0   0   0   0   1   0   0   0   0   0   0   0   0   0   0   0   0   0   0   0
   0   0   0   0   0   0   0  26   0   0   0   0   0   0   0   0   0   0   0   0  43   0   0   0   0   0   0   0   0   0   0   0   0   0   0   0   1   0   0   0   0   0   0   0   0   0   0   0   0   0   7   0   0   0   0  11   0   0   0   0   0   0   0   0   0   0  14   0   0   0
   0   0  29   0   0   0   0   0   0   0   0   0   0   0   0   0   0   0   0   0   0   0   0   0   0   0   0  48   0  45  17   0   0   0   0   0   0   0   0   0   0   0   0   0   0   0   0   0  26   0   0   0  38   0   0  34   0   0   0   0   0   0   0  22   0   0   0  29   0
   0  33   0   0   0  40   0   0   0   0   0   0   0   0   0   0   0   0  50   0   0   0   0   0   0   0   0   0   0   0   0   0   0   0   0   0   0   0   0   0   0   0  16   0   0   0   0   0   0   0   0   0   0   0   0   0   0   0   0   0   0   0   0   0   0   0   4  11
   0   0   0  30   0   0   0   0   0   0   0   0  36   0   0   0   0   0   0   5   0   0   0   0   0   0   0   0   0   0   0   0   0   0   0   0   0   0   0   0   0   0   0   0   0   0   0   0   0   0   0   0   0   0  40   0   0   0   0   0   0   0   0   0   0   0   0
   0   0   0   0   0   0   0   0   0   0   0   0   0   0   0   0   0   0   0   0   0   0   0   0   0   0   0   0   0  44   0   0   0   0   0   0   0   0   0   0   0   0   0   0   0   0   0   0   0   0   0   0   0   0   0   0   0   0  41   0   0   0   0   0   0   0
   0   0   0   0  28   0  12   0   0   0   0   0   0   0   0   0   0   0   0  11   0   0   0   0   0   0   0   0   0   0  19   0   0   0   0   0  17   0   0   0   0   0   0   0   0  41   0   0   0  36   0   0   0   0   0  44   0   0  19   0   0   0   0   0   0
   0   0   0  10   0   0   0   0   0   0   0   0   0  47   0   0   0   0   0   0   0   0   0   0  44   0   0   0  18   0   0   0   0  12   0   0   0   0   0   0  20   0   0   0   0   0  28   0   0   0   0   0   3   0   0   0   0   0   0   0   0  28   0   0
   0   0   0   0   0   0   0   0   0   0   0   0   0   0   0   0   0   0   0   0   0   0   0   0   0   0   0   0   0   0   0   0   0  44   0   0   0  29   4   0   0  24   0   0   0  19   0   0   0   0   4   0   0   0   0  22   0   0   0   0  49  14   0
   0   0   0   0   0   0   0   0   0   0  11   0   0   0  33   0   0   0   0   0   0   0   0   0   0   0   0   0   0   0   0   0   0   0   5   0   0   0   0   0   0   0   0   0   0   0   0   0   0   0   0   0   0   0   0  28   0   0   0   0   0   0
   0   0   3   0   0   0   0   0  24   0  32   0   0   0   0   0   0   0   0  17  18   0   0   0   0   0   0   0   0   0   0  28   0   0   0   0   0   0   0  40   0   3   0  45   0   0   0   0   9   0   0  16   0   0   0   0   0   0   0   0   0
   0   0   0   0   6   0  49   0   0   0   0   0   0  20   0   0   0   0   0   0   0   0   0   6   0   0   0  11   0  34   0   0   0   0   0   0  40   0   0   0   0   0   0   0   0   0   0   0   0   0   0   0   0   0   0   0   0   0   0   0
   0  42   0   0   0   0   0   0   0   0   0   0   0   0   0   0   0   0   0   0   0   0   0   0   0   8  48   0   0  47   0   0   0   0   0  21   0   0   0   0   0   0   0   0   0   0   0   0   0   0   0   0   0   0   0   0   0   0   0
   0  29   0   0   0   0   0   0   0   0   0   0   0   0  40   0   0   0   0   0   0   0   0   0   0   0   0   0   0  50  12   0   0  20   0   0   0   0   0   0   0   0   0   0  30   0   0   0   0   0  37   0   0   0   0   0  23   0
   0   0   0   0   0   0   0   0   0   0   0   0   0   0   0   0   0   0   0   0  30   0   0   0   0   0   0   0  30   0   0   4   0   0  36   0  42   0   0   0   0   0   0   0   0   0   0  11   0   0   0   0   0   0   0   0   0
   0   0   0   0  15   0   0   0   0   0   0   0   0   0   0   0   0  25   0   0   0   0   0   0   0   0   0   0   0   0   0   0   0   0   0   0   0   0   0   5   0   0   0   0   0   0   0   0   0   0   0   0   0   0   0   0
   0   0   0   0  28   0   0   0   0  11   5   0   0  39   0   0   0   0   0   0   0   0   0   0   0   0   0   0   0   0   0   0   0   0   0   0   0   0   0   0   0   0   0   0   0   0   0   0   0   0   0   0   0   0   0
   0   0   1   0  23   0   0   0   0   0   0   0   0   0   0   0   0   0   0   0  17   0   0   0   0  41   0   0   0   0   0   0   0   0   0   0   0   0   0   0   0   0   0  32   0   0   0   0   0   0   0   0   0   0
   0   0   0   0  34   0   0   0   0   0   0   0   0   0   0   8   0   0  48   0  26   0   0   0   0   0   6  41   0   0   0  50   0   0   0   0   0   0   0  26   0   0   0   0   0   0   0   0   0   6  50   0   0
  16   1   0   0   0   0  49   0   0   0   0   0   0   0   0   0   0   0   0   0   0   0   0   0   0   0   0   0   0   0   5   0   0   0  47   0   0   0  37   0   0   0   0   0   0   0   0   0   0   0   0   0
   0   0   0   0   0   0   0   0   0   0   0   0   0   0   0  32   0   0   0   0   0   0   0   0   0   0   0   0   0   0   0   0   0  34   0  37   0   0   0   0  10   0   0   0   0   0   0   0   0   0   0
   0   0   0   0   0   0   0   0   0   0  46   0   0   0  41   0   0   0   0   0   0   0  24   0   0   0   0   0   0   0   0   0   0   0  42   0   0  19   0   0   0   0   0   0  31   0   0   0   0   0
   0   0   2   0   0   0   0  13   0   0   0   0   0   0   1   0   0   0   0   0   0   0   0   0  27   0   0   0   0   0   0   0   0   0   0   0   0   0   0   0   0   0   0   0  44   5   0   0   0
   0   0   0   0   0   0   0   0   0   0   0   0   0   0   0   0   0   0   0  33   0   0   0   0   0   0   0   0   0   0   0   0   0   0   0   0   0   0   9   0   0   0   0   0   0  42  50   0
   0   0   0   0   0   0   0   0   0   0   0   0   0   0   0   0   0  50   0   0   0   6   0   0   0   0   0   0   0   0   0   0   5   0   0  50   0   0   0   0   0   0   0   0  46   0   0
   0   0   0   0   0   0   0  21  25  49   0   0   0   0   0   0   0   0   0  10   0   0   0   0   0   0   0   0   0   0   0   0  18   0   0   0  49   0   0  39   0   0   0   0  10   0
  40   0   0   0   0   0   0   0   0   0   0   0   0   0   0   0   0   0   0   0   0   0   0   0   0   0   0   0   0   0   0   0   0   0   0   0   0   0   0   0   0   0   0   0  19
  30   0   0   0   0   0   0   0   0   0   0   0   0   0   0   0   0   0   0   0   0   0  18   0   0   0   0   0   0   0   0   0   0   0   0  50   0   0   0   0  16  45   6   0
   0  18   0   0   0   0   6   7   0   0   0   0   0  43   0   0   0   0   0   0   0   0  30   0   0   0   0   0  23   0   0   0   0   0  34   0   0   0   0   0   0   0   0
   0   0   0   0   0   0   0   0   0   0   0   0   0   0   0   0   0   0   0   0   0   0   0   0   0   0   0   0   0   0   0   0   0   0   0   0   0   0   0  36   0   0
   0   0   0  39   0   0   0   0   0   0   0   0   0   0   0   0   0   0   0   0   0   1   0   0   0  30   9   0  34   0   0  41   0   0   0  14   0   0  11   0   0
   0   0   0  44   0   0   0  40   0   0   0   0   0   0   0   0   0   0   0   0   0  34   0   0  26   0   0   0   0   0   0   0   0   0   7   0   0   0   0   0
   0   0   0   1   0  25   0   0   0   0   0   0   0   0   0  22   0   0   0   0   0   0  16   0   0   0   0   0   0   0   0   0   0   0   0   0   0   0   0
  32   0   0  10   0   0   0   0  31   0   0   0   0   0   0   0   9   0   0   0   0   0   0   0   0   0  11   0   0   0   0   0   0   0   0   0   0   0
   0   0   0   0   0   0   0   0   0   0   0   0   0   0   0   0  27   0  20   0   0   0   0   0   0   0   0   0   0   0   0   0   8   0   0  15   0
   0   0   0   0  24   0   0   0   0   0   0   0  27   0   0   0   0   0   0   0   0   0  47   0   0   0   0   1  29   0   0   0   0   0   0   0
   0   0   0  33   0   0   0   0  17  45   0   0   0   0   0   0   0  10   0   0   0   0   0   0   0   0   0   0   0   0   0   0   0   0   0
  33   0   0   0   0   0   0   0   0   0   0   0   0  43   0   0   0   0   0   0   0   0   0   0  28   0   0   0   0  47   0   0   0   0
   0   0  47   0   0   0   0   0   0  44   0   0   0  36   7   0   0   0   0   0   0   0   0   0   0   0  50   0   0   0   0   0   0
   0  27   0   0   0   0   9   0   0   0   0  26   0   0  28   0   0   0   0   0   0   0   0   0   0   0   0   0   0   0   0   0
   0   0   0   0   0   0   0   0   0   0   0   0   0   0   0  19   0   0   0   0   0   0   0   0   0   0  44   0   0   0   0
   0   0   0   0   0   0   0   0   0   0   0   0  43   0  18   0   0   0   0   0   0   0   0   0   0   0   0   0   0   0
   0   0   0   0   0   0   7   0   0   0   0   0   0   0   0   0   0   0  50   0   0   0   0   0   0   0  13   0   0
  20   0   0   0   0   0   0   0   0   0   0   0   0   0   0   0   0   0   0   0   0   0   0   0   0   0   0   0
   0   0   0   0   0   0   0   0   0   0   0   0   0   0   0  23   3   0   0   0   0   0   0   0   0   3   0
   0   0   0   0   0   0   0   0   0   0   0   0  24   0   0   0   0  39   0   0   0   0   0   0   0   0
   0   0   0   0   0   0   0   0   0   0   0   0   0   0   0   0   0   0   0   0   0   0   0   0   0
   0   0   0   0   0   0   0   0   0   0   0   0   0   0   0   0   0   0   0   0   0   0   0   0
   0   0   0   2   0   0   0   0   0   0   0   0   0   0   0   0   0   0   0   0   0   0   0
   9   0   0   0   0   0   0   0   0   0   0   0   0   0   0   0   0   0   0   0   0   0
   0  44   0   0   0   0   0   0   0   0   0   0   0   9   0   0   0  49  24   0   0
   0   0  20   0   0   0   0   0   0   0   0   0   0   0   0   0  43   0   0  42
   0   0   0   0   0   0   0  44   0   0   0   0  27   0   0   0   0   0  26
   0   0   0   0   0   0   0   0   0   0   0   0   0   0   0   0   0   5
  41   0   0   0   3   0   0   0   0   0   0   0   0   0   0   0   0
   0  46   0   0   0   0   0   0   0  20   0   0   0   0   0   0
   0   0   0  48   0   0   0   0   0   0   0  19   0   0   0
   0   0   0  48   0   0   0   0   0   0  49   0   0  35
   0  41   0   0   0   0   0   0   0   0   0   0   0
   0   0   0  19   0   0   0   0   0   0   0   0
   0   0   0   0   0   0   0   0   0   0   0
  18   0  35   0   0  28   0   0  16   0
   0   0   0   0   0   0   0   0   0
  29   0   0   0   0   0  13   0
   0   0   0   0   0   0  32
   0   0   0   0   0   0
  33   0  21   0   0
   0   0   0   0
   0   0   0
   0   0
   0

 1239
   4   7  12   3   2  10  24  20   3  10   2  21  25   7   5   9  21  21  10  12  23   4  22  20   8   8  11  24  23   4  20   7   6  12   9  14   4  25  11  11   9  12  14   2  25  20  22  10  13   6  20  20  18  11  10   2   5   3   1  23  20  10  15  14  17  20  12  14  22  13   9  20  25  11  13   8   5   4  10  10   7   1  24  12  16  13   9   4  16  18  11   8   1   3   7   6  14  19   9  15   5   2   9  12   6  22   5  12  13   6   4  20  16  13  25  18  17   1   2  23   3  15  21  25  24  16  25   4   6   8  22  20   7   1  17  11   9   3   5  12

