 140 
  18  38   0  42  37  30  23  37  41  45   0  36   0   0  28   0   0   0   0   0   0   9  45   0   0  17   0   0   0  44   0  12   6   0  22  10   0   0   0  26   0   5   0   0   5  29  50   0  30  46  34  41   9   1  31  12  21  23  37   0  49   0   0   3   4   0   0   9  21   0   0  18  19   0   0   0  16  19   0   0   0   0   0   0   0  28   6  40   0   0   0   0   0   0   0  47   0  39   0   0   0  39   0   0   0  20  35   0   0  25  45   0  42  23  48   0   0  36   7   0  38   0   0   0  16   0  18  30   0   0  45  28   0   0   0   6  31  44   8   0
   0   0  49   0  26  18  20   0  40  47   0   0   0   0   0   5  25  32   0   0  45  31   0   6   0  38   0   4   0   0   0   0   6  50   1   0   5  42  14  13  17  15  21   0   0  43   0   0   0   0   0   0  49   7   0  16   9   0   2  29  33   0  27   0   0   0  43   0   0   0  45   0   0  10   0  43   0   0   0  13   0   0   0   0   0   0   9   0  33   0  49   0   2  33  44  19   0   0   0   0   0   0   0   0   2  42   0   0  19   0   0   0   0   0   0   0   0   0   0   0   0  32   0   0   0   0   0  11  32  24  18   0   0  38   0   0   0   0   0
   0  25   0   0  45   0   0   0   0   0   0  23   0   0  39  25   0  40  19  12   5  17  41   0  47   6  10   0  30   0   0   0  38   0   0  37  17   0   0   0   7   0  10  50  24   0   0   0   0   7   9   0  29   0  33  13   0   5   0   0  47  17  18   0  14   0   0   0   0   0   0   0   0   4  34   0   0   0  32  26  22  45  47  41   0  13   0   0  15  36  33   0   0  44   9  11   0   0   0  50   0   0   0   0   0   0   0  26   0   5  28   0  22   0   0  16  24   0  20  29  28  45   0  24   0  29   0   0   0   0  22   7   0   4  40  39   0   1
   0  39   0  29   0   0  31  26  10  41   0   1  38   6   0  31   4   0  36  29   0   0   0  33   2   0   0  25  16  18  17   0   2  13  26   0   0   0   0  34   0  26  41   0  44   0  38   1  41   0  18   0  44   0  21   0  30   0  19   0  22  29   0   9   8   0  21   0  14   9   2   0   0   0  43   0   0   0   0  42  25  38  24  14  14   7  48   0   0  16   0  14   6   0   0  29  35   0   9  22   0  15  13   0  13  50  45   0  48   0   0   0  25   0  17   0   0  22  27   0   0  48   0   0   7   0  38   9   0  19   0   0  41  45  50   0   8
   0  47  34   0   0  38   0   0   0   0   0   0   0  10   0   0  33   0  45  15   0   4   0   0   0   0   0   0   0   0   0   0   0   0   0  36   0   4  11   0   0   0   0  37   0  29  32   0   0   0   0   0   0  10  21   0   0   0   0   1  17   0   0  31  33  46  29  24  23   4   0  41  17   0   0  17  21  21   0  47  23   0   9   0   0   5  37  25   0   0  33   0  27   0  21   0   0   0  31   0   0   0   0   0   0  48   0   8  46   9  23   0   1   0  18   0  35   0   0   0  20   7   0   0   0   0   0   0  21  37   1  22   0   0   0  15
   0  16  20   0   0  26   0   0   0   0  15   0   0   0  17  26  23  46  37  49   0   0   0   0  12  17   0  10   0   0  21   0  17   4  19  32   9   0   0  25   0   8   0   0  20  41  41  26   0   0  19  40   0   0   0   0  38   0  17   0  20  24   6   0  10   9  18  46   5   6  14  24  24  30  28   0  35   0  28   0   8  50   3  37  17   0   0  34  35   0   0   0  11   0   8  23  48   0   0  35   8   0   0   0   0   0  47  25   0   0   0  26   0   0  45   6  22  16   8   0  48   0   0  16  33   0   0   0  38   4  46  34  17   0   0
   0   0   0   8   0   0   5  48  39  50   0  25   0   0   0   0  33  34   1  16   0   0  24  39   0   0  45  38  37   3  18   9   0  40   0  49  25   0  16   3   0  17  21  28   0   6   0  27   0   0   0   4   0   0  21   0   0  12   0  39   0  49  36   0   8   0   0  22   0  16  32   3   0   0   4   3   0  32   0   0   0   0  31   0   0   0   5   0  45   0  23  32   0   0  48  14   0   0   0   0   0  44  16  37   0   0   0   0   0  45   0  42  49  33  40   0  25   0   0   0   0  42  15   0   8   0  26   3   6   0   0  46  39  35
   0  33  29  14  16   0   0  35  24   0  28   0   2  43  29  38   0   0  37   0   0   0  31   0  23  41  30  10   0   0   5   0   0   0  27   0   0  15  15  32  25   0   0  14   0  34  14   0  26  45  40   0   0   0   0   0  11   0   0   0   0  23   0   0  42   6  18   0   0  41   2  41   0  21  17   1   0  23  39   0   0   8   0   0   0  22  23   0  43  36  28   0   0  11   0  41   0   0  48  50   8   0   0   0  19  25   0   0   0   0   0   0   0   0   0   0  33   0   0  25  38  17   6   0  13  42   7   0   0   0   0  47   0
   0   0   0   0   0   0   0   0   0   0  34   0  42   0   0  25  41  27   0   0   0   0  50   0  39   0   0   3   0  12   0  16   0   0  15  27  11   0   0   0   2  19   0  21   7  15   0   0   0  29   4   0   0   2  12   0   0   0   1   0   0  31   0   0   0   0  39  33   8  20   0  20  25   0  13   0  26  35   0  45   0  22  39  41  25  26   6   0  21  39   0  41  34  18  19   0  39   0  30  28  14   0  22   0  25   1   0  43  30  50  42   2  40   0   0   0   0  12   0   6   2   0   0   0   0  16  29   1   0  48  18  39
  24   0  50   7   0  29   0  48   0  42   2   2   0   0   0   0   0   0   0  45  49   0  13  10  14  33   0   0   0  11  36  26  43   0   0   0  36   0   0   0   0   0   7   0  10   0   0   0   1  27   0  47   0  31  20   0   0   5   2  41   0  38   5  48   0   0  16   0   0   0   0  41   0   6   0  18   0  40   0   0   0   0   0  41   4   0  20   9   0   0   0  32   0  45   0   0   0  21   0  49   0  38   0  23   0   0  50   0   0  22  28  27   0   0  17  12  48   0   0   0   0   0   0  33  38   0   0  36  37   9   0
  43  50   1   0   0   0   0  43  47   0  27  35   0  36   0   7  23   0  15   0   0   0  19   0  21   0  20  27  14   0   0   0  29  27   0   0  36  34  23   0  16  21  35  47   0   1  47   0   9   3   0   0   9   0   0   0  34   9   0  27   0   0  11   0   0   0  41  25   0   0   0   0   4  24  30  41   0   0  42  10  37  22  12  38  17   0   0  31   0   0   0   0   0   0  19  23  17   0   0   0  45  37  19   0  17   0   0  40   0   0   0   0   0   0   0  30   0  32   0  41   0  29  28   0   0  37   0  20   0  13
   0   0   0   0   0  38   0   0   5   0  25   0   0   0  45  20   1   0  10   0   7  33   0   9   0   0  49   0  28   9   0  39  31   0   0   0  12  11  32   0   0  44  34   0  31   0   0  15   0  37   0  26   0  25   0   1   0   0   0  31   0   0  23   0   5   0  33   1   0   0   0  13   0   0  47  10  36  38   0   0  28   0  36   0  35  35  44  13   0  14  29   0   0   0  19  13   0   0   0   1  49   0  14  19   0   0  17   0  33  17   0  37   0   0   0   0   0   0   0   0  41   0  40  31  25   0   7   9  12
   0   0  36   0   0  12  17  34  32  41   0   5  35  12   0   0   0  49  24   8   0  21   0  16   0   0  16   0   0   0   4   9   0  30  34  23  47  32  17   0   0  12  31  49  38   0  21  43  35  14   0   0  14  30   8  34  10  42   0   0  46   0   0   0  30   0   0   0  20  11  23   0   0   0  33  43   8  20   0   7   0   0   7  34  29   4   0   4   0  14   0  50   0  12  41   0  49  36   0  44   0   0   0   0  32  42   0   0   0  41   0   0   0   0  27   0   0   0   0  14   6   0  21   0  31  21   0   0
   0  30   0  37   0  41   0  11   0   0  12   0   0   0  30  10  41  26   0  10   2   0  23   0  13  40   0  20   0   0  26   0  40  45  29   0  28   0  18   0   8  18  42  45  18  46   0  32  30   5   9   0   0  21   0   0   0  35   9   0  45  47   0   7   0   0   5   5  47   0   7  50   0  50   0   0  15  30  48  10   0   0   0  31   0   2   0   0  38   0  20  24   0  48   0   0   0  22   0  23  27  32   0  10   0  25   0   0  37   7   0  20   0   0   0   0  30  50   6   0  32   0   5  30   0  48  27
   0  32   0   0  17   0   0  45  26   0   0  28   0   0  41   0   0  14   0  36   0   0   0  48  40   0   0   0   0  10  42  41   0   0  49   0  43   0  42   0  10  19   7  29  32   1  47  16   0  48   0   0  28   8  24  19   0   0  47   0  28   7   0  45   0  42  31   0   0   4  29  27  18  38   4   0   0   0   0   0  11  26   3   0   0   0  21  27  31  22  40   0  31   8   0   0   0   0  23  34  11   0   0   0   0   0  38   0  47   0   0  45  40   0   0  33  10  24   0  36   0   0  23   0  43   0
   0   0   0  26  20  37   0  20  23   0   0   0   0  18   0  15  11   4   0  38   0  11   0  43   0   0   0  41  16   7  19   0   0   0   0  48   0   0   3   0  40   0   0   2   0  47   6  11   0  25  38  47   0   0  44  35  21   0   0  38  13  36   0  37   0  40  42   1  44   0   7  12   0   0   0  10   4   0  11   0  17   0   0   7   6   7  39   0  25  22   0   0   5  44   0   8   0  27   0   0  33  18   0  14   0  20  41   0  43  15   0  38   0  20   1   0   0  21   0  23   6   0  20  25   0
   0   0   0   0   0  35  12  43   0   0  46  21   0  27   0  14  32  22   0  41   6  12   0   0   0   5  50   0   0   0   0  28   0   0   7   0  28   0   0   0   0   0  18   0   0   0   0   0   0   0  35   0   0  20   0  27   0   0  19  20  20  12  36   0   0   0  19   0   0  30  20   0  27   0   0  12  44  25   0  13   0  24   4  29  20  50   0  16   0   0  22   0   0   0   0   1  35  10   0   0   0  32  37  20  33  10   3  23   0   0  11   0  24   0  11   0   0  31  11   0   0   0  32  26
   0  17   0  42   0   0  35   0   0   0  47   9   0  48   0   0  13   0  32   0   0  48  39  46   0   0  26  21   0  29  14   0  26   0   1  38   0  48  41   0   0  12   0  44  39   0   0   0   0   0  17   0   0   0   0   0   0   6   0   2  35   0   0   3   0  24   0   9   4   2  36  45  40  32   0   0   0  22  39   0   1  48   0  13   0  31  27  45  18   0  16  21  44   4   0   0   0  34  26   0  15  38   1   0  33  33   0  30  28   0  19   0  21  22   0   0   0   0   0   0   7  23   0
   0   0   0   0   0   1  21   0  26  38   0   3   0   0  12   0   0   0   0   0   0   0  40  49   0   0   0   0  28   5  36   0   0  14  14  35  48   0   0   0  34  14   0  26   0   0  24   0   1   0   0   9   0  21   0  19  44  26  40   0  39   0   0  47  50   0  24   0   0  19  44   0   0   0   0  44   0  10   0  30   0   0   0  29   0  31   0   5   0  34   0  21   0  38   0  45   0   0   0   0  46  47  41  23   2   0  22  41  12   0  14   0  29   0   2  28   0  47  24  39  33  27
  41   0  16  25   0   1   0   0  46  36  16   0   0  28   8   0   0  16   4  46   0  40  40   0  46  24  23   5   0  21  25   0  28   0   0   0   0   0  36   0   0   1   0  50  37  34  10  22  34   0  10  10   0   0  17   0  10   6  37   0   0  28   0  44   0   0  29   0   4  36   0   0   0   0  35   0   0   0   0   0  16  13  42  12   3  10  18   0   0   0  36   0  17  48   0   0  44   0   0   0   8  49   0  40  17   0  49  28  50   0   0   0  33   0   0  34   0   0   0  34   0
  43   0   0   0  42   0  28   0  11   0  21  17   0  17  12  40   0   0   0   0  43   0   0   5   0  34   1   0   3   6   0   0   0   1  50   0   0   0  33  10   0   0   0   0  18   0  12   0  48  15   0   2   0  43   6  35  20   0   9  37   0   1  13   0  49   0  42  25   4   0   8  24   0   0  37  44   0   0   0  46   0   5  35  42   0  38  50   0   0   0  43   0   0   0  13   7   0  47  10   0   0   0  50   0  49   0   0   0   0   0   0  17  15   0   4  40   0   0   0  34
   0   0   0  46  36   3   0   0   0  36  10  48   0   0   0  32   0   3  48   0   0   0  39  10   0   0   0   8  36   0   0   7   0  31   0   0   0  16   0   0  48   0  20   0   0   0  29   0   0  37  12   5   0  34   0   0   0   0  22   0  41   0  47   0   0   0  11   0  24  18   0   0   0   0   0   2  33   0  45   0  31   0  25  16   0   0   0   0   6  25   0   0   0  32   0   3   0   0   0   0  31   0  34   0   0  10   0  45   0   0  30  46   0   0  29  26  27  11  45
   0   0   0   0   2   0  38   5  11   0   0  18   0  30   0   0   0   0   0  29  47  42   0   0  33   0  38  35   0  48   9  15  11  45  10  43  19  43  25   0  38  27  23  44   0   0  18   0  46   0   0  14  24   0   1  16  19   0   0   0   0  41  48  14   0   7  36   0   3   0   0   6   9   0   0   0  38   2  10   0   3   0   0   8   2   0  33   0   0   0   0  41  45   0   0  18  30  28   0  12  36   3   9  27   0  39   0   0   0  16  43   0  26  41   0   0  25  30
   0   0   0  18   0   2   0   0   0   2   0   0   0  46   0   0  11  20  24   0  11  36  18  47   0  23   0  46  38  17  45  13   0  38  48   8   0   0  47  42   0   6  22  42   0  47   0   0  30  36  16  18  47  12   2  18   0  43  32   0   0   0  27   0  43   0   0  32   0  18   7   0   0  39   0   0   5   0  27  12  42  22  37  40   0  34   0  45   0  39  23   0  22  30  40  26   0  29   0   0   0   0   6   7   0  17  46   0  44  43  14  39   0   0   0  20   0
  19  19  32   0  30   0   0  35  19   0   0   0  36   0   0  49  10  27   0   0  31  22   0   2   0   0   0  21   0  38  29   6  27   0  45  50   0  16   0   0   0   0   0  13  37   0  10   0   0   0  50   0   0   0   0  36  35   0   0   3   0  30  34   0   0   0   0   0   0   0   2   0  36   0   0   0   0   0   7   0  36  21  50  32   0   8   0   0   3   0  21  26  48  36  13   0   1   0  26   0   0   0   0  14   0   0   0  27   0   0  10   0  38   0  22   0
   0   0   0  49  44  27   0   0   0   0   0   0  12   4   9  15  46   0   7  15   0  45   0   0   0   0   0  42  42   0   7  16   0  30   2  27  25   0   0   0   0   0  36  18  14   0   0   0   0  40  43   0  22  29  12   0  13  45   5   0  26   0   0   0   0   0  37  12  26   0   0  15   8   0   0  13   0   5   0   0  23  50   0   6   0   0  40   0   0   0   0  47  19   0  32   0   0   0   0   0  48   0  32   0   0  37  29   0   0   0  23   7   0   0   0
  34   0   0  12  40  35   0   0  12  14  10  15   0   0   0  26  42   0   0   0  15   0  22  16   0   0  16   0   0   0   6   0   0  39   9  17   8  29  27   7   0   0  35   0   0   0   0   1  44  40   0  31   0   0   0   0  28   0   0   0  10   0  28   4   0  33   9   0  24   0  41   0   0   0   0   0   0  19   0   3   1   0  27   0  22   0  11   0   0   0   4   8   0  27   5   0  39   0   0   0  14  39   1   0  46  12  20  10   0  13   0  32   0   0
  39  15  27   0  15   0   0  36   9  24   9   0  25  29  39   1  43  12   0  35  44  20   0  33  18   2   0  26   0   0   6   0   0  13  48   0   0  50  33   8   4  13  18   0   0   2  34   0   0   0  32   0   0   7  25   0   0   0   0  41   0   7  43  49  47   0   0   0   0   0  29  33   0  36   0  10   0   0  45   0  35  34   0   0   0   4   0   0  20   9   0   0   0   0  41  37   0  37   0   8   0   0  17   0  42  46   0   0  28   0   0   0  12
  30  19   0  34   0   0   0  28  12   0   0   0   0   0   0  10  18  14  18  30   2   0   0   0   0   0   0   0  32   0  36  33  43   0   0   0   0   0  42   0   0   0  17  26   0   0   0   0   0  45   0   0  29  44  23  38   0  27   2   0   0   0  47  26  45   0  48  49   5   0  14  27   0   0  35   0   0   0   0  31   0  32   0   2   0  37   0   0  21  25   0  43  20   0   1  16  18   0   5  47   0  15   0   0   0  29  23   0  46   0   0   0
   0   3  31   0   0   9  38   0   0  49  49   5   0   8   0   0   0   0  25  33   0   9  50  50  11   0   0   0   0  14   0  33  15  27  11  21  48   0   0   0   0   0  34  35  31  12  16   0  10   0  30  43  25   0   0   3   0   0   0   0  38   0  10  13   0  41  37  14   0  46   0   1  40  38  16   0  37  48   0  17   0  44   3  23  27  38   0   9  38   0   0   0   0   0  30  30   0  14   0  25   0   0  23  33   0   0   0   0   0  30  29
  36   0   0  44   2  32   5   0  43   0   0  45  11   6  50  17   0   0   0  19   0   0   0  14   0  40   0   0  12   0  46   0  31   2   0  26   0   0   0  32  36  46   0  29   0   0   0   0   2  31  26  31  35   0   5   0  20  27  43   2   0  18   0  37  34  41   0  11   0   0   4   0   0  17   1  47   0  31   0   0   0   4  19   0   0   0   0   9  40   0   0  34   0  47   0   0  13   9   0   0   0  13  30   0  11   0   0   0  18   0
   2   4   0   0   0   0   0   0   0   2  14  20  24   0   0   0   0   0   3   1   5   0  15  36   0   4   0   0   0  50  35   0   0   0  31  38   3   0   2  31  26   0  49   0  36   7   7   0  20   0   0   3  17   0  23   0  25  48   0   0  22   0   0   0   0   0   8   0  22   8   3   0   0  48   0  35  22   0   0   0   0  44   8   7  34   0  26   0   0  15   0   0  19  30   0   0   0  38  18  40   5   5  28   0  42  34   0   0  16
  35   0   0  44   0   0   0   0  17  26   1   0  48  46   6  27  39  46  12   0  43  35   0   0   9   0  41  36  42   0   3   0   0   0   2   0  14   0  19   0   6   0  43  17  44  17   0  12   0  22  32  25  27   0  17   8   0   0   0  47  24   0   0   0  39   0   0  42   0  18   0   0  11   0  15  41  49  50  32   0  27   0  45   0  43   7   0  34  25  19   0  35   0  17  10  11  46  18   0  18  42   0   0   0   0  31   0   2
   0  16  29   0   0   0   0  10   0   0   6   0  12  29   0   0  30  25   0  12   0   0  12  48  15   9   4  20  13   0  42   0  11   0   0   0   0   0  34   0   0   0   0  27  22  39  21  25   6  16   0   0  40   0  40  31  37   2   0   8  16   0   4   0   0   0  27   0   0   0   0  45   0   0   0  24  36  39   0   0  44  39   0   3  45   0   0   0  42   0   0   7  23  23   3   0   0  17   0  47   0   0   0   0   0  26   0
   0  39   4   0   0   0   9  37   0   5   0   0   0   0  49  20   0   0   0  18  33   3   0   0   0  34   0  38  50   0  29   0   0   0  43  45  29  27  18   0  30   0   0   0   0   0  30  30   0   0  17   0  38   0  24   0   0   0   0  25  18   0  17  43  38  20  19   0   2  10  30   0  26   0  22  26   0  32  35  28  18  14   0   0   0   0  34  16   3   0  33   0  29   0  34  25   0   0   0   0  21  23   0   0   0   0
  20   0   0   9  41   0  32  48  15   0   0   0   0   0  50  50   0   0  22  38  10   0   0  24   3  30   0  27  46  13   7   0   0   0   0  25   3   0  25   0  10  44  19   5   0   0  26   0   0   0  39   0   0  15  50   0  43   0  14   8   0   7  38   0   0   7   0   0   0   0   3   0   0   0  33   0   0  49   4   0   0   0   0   0  36  49   0   0   0   0   0  24  46  50   9  17  46   9   0   0  17   0  31  24   0
   0   0   0   0   0   0  45   0   0  25  28   0   0  23  43   0   3   0   6   0  38  27   0  36  27  45   0   0  18   0  15  22  38   8   0   0   0   0   6  41  13  36   0   0  29   8   0   0   0   9   0  20   0  43   0   0   0  24  26   0   0   0  38   0  35  49   1  32   0  41   0   0  48   0   0  29   0  13   0   0  48   0   0  23   3  36  42  31   0   0  42   4   0  26   0   0  10   0   0  22   2   0   0   0
  18  36   0   0  16  26  24   0   0   0   0   0   0   9   0   0  49   0  31  50  39   0  44  12   0   0   0  19   5  25   0  13   0   0  10   0  10  36  45  38   0   0  29  21  31   0   0   0  36   0   0   0  31   0  19   0  31  44  41  46   0   0  45  20   0   0   1   0  17   0   0   2  47  38  50  14   0  15  13   2   0  24  50   0   0   0  14   0   0   2   0   0  39  41   0   0   0   0  48  27   0  42  46
  35   0   0   0   7   0   5   0  13  44   8  22  33  49   0   0   8  22  15  20   0   6  49  21   0  30   0  48  22   0   0  25  47  40  22   0   0   0  21   0  11   6  39  23   5   0   0   0  39   0   0  50  50  29   4   0  41  25  48  10   0   0   2   0  31   0   0  44  49   0  37  18   0  25   0   0  27  15   9  29  22   0   0   5   8  40  44  50   0  29   0   0  42   0   0  47  46   7   0   0   0   0
   0  20  14   0  29   0   9   9   0   0   5  42   0   4  11   0  37   0   0   9  44   0   0   0  38  20  37   8   0   0  23   0   0  50   0   0   0   0  26   1   0   0   0  33  37   0  15   3  19  11  45   3  13   0   4  38  47   0   0   0  32   0   1   0  15   9   0  12  44   0  42  26   0  10  20  34   0  45   0   9  44  50  42   0   7  12   0   0   0  35   0   0   0   0   0   0  36   0   0   0   0
  31   0  50  19   0   6   6   0  45   0  40  32   0   0   0  45  27   0  17  50  50   0  21  35   0  41  37  36  15   0   0  39   0  25   0   0  16   0  17   0   0  37   0  43  23   6  29  16  17   0   5  45   0  41   0   0   0   0   0   0  18  33  35   0   0   0   0   0  22   7   0   0  29   0  13  20   0   0  28   0   0  29   0   0  34  12   0   0   0  35  21  43   0   0   0   0  26  30   0   0
   0   0   0   0   0   1   0   0   0  32   0  14   0   0  41   0  18  39  14   0  36  42   0   0   0  26   0   0  48  28  24  50   0  13   0  41  45  10  31   7  18   0   8  28   0   0   9  27  33   6   0   0  11   0   0  24  42   0  28   8   0   0  21   0   0  17   0  12   0   2   0  26   0  20  32   0  33  48  19   0   0   0   4  39   0   9   0  44   6   3   0  10   7  36  12  48   0   0   0
   0   0   0   0   0  35  33   0  12   0   1  17   0   0   0   0   0   0   8  45   0  20   0  23  41   5  45  34   0  41   1  21   0   0   0   0   0  30   0  50   0   8  14  36   0   5  37  19   5   0   3   0   0  25  16   0   0   0   0   0   7  27   0  39  25  11  23  47  39   0  13   0   0   0   1   2   0  38   0  43   0   0  46  24   0   0  37  40   0   0  15  48  36   0   0   0  38   8
   0   5   0  46   0  40  12   4   1   2   0   0   0  16  33  43   0   0   0   0   0   0   0   0   0  33   0   0   9   0  21   0   0   4   7  19   0   0  42   0  49   0   0   0   0   0   0   0   0   0  27  14  36   0   0   0   9  20  48   0   0   0  11  22   0   0   0   0   0  44   0   0   0   0  27  40  33  43  26   0   6   0  23  23  36   9  48   0   2  32  10   0   0  14   0   0  10
   3   0   0  25   0   8   0   0   0   0  46  40   1   4  14   0  48  18   8  37   0   0  15  11  38   0  28  28   0   0   0   0  21   0   0  35   0  47   0  31  22  47  49   0  11   0  37  36   0   1   9  49  49   9   0   0   0   0  36   0   0   9   6  50  17  43  20   1  25  11   0   0   6  43  32  37   0  29   0   0  27   0  38   0   9   2   7   0  37  45   0   3   0  37   0   1
  22   0   0  20   0  40   8   0  39  46   3  35  32  48  35  43   0  10   0  34  39   0   0  48  50   0   0  12  42   2   6  25   0   0  19   0   0  37   0   0   0   0   0  46   0  19  21   0   0   0   6   0  38   0   0   0  27   0  19  32  16   0  34  16   0   0  44   0  42   0   0  10   0   0  41   0   0   5  32   0  42   0  37  49   0  41   0   0  40   0  39  45   0   0   7
  30   0   0  16   0  44  37  39  43  36  29   0   0   0   0   0  29   0  46   0  49   0   7   0   4  15  37   0   0   0  17   0  49   0   0   0   0   6   0  14  26   0   0  31  13   0   1   0   0   0  40  29  18  16  37   0   6  30  50   0  16   0   0   0  20  41   2   0   0  28  16   0  36   0  13   0   4   0  41   4   0   0  15   0  44   0   5   0  49  18  43   4  44  28
   0   9   0  41  12  49   0   0   0   2   2   4   0  19  20   0   2   0   0  32   9  10   0   0  37   0  10   1   0  18   0   0  43  42  25   0  32   0   0  44  13   0  35   0  23   0   0  23  46  50   1   0   0   0   0  31   2   0   0  46   0  18  35  23  48  34   0   0   3   0   2   0   0   0  41   3  19   0   0  14   0  14   0  21   0  26  31   4   4   0  11   7  25
   0   0  48   0  32  19  18   0   0   0   0   0   0   0   0   0   0   0  43  28  17  42   0  11  44   0   4  36  18   0   0   0   0  26  18  33  41   6  27  23   0  27  22  12   0   0  13   0  34  21   0  31   0   0  36   4  43   0   0   0  34  42  34  10  47   7   0   0   0   5   0   0  28   0   0   9  45   0   0   0  11  28  16  47  50   0   0  35   0  49   0   0
   0   0   6   0   4  34   2  34  19   0   7   0  31  34  19  23  48  32   1   2  35  49   0   6   0   0   0   0  10   0   0  43  34   0  29   0   0   0  29  44   0  25  22   1   0  21   0   0  49   0  28   0  36   0   0  39   0  36  45   8  13  28   0  31   0  44  45   0  10  42   0  35  41   0   0   0  50  15   0  31   0   0   0  29   0   0  41  40  29  39   0
   0   4   0  15   0  16  47   0   0  42  39  13   0   4  41   2   0   0   0   0   0   0  15   2   0   0  49   0   0  16  11   0  43   0   0  20   0   0   0  31  50  28   0   0   0   0  20   0   1   0  38   0   0   0   0   0   0   0   7   0  39  36  11  25  44  18  25   0  30  45   0   0   0  19  22  34   0   0  30   0   0  25  44  19   0  11   0   0  49  36
   0   0   0  10  35  25  12   0   0  29  41  40   0   0   0   0   0   0  30  26  10   0   0  50  26  20  32   0   0  35   0   0   0   0  46   0   7   0   0   0  23   0   0  40   0   0   0   1  18  11   0   0  50  48   0  18   7   0   0   0  37  38  27  11  31   3  33  17   0   0   0   0   0   0   9  49  20  22  16  11   4  44   0   0  48  41  11  23   0
   4   0   0  44   0  32   9   0  40   0  31   0  10  24  15   0   0  30  30  20   0  25  35  34  41  31   0   3   0  38  43   0   0   0   0   0   0   0  32  13  14   0   0  17   0   0   0  25  37   0   0  41   0   0   0   0  33  35   9  14   0  44   0   0   0   0  38  12  37  29   0  16   0  49   6   0  16  32   0  23   0   0   0  15  40   0   0   0
   0   0   0   0   0   0   0  16   0  19  13  50   4   0   0   7  11  44  39  41  31   7  11   5   0   0   0  18   0  24   0   0   0   0  30   0   0   0   0   0   4  16   0   0   0   0  26   0   0   0   0  22   0  38  10  36   0   0  36  50   0  17   0  38  29   0   9  40   0  18   0  34   0   0   0   6   0   0   1  28   0  15   0  44  30  26   0
  46   0   0   0   2   0  43  20   0   0   0   0  15  35   1  47   0   5   0   0  39   0  32   0  21   0  23  46   0   0   0  18  19   0   0  10  28   0  47   0  10   8  44  40  11   0   0   0   0   0   0  42  17   0   0   0  44  27   0  47  41   0  46   0   7  17   0   0   0   0   0   0  22   0   4   0  48  43  37  10  41   0   0   0  31  26
   0   0   0   6   0   9   0  21  40  15   2  10   0  23  25  36   0   1   0  22   0   3   0   0   0   0  32  34   0   0  27   0  13   0  32   0  35   0  38  30   0  35  16  14   0   0  28  26   0  24   0  10  15   0  28   0   0   0   0  43   0  31   0   0   0  44  41   0   0  47   7  22  47  33  46   6   0  21   0   0   0   0   0  38   0
  10  22  31   0   5   0   0   0   7  18  37   0   5  13  43   0   0   0   0  34  11  18   0   6   0  18   0  41   0   3   0  45   0   0  45   0   8  16   0  32   0  50   0   0   9  32  37  27  10   0   0  28  38  35   0  40  20  23  50   9  13   0  11  22   0   0   0   9  21   0  27  21   0   0   6  46   0  11   0   0   0  50   0   0
  19  28   0   0  46   0  45  15   0   9  37  22  35  24   0  25  50   0   0   0   0   0   0  35  42  39   0   0   0   0   0  13   0  14   0   0  40  21   0  22  49   0  50   0   0   0   0  23  41  46   0   2  26   0  31   0   0  49  40   9   6  23  42   3   0  24   0   0  28   0   1   0  35  11   9   4   1   5   0   0   0  15   0
   0   0   0   0   0   0  46   7  45   9   0  42   0   0   0   0   0  23  11   0   0   0   0  15   0  24  21  23  19  31  36  29  18   0  38  40   0  22   0  37  19  43   0   0   0   4   0   0  32   0   0   4  38  29   0   0  40  12  15   0  11   0   0   0  32   0   0  10   0   0   0  19   0  23   0   0   0  28   0   0  13   0
  45   0  24   0   5  29  18  26   0   0   0   0  49  11  43  21   0  41   0   0   0   6   0   0   0   1   0   0  43   9  20   0  34   0   0   0  16   0   8   0   0   0   0   6  31   0  27   0   0   0   0   0   6   0   0  24  28   0  27   0  14  35   0  25  19  44   0  45  36  20   0   2  48   7   0   0   2   0  40   1  41
  37  35   2  28   0   0   0   0  13  14  33   0   0  33   8   0  46   0  32   6   0  25  43   0  37   0   0   0   0   0  18   0  40   9  42   0  37  49   0   0   0   0  40   0  16   0   0   0  19   0  14  37   0  10   0  36  23   7  13   0  17   0   0  15   0   0  17  31   0  47  45   0  29  18   0   0   0   0  24   8
   0  27   0   0  37  17   0   0   0   0   0   0   0   0  33   0   0  17   0   0  13   0  43  46   0   0   0  50  21  35   5  30   0  10   0   0   0  38   1  18  30   0   7   0   0  49  18   0  41   0   2  41   0  13   0  21   0  31   0   0   0  33   5  49   0   0   0  45   0   0   0   0   1  24  28  45   0   0  10
  32  21   8  50  16  29   0   9   0   0  40   0   0   0   0  41   0   0  15  44   0   0   0   0  47  35   0  14   4   7  26   0  31   0   0   0   0   0   0  28  20  37  25   0   0  14   7  10  26  39   0   0   0  10   0   0   0  47   0  48  33   0   9  30   0  21  28   0   0  22   0   0  23   0  29   0  16  25
   0   0  28  45  21  48   2   0  46  34   2  15   0  17  14   6   3   0   0   0   0   0   0   0  18   0   0   0   0  26  49  10  33   3   0   2  11   0   0   0   0  31   0  50  37  20  33   0   0   0  32   0  42   9   4   0   0  26  47  18  43  16   0   0  12  34   0   0  43   3   0   0   8  15   0   0   0
  19   9   0   9   0   0  15  41   0   0   0   0  13   0   0   0   0   7  13  16   0  20  20   0   8   0   0   0   0   0  28   4   0  32  17  13   0   0  17   0   0  41   0   6  29  10  30   0   0   0  21  35  35  29   0   1  28  19  15   0  50   0   0  24  18  49   0   0  20   8   7   0   0   0  22  34
   3   0  24  24   4  16  32   0   0   0   3  47   0  11   9  14   0   0   0   0   0   0   0  20   8  11   0   0   0  37   0   0   0   3   0   0   0  25  15   0  39  36   0  39  31   0   0   0   5  23  16   0   0  11   0   0  45   0  11   6   0   0  23  17  17  43   0   0   0  33  11   0  10   6  23
   0   0   0   0   0   6   0   0   0  37  29   0  20   0   0  35  50   0  19   0  44   0   8   0  19   6  26  49   0   0   0   0  10   0   0  47   0   0   0   0   0   0   0   0  20   0  31   0  20   0  28  20   0  41  27   0   0   0  25  49   0   0   2   5   0   0  34   0   0  35   0   0   6   0
   0  27   0  16   0   0   0  21   0  41  48  36   0  43   4   0   0  26   0  36  17  22   0   3   0  18  12   0   0   0   0  24  21   0   0  42   0   0   0   0  20  37   0  41   0  40   0  27   0  37  11   7   0   0   0   0   0   0  46  35  18  46  12  40  23   6  44   0   0   0   0   2   6
  38   0   0  22   7   6   0  30   0   3  12  45   0   0   0  44   0   5  38   0  19   0   0  16   0   0  16   0  48  27   0   9  43   0  14   0   1  43   0   0  48   0   0  49   0  28  26  37  31   0   0  29  42   0  21   0   0   0  38  13  26   0  19   7   0   0   0  35  26  44  18   0
   0   0  22   0   0  50   0  18  14  12   0  49  23  37   0  32  10   8  31  32  35   0   0  20  41   0  25  32   0   0   0  45   0  33  24   0   0  10  45   0   0   5   0  14   0   0  14  43   0  31  39  50  24  39  45   0  47   0   0   0  50   0  25  50  16  11  20   0   0  11  38
   0  26  29  32   0  22   0   0   0  30   0   0   5   0  42   0  16  23   0   0   0  14   0  32   5   0   0   2  38   0   0  37   9   6  44   0   0   0   0  23  49  38  36  17   0   0  16  41   0   0   0   0   0   0   0  16  30   0   0   0  44  44   0   0   0  33  10   0  47   4
  49   0  26   9   0   4   0  12  48   5  26  38   0  18  24   0   5   0   0   0  47   0  29   0  39  40   0   0   0  22  10  21   0  11   0  33   0   0  20   0   0  23   0   0  38  34   0   0   1  43   0  49   0   0  44  13  47  22   0  42  15  21   0  32   0  26   0  30  46
  46   0   0   8   0  44   0   3  22  36   0  39   0   0   0  16   0  16   0  27   0   2  31   0   0   0   0   0   0   0   0   0  28   0   0  47   0  14   0   0  12  48  28   0   0   0  32   9   0  45   0  46  44   0   0   0   0  40  40   1   0   0   0  28   0  46  39  27
   0  16  49   0  29  39   7  49  18   0   0  24   0   0   1  27  47   0   0  46   0  14   0  20  33   0   0  25   0  50  49   0  46   0   0   0   0  40   3   9   0   0  36  29  21  21  25   0  44  25   0   0  44  45   0   0   0  43   0  22  23   0   0   0   0  27   2
  31   6   0   0   0  46   0  25  43   0   0  28   1  25   6  32   0   0  23   0   0   0  39  32   0  45  24   0   0  32  32  40  31  37   0   0   0   0   0   0   0   0   0  50   0   0  23   0   0   0   6  25   0   0  37   0   6  30   0   0   4   0  37   0  30  48
   0   0   0  45   0   0  29  22  30  12   0   0   0   0   0   9  17  39   9   0   0  41   0   0  11   0   0   0  29  45   5  38  32   1   0   0   0  44   0   0  27   0   0  44  25   0   0   0   0  33   0   0  43   0   1  41   8   7   0   0  28   0  30  43   0
   0  12   0   0   3  17   0   0   2   0  42   0   0  28  37   5  11   0   0   0  49  38  14   0   0   0   0  43   0   0   0   0   5   0   2   6   0  29   0  31   0   0  49   3   0   0  28  37  29  31  50   0   0   0   0  47  20  41  13   0   0   9  44   0
   6  25  22   0   0   0  41  17   0   0   0  35  43  41  14   0   0  27  15   0  19  40  32  40  29   0   1  36   0   0   7  10   0   0   0   0   0   0  22   0   0  11   0  47   0  24   0   5   0   0   0   0   0  25  33   0  19   0   0  30   0  48  21
   0  30  23   0   7   0   0   0  43   0   0   0  41  32   0  34   0  26  48  23  50   0  41   0   0   0   0  30   9   0  44  14   0   0  29   0   0   0   0   0   0  50  11  26   5   0   6   0  38  34   0  25  41   0  33   0   0   0  23   5  45   0
   4  27  17   0   5   0   0  21   0   8  31  27   0  20   0   9   5   1   0  43   0  24  32   0  40   0   0   0  25   5   0   0   0   0  42   0  19  14   0   0  30   0   0   0  22   0  10   0   0  27   0   0   0   0   0  50  46   0  30  44  39
   2   0   6   0   0  28  17  10   6  14  24   0  30  29   0   0   0   6   0  44  41  39   0  34  29  14   0   0   0   0   0   0  31   0   0   0   0   0   0   0   0   0   4   0   5   0   0   0   0   0   0   6   0  30  11  49   0   0  50   0
   0   0  19   0  34  33  44  20   0  46   9   0   0  39   0   0  19  15  13   0   0  34   0   1   0   5   0  12  13   0  45   0   0   0   0  36   0  50   0  46   9   2  17   0  24  25   0  20   0  38   0   8   0  36  11   0  24   0   0
   0   0   0  32   4  45  47  39  48   0   0  47  17  24   0   0  12  30   0   0   4   0   0  36   0  11   0  13   0   0  38   0  22  44   0   0  40  12   0  13   7  17  17   0  11  37   0   0  45   0  43   3   1   0  15  18   0  45
  40   6  44   0   0  45   0   0  41   0   0  35   5   0  41   0  14   0   0  41   1  43  30   0   0   0   0   0  34  49  22  44   2   0  15  22   0  49  38   0   0   0  14   0   5   0  47   0  42   0  29   0  21  41   0   0   0
   0   0  48  20   3   0   0   0  30  33  30  15  35   0   0   0  27  24   5  33  10  30   0  11  41   0  50   0   0  21   0  21   1  39   0  46   0  15   8   0   0  24  17  45   0  26   0   0  36   3   9   0   0   0  27   0
   5   2   0   0  43   0  30   0  39   0  10   0  37   0   0   0  13  22   0  23  41  17  15   0   0   9  28  34  28  20  37  37   0  14   5   1  19  30   0   0   0  39  14  11  50  50   0   0  49  34   9  40  44   0   0
   0   0  39   0  32   0   0   0  43  23   0  45   0   0   0  27  38  19  29   0   4  45   0  36   0  27   0  43  34  24   0   0  43  42  49  15   0  36   0   0  50   9   0   0   3   0   0   0  11  11   0   0   9   0
   0   0   0  39  13   0  17   0  25   0   0   0   0   2   1  13  26   0  14   0  31   4   0  12   0  12   0  26   0  39  39  36   0   8   0   6   0   0  24   0  30  38   0   0  37   0  33   2  10   0  27   5   7
  34   0   0   0  16  47  16   0   0  37   0   0   0  35   0   0   0   0   0  35   6  37   0   0  40  34  26  16  33  32   0  44  12   0   0  21   0   5   0   0  33  29   0   0  18   0   2  17  38  40  16  32
   0   0   0   0   0   0   0   0   0   0   0   5  21   0   0  39  14   9  29   0   2   5   0  21   9  22   0  49   0   0  15   0  24   8  50   0  27   0  22   0   0   5  47  22   0  48  40  43   0  31  37
   1   0  45  33   0   0   0  43  31  29  42  31  37   0   0   0  21  45   0   0  41   0  12   0  31   1   0   0   6  11  30  36   7  19   0   0  41   0  38  43  20  32   0   2   0   6  40  45   0   0
   0  44   0   0   0   3  24   0  39   0  14  23  32   8   5   0  44   0   0  12  38   9   0   0   0   0   0   0  46  18   0   0   0  36  29  13  19   0  30   0  14   0   0   0   0   0   0   0   5
   0   0   8  36   0   0  15   0  16  25   1  42   8   0   0  23   0   0  26   0   0  11  10   0  31  27  33   0   0   6  38   0  14   0   6   9  36   0   0   7   0  32  41  19   7  22  26  41
  44  46  45  10  50  24  14   0   0  15   0  22  21  27   0   1   0   0  29   0   8   0   0  19   0   0   0  33   0   8   8   0   0   0   0   0  38  35   0  48  41  47   0  10   0  42   0
  44   0  35   0   0   0  34  47   0   0   0   0   0   3  49   6   0   0   0   0  16  34   0   0  14   0  42   0   0   3  30   8  47  21   0   0   0   0   0  29  20  10  36   0  48   0
  44   0   0   0  42   9  20   6   0   0   0   6  48   0   0  21   0   0   0   0   7   9   0   0  35   0  49   0   0  27   0   0  38  33   0  22   0   0   0  39  37  37   0   0  43
   0   0   0  36  41   0  49   7  32   2  15  34   0  42  13   0   0  14  19   0   0   0   0   5   0   0  15  42   0  45   0   0  22   0   0   6   0  47   0   8  27  41   0   7
   0  20   0   0   0   0   8   0   0  38  39   0   0  28   0   0  21   0   0   0   0   0  19  14  50   0   0   0   0  14   0   0  42   0  20  42  36   0   0  29   0   0   0
   0   0   0   2   0   0  14  44   0   0   0   1  25   0   0   0   0   0  12   0   0   0   0  12   0  39   6  40  30  39  47   0   0   0  16   0   0   0  32   0  34   6
   0   0   0   0   0   0  44   0   0   0   0   0  42  47   0  18  28  41   0  11   0  37  38  25  29  33  47  10  45   0  22   0   3   0  16   4   0  21  35  50   0
   0   0  41  31   7   4   0   0   0   0   0   0   5  39  42   7   0  26  49   0  12   0   0  10  44   0   4  48  26  13   7  25   0  49   0  26   0  33  14  32
  38  38  37   0   0   0  19  10   2  36  44   5  23   0  16   0   7   0   0   0  28   7   0   0  29  21   0   0   0  35   0   0  28   0  49  24  49   0   4
   0   0  44   0   0   0  36  44  49   0  33   0  21  14   0  29  36  46   0  16  12  23   0  42   6  45   0  11  32   0  37   0   5  23  10   0   0   0
  39  24   0  38  30  13   0  16  37  35   0   0   0  43   0  36   0   0  25  40  12   0  11  38   0  12  37   0   0  10   8  35  24   0  46  48  36
   0   0  31   8   0   0  45  35   0   0   0  33  40   0   0   0  23   0   0  34  50  20   0   0   0   0   0   0   0  44   5  25   0   0  16   0
   0  34   0   0   0   0  46  34  17  25  30  44  50  15  30   0   0   0  46  27   0   7  31  29  45   0  50  39  25   0  31  37  36   0   0
   3  42  13  18  41  34   3   0   7  16   0   0   0   0  11   0  40  29  21   0  34  19  18   0   0  19  18   0  11   0   0   0   0  41
  21   8  27   7   7   0   0  41   0   0  15   0  25   0   2   0   0   0   0   0  49   0   0  14   0   0  15  43   4   0   0   0   9
   0  45  45  38   0   0   0  22   0  27  24   0  48   0   0  16  44  33  10  18   0   0   0  44   1  34   0   0   0   0  10   4
   0   0  41   0   0   9  44  15   0   0   0  38   0   0   0  20   0  14   0  25   0  34  48   0   9   0  49  26   0  39  26
   0  36   0   0   7  42  11   4  26  12   0   9  22   0   0  40  35  39  49   0  50   0  29   0  22   0   0  43   0  34
   7   0   0   0  44   0   0  26   0   0   0  23   0   9   9   8   0  12  29  28   0   0  33   0   0   0  28   0  16
  49   0   0  35   7  41   5  29   0  37  39  25   0  37  21   0  10   0  18  36   0   0  16   0   0   0   0  33
   0  34   0   2   0   0   3   7  40   7   0   0  20  18   0   0   0   0  18  26   0  14   0   0   0   0  45
   5   0   0   1  14  24  49  38   0   0  48   0   5   0   0   0   0   8  48  49  45  28  27  33   0  43
  39   0   0  32   0   0  38   0   1  13   3   0  40   0   7   0  14   9  40  18  35   0   0  49  33
   0   0   0   0   0   5  29   0   0   0   0   0  12   0  36   0  44   0   0  24  36  43  42   0
   0   0   0  33   0  12   0   0   0   0   0  24   4   0  47  49  30   0   0  28   0   0  13
  47  48   0  15  50   0   0  20  49   0   0  35  39   0  42   0  45  16  33  28   0  15
   0  22  32   0  18   0  40   5   0  34  33   0  32   0   0   0  46  38   0  23   4
  32   0  24  34  28   0   0  33  23   0  10   0  20  39   0   0   0  46   0   8
   5   0   0   0  12   0  28  28   0   0   0  47  49  46  17   0   0   0   0
   1  49   0   0  20   9   0   2  30   0   0   0   7  45   0   4   0   0
  22   0   0   0   0   0   0   0  33   0  39   8   0   0   0   0  24
   0  27  23  39  37  36   2   0  46   2   0  42   0   0   0   7
   8  27   0   0  29  34   0   0  31   7  44  39  31   0  13
   1  50   1   0   0  40   2  24  10   1   0  34  29  45
  20   0   0   9  12   0  32   0   6   0  45   8  49
   0  49   0   7  11  44  11   0  48   0   0  23
  42  50  28  18   0  27   0  19   0  19   0
  14   4  29   0   0  31  13   0   0   0
  35   0  37  17  19  50   0  37  43
   0  11   4  29  15  41  49  45
   0   0   0  22   0  33  49
   0  25  44   0  20  39
   0   0   0  14  32
  21  38   0   0
   0  31  43
  49  11
  21

 964
   1   7  25  11  11  25   9  25   3  21   1  22  20  20   1  10  10   2   5   2  11   4  24  24   6  16   5   1  19  20   4   8  22  10  11   7  13  24   1  25   3  13  10  25  13   2  11  19  10   3   7   2  23   6  10  11  19   8   2  23  24   4  23  20  22  23   4   1  23  12   7   9  16   5   4  19  13  21  20   6   9   9  25   2   8   2  25  23  21   1   3  22  23  12   1  10  22  15  24  22  11   7  10  24   7   7  11  22   6   6  19  18  23   3  10  20  10  10   6  19  17  19  20   4   5  11   6   4   5  14  10   6  24  17   2   3  17  10   6   2

