 140 
   0   0  24   0   0   0   0   0   0   0   0  50  32   0   0   0   0   0   0   0   0   0   0   0   0   0   0   0   0  31   0   0   0   0   0   0   0   0   0   0   0   0   7   0   0   0   0   0   0   0   0   0   0   0   0   0   0   0   0   0   0   0   0   0   7   0   0   0   0   0   0   0   0   0  38  30  32   0   0   0   0   0   0   0   0   5   0   0   0   0   0   0   0   0   0  31   0   0   0  47   0   0  32  21   0   0   0   0   0   0   0   0   0   0   0   0   0   0   0   0   0   0   0   0  31   0  15  10  50   0   0   0   0   0   0   0  11   0   0   0
   0   0   0   0   0   0   0  38   0   0   0   0  32   0   0   0   0   0   0   0   0   0   0   0   0   0   0   0   0   0   0   0   0   0   0   0   0  12   0   0   0   0   0   0   0   0   0   0  33   0   0   0  15   0   0   0   0   0   0   0   0   0   0  24   0   5   0   0   0   0   0   0   0  19   0   0   0   0   0   0   0   0  49   0   0   0   0   0   0   0   0   0   0   0   0   0   0   0   0   0   0   0   0   0   0   0  21   9   0   0   0   0   0   0   0   0   0   0   0   0  19   0  27   0   0   0  42   0   0   0  10   0   0   0   0   0   0   0   0
   0   0   0  27   0  19   0   0   0   0   0  21   0   0   0  19   0   0   0   0   0   0  16   0   0   0   0   0   8   0   0   0   0   0  20   0   0  16   0  20   0   0  11   0  45   0   3   0   0   0   0   0   0   0   0   0   0   9   0   0   0   0   0   0   0   0   0  19   0   0   0   0   0  19   0   0   0   0   0   2   0   0   0   0  34   0   0   0   0   5   0   0   0   0   0  47   0   3   0   0   0   0   0   0   0   0   0  40   0  45   0   0   0   0   0   0   0   0   0   0  27   0   0   0   0   0   0  28  48   0   0   0   0   0   0  43   0   0
   0   0   0   0   0   0   0   0   0  19   0   0   0   0   0   0   0   0   0   0   0   0  20   0   0   0  12   0   0   0   0  27   0   0   0  24   0   0  49   0   0   0  28   0   0   0   0   0   0   0   0   0   0   0  19   0   0   0   0   0   0   0   0   0   0   0   0   0   0  35   0   0   0  34   0   0   0   0   0   0   0   0   0   0   0   0   0   0   0   0   0   0   0   0   5   0   0  45   0   0   0   3   0   0   0   0   0   0   0   0   0   0  50   0  47   0   0   0   0   0   0   0   0  28   0   0   0   0   0  47   0   0   0   0   0   0   0
   0   0  46   0   0   0  24   0  44   0   0   0   0   0   0   0   0   0  11   0   0   0   0   0   0   0   0  27   0   0   0   0   0   0   0   0   0   0   0  14   0   0   0   0   0   0   0   0   0   0   0   0   0   0   0   0  40   0  41  43   0   0   0   0  45   0   0   0  23   0   0   0   0   0   0   0   0   0   0   0   0  34  23   0   1  26   0   0   0   0   0   0   0   0   0   0   0   0   7   0   0   0  50  26  14   0   0  47   0  16  30   0   0   4   0   0   0   0   0   0   0  43   0  15   0   0  31   0   0   0  25   0   0   0   0   0
   0  26  46   0   0   0  42   0   0   0  35   0   0   0   0   0   0   0   0   0   0   0   0   0   0   0   0   0   0   0   0   0   0  49   0   0   0   0   0   0   0   0   0   0   0   0   0  25  44   0   0   0   0   0   0   0   0   0  48   0  48   0   0   0   0   0   0   0   0   0  38   0   0   0  12  11   0   0  15   0   0   0   0   0   0   0  43   0   0   0   0   0  34   0   0   0  31   0   0   0   0   0   0   0   0   0   0  45   0   0   0   0   0   0  36   0   0   0   0   0   0   0   0   0   0   0   0   0   0   0   0   0   0   0   0
   0   0   0   0   0   0   0   0   0   0   0   0   0   0   0   0   0  15   0  22   0   0   0   5   0   0   0  48   0   0   1   0   0   0   0   0   0   0  28   0   0   0  14   0   0   0   0   0   0   0   0   0   0  29   0   0   0   0   0  41   0   0   0   0   0   0   0   0   0   0   0  25   0   0   0   0   0   0   0   0   0  44   0  49  12   0   0   0   0   0   0   0   0   0   0   0   0   0   0   0  31   0   0  44   0   0   0   0   0   0   0   0   0   0   0  24   0   0   0   0   0   0   0   0   0   0  29   0   0   0   0   0   0   0
   0   0   5   0   0   0   0   7   0   0  48   0   0   0   0  31   0   0   0   0   0   0   0   0   0  33   0   0   0  11   6   0  36   0   0   0   0   8   0   0   0   0   0   0  19   0   0   0   0   0  34   0   0   0   0   0   0   0   0   0   0  27   0   0  40   0   0  16   0  47  30   0   0   0   0  13   0   0   0  43   0   0  18   0   0   0   0   0   0   0   0   0   0   0  15   0   0  34  35   0   0   0   0   0   0   0   0   0  45   0   0  45   0  11   0   0   0   0   0   0   0  26   0   0   0   0  36   9   9   0   0   0  47
  22   0   0   0   0   0   0   0   0   0   0  30   0   0   0   0   0   0   0   0   0   0   0   0   1   0   0  13   0   0   0   0   0   0   0   0   0   7   0   0   0  40  34   0   0   0   0   0   0   0  24   0   0   0   0   0   0   0   0   0   0   0   0   0   0   0   0  24   0   0   0   0   0   0   0   0   0   0   0   0   0   0  11   0   8   0   0   0   0   0  49   0   0   0  22   0   0   0   0   0   0   0   0   0   0   0   0   0   0  12   0   0  42   0   0   0   0   0   0   0   0   0   0   0  16   0   0   0  27   0   0   0
   0   0   0  34   0   0   0   0   0   0   0   0   0   0   0   0   0   0   0   2   0   0   0   0   0   0   0   0  35   0   0   0   0   0   0   0   0   0  12   0  23   0   0   0   0   0   0   0  43   0   0   0   0  17   0   0   0   0   0   0   0   1   0   0   0   0   0   0   0   0   0   0   0   0  35   0   0   0   0   0   0   0   0   0   0   0   0   0   0   0   0   0   0   0   0   0   0   0   0   0  35   0   0   0   0   0   0   0   0   0   0   0   0   0  49   0   0   0   0   0   0   0   0   0   0   0   0   0   0   0   0
  17   0   0   0   0   0   0   0   0   0   0   0   0   0   0   0   0   0   0   0   0  14   0   0   0   8   0   0  12   0   0   0  22   0   0   0   0   0   0   0   0   0   0   0   6  23   0   0   0   2   0   0   0  31   6  13   0  17   0   0   0   0   0  37   0   0   0   0   0   0   0   0   0   0   0   0   0   0   0  39  22   0   0   0   0   4   0   0   0   0   0   0   0   0   0   0   0   0   0   0   0   0   0   0   0   0   0  36   0   0   0   0   0   0   0   0   0   0  50   0   0   0   0   0   0   0  33   0   0   0
  26   0   0   0  39   0  15   0   0  16   0   0  24   0   0   0   0   0   0   0   0  46   0   0   0   0  32   0   0   0   0   0   0   0   0  20   0   0   0   0  28   0  17  12   2   0   0   0   0  24   0   0  15   0   0   0   0   0   0   8   0   0   0   0  29   0   0   0   0   0   0   0   0   0  11  31   0   0   0   0   0   0   0   0   0   0   0   0  30   0   0   0  22   0   5   0   0   0   0   0   0  11   0   0   0   0   0   0   8   0   0  32  32  46   0  20   0   0  19   0  23   0   0   0  43   0   0   0   0
   0  10   0  20  11  26   0   0   0   0   0   0   0   0  23   0  30   0   0   0   0   0  17   0   0   0   0   0   0   0   0  50   0   0   0   0   0   0   0   0  21   0   0   0   4   0   0   0   0   0   0   0   0   0   0   0   0   0   0   0   0   0   0   0   0   0   0   0   0   0   0   0   0   0  48   0   0   0   0   0   0   0   0   0   0  17   0   0   0   0   0   0   0  24   0   0   0   0   0   0   0   0   0   0   0  30   0   0   0   0   0   0   0   0   0   0   0   0   0   0   0   0   0   0   0   0   0   0
   0   0   0   0   0  49   0   0   0   0   0   0   0   0   0   0   0   0   0   0   0   0   0   0   0   0  14   0   0   3   0   0   0   0   0   0   0   0   0   0   0   0   0  11   0   0   0   0   0   0   0  49   0   0   0   0   0  47  13   0   0   0   0   0   0   0   0   0   0   0   0   0   0   0   0   0   0   0   0   0   0   0  27   0  41   0   0  21   0   0   0   0   0   0   0   0   0   0   2   0   0   0   0   0   0   0   0   0   0   0   0  17   0   0  23   0   0   0   0   0  22   0   0   0   0   0   0
   0   2   0   0   0   0   0   0   0   0   0   0   0   0   0   0   0   0   0   0   0   0   0   0   0   0   0   0   0   0   0  21   0   0   0   0   0   0   0   0   0   0   0   0   1   0   0   0   0   0   0   0   0  42   0   0   0   0   0  18   0   0   0   0   0   2   0   0   0   0   0   0   0  40   0   0   1   0   0   0   0   0   0   0   0   0   0   0   4   0   8   0   0   0   0   0   0   0   0   0   0   0   0   0   0   0   0   0   0   0   0   0   0   0   0   0   0   0   0   0   0  17   0   0   0  11
   0   0   0   0   0   0  12   0  15  36   0   0   0   0   0   0   0   0   0  50   0   0  28   0   0   0   0  29   0   0   0   0   0   0   0   0   0   0   0   0   0   0   0   0   0   0   0   7   0  44   0   0   0   0   0   0  43   0  36   0   0   0   0   0   0   0   0   0   0   0   0  12   0   0   0   0   0   0   0   0  35   0   0   0   0   0   0   0  45   0  50   6   0   0   0   0  39   0   0   0   0   0  14   0   0   0   0   0   0   0  35   0   0   0   0  49   0   0   0   0   0   0   0   0   0
   6   0  33   0   0   0   0   0   0   0   0   0  20   0   0   0   0   0  13   0   0   0  39   0   0   0   0  31  41   0  21   0   0   0   0  40   0   0   0   0   0   0   0   0   0   0   0   0   0   0   0   0  41   0   0   0  46   0   0  50  33   0   0  19   0   0   0   0   0   0   0   0   0   0   0   0   0   0   0   0   0   0   0  33   0   0   0   0   0   0   0   0   0   0   5   0   0   0   0  27   0   0   0   0   0   0   0   0  15   0  44  19  37  15   0  36   6   0   0   0   0   0  48   0
  16   0   0  31   0   0   0   0   0   0   0   0   0   0   0   0   0   0   0   0  35   0   0   0   0   0   0   1   1   0  32   0   0   0  20   0   0   0   0  31   0  44   0   0   0   0   0   0   0   0   0   0   0   0  12   0  10   0   0   0   0   0   0   0   0   0   0   0  35   0   0   0   0  39   0   0   0   0   0   0   0   0   0   0   0   0   0   0   0  10   0   0   0   0   0  15   0   0   0   0   0   0   0   0   0   0   7   0  42   0   0   0   0   0   0   0   0   0   0   0   0   0   0
  18   0   0   0   0  50   0   0   0   0  36   0   0  20   0   0  15   0   0   0   0   0   0   0   0   0   0   9   0   0   0  23   0   0   0   0   0   0   0  21   0   0   0   0  28  41   0  44   0   0   0   0   0   4   0   0   0  28   0   0  47   0   0   6   0   0   0   0   0  11   0   0  24   0   0   0   0  15   0   0   0   0  12  30   0  47   0   0   0   0   0   0   0   0   0   0   0  49   0   0   0   0  30   0   0   0  17   0   0  35   0  14   0   0   0   0   0  17   0   0  13   0
   0   0   0   0   0   0   0   0   0   0   0   0   0   0   0   0   0   0   0   0   0   0   0   0   0   0  42   0   0   0   0   0   0   0   0   0   0   0  16   0   0  38   0   0   0   0   0   0   0   7   0   0   0  34   0   0   0   0   0   0   3   0   0   0   0   2   0   0   0   0   0   6   0  23  43  19   0  44   8   0   0   0   0   0   0   0   0  20   0   0   0   0   0   0   0   0   0   5   0   0   0   0  27   0   0   0  16   0   0   0   0   0   0   0   0   2   0   0   0   0  44
   0   0  26   0   0   0   8   0   0  14   0   0   0   0   7   0  16   0   0   3   0   0  35   0   0   0   0   0   7   0   0   0   0  38   0   0  28   0   0   0   0   0   0   0   0   0   0   0   0   0   0   0   0   0   0   0   0   0   0  39   0   0   0  41   0   0  28   0   0   0   0   0   0  48   0   0  33  44   0   0   0   9   0   0   0   0   0   0   0   0   0   0   0  37   4   0   0   0   0   0   0   0  28  19   0   0   0   0  41   0   0   0   0   0   0  46  16   0   0   0
   0  33   0   0   0  25  27   0   0   0   0   0   0   0   0   0   0   0  14  38   0   0   0   0   0  18   0   0  50   0   0  41  42   0   0   0  37  35   0   0  15  32   0   0   0   0   0   0   0   0   0  15  34   0  44   0   0   0   0   0   0   0   0   0   0   0  38   0   0   0   0   0   0   7  26  42   0   0   0   0   0   0   0   0   0   0   0   0   0   0   0   0   2   0   0   0   0   6   0   0   0   0   0   0   0   0   0   0   0   0  48   0   0   0   0   0   0   0  22
   0  11   0   0   0   0   0  25   0   0   0   0   0   0   0   0   0   0   0   0   0   0   0   0   0   0   0   0   0  10   0   0  37  18   0   0   0   0   0   0   0   0   0   1   0   0   0   0   5   0   0   0   0   0   0   0   0   0   0   0   0   0  45  24   0   0   0  37   0   0  43   0   0   0   0  44  43   0  16   0   7   0   0   0   0   0   0  17  11   0   0   0  22   0   0   0   0   0   0   0   0   0   0  30   0  23   0  17  28   0   0  30   0   0   0   0   0   0
   0   0   0   6   0   0   0   0   0   0   0  26   0   0  30  12   0   0   0   0   1   0   0  31   0   0   0  26   0   0  14   0  12   0  17   0   0   0   0   0   0   0   0   0  37   0   0   0   0   0   0   0   0   0   0   0   0   0   0   0   0   0   0   0  34   0   0   7   0   0   0   0   0   0   0   0   0   0   0   0  16  24   0   0  39   0   0   0   0   0   0   0   0   0   0   0   0   0   0   0  19   0   0   0   0   0   0   0   0   0   0   0   0   0   0   0   0
   2   0   0   0   0   0  48   0   0   0  28   0   0   0   0   0   0   0   0   0  27   0   0   0  33   0   0  26  28   0   0   0   0   0   0   0   0   0  46   0   0   0   0   0   0   0   0   0   0   0   0   0   0  46   0   0   0   1  14   0   0   0  37   0   0   0   0   0   0   0   0   0   0   0   0   6   0   0   0   0   0   0  32   0   0   0   0   0   0  28   0   0   0   0   0   0   0   3  43   1   0   0   0   0   0   0   0   0   0   0   0   0   0  41   0   0
   5   0   0   0  45   0  48  40   0  23  45  14   0   0   0   0   0   0   0   0   0   0   0   0   0   0  12  30   0   0   0   0   0   0   0   0   0   0   0   0   0   0   0   0  46  41   0   0   0  29   0  49   0   0   0   0   0   0   0  40   0   0   0   0   6   0   0   0   0   0   0   0   0   0   0   0   0   0   0   0   0   0   0  13   0   0   0   0   0   0   0   0   0   0   0   2   0   0   0   0   0   0   0   0   0   0   0   0   0   0   0   0   0   0   0
  14   9   0   0   0   0   0   0   0   0  37   0   0   0   0   0   0   0   0   0   0   0   0   0   0   0   0   0   0  36   0   0   0   0   0   0   0   0   0   0   0   0   0   0   0   0   0  28   0   3   0   9   0   0   0   0  39   0   0   0   0   0   0   0   0   0   0   0   0   0   0   0   0   0  38   0   0   0   0   0   0   0   0   0   0   0   0  22  24   0   0  38   0   0   0   0   0   0   0   0   0   0   0   0   0   0   0   7   0   0   0   0   0   0
   0  23   0   0   0   0   6   0   0   0   0   0   0   0   0   0   0   0   0   0   0   0   0   0   0  34   0   0   0   0   0   0   0   0   0   0   0   0   0   0  19  36   0   0   0   0   0   0   0   0   0   0   0   0   0   0   0   0   0   0   0   0  34   0   0   0   0   0  48   0   0   0   0   0   0   5   0   0   0   0   0   0   0   0   0   0   0  37   0  30   0   0   0   0   0   0   0   0   0  42  35   0   0   0   0   0   0   0   0   0   0   0   0
  20   0   0   0   0   0  27   0   0  20   0   0   0  39   0   0   0   0   0   0   0   0  16   0   0   0   0   0   0   0   0  40   0  22   0   0  47   0   0   0   0   0   0   0   0   4   0  30   0   0   0   0   0  38   0   0   0   0   0   0   0   0   0   0   0   0   0   0   0   0   0   0   0   0   0  33  21   0   0   0   1   0   0   0   0   0   2  13  12   0   0   0   0   0   0   0   0   0   0  20  42   0  27   0   0   0   0   0   0   0   0   0
   0  14   0   0   0   0   0  33   0   0   0   0   0   0  37   0  16   0   0   0   0   0   0   0   0   0   0   0   0   0   0  33   0   0   0   0   0   0   0   0  38   0   0   0   0   0   0   0   0   0   0  49   0   0   0   0   0   0   0   0   0   0   0  48   0   0  11   0   0   0   0   0   0  37   0   0   0   0   0   0   0   0   0   0  42   0   0   0   0   0  18  20   0   0   0   0   0   0   2  11   0   0   0   0   0   0   0   0   0   0   0
   0   0   0   0   0   0   0   0   0  45   0   0   0   0   0  48   0   0   0   0   0  21   0   0   0   0   0   0   0   0   0  25   0   0   9   0   0   0  25  10  47  44   0   0   0   0   0   0   0   0   0  30   0   0   0   0   0   0   0  40   0   0  29   0   0   0   0   0   0   0   0   0   0  37   0  31   0   0   0   0   0   0   0   0   0  31   0  26   0   0  47   0   0   0   0   0   0   0   0  15   0   0   0   9   0   0  46   0   0   0
   0  14   0   0   0   0   0   0   0   0   0  18   0   0   0   0   0   0   0   0   0   0   0   0  37   0   0   0   3   0  25   0   0   0   0   0   0   0   0  16   0   0   0   0   0   0   0   0   0   0   0   0   0   0   0   0   0   0   0   0   0   0   0   0   0   0   0   0   0  26   0   0   0   0  17   0   0  50   0   0  33   0   0   0   0   0   0   0   0   0  25  20   1  10   0   0   0   0   0   0   0   0   0  46  15   0   0   0   0
   0   0   0  19   0   0   0   9   0   0   0   0   0   0   0   0  21   0   0   0   0   0   0   0   0  20   0   0   0   0   0   0   0   0   0   0  20   0   0   0   0   0   0   0   0  31   0   0  43  27   0   9   0  45   0   0   0   0   0   0   0   0   0   0   0   0   0   0   0   0   0   0   0   0  42  12   0   0   0   0   0   0   0   0   0   0   0   0  21   0   0   0   0   0   0   0   6   9   0   0   0   0   0   0   0   0   0   8
   0   8  38  17   0   0   0   0   0   0   0   0   0   0   0   0   0   0   0   0   0   0   0   0   0   0   0   0   0   0   0   0   0   0   0   0   0   0   0  20   0   0   2   0   0   0   0  15   0   0   0   0   0   0   0   0   0   0  17   0   0  14   0   0   0   0   0   0   0   0   9   0   0   0   0   0   0   0   0   0   2   0   0   0   8   0   0   0  10   0   0  11   0  33   0   0   0   0  23   0   0   0   0   0   0  41  22
   0   0   0   0  20   0   0   0   0  28  17   0   0   0   0  18   0  45   0   0   0   0   0   0   0   0   0   0   0   0   0   0   0   0   0  33   0  35   0  39   0   0   0   0   0  50   0   0   0   0   0   0   0   0   0   3   0   0   0   0   0   0   0   0   0   0   0   0   0   0   0   0   0   0   0   0   0   0   4  29   0   0   0   0   0   0   0   0  22   0  35   0   0  24   0   0   0   0   0   0   0   0   0   0  14   0
   0   3   0   6   0   0  16   0   0   0   4  35   0   0   0   0   0   0   0  35   0   0   0   0   0   0   0   0   0   0   0   0   0   0   0   0   0   0   0  47  25   0   0  38   0   0   0  47   0   0   0   0   0   0   0  24   0   0   0   0   0   0   0   0   0   0   0   0   0   0   0   0   0   0   0   0   0   0   0   0   0   0   0   0   0  19   0   0   0   0   0   0   0   0  19   0   0   0   0   0   0   0   0  31   0
   0   0   0   0  36   0   0   0   0   0   0   0   0   0   0   0   0   0   0   0   0   0  32   0   0   0   0   0   0   0   0   0   0   0   0   0   0   0   0   0   0   0   0   0   0  38   0   0   0  45   0   0   7  38   0   0   0   0   0   0   0   0   0   0   0   0   0   0   0   0   0   0   0   0   0   0   0   0   0   0   0   0   0   0   0   0   0   5   0   0   0   0   0   0   0   0   6   0   0   0   0  17   7   0
   0   0   0  37   0   0   0   0   0  34   0   0   0   0   0   0   0  47   0  34   0   0   0   7   0   0   0   0   4   0   0  26   0   0  11   0   0  31   0   0   0   0   0   0   0   0   0  14   0  27   0   0   0   0   0   0  32   0   0  23   4   0   0   0   0   0  28   0   0   0   0   0   0   0   0   0   0   7   0   0   0   0   0   0   0   0   0   0   0   0   0   0   0   0   0   0   0   0   0   0   0   0   0
   0   0   0   0  12   0   0   0   0  21  38   0   0   0   0   0   0   0   0   0   0   0  43   0  14   0   0   0   0   0   0   0   0   0   0   0   0   0   0   0   0  32   0  49  47   0   0   0   0   0   0   0   0   7   0   0  30   0   0  44   0   0   0  16   0  50   0   0   0   0   0   0   0  44   0   0   0   0   0  39   0   0   0   0   0   0  37   0   0   0  19   0   0   0  26   0   0   0   0   0   0  29
   0  28   0  27  25   0  42   0   0   0   0  23   0   7   0   0   0  10   0   0   0   0   0   0   0   0   0   0   0   0  44   0  32   0  38   0   0  44  17   0   0   0   0  36   0   0   0   0   0   0   0   0  42   0   0   0   0   0   0   0  39   0   0   0   0   0   0  15   0   0   0   6   0  45  22   0   2   0   0   0  16   0   0   0   0   1   0   0   0   0   0   0   0   0   0   0   0   0   0   0   0
   0   0  17   0   0   0   0   0   0   0   0   0   0   0   0   0   0   0  13   0   0   0  27   0   0   0   0   0   0   0   0  49   0  19   0   0   0   0  10   0   0   0   0   0   0   0   0   6   0   0   0   0   0   0  48   0  48  41   0   0   4   0   0   0   8   0  13   0   7   0   0   0   0  14   0   0   0   0   0   0   0   0  18   0   0   0   0   8   0   0   0   0   0   0   0  11   0   0   0   0
   0   0  47   0   0   0   0   0   0   0   0  40   0   0   0   0  10   0   0   0   0   0   0  21   0   0  39  39   0   0   0   0   0   0   0   0   0  24   0   0   8   0   0   0  41   0   0   0   0   0   0   0   0   0   0   0   0   0   0   0   0  16   0   0   0   0   0   0   0   0   0   0   0  41   0   0   6   0   0   0   0   0   0   0   0   0   0   0   0   0   0  45  11   0  10   0  43   0   0
   0  20   0   0   0   0   0   0   0   0   0   0   0   0   0   0   0  23  14   0   0  19   0   0   0  34   0  42   0   7  36   0   0   0   0   0   0   0  23   0  42   0   0  10   0   0   0   0   0   0   0   0  41   0   0   0   0   0   0   0   0   0   0   0  40   0   0   0   0   0  38   0  28   0   0   0   0   0   0   0   0   0   0   0  21   0   0   0   0   0   0   0   0   0  44   0   0   0
   0   0   0   0   0   0   0  38   0   0   0   6   0   0   0   0   0   3   3   0   0   0   0  17  30   0   0   0   0   0   0   0   0   0   0   0   0   0   0   0   0   0   0   0   0   0   0   0   0   0   0   0   0   0  38   0   0   0  32   0   0  39   0   0   0   0   0   0   0   0   0   0   0   0   0   0   0   0   0  24   0   0   0  25   0   0   0   0   0   0  25   0   0   0   0  12  35
   0   0   0   0   0   0  19   0   0  14   0   0   0   0   0  47   0   0   0   0   0   0   0   0   0   0   0   0  27   0   0   0   0   0   0   0   0   0   0   0   0  41   0   0   0   0   0   0  50   0   0   0   0   0   0   0   0   0   4   0   0   0   0   0   0   0  34   0   0   0  47   0  16   0   0   0   0   0   0  26   0   0   0  16   0   0   0   0  29   0   0   0   0   0   0  29
   0   0  50   0   0   0   0   0   0   0   0   0  49   0   0   0   0   0   0  35   2   0   0   0   0   0  37   0   0   0   0   0   0   0   0   0   0   0   0  50   0  37   0   0   0   0   0   0   0   0   0   0  35   0   0   0   0   0   0   0   0   0   0   0  21   0   0   0   0   0   0   0   0  28   0   0   0   0   0   0   0  45   0   0   0   0   0   0   0   0   0   0   0   0   0
   0   0   0   0  48   0   0   0   0   0   0   0  27  11   0  44   0   0   0   0  20   0  47  23   0  14   0   0   0   0   0  36   0   0   0   0   5   0   0   0   0   0   0   0   0   0   0   0   0  37   0   0  28   0   0   0   0   0   0   0   0   0   0   0  32   0   0   0  13   0   0  18   0   0   0   0   0  16   0   0   0   0  11   0   0   0   0   0   0   0   0   0   0   0
   0   0   0  15   0   0   0   0   0  25   0  35   0   0   0   0   0   0   0   0   0   0   0   0   0   0   0   0   0   0   0   0   0   0   7   0   0   0   0   0   0   0   0   0   0   0  39   0   0   0   0  39   0   0   0   0  36   0   0   0  28   0   0   0   0   0   0   0   0   0   0   0   0   0   0   0   0   0  45  22   0   0   9   0   0   0   0   0   0   0   0   0   0
   0   0   0   0   0   0   0   0   0   0   0  18  28   0   0   0   0  32   0   0   0   0   0   0   0   0   0   0   0   0   0   0   0   0   0  14   0   0   0   0   0  29   0   0   0   0   0   0  43   0   0   0   0   0   0   0   0  44   0  17   0  49  23   0   0   0   0   0   0   0  24   0   0   0   0   0   0   0   0   0   0   0   0   0  39   0   0   0  37   0   0   0
   0   0   0  41   0   0   0   0  12   0   0   0   0   0   0   0   0   0   0   0   0  38   0  50   0  27   0   0   0   0   5  47   0   0   0   0   8   0   0  10   0  12   0   0  24   0   0   0   0   0   0   0   0   0   0   0   0   0   0   0   0   0   0   0   0   0   0   8   0   0  12   0   0   0   0   0   0   0  23   0   0   0   0  18   0   0   0   0   0  43   3
   0   0  34   0   0   0   0   0   0   0   0   0   0  33   0  16  35  28  25   0   0   0   0   0   0   0   0   0   0   0   0   0   0   0   0  25  21   3   0   0   0  40   0   0  41   0   0   0   0   0   0   0   0  10   0   0   0   0   0   0   0  39  20   0   0   0  29   0   0   0   0   0   0   0   0   0   0   0   0   0   0   0   0   0   0   0   0   0   0   0
   0   0   0   0   0   0   0   0  35   0   0  36   0   0   0   0   0  30   0   0   0   0   0  20   0  30   0  22   0   0   0   0  50   0   0   0   0   0   0   0   0   0   0   0   0   0   0  38  33   0   0   0   0   0   0  40   0   0   0   0   0  41   0   0   0   0   0   0   0   0   0   0   0  41   0  46   0   0  10   0   0   0   0   0  38  31   0   0   0
   0   0   0  32   0   0   0   0   0   0   0   0  43   0   0   0   0   0   0   0  32   0   0   0   0   0   0   0  44   0   0  48   0   0   0   0   0   0   0   0   0   0   0   0   0  16   0   0   0   0   0   0  44   0  24   0   0   0   0   0   0   0   0  26   0   0   0   0   0  44   0   0   0   0   0   0   0  38   0  28   0   0   0   0   0   0   0   0
   0   0   0   0   0   0   0   0   0   0   0   0   0   0   0   0   0  50   0   0   0   0   0   0   0   0  28   0   0   0   0   0  36   0   0   0   0   0   0   0   0   0  35   0   0   0   0   0   0   0   0  50   0   0   0   0   0   0   0   0   0   0   0   0   0   0   0   0   0   0   0   0   0   0   7   0   0   0  11   0   0   0   0   0   0   0  25
   0  12   3   0   0   0   0   0  11   0   0   0   0   0   0   0   0   0   0   0   0   0   0   0  21   0   5  17   0   0   0   0   0   0   2   0   0   0   0   0  33   0   0  10   0   0   0   0  27  16   0   0   0   0   0   0   0   0   0   0   0  40   0   0   0   0   0   0   0   0   0  48   0  20   0  13   0   0   0   0   0   0   0   0   0   0
   0   0   0   0   8  40   0  23   0   0   0   0   0   0   0   0   0   0   0   0   0   0   0   0   0   0   0   0   0  14   0   0   0   0   0   0  39   0   0   0   0   0   0   0   0   0   0   0   0   0  10   0   0   0   0   0  50   0   0   0   0   0   0   0  21   4   0   0  46   0  46   0  38   0   0   0   0   0   0   0   0   0  49   0  49
   0  44   6  50   0   0   0   0  47   0   0  18  48  22  33   0   0   7   0   0   0  30   0   0   0   0   0   0   0   0   0   0   0  45  30   0   0   0   0   0   0   0   0   0   0   0   0   0   0   0   0   0   0  45   0   0  30   0   0   0   0   0   0   0   0   0  11   0   0  43   0   0   0   0   0   0   0   0   0   0   0   0   0   0
   0   0   0   0   0   0   0   0   0  21   0   0   0   0   0   0   0   0   0   0   8   0   0   0   5  36   0   0  22   0  24   0   0   0   0  19   0   0   0   0   0  31   0   0   0   0   0  28   0   0   0   0   0   0   0   0   0   0   0   0  37   0   0  19   0   0   3  46   0   0   0   0   0   0   0   0   0   0   0   0  13   0  27
   0   0   0   0   0   0   0   0   0   0  38  43   0  23  33   0   0   0   0   0   0   0   0   0   0   0  24   0   0   0   0   0   0   0   0   0   0   0   0   0   0   0   0   0   0   0   0   0   0   0  39   0   0   0   0   0   0   0   0   0   0   0   0   0   0   0   0   0   0   0   0  39   0   0   0   0   0   0   0  13   0   0
   0   0   0   0   0  17   0  15   0   0   0   0   0   0   0   0   0   0   0   0   0   9   0   0  37   0   0   0   0   0   0   0   0   0   0  32   0   0   0   0   0   0   0   0   0   0   0   0   0   0   0   0   0   0   0   0   0   0  11   0  22   0   0   0   1   0   0   0  46  27   0   0   0   0   0   0   0   0   0   0  11
  35   0   0   0   0   0   0   0   0  40   0   0   0   0   0   0   0   0   0   0   0   0   0   0   0   0   0   0   0  19   0   0  22   0   0   0  20   2  49   0   0   0   0   0   0   0   0   0   0   0  17   0   0   0   0   0   0   0   0   0  16  43   0   0   0   0   0   0   0   0   0   0   0   0  25   0   0   0   0   0
   0  11   0   0   0   0   0   0   0  18   0   0  20   0   0   0  41   0   0   0   0   0   0   0   0   0   0   0   0   0   0   0  40   0   0  49   0   0   0   0   0  21   0   0   0   0   0   0   0   0   0   0   0   0   0   0   0  39   0  27   0   0   0   0   0   0   0   0   0   0  50   0   0   0   0   0   0   0   6
   0   0   0   0   0   0   0   0   0   0   0   0   0   0   0  11  48   0   2   0   0  29   0   0   0   0   0   0   0   0   0   0   5   0   0   0   0   2   0   0   0   0  17   5  15   0   0   0   0   0  19   0   0   0  14   0   0   0   0   0   0   0   0   0  30   0   0   0   0   0   0   0   0   0   0   0   0   0
   0   0   0   0  36   0   0   0   0   0   0   0   0   0   0   0   0  35   0   0   0   0   0   0   0  15   0   0   0   0   0   0   0   0   0  31   0   0  47   0   0   0   0   0   0   0   0   0   0   0   0   0   0   0   0   0   0   0   0   0   0   0   0   0   0   0  49   0   0   0   0   0   0   0   0   0  25
   0   0   0   0   0   0   0   0   0   0   0   0   0   0   0   0   0   0  31   0   0   0   0   0   0   0   0   0  28   0   0   0   0   0  15   0   0   0   0   0   0   0   0   0   0   0   0  36   0   0   0   0   0   0   0   0  29   0   0   0   0   0   0   0   0   0   0   0   0   0   0   0   0   0   0   0
   0   0   0   0  12   6   0   0   0  23   0   0   0  35   0  28  15   0   0   0  37   0   0   0   0   0   0   0   0   0   0   0   9   0   0   0   0  45   0   0   0   0   0   0   0   0   0   0   0   0  17   0   3   0   0   0   0  10   0   0   0   0   1   0   0   0   0   0   0   0   0   0   0   0   0
   0   0   0  40   0   0   0   0   0   0   0   0   0   0   0   0   0   0   0   0  12   0   0   0   0   0   0   4   0  43   0   0  28   0   0   0  46  23   0   0   0   0   0   0   0   0   0   0   0   0   0   0   0   0   0   0   3   0   0   0   0  20   0   0   0   0   0   3   0   0   0   0   0   0
  19   0   0   0   0   0   0   0   0   0   0   0   0   0   0   0   0   0   0   0  36   0   0   0  38   0   0   0   0   0   0   0   0   0   0  38   0   0   0   0  11   0   0   0   0  43   0   0   0   5   0   0   0  24   0   0   0   0   0  24   0   0   0   0   0   0  27   0   0   0   0   0   0
  44   0   0   0   0   0   0   0  35   0   0   0   0   0   0   0   0   0  31   0   6   0   0  39   0  33   0   0   0   0   0   0   0   0   0  28   0  49   0   0   3   0   0  42  26   0   0   0   0   0   0   0   0   0   0   0   0   0   0   0   0   0   0   0  29   0   0   0   0   0   0   0
   0   0  35   0   0   0   0   0   0   0   0   0   0   0  32   0   0   0   0   0   0   0   0   0  35   0   0   0   0   0   0   0   0  40   0   0   0   0   0   0   0   0   0   0   0   0   0   0   0   0   0   0   0   0   0  27   0   0   0   0   0  31   0   0   0   0   0   0   0   1   0
   4   0   0  45   0   0   0   0   0   0  12   0   0   0   0   0  48   0   0   0  35  39   0   4   0   0  37   0   0   0   0   0   0   0  38   0   0   0   0   0  30   0   0   0   0   0   0   0  31   0   0   0   8   0   0   0   0   0   0   0   0  44   0   0   0   0   0  22   9   0
   0   0   0   0   0   0   0   0   0   0   0  37  21   0   0   0   0   0   0   0   0   0   0   0   0   0   0   0   0   0   0   0  17   7   0   0   0   0   0   0   0   0  22   0   0   0   0   0   0   0   0  10  18   0   0   0   0   0   0   0   0   0   0  23   0  27   0   0   0
   0   0   0   3   0   0   0   0   0   0   0   0   0   0   0  47   0  43   0   0   0   0   0   0  29   0   0   0   0   0  20   0   0   0   0  17   0  35   6   0   0   0   0   0   0   7   0   0  14   0   0   3   0   0   0   0   0  34   0   0   0   0   0   0   0   0   0   0
   0   0   0   0   0   0  41   0  29   0   0   0   7   0   0   0   0   0   0   0  41   0   0   0   0   0   0   0   0   0   0   0   0   0   0   0   0  40   0   0   0   0   0   0   0   0   0   0   0  34   0   0   0  34   0   0   0   0   0   0   0   0   0   0   0   0   0
   0   0   0   0   0   0   6   0   0   0   0   0   0  12   0  47  48   0   0   0   0   0   0   0   0   0   0   0   0   0   0  24   0   0   0   0  39   0   0   0   0   0   0   0   0   0  16   0   0   0   0   0   0   0   0   0   0   0   0   0   0  28   0   0   0   0
   0   0   0   0   0   0  25   0   0   0   0   0   0   0   0  35   0   0   0   0   0   0   0   0  35  14   0   0   0   0   0  41   0  25   0   0   0  26   0   0   0  48   0   0   0   0   0   0   0   0   0   0   0  16   0   7   0  40   0   9   0   0   0   0   0
   0   0   0   0   0   0   0   0   0  27  22   0  10   0   0   0  13   0   0   0   0   0   0  37   0  16   0   0   0  13  38   0   0   0   0   0   0   0   0   0   0   0   0   0   0   0   0   0   0   0   0   0   0   0  47   0  24   0   0   0   0   0  49  15
   0   0   0   0   0   0   0   0  41  20   0   9  15   0   0   0   0   0   0   0   0  32   0  18   0   0   0   0   0   0   0   0   0  49   0   0   0   0   0  18   0   0   0   0   0   0   0   0   0   0   0   0   0   0   0   0   0   0   0   0   0   0   0
   0   0   0   0   0   0   0  24   0   0   0   0   0   0   0  15   0   0   0   0   0   0   6   0   0   0   0   0   0   0   0   0  45   0   0   8   0   5   0   0   0   0  38   0   0   0   0   0   0   0   0  32   0   0   0   0  37  32   0   0   0   0
   0   0   0   6   0   0   0   0   0   0   0   0   0   1   0   0   0   0   0   0   0   0   0   0  26   0   0   0   0   0   0   0  49   0   0   0   0   0   0   0   0   0   0   0   0   0   0   0   0   0  10   0   0   0   0  31   0   0  40  13   0
   0   0   0   0   0   0   0   0   0   0   0   0   0   0   0  42   0   0  50   0   8   0   0   0   0   0   0   0   0   0   0  32   0   0   0  23  47   0   0  33   0   0  25   0   0   0   0  25   0  21   3   5   0   0   0   0   0   0   0   0
   0   0   0   0   0   0   0   0   0   0  14   0  46   0   0   0  12  45   0   0   0   0   0   0   0   0   0   0   0  31  19   0   0   0   0   0   0   0   0  43   0  33   0   4   0   0   0   0   0   0   0  40   0   0   0   0   0   0   0
   0   0   0   0   0   0   0   0   0   0   0  25   0   0   0   0   0   0   0   0   0   0  18   0  32   0   0   0   0   0   0  10   0   0   0   0   0   0  14   0   0   0   0   0   0  45   0   0   0  31   0   0   0   0   0   0   0  43
  26   0   0   0   0   0   0   0   0   0   0   0   0   0   0   0   0  41   0   0   0   0   0   0   0   0  43   0   0  36   0   0   0   0   0   0   0   0   0   0   0   0  18   0   0   0   0   0   0   0   0   0  38   0   0   0   0
   0   0   0   0   0   0  36   0   0   0   0   0   0   0   0   0   0   0   0  11   0   0   0   0   0   0   0   0   0   0   0   0   0   0   0   0  27   0   0   0   0   0  11   0   0   0   0   0   0   8   0   0   0   0   0   0
   0   0   0   0   0   0   0   0   0   0   0   0   0   0   0   9   0   0   0  15   0   0   8   0   0  29   0   0   7   0   0   0   0   0  31   0   0  48   0   0   0   0   0   0   0   0   0   0   0   0  19   0   0   0   0
   0   0   0   0   0  17   0   0   0   0  17  17   0   0   0   0   0   0   0   0   0   0  47   0   0   0   0   0   0   0  30   0   0   0   0   0   0   0   0   0   0   0   0   0   0   0  11   0   1   0   0   0  21   0
   0   0   0   0   0   2   0   0   0   0  26   0   0   0   0   0   0   0  12   0   0   0   0   0   0   0   0   0   0   0   7   0  15   0   0  20   0   0   0   0   0  34   0   0   0   0   0   0   0   0   0   0   0
   0   0   0   0  40   0   0   0   0   0   0   0   0   0   0   0   0   0   0   0  39   0   0  18  34   0   1   0   0   0   0   0   0  40   0   0   0  23   0   0   0   0   0   0   0   0   0   0   0   0   2  37
   0   0   0   0   6   0  11  10   0   0   0   0   0  50   0  23   0   0   0   0   0   0   0   0  47   0   0   0   0   0   0   0  39   0  42   0   0  35   0   0   0   0   0   0   0   0  49  33   0   0   0
   0   0  24   0   0   0   0   0   0   0   0   0  42   0   0   0   0   0   0   0   0   0   0   0   0   0   0   0   0   0  25   0   0   0   2   0   0   0   0   0   0   0   0   0   0   0   0  45   0   0
   0   0   0   0   0   0   0   0  46   0   0   0  26   0   0   0   0   0   0   0   0   0   0   0  21  15   0   0   0   0   0   0   0   0  15   0   0   0   0   0   0   6  33   0   0   0   0  38   0
   0  23   0   0   0  33   0   0   0   0   0   0   0   0   0   0  43   0   0  50   0   0   0   0   0   0   0   0  50   0   0   0   0   0   0   0   0   0   0   0   0   0   0   0   0   0   0   0
   0   0   0   0   0   0   0   3   0   0   0   0   0  23   0   0   0   0   0   0   0  36   0   0  20   0   0   0   0   0   0  40   0   0   0  19   0   0   0  48   0   0   0  39   0   0  40
   0   0   0   0   0   0   0   0   0  28   0   0   0   0   0   0   0   0   0   0   0   0   0  15   0   0   0   5   0   0   0   0   0   0   0   0   0   0   0   0   0   0  35   4   0   0
   0   0  36   0   0   0   0   0   0   0   0   0   0   0  11   0   0   0   0   0   0   0   0   0   0   0   0   0  22   0   0   0   4   0   9   0  20   0   0   0   0   0   0   0   0
   1   0  12   0   0   0   0   0   0   0   0   0   0   0   0   0   0   0   0   0   0   0   0   0   9   0   0   0   0  40   0  19   0   0   0   0   0   0   0   0   0   0   0   0
   0   0   0   0   0   0   0   0   0   0  31   0   0   0   8   0   0   0   0   0   0   0   0  30   0   0   0   0   0   0   0   0  17   0   0   0   0   0   0   0   0  25   0
   0   0   0   0   0   0  38  46   0   0   0  50   0   0   0   0   0   0   0   0   0   0   0   0   0   0   0   0   0   0   0   0   0   0   0   0   0   0   0   0   0   0
  35   0   0   0   0   0   0   0   0   0   0   0   0   0   0   0   0   0   8   0   0   0   0  41   0   0   0  28   0   0   0   0   0   0   0   0   0   0   0   0   0
   0  42   0   0   0   0   0   0   0   0   0  27   0   0   0  11   0   0   0   0   0   0   0   0  36   0   0   0   0   0   0   0  18   9   0   0   0   0   0   0
   0   0   0  45   0   0   0   0   0  45   0  41   0   0   0   0   0   0   0  43   0   0   0  36   0   0   0   0   0   0   0  39   0   0   0   0   0   0   0
   0   0   0   0   0   0   0   0   0   0   0   0   0   0   0   0   0   0   0   0   0  27   0   0   0   0   0   0   0   0   0   0   0   0  10   0  20   0
   0   0   0   0   0   0   0   0   0  42   0  27   0   0   0   0  16  12   0   0   8   0   0  41   0   0   0   0  20   1  38  45  42   0   0   0   2
   0   0   0   0   0   0   0   0   0   0   0   0   0   0   0   0   0   9   0   0   0   0   0   0   0   0   0   0   0   0   0   0  13   0   0   0
   0   0   0   0   0  40   0   0  19   7   0   0   0  44   0   0   0   0   0   0   0   0   0   0  11   0  28  30   0   0   0   0   1   0   0
   0   0  17  21   0   0   0   0   0   0   0  40   0   0   0   0   0   0   0   0   6   0   0  19   0   0   0   0   0   0  16   0   0   0
   0   0   0   0   0   0   0   0   0   0   0  42  47   0  25   0   0   0  33   0   0   0   0   0   0   0   0   0   0   0   0   0   0
   0   0  50   0   0   0   0   0   0   0   0  22   0   0   0   0   0   0  21   0   0   0  23   0   0   0  18   0   0   0   0   0
   0   0   0  40   0   0   0   0   0   0  41   0   0   0   0   4   0   0   0   0   0   0   0   0   0   0   0   0   0   0   0
   0   0   0   0   0   0   0   0   0  29   0   0   0   0   0   0   0   0   0   0   0   0   7   0   0   0   0  32   0   0
   0   0   0   0   0   0   0   0   0   0   1  50   0   0   0   0   0   0   0   0   0  30   0   0   0   0   0   0   0
   0   0  47   0  48   0   0   0   0   0   0   0   0   0   0  18   0   0  45   0   0   0   1   4   0   0   0   0
   0   0   0   0   2   0   0   0   0   0   0   0   0  18   0   0   0   0   0   0   0   0  19   0   0   0   0
   0   0   0   0   0   0   0   0   0   0   0   0   0   0   0   0  36   0   0   0   0   0   0   0   8   0
   0   0   0   0   0   0   0   0   0   5   0   0   0   0   0   0   0   0   0   0   0   0   0   0   0
   0   0   0   0   0  13   0   0   0   0   0   0   0   0   0   0   0   0   0   0  49   0  27   0
   0  46   0   0  24   0   0   0   0   0  20   0   0   0   0   0   0   0   0  37   5   0   0
   0   0   0   0   0   0   0  21   0   0  14  31   0   0   0   0   0  49   0   0  42   0
   0   0   0   0  10   0   0   0   0  24   0   0   0   0   0   0  22   0   0   0   0
   0   0   7  24   0   0   0   0   0   0   0   0   0   0  24   0  47   0  46   0
   0   7   0   0  20   0   0   0   0   0   0   0   0   0   0  17   0   0   0
   0   0   0   0   0   0   0   0   0  22   0   0   0   0   0   0   0  23
   0   0   0   0   7   0   0   0   0  25   0   0   0   0   0   0   0
  27   0   0   0   0   0   0   0   0   0   0   0   0   0  38   0
   0   0   0   0   0   0   0  37   0   0   0   0   0   0   0
  40  21   0   0   0   0   0   0   0   0   0   0   0   0
   0  16   0   0   0   0   0   0   0   0   0   0   0
  35   0   0   0   0   0   0   0   0   0   0  40
   0   0   0   0   0   0   0   0   0   0   0
   0   2   0   0   0  13   0   0   0   0
   0   0   0   0   0   0   0   0   7
   0  11   0   7   0   0   0   0
   0   0   0   0   0   0   0
   0  10   0   0   0   0
   0   0   0   0   0
   0   0  48   0
   0   0   5
   0   0
   0

 1754
  17  21   9  11  17  16  19   6  25  13   5  13  14  15  16   2  16  12  24  12  24  13   7   6  14   6  21  16  19   7  19  21  11  24  13  19   3  16   4  10   1  24   1  16  17  23  14   1  23  22   5   9  20  17  20  23  11  17  22  20   1  11   4  17  20  20  11   9  19  19  20  15  25  25   1  20  21  22  12   5  21  24  12  20  13  12  16  24   6   5   3  25   7  14  25  16  20  17  10   4  14  20   3  16  15   6   7  23   3   9  23  15   8  24  20  25   3   6  24   8  11   2  23  21  13  12  10  10  11  12  11  11  20  17  21  21   1  20  25  12

 140 
   0   0  24   0   0   0   0   0   0   0   0  50  32   0   0   0   0   0   0   0   0   0   0   0   0   0   0   0   0  31   0   0   0   0   0   0   0   0   0   0   0   0   7   0   0   0   0   0   0   0   0   0   0   0   0   0   0   0   0   0   0   0   0   0   7   0   0   0   0   0   0   0   0   0  38  30  32   0   0   0   0   0   0   0   0   5   0   0   0   0   0   0   0   0   0  31   0   0   0  47   0   0  32  21   0   0   0   0   0   0   0   0   0   0   0   0   0   0   0   0   0   0   0   0  31   0  15  10  50   0   0   0   0   0   0   0  11   0   0   0
   0   0   0   0   0   0   0  38   0   0   0   0  32   0   0   0   0   0   0   0   0   0   0   0   0   0   0   0   0   0   0   0   0   0   0   0   0  12   0   0   0   0   0   0   0   0   0   0  33   0   0   0  15   0   0   0   0   0   0   0   0   0   0  24   0   5   0   0   0   0   0   0   0  19   0   0   0   0   0   0   0   0  49   0   0   0   0   0   0   0   0   0   0   0   0   0   0   0   0   0   0   0   0   0   0   0  21   9   0   0   0   0   0   0   0   0   0   0   0   0  19   0  27   0   0   0  42   0   0   0  10   0   0   0   0   0   0   0   0
   0   0   0  27   0  19   0   0   0   0   0  21   0   0   0  19   0   0   0   0   0   0  16   0   0   0   0   0   8   0   0   0   0   0  20   0   0  16   0  20   0   0  11   0  45   0   3   0   0   0   0   0   0   0   0   0   0   9   0   0   0   0   0   0   0   0   0  19   0   0   0   0   0  19   0   0   0   0   0   2   0   0   0   0  34   0   0   0   0   5   0   0   0   0   0  47   0   3   0   0   0   0   0   0   0   0   0  40   0  45   0   0   0   0   0   0   0   0   0   0  27   0   0   0   0   0   0  28  48   0   0   0   0   0   0  43   0   0
   0   0   0   0   0   0   0   0   0  19   0   0   0   0   0   0   0   0   0   0   0   0  20   0   0   0  12   0   0   0   0  27   0   0   0  24   0   0  49   0   0   0  28   0   0   0   0   0   0   0   0   0   0   0  19   0   0   0   0   0   0   0   0   0   0   0   0   0   0  35   0   0   0  34   0   0   0   0   0   0   0   0   0   0   0   0   0   0   0   0   0   0   0   0   5   0   0  45   0   0   0   3   0   0   0   0   0   0   0   0   0   0  50   0  47   0   0   0   0   0   0   0   0  28   0   0   0   0   0  47   0   0   0   0   0   0   0
   0   0  46   0   0   0  24   0  44   0   0   0   0   0   0   0   0   0  11   0   0   0   0   0   0   0   0  27   0   0   0   0   0   0   0   0   0   0   0  14   0   0   0   0   0   0   0   0   0   0   0   0   0   0   0   0  40   0  41  43   0   0   0   0  45   0   0   0  23   0   0   0   0   0   0   0   0   0   0   0   0  34  23   0   1  26   0   0   0   0   0   0   0   0   0   0   0   0   7   0   0   0  50  26  14   0   0  47   0  16  30   0   0   4   0   0   0   0   0   0   0  43   0  15   0   0  31   0   0   0  25   0   0   0   0   0
   0  26  46   0   0   0  42   0   0   0  35   0   0   0   0   0   0   0   0   0   0   0   0   0   0   0   0   0   0   0   0   0   0  49   0   0   0   0   0   0   0   0   0   0   0   0   0  25  44   0   0   0   0   0   0   0   0   0  48   0  48   0   0   0   0   0   0   0   0   0  38   0   0   0  12  11   0   0  15   0   0   0   0   0   0   0  43   0   0   0   0   0  34   0   0   0  31   0   0   0   0   0   0   0   0   0   0  45   0   0   0   0   0   0  36   0   0   0   0   0   0   0   0   0   0   0   0   0   0   0   0   0   0   0   0
   0   0   0   0   0   0   0   0   0   0   0   0   0   0   0   0   0  15   0  22   0   0   0   5   0   0   0  48   0   0   1   0   0   0   0   0   0   0  28   0   0   0  14   0   0   0   0   0   0   0   0   0   0  29   0   0   0   0   0  41   0   0   0   0   0   0   0   0   0   0   0  25   0   0   0   0   0   0   0   0   0  44   0  49  12   0   0   0   0   0   0   0   0   0   0   0   0   0   0   0  31   0   0  44   0   0   0   0   0   0   0   0   0   0   0  24   0   0   0   0   0   0   0   0   0   0  29   0   0   0   0   0   0   0
   0   0   5   0   0   0   0   7   0   0  48   0   0   0   0  31   0   0   0   0   0   0   0   0   0  33   0   0   0  11   6   0  36   0   0   0   0   8   0   0   0   0   0   0  19   0   0   0   0   0  34   0   0   0   0   0   0   0   0   0   0  27   0   0  40   0   0  16   0  47  30   0   0   0   0  13   0   0   0  43   0   0  18   0   0   0   0   0   0   0   0   0   0   0  15   0   0  34  35   0   0   0   0   0   0   0   0   0  45   0   0  45   0  11   0   0   0   0   0   0   0  26   0   0   0   0  36   9   9   0   0   0  47
  22   0   0   0   0   0   0   0   0   0   0  30   0   0   0   0   0   0   0   0   0   0   0   0   1   0   0  13   0   0   0   0   0   0   0   0   0   7   0   0   0  40  34   0   0   0   0   0   0   0  24   0   0   0   0   0   0   0   0   0   0   0   0   0   0   0   0  24   0   0   0   0   0   0   0   0   0   0   0   0   0   0  11   0   8   0   0   0   0   0  49   0   0   0  22   0   0   0   0   0   0   0   0   0   0   0   0   0   0  12   0   0  42   0   0   0   0   0   0   0   0   0   0   0  16   0   0   0  27   0   0   0
   0   0   0  34   0   0   0   0   0   0   0   0   0   0   0   0   0   0   0   2   0   0   0   0   0   0   0   0  35   0   0   0   0   0   0   0   0   0  12   0  23   0   0   0   0   0   0   0  43   0   0   0   0  17   0   0   0   0   0   0   0   1   0   0   0   0   0   0   0   0   0   0   0   0  35   0   0   0   0   0   0   0   0   0   0   0   0   0   0   0   0   0   0   0   0   0   0   0   0   0  35   0   0   0   0   0   0   0   0   0   0   0   0   0  49   0   0   0   0   0   0   0   0   0   0   0   0   0   0   0   0
  17   0   0   0   0   0   0   0   0   0   0   0   0   0   0   0   0   0   0   0   0  14   0   0   0   8   0   0  12   0   0   0  22   0   0   0   0   0   0   0   0   0   0   0   6  23   0   0   0   2   0   0   0  31   6  13   0  17   0   0   0   0   0  37   0   0   0   0   0   0   0   0   0   0   0   0   0   0   0  39  22   0   0   0   0   4   0   0   0   0   0   0   0   0   0   0   0   0   0   0   0   0   0   0   0   0   0  36   0   0   0   0   0   0   0   0   0   0  50   0   0   0   0   0   0   0  33   0   0   0
  26   0   0   0  39   0  15   0   0  16   0   0  24   0   0   0   0   0   0   0   0  46   0   0   0   0  32   0   0   0   0   0   0   0   0  20   0   0   0   0  28   0  17  12   2   0   0   0   0  24   0   0  15   0   0   0   0   0   0   8   0   0   0   0  29   0   0   0   0   0   0   0   0   0  11  31   0   0   0   0   0   0   0   0   0   0   0   0  30   0   0   0  22   0   5   0   0   0   0   0   0  11   0   0   0   0   0   0   8   0   0  32  32  46   0  20   0   0  19   0  23   0   0   0  43   0   0   0   0
   0  10   0  20  11  26   0   0   0   0   0   0   0   0  23   0  30   0   0   0   0   0  17   0   0   0   0   0   0   0   0  50   0   0   0   0   0   0   0   0  21   0   0   0   4   0   0   0   0   0   0   0   0   0   0   0   0   0   0   0   0   0   0   0   0   0   0   0   0   0   0   0   0   0  48   0   0   0   0   0   0   0   0   0   0  17   0   0   0   0   0   0   0  24   0   0   0   0   0   0   0   0   0   0   0  30   0   0   0   0   0   0   0   0   0   0   0   0   0   0   0   0   0   0   0   0   0   0
   0   0   0   0   0  49   0   0   0   0   0   0   0   0   0   0   0   0   0   0   0   0   0   0   0   0  14   0   0   3   0   0   0   0   0   0   0   0   0   0   0   0   0  11   0   0   0   0   0   0   0  49   0   0   0   0   0  47  13   0   0   0   0   0   0   0   0   0   0   0   0   0   0   0   0   0   0   0   0   0   0   0  27   0  41   0   0  21   0   0   0   0   0   0   0   0   0   0   2   0   0   0   0   0   0   0   0   0   0   0   0  17   0   0  23   0   0   0   0   0  22   0   0   0   0   0   0
   0   2   0   0   0   0   0   0   0   0   0   0   0   0   0   0   0   0   0   0   0   0   0   0   0   0   0   0   0   0   0  21   0   0   0   0   0   0   0   0   0   0   0   0   1   0   0   0   0   0   0   0   0  42   0   0   0   0   0  18   0   0   0   0   0   2   0   0   0   0   0   0   0  40   0   0   1   0   0   0   0   0   0   0   0   0   0   0   4   0   8   0   0   0   0   0   0   0   0   0   0   0   0   0   0   0   0   0   0   0   0   0   0   0   0   0   0   0   0   0   0  17   0   0   0  11
   0   0   0   0   0   0  12   0  15  36   0   0   0   0   0   0   0   0   0  50   0   0  28   0   0   0   0  29   0   0   0   0   0   0   0   0   0   0   0   0   0   0   0   0   0   0   0   7   0  44   0   0   0   0   0   0  43   0  36   0   0   0   0   0   0   0   0   0   0   0   0  12   0   0   0   0   0   0   0   0  35   0   0   0   0   0   0   0  45   0  50   6   0   0   0   0  39   0   0   0   0   0  14   0   0   0   0   0   0   0  35   0   0   0   0  49   0   0   0   0   0   0   0   0   0
   6   0  33   0   0   0   0   0   0   0   0   0  20   0   0   0   0   0  13   0   0   0  39   0   0   0   0  31  41   0  21   0   0   0   0  40   0   0   0   0   0   0   0   0   0   0   0   0   0   0   0   0  41   0   0   0  46   0   0  50  33   0   0  19   0   0   0   0   0   0   0   0   0   0   0   0   0   0   0   0   0   0   0  33   0   0   0   0   0   0   0   0   0   0   5   0   0   0   0  27   0   0   0   0   0   0   0   0  15   0  44  19  37  15   0  36   6   0   0   0   0   0  48   0
  16   0   0  31   0   0   0   0   0   0   0   0   0   0   0   0   0   0   0   0  35   0   0   0   0   0   0   1   1   0  32   0   0   0  20   0   0   0   0  31   0  44   0   0   0   0   0   0   0   0   0   0   0   0  12   0  10   0   0   0   0   0   0   0   0   0   0   0  35   0   0   0   0  39   0   0   0   0   0   0   0   0   0   0   0   0   0   0   0  10   0   0   0   0   0  15   0   0   0   0   0   0   0   0   0   0   7   0  42   0   0   0   0   0   0   0   0   0   0   0   0   0   0
  18   0   0   0   0  50   0   0   0   0  36   0   0  20   0   0  15   0   0   0   0   0   0   0   0   0   0   9   0   0   0  23   0   0   0   0   0   0   0  21   0   0   0   0  28  41   0  44   0   0   0   0   0   4   0   0   0  28   0   0  47   0   0   6   0   0   0   0   0  11   0   0  24   0   0   0   0  15   0   0   0   0  12  30   0  47   0   0   0   0   0   0   0   0   0   0   0  49   0   0   0   0  30   0   0   0  17   0   0  35   0  14   0   0   0   0   0  17   0   0  13   0
   0   0   0   0   0   0   0   0   0   0   0   0   0   0   0   0   0   0   0   0   0   0   0   0   0   0  42   0   0   0   0   0   0   0   0   0   0   0  16   0   0  38   0   0   0   0   0   0   0   7   0   0   0  34   0   0   0   0   0   0   3   0   0   0   0   2   0   0   0   0   0   6   0  23  43  19   0  44   8   0   0   0   0   0   0   0   0  20   0   0   0   0   0   0   0   0   0   5   0   0   0   0  27   0   0   0  16   0   0   0   0   0   0   0   0   2   0   0   0   0  44
   0   0  26   0   0   0   8   0   0  14   0   0   0   0   7   0  16   0   0   3   0   0  35   0   0   0   0   0   7   0   0   0   0  38   0   0  28   0   0   0   0   0   0   0   0   0   0   0   0   0   0   0   0   0   0   0   0   0   0  39   0   0   0  41   0   0  28   0   0   0   0   0   0  48   0   0  33  44   0   0   0   9   0   0   0   0   0   0   0   0   0   0   0  37   4   0   0   0   0   0   0   0  28  19   0   0   0   0  41   0   0   0   0   0   0  46  16   0   0   0
   0  33   0   0   0  25  27   0   0   0   0   0   0   0   0   0   0   0  14  38   0   0   0   0   0  18   0   0  50   0   0  41  42   0   0   0  37  35   0   0  15  32   0   0   0   0   0   0   0   0   0  15  34   0  44   0   0   0   0   0   0   0   0   0   0   0  38   0   0   0   0   0   0   7  26  42   0   0   0   0   0   0   0   0   0   0   0   0   0   0   0   0   2   0   0   0   0   6   0   0   0   0   0   0   0   0   0   0   0   0  48   0   0   0   0   0   0   0  22
   0  11   0   0   0   0   0  25   0   0   0   0   0   0   0   0   0   0   0   0   0   0   0   0   0   0   0   0   0  10   0   0  37  18   0   0   0   0   0   0   0   0   0   1   0   0   0   0   5   0   0   0   0   0   0   0   0   0   0   0   0   0  45  24   0   0   0  37   0   0  43   0   0   0   0  44  43   0  16   0   7   0   0   0   0   0   0  17  11   0   0   0  22   0   0   0   0   0   0   0   0   0   0  30   0  23   0  17  28   0   0  30   0   0   0   0   0   0
   0   0   0   6   0   0   0   0   0   0   0  26   0   0  30  12   0   0   0   0   1   0   0  31   0   0   0  26   0   0  14   0  12   0  17   0   0   0   0   0   0   0   0   0  37   0   0   0   0   0   0   0   0   0   0   0   0   0   0   0   0   0   0   0  34   0   0   7   0   0   0   0   0   0   0   0   0   0   0   0  16  24   0   0  39   0   0   0   0   0   0   0   0   0   0   0   0   0   0   0  19   0   0   0   0   0   0   0   0   0   0   0   0   0   0   0   0
   2   0   0   0   0   0  48   0   0   0  28   0   0   0   0   0   0   0   0   0  27   0   0   0  33   0   0  26  28   0   0   0   0   0   0   0   0   0  46   0   0   0   0   0   0   0   0   0   0   0   0   0   0  46   0   0   0   1  14   0   0   0  37   0   0   0   0   0   0   0   0   0   0   0   0   6   0   0   0   0   0   0  32   0   0   0   0   0   0  28   0   0   0   0   0   0   0   3  43   1   0   0   0   0   0   0   0   0   0   0   0   0   0  41   0   0
   5   0   0   0  45   0  48  40   0  23  45  14   0   0   0   0   0   0   0   0   0   0   0   0   0   0  12  30   0   0   0   0   0   0   0   0   0   0   0   0   0   0   0   0  46  41   0   0   0  29   0  49   0   0   0   0   0   0   0  40   0   0   0   0   6   0   0   0   0   0   0   0   0   0   0   0   0   0   0   0   0   0   0  13   0   0   0   0   0   0   0   0   0   0   0   2   0   0   0   0   0   0   0   0   0   0   0   0   0   0   0   0   0   0   0
  14   9   0   0   0   0   0   0   0   0  37   0   0   0   0   0   0   0   0   0   0   0   0   0   0   0   0   0   0  36   0   0   0   0   0   0   0   0   0   0   0   0   0   0   0   0   0  28   0   3   0   9   0   0   0   0  39   0   0   0   0   0   0   0   0   0   0   0   0   0   0   0   0   0  38   0   0   0   0   0   0   0   0   0   0   0   0  22  24   0   0  38   0   0   0   0   0   0   0   0   0   0   0   0   0   0   0   7   0   0   0   0   0   0
   0  23   0   0   0   0   6   0   0   0   0   0   0   0   0   0   0   0   0   0   0   0   0   0   0  34   0   0   0   0   0   0   0   0   0   0   0   0   0   0  19  36   0   0   0   0   0   0   0   0   0   0   0   0   0   0   0   0   0   0   0   0  34   0   0   0   0   0  48   0   0   0   0   0   0   5   0   0   0   0   0   0   0   0   0   0   0  37   0  30   0   0   0   0   0   0   0   0   0  42  35   0   0   0   0   0   0   0   0   0   0   0   0
  20   0   0   0   0   0  27   0   0  20   0   0   0  39   0   0   0   0   0   0   0   0  16   0   0   0   0   0   0   0   0  40   0  22   0   0  47   0   0   0   0   0   0   0   0   4   0  30   0   0   0   0   0  38   0   0   0   0   0   0   0   0   0   0   0   0   0   0   0   0   0   0   0   0   0  33  21   0   0   0   1   0   0   0   0   0   2  13  12   0   0   0   0   0   0   0   0   0   0  20  42   0  27   0   0   0   0   0   0   0   0   0
   0  14   0   0   0   0   0  33   0   0   0   0   0   0  37   0  16   0   0   0   0   0   0   0   0   0   0   0   0   0   0  33   0   0   0   0   0   0   0   0  38   0   0   0   0   0   0   0   0   0   0  49   0   0   0   0   0   0   0   0   0   0   0  48   0   0  11   0   0   0   0   0   0  37   0   0   0   0   0   0   0   0   0   0  42   0   0   0   0   0  18  20   0   0   0   0   0   0   2  11   0   0   0   0   0   0   0   0   0   0   0
   0   0   0   0   0   0   0   0   0  45   0   0   0   0   0  48   0   0   0   0   0  21   0   0   0   0   0   0   0   0   0  25   0   0   9   0   0   0  25  10  47  44   0   0   0   0   0   0   0   0   0  30   0   0   0   0   0   0   0  40   0   0  29   0   0   0   0   0   0   0   0   0   0  37   0  31   0   0   0   0   0   0   0   0   0  31   0  26   0   0  47   0   0   0   0   0   0   0   0  15   0   0   0   9   0   0  46   0   0   0
   0  14   0   0   0   0   0   0   0   0   0  18   0   0   0   0   0   0   0   0   0   0   0   0  37   0   0   0   3   0  25   0   0   0   0   0   0   0   0  16   0   0   0   0   0   0   0   0   0   0   0   0   0   0   0   0   0   0   0   0   0   0   0   0   0   0   0   0   0  26   0   0   0   0  17   0   0  50   0   0  33   0   0   0   0   0   0   0   0   0  25  20   1  10   0   0   0   0   0   0   0   0   0  46  15   0   0   0   0
   0   0   0  19   0   0   0   9   0   0   0   0   0   0   0   0  21   0   0   0   0   0   0   0   0  20   0   0   0   0   0   0   0   0   0   0  20   0   0   0   0   0   0   0   0  31   0   0  43  27   0   9   0  45   0   0   0   0   0   0   0   0   0   0   0   0   0   0   0   0   0   0   0   0  42  12   0   0   0   0   0   0   0   0   0   0   0   0  21   0   0   0   0   0   0   0   6   9   0   0   0   0   0   0   0   0   0   8
   0   8  38  17   0   0   0   0   0   0   0   0   0   0   0   0   0   0   0   0   0   0   0   0   0   0   0   0   0   0   0   0   0   0   0   0   0   0   0  20   0   0   2   0   0   0   0  15   0   0   0   0   0   0   0   0   0   0  17   0   0  14   0   0   0   0   0   0   0   0   9   0   0   0   0   0   0   0   0   0   2   0   0   0   8   0   0   0  10   0   0  11   0  33   0   0   0   0  23   0   0   0   0   0   0  41  22
   0   0   0   0  20   0   0   0   0  28  17   0   0   0   0  18   0  45   0   0   0   0   0   0   0   0   0   0   0   0   0   0   0   0   0  33   0  35   0  39   0   0   0   0   0  50   0   0   0   0   0   0   0   0   0   3   0   0   0   0   0   0   0   0   0   0   0   0   0   0   0   0   0   0   0   0   0   0   4  29   0   0   0   0   0   0   0   0  22   0  35   0   0  24   0   0   0   0   0   0   0   0   0   0  14   0
   0   3   0   6   0   0  16   0   0   0   4  35   0   0   0   0   0   0   0  35   0   0   0   0   0   0   0   0   0   0   0   0   0   0   0   0   0   0   0  47  25   0   0  38   0   0   0  47   0   0   0   0   0   0   0  24   0   0   0   0   0   0   0   0   0   0   0   0   0   0   0   0   0   0   0   0   0   0   0   0   0   0   0   0   0  19   0   0   0   0   0   0   0   0  19   0   0   0   0   0   0   0   0  31   0
   0   0   0   0  36   0   0   0   0   0   0   0   0   0   0   0   0   0   0   0   0   0  32   0   0   0   0   0   0   0   0   0   0   0   0   0   0   0   0   0   0   0   0   0   0  38   0   0   0  45   0   0   7  38   0   0   0   0   0   0   0   0   0   0   0   0   0   0   0   0   0   0   0   0   0   0   0   0   0   0   0   0   0   0   0   0   0   5   0   0   0   0   0   0   0   0   6   0   0   0   0  17   7   0
   0   0   0  37   0   0   0   0   0  34   0   0   0   0   0   0   0  47   0  34   0   0   0   7   0   0   0   0   4   0   0  26   0   0  11   0   0  31   0   0   0   0   0   0   0   0   0  14   0  27   0   0   0   0   0   0  32   0   0  23   4   0   0   0   0   0  28   0   0   0   0   0   0   0   0   0   0   7   0   0   0   0   0   0   0   0   0   0   0   0   0   0   0   0   0   0   0   0   0   0   0   0   0
   0   0   0   0  12   0   0   0   0  21  38   0   0   0   0   0   0   0   0   0   0   0  43   0  14   0   0   0   0   0   0   0   0   0   0   0   0   0   0   0   0  32   0  49  47   0   0   0   0   0   0   0   0   7   0   0  30   0   0  44   0   0   0  16   0  50   0   0   0   0   0   0   0  44   0   0   0   0   0  39   0   0   0   0   0   0  37   0   0   0  19   0   0   0  26   0   0   0   0   0   0  29
   0  28   0  27  25   0  42   0   0   0   0  23   0   7   0   0   0  10   0   0   0   0   0   0   0   0   0   0   0   0  44   0  32   0  38   0   0  44  17   0   0   0   0  36   0   0   0   0   0   0   0   0  42   0   0   0   0   0   0   0  39   0   0   0   0   0   0  15   0   0   0   6   0  45  22   0   2   0   0   0  16   0   0   0   0   1   0   0   0   0   0   0   0   0   0   0   0   0   0   0   0
   0   0  17   0   0   0   0   0   0   0   0   0   0   0   0   0   0   0  13   0   0   0  27   0   0   0   0   0   0   0   0  49   0  19   0   0   0   0  10   0   0   0   0   0   0   0   0   6   0   0   0   0   0   0  48   0  48  41   0   0   4   0   0   0   8   0  13   0   7   0   0   0   0  14   0   0   0   0   0   0   0   0  18   0   0   0   0   8   0   0   0   0   0   0   0  11   0   0   0   0
   0   0  47   0   0   0   0   0   0   0   0  40   0   0   0   0  10   0   0   0   0   0   0  21   0   0  39  39   0   0   0   0   0   0   0   0   0  24   0   0   8   0   0   0  41   0   0   0   0   0   0   0   0   0   0   0   0   0   0   0   0  16   0   0   0   0   0   0   0   0   0   0   0  41   0   0   6   0   0   0   0   0   0   0   0   0   0   0   0   0   0  45  11   0  10   0  43   0   0
   0  20   0   0   0   0   0   0   0   0   0   0   0   0   0   0   0  23  14   0   0  19   0   0   0  34   0  42   0   7  36   0   0   0   0   0   0   0  23   0  42   0   0  10   0   0   0   0   0   0   0   0  41   0   0   0   0   0   0   0   0   0   0   0  40   0   0   0   0   0  38   0  28   0   0   0   0   0   0   0   0   0   0   0  21   0   0   0   0   0   0   0   0   0  44   0   0   0
   0   0   0   0   0   0   0  38   0   0   0   6   0   0   0   0   0   3   3   0   0   0   0  17  30   0   0   0   0   0   0   0   0   0   0   0   0   0   0   0   0   0   0   0   0   0   0   0   0   0   0   0   0   0  38   0   0   0  32   0   0  39   0   0   0   0   0   0   0   0   0   0   0   0   0   0   0   0   0  24   0   0   0  25   0   0   0   0   0   0  25   0   0   0   0  12  35
   0   0   0   0   0   0  19   0   0  14   0   0   0   0   0  47   0   0   0   0   0   0   0   0   0   0   0   0  27   0   0   0   0   0   0   0   0   0   0   0   0  41   0   0   0   0   0   0  50   0   0   0   0   0   0   0   0   0   4   0   0   0   0   0   0   0  34   0   0   0  47   0  16   0   0   0   0   0   0  26   0   0   0  16   0   0   0   0  29   0   0   0   0   0   0  29
   0   0  50   0   0   0   0   0   0   0   0   0  49   0   0   0   0   0   0  35   2   0   0   0   0   0  37   0   0   0   0   0   0   0   0   0   0   0   0  50   0  37   0   0   0   0   0   0   0   0   0   0  35   0   0   0   0   0   0   0   0   0   0   0  21   0   0   0   0   0   0   0   0  28   0   0   0   0   0   0   0  45   0   0   0   0   0   0   0   0   0   0   0   0   0
   0   0   0   0  48   0   0   0   0   0   0   0  27  11   0  44   0   0   0   0  20   0  47  23   0  14   0   0   0   0   0  36   0   0   0   0   5   0   0   0   0   0   0   0   0   0   0   0   0  37   0   0  28   0   0   0   0   0   0   0   0   0   0   0  32   0   0   0  13   0   0  18   0   0   0   0   0  16   0   0   0   0  11   0   0   0   0   0   0   0   0   0   0   0
   0   0   0  15   0   0   0   0   0  25   0  35   0   0   0   0   0   0   0   0   0   0   0   0   0   0   0   0   0   0   0   0   0   0   7   0   0   0   0   0   0   0   0   0   0   0  39   0   0   0   0  39   0   0   0   0  36   0   0   0  28   0   0   0   0   0   0   0   0   0   0   0   0   0   0   0   0   0  45  22   0   0   9   0   0   0   0   0   0   0   0   0   0
   0   0   0   0   0   0   0   0   0   0   0  18  28   0   0   0   0  32   0   0   0   0   0   0   0   0   0   0   0   0   0   0   0   0   0  14   0   0   0   0   0  29   0   0   0   0   0   0  43   0   0   0   0   0   0   0   0  44   0  17   0  49  23   0   0   0   0   0   0   0  24   0   0   0   0   0   0   0   0   0   0   0   0   0  39   0   0   0  37   0   0   0
   0   0   0  41   0   0   0   0  12   0   0   0   0   0   0   0   0   0   0   0   0  38   0  50   0  27   0   0   0   0   5  47   0   0   0   0   8   0   0  10   0  12   0   0  24   0   0   0   0   0   0   0   0   0   0   0   0   0   0   0   0   0   0   0   0   0   0   8   0   0  12   0   0   0   0   0   0   0  23   0   0   0   0  18   0   0   0   0   0  43   3
   0   0  34   0   0   0   0   0   0   0   0   0   0  33   0  16  35  28  25   0   0   0   0   0   0   0   0   0   0   0   0   0   0   0   0  25  21   3   0   0   0  40   0   0  41   0   0   0   0   0   0   0   0  10   0   0   0   0   0   0   0  39  20   0   0   0  29   0   0   0   0   0   0   0   0   0   0   0   0   0   0   0   0   0   0   0   0   0   0   0
   0   0   0   0   0   0   0   0  35   0   0  36   0   0   0   0   0  30   0   0   0   0   0  20   0  30   0  22   0   0   0   0  50   0   0   0   0   0   0   0   0   0   0   0   0   0   0  38  33   0   0   0   0   0   0  40   0   0   0   0   0  41   0   0   0   0   0   0   0   0   0   0   0  41   0  46   0   0  10   0   0   0   0   0  38  31   0   0   0
   0   0   0  32   0   0   0   0   0   0   0   0  43   0   0   0   0   0   0   0  32   0   0   0   0   0   0   0  44   0   0  48   0   0   0   0   0   0   0   0   0   0   0   0   0  16   0   0   0   0   0   0  44   0  24   0   0   0   0   0   0   0   0  26   0   0   0   0   0  44   0   0   0   0   0   0   0  38   0  28   0   0   0   0   0   0   0   0
   0   0   0   0   0   0   0   0   0   0   0   0   0   0   0   0   0  50   0   0   0   0   0   0   0   0  28   0   0   0   0   0  36   0   0   0   0   0   0   0   0   0  35   0   0   0   0   0   0   0   0  50   0   0   0   0   0   0   0   0   0   0   0   0   0   0   0   0   0   0   0   0   0   0   7   0   0   0  11   0   0   0   0   0   0   0  25
   0  12   3   0   0   0   0   0  11   0   0   0   0   0   0   0   0   0   0   0   0   0   0   0  21   0   5  17   0   0   0   0   0   0   2   0   0   0   0   0  33   0   0  10   0   0   0   0  27  16   0   0   0   0   0   0   0   0   0   0   0  40   0   0   0   0   0   0   0   0   0  48   0  20   0  13   0   0   0   0   0   0   0   0   0   0
   0   0   0   0   8  40   0  23   0   0   0   0   0   0   0   0   0   0   0   0   0   0   0   0   0   0   0   0   0  14   0   0   0   0   0   0  39   0   0   0   0   0   0   0   0   0   0   0   0   0  10   0   0   0   0   0  50   0   0   0   0   0   0   0  21   4   0   0  46   0  46   0  38   0   0   0   0   0   0   0   0   0  49   0  49
   0  44   6  50   0   0   0   0  47   0   0  18  48  22  33   0   0   7   0   0   0  30   0   0   0   0   0   0   0   0   0   0   0  45  30   0   0   0   0   0   0   0   0   0   0   0   0   0   0   0   0   0   0  45   0   0  30   0   0   0   0   0   0   0   0   0  11   0   0  43   0   0   0   0   0   0   0   0   0   0   0   0   0   0
   0   0   0   0   0   0   0   0   0  21   0   0   0   0   0   0   0   0   0   0   8   0   0   0   5  36   0   0  22   0  24   0   0   0   0  19   0   0   0   0   0  31   0   0   0   0   0  28   0   0   0   0   0   0   0   0   0   0   0   0  37   0   0  19   0   0   3  46   0   0   0   0   0   0   0   0   0   0   0   0  13   0  27
   0   0   0   0   0   0   0   0   0   0  38  43   0  23  33   0   0   0   0   0   0   0   0   0   0   0  24   0   0   0   0   0   0   0   0   0   0   0   0   0   0   0   0   0   0   0   0   0   0   0  39   0   0   0   0   0   0   0   0   0   0   0   0   0   0   0   0   0   0   0   0  39   0   0   0   0   0   0   0  13   0   0
   0   0   0   0   0  17   0  15   0   0   0   0   0   0   0   0   0   0   0   0   0   9   0   0  37   0   0   0   0   0   0   0   0   0   0  32   0   0   0   0   0   0   0   0   0   0   0   0   0   0   0   0   0   0   0   0   0   0  11   0  22   0   0   0   1   0   0   0  46  27   0   0   0   0   0   0   0   0   0   0  11
  35   0   0   0   0   0   0   0   0  40   0   0   0   0   0   0   0   0   0   0   0   0   0   0   0   0   0   0   0  19   0   0  22   0   0   0  20   2  49   0   0   0   0   0   0   0   0   0   0   0  17   0   0   0   0   0   0   0   0   0  16  43   0   0   0   0   0   0   0   0   0   0   0   0  25   0   0   0   0   0
   0  11   0   0   0   0   0   0   0  18   0   0  20   0   0   0  41   0   0   0   0   0   0   0   0   0   0   0   0   0   0   0  40   0   0  49   0   0   0   0   0  21   0   0   0   0   0   0   0   0   0   0   0   0   0   0   0  39   0  27   0   0   0   0   0   0   0   0   0   0  50   0   0   0   0   0   0   0   6
   0   0   0   0   0   0   0   0   0   0   0   0   0   0   0  11  48   0   2   0   0  29   0   0   0   0   0   0   0   0   0   0   5   0   0   0   0   2   0   0   0   0  17   5  15   0   0   0   0   0  19   0   0   0  14   0   0   0   0   0   0   0   0   0  30   0   0   0   0   0   0   0   0   0   0   0   0   0
   0   0   0   0  36   0   0   0   0   0   0   0   0   0   0   0   0  35   0   0   0   0   0   0   0  15   0   0   0   0   0   0   0   0   0  31   0   0  47   0   0   0   0   0   0   0   0   0   0   0   0   0   0   0   0   0   0   0   0   0   0   0   0   0   0   0  49   0   0   0   0   0   0   0   0   0  25
   0   0   0   0   0   0   0   0   0   0   0   0   0   0   0   0   0   0  31   0   0   0   0   0   0   0   0   0  28   0   0   0   0   0  15   0   0   0   0   0   0   0   0   0   0   0   0  36   0   0   0   0   0   0   0   0  29   0   0   0   0   0   0   0   0   0   0   0   0   0   0   0   0   0   0   0
   0   0   0   0  12   6   0   0   0  23   0   0   0  35   0  28  15   0   0   0  37   0   0   0   0   0   0   0   0   0   0   0   9   0   0   0   0  45   0   0   0   0   0   0   0   0   0   0   0   0  17   0   3   0   0   0   0  10   0   0   0   0   1   0   0   0   0   0   0   0   0   0   0   0   0
   0   0   0  40   0   0   0   0   0   0   0   0   0   0   0   0   0   0   0   0  12   0   0   0   0   0   0   4   0  43   0   0  28   0   0   0  46  23   0   0   0   0   0   0   0   0   0   0   0   0   0   0   0   0   0   0   3   0   0   0   0  20   0   0   0   0   0   3   0   0   0   0   0   0
  19   0   0   0   0   0   0   0   0   0   0   0   0   0   0   0   0   0   0   0  36   0   0   0  38   0   0   0   0   0   0   0   0   0   0  38   0   0   0   0  11   0   0   0   0  43   0   0   0   5   0   0   0  24   0   0   0   0   0  24   0   0   0   0   0   0  27   0   0   0   0   0   0
  44   0   0   0   0   0   0   0  35   0   0   0   0   0   0   0   0   0  31   0   6   0   0  39   0  33   0   0   0   0   0   0   0   0   0  28   0  49   0   0   3   0   0  42  26   0   0   0   0   0   0   0   0   0   0   0   0   0   0   0   0   0   0   0  29   0   0   0   0   0   0   0
   0   0  35   0   0   0   0   0   0   0   0   0   0   0  32   0   0   0   0   0   0   0   0   0  35   0   0   0   0   0   0   0   0  40   0   0   0   0   0   0   0   0   0   0   0   0   0   0   0   0   0   0   0   0   0  27   0   0   0   0   0  31   0   0   0   0   0   0   0   1   0
   4   0   0  45   0   0   0   0   0   0  12   0   0   0   0   0  48   0   0   0  35  39   0   4   0   0  37   0   0   0   0   0   0   0  38   0   0   0   0   0  30   0   0   0   0   0   0   0  31   0   0   0   8   0   0   0   0   0   0   0   0  44   0   0   0   0   0  22   9   0
   0   0   0   0   0   0   0   0   0   0   0  37  21   0   0   0   0   0   0   0   0   0   0   0   0   0   0   0   0   0   0   0  17   7   0   0   0   0   0   0   0   0  22   0   0   0   0   0   0   0   0  10  18   0   0   0   0   0   0   0   0   0   0  23   0  27   0   0   0
   0   0   0   3   0   0   0   0   0   0   0   0   0   0   0  47   0  43   0   0   0   0   0   0  29   0   0   0   0   0  20   0   0   0   0  17   0  35   6   0   0   0   0   0   0   7   0   0  14   0   0   3   0   0   0   0   0  34   0   0   0   0   0   0   0   0   0   0
   0   0   0   0   0   0  41   0  29   0   0   0   7   0   0   0   0   0   0   0  41   0   0   0   0   0   0   0   0   0   0   0   0   0   0   0   0  40   0   0   0   0   0   0   0   0   0   0   0  34   0   0   0  34   0   0   0   0   0   0   0   0   0   0   0   0   0
   0   0   0   0   0   0   6   0   0   0   0   0   0  12   0  47  48   0   0   0   0   0   0   0   0   0   0   0   0   0   0  24   0   0   0   0  39   0   0   0   0   0   0   0   0   0  16   0   0   0   0   0   0   0   0   0   0   0   0   0   0  28   0   0   0   0
   0   0   0   0   0   0  25   0   0   0   0   0   0   0   0  35   0   0   0   0   0   0   0   0  35  14   0   0   0   0   0  41   0  25   0   0   0  26   0   0   0  48   0   0   0   0   0   0   0   0   0   0   0  16   0   7   0  40   0   9   0   0   0   0   0
   0   0   0   0   0   0   0   0   0  27  22   0  10   0   0   0  13   0   0   0   0   0   0  37   0  16   0   0   0  13  38   0   0   0   0   0   0   0   0   0   0   0   0   0   0   0   0   0   0   0   0   0   0   0  47   0  24   0   0   0   0   0  49  15
   0   0   0   0   0   0   0   0  41  20   0   9  15   0   0   0   0   0   0   0   0  32   0  18   0   0   0   0   0   0   0   0   0  49   0   0   0   0   0  18   0   0   0   0   0   0   0   0   0   0   0   0   0   0   0   0   0   0   0   0   0   0   0
   0   0   0   0   0   0   0  24   0   0   0   0   0   0   0  15   0   0   0   0   0   0   6   0   0   0   0   0   0   0   0   0  45   0   0   8   0   5   0   0   0   0  38   0   0   0   0   0   0   0   0  32   0   0   0   0  37  32   0   0   0   0
   0   0   0   6   0   0   0   0   0   0   0   0   0   1   0   0   0   0   0   0   0   0   0   0  26   0   0   0   0   0   0   0  49   0   0   0   0   0   0   0   0   0   0   0   0   0   0   0   0   0  10   0   0   0   0  31   0   0  40  13   0
   0   0   0   0   0   0   0   0   0   0   0   0   0   0   0  42   0   0  50   0   8   0   0   0   0   0   0   0   0   0   0  32   0   0   0  23  47   0   0  33   0   0  25   0   0   0   0  25   0  21   3   5   0   0   0   0   0   0   0   0
   0   0   0   0   0   0   0   0   0   0  14   0  46   0   0   0  12  45   0   0   0   0   0   0   0   0   0   0   0  31  19   0   0   0   0   0   0   0   0  43   0  33   0   4   0   0   0   0   0   0   0  40   0   0   0   0   0   0   0
   0   0   0   0   0   0   0   0   0   0   0  25   0   0   0   0   0   0   0   0   0   0  18   0  32   0   0   0   0   0   0  10   0   0   0   0   0   0  14   0   0   0   0   0   0  45   0   0   0  31   0   0   0   0   0   0   0  43
  26   0   0   0   0   0   0   0   0   0   0   0   0   0   0   0   0  41   0   0   0   0   0   0   0   0  43   0   0  36   0   0   0   0   0   0   0   0   0   0   0   0  18   0   0   0   0   0   0   0   0   0  38   0   0   0   0
   0   0   0   0   0   0  36   0   0   0   0   0   0   0   0   0   0   0   0  11   0   0   0   0   0   0   0   0   0   0   0   0   0   0   0   0  27   0   0   0   0   0  11   0   0   0   0   0   0   8   0   0   0   0   0   0
   0   0   0   0   0   0   0   0   0   0   0   0   0   0   0   9   0   0   0  15   0   0   8   0   0  29   0   0   7   0   0   0   0   0  31   0   0  48   0   0   0   0   0   0   0   0   0   0   0   0  19   0   0   0   0
   0   0   0   0   0  17   0   0   0   0  17  17   0   0   0   0   0   0   0   0   0   0  47   0   0   0   0   0   0   0  30   0   0   0   0   0   0   0   0   0   0   0   0   0   0   0  11   0   1   0   0   0  21   0
   0   0   0   0   0   2   0   0   0   0  26   0   0   0   0   0   0   0  12   0   0   0   0   0   0   0   0   0   0   0   7   0  15   0   0  20   0   0   0   0   0  34   0   0   0   0   0   0   0   0   0   0   0
   0   0   0   0  40   0   0   0   0   0   0   0   0   0   0   0   0   0   0   0  39   0   0  18  34   0   1   0   0   0   0   0   0  40   0   0   0  23   0   0   0   0   0   0   0   0   0   0   0   0   2  37
   0   0   0   0   6   0  11  10   0   0   0   0   0  50   0  23   0   0   0   0   0   0   0   0  47   0   0   0   0   0   0   0  39   0  42   0   0  35   0   0   0   0   0   0   0   0  49  33   0   0   0
   0   0  24   0   0   0   0   0   0   0   0   0  42   0   0   0   0   0   0   0   0   0   0   0   0   0   0   0   0   0  25   0   0   0   2   0   0   0   0   0   0   0   0   0   0   0   0  45   0   0
   0   0   0   0   0   0   0   0  46   0   0   0  26   0   0   0   0   0   0   0   0   0   0   0  21  15   0   0   0   0   0   0   0   0  15   0   0   0   0   0   0   6  33   0   0   0   0  38   0
   0  23   0   0   0  33   0   0   0   0   0   0   0   0   0   0  43   0   0  50   0   0   0   0   0   0   0   0  50   0   0   0   0   0   0   0   0   0   0   0   0   0   0   0   0   0   0   0
   0   0   0   0   0   0   0   3   0   0   0   0   0  23   0   0   0   0   0   0   0  36   0   0  20   0   0   0   0   0   0  40   0   0   0  19   0   0   0  48   0   0   0  39   0   0  40
   0   0   0   0   0   0   0   0   0  28   0   0   0   0   0   0   0   0   0   0   0   0   0  15   0   0   0   5   0   0   0   0   0   0   0   0   0   0   0   0   0   0  35   4   0   0
   0   0  36   0   0   0   0   0   0   0   0   0   0   0  11   0   0   0   0   0   0   0   0   0   0   0   0   0  22   0   0   0   4   0   9   0  20   0   0   0   0   0   0   0   0
   1   0  12   0   0   0   0   0   0   0   0   0   0   0   0   0   0   0   0   0   0   0   0   0   9   0   0   0   0  40   0  19   0   0   0   0   0   0   0   0   0   0   0   0
   0   0   0   0   0   0   0   0   0   0  31   0   0   0   8   0   0   0   0   0   0   0   0  30   0   0   0   0   0   0   0   0  17   0   0   0   0   0   0   0   0  25   0
   0   0   0   0   0   0  38  46   0   0   0  50   0   0   0   0   0   0   0   0   0   0   0   0   0   0   0   0   0   0   0   0   0   0   0   0   0   0   0   0   0   0
  35   0   0   0   0   0   0   0   0   0   0   0   0   0   0   0   0   0   8   0   0   0   0  41   0   0   0  28   0   0   0   0   0   0   0   0   0   0   0   0   0
   0  42   0   0   0   0   0   0   0   0   0  27   0   0   0  11   0   0   0   0   0   0   0   0  36   0   0   0   0   0   0   0  18   9   0   0   0   0   0   0
   0   0   0  45   0   0   0   0   0  45   0  41   0   0   0   0   0   0   0  43   0   0   0  36   0   0   0   0   0   0   0  39   0   0   0   0   0   0   0
   0   0   0   0   0   0   0   0   0   0   0   0   0   0   0   0   0   0   0   0   0  27   0   0   0   0   0   0   0   0   0   0   0   0  10   0  20   0
   0   0   0   0   0   0   0   0   0  42   0  27   0   0   0   0  16  12   0   0   8   0   0  41   0   0   0   0  20   1  38  45  42   0   0   0   2
   0   0   0   0   0   0   0   0   0   0   0   0   0   0   0   0   0   9   0   0   0   0   0   0   0   0   0   0   0   0   0   0  13   0   0   0
   0   0   0   0   0  40   0   0  19   7   0   0   0  44   0   0   0   0   0   0   0   0   0   0  11   0  28  30   0   0   0   0   1   0   0
   0   0  17  21   0   0   0   0   0   0   0  40   0   0   0   0   0   0   0   0   6   0   0  19   0   0   0   0   0   0  16   0   0   0
   0   0   0   0   0   0   0   0   0   0   0  42  47   0  25   0   0   0  33   0   0   0   0   0   0   0   0   0   0   0   0   0   0
   0   0  50   0   0   0   0   0   0   0   0  22   0   0   0   0   0   0  21   0   0   0  23   0   0   0  18   0   0   0   0   0
   0   0   0  40   0   0   0   0   0   0  41   0   0   0   0   4   0   0   0   0   0   0   0   0   0   0   0   0   0   0   0
   0   0   0   0   0   0   0   0   0  29   0   0   0   0   0   0   0   0   0   0   0   0   7   0   0   0   0  32   0   0
   0   0   0   0   0   0   0   0   0   0   1  50   0   0   0   0   0   0   0   0   0  30   0   0   0   0   0   0   0
   0   0  47   0  48   0   0   0   0   0   0   0   0   0   0  18   0   0  45   0   0   0   1   4   0   0   0   0
   0   0   0   0   2   0   0   0   0   0   0   0   0  18   0   0   0   0   0   0   0   0  19   0   0   0   0
   0   0   0   0   0   0   0   0   0   0   0   0   0   0   0   0  36   0   0   0   0   0   0   0   8   0
   0   0   0   0   0   0   0   0   0   5   0   0   0   0   0   0   0   0   0   0   0   0   0   0   0
   0   0   0   0   0  13   0   0   0   0   0   0   0   0   0   0   0   0   0   0  49   0  27   0
   0  46   0   0  24   0   0   0   0   0  20   0   0   0   0   0   0   0   0  37   5   0   0
   0   0   0   0   0   0   0  21   0   0  14  31   0   0   0   0   0  49   0   0  42   0
   0   0   0   0  10   0   0   0   0  24   0   0   0   0   0   0  22   0   0   0   0
   0   0   7  24   0   0   0   0   0   0   0   0   0   0  24   0  47   0  46   0
   0   7   0   0  20   0   0   0   0   0   0   0   0   0   0  17   0   0   0
   0   0   0   0   0   0   0   0   0  22   0   0   0   0   0   0   0  23
   0   0   0   0   7   0   0   0   0  25   0   0   0   0   0   0   0
  27   0   0   0   0   0   0   0   0   0   0   0   0   0  38   0
   0   0   0   0   0   0   0  37   0   0   0   0   0   0   0
  40  21   0   0   0   0   0   0   0   0   0   0   0   0
   0  16   0   0   0   0   0   0   0   0   0   0   0
  35   0   0   0   0   0   0   0   0   0   0  40
   0   0   0   0   0   0   0   0   0   0   0
   0   2   0   0   0  13   0   0   0   0
   0   0   0   0   0   0   0   0   7
   0  11   0   7   0   0   0   0
   0   0   0   0   0   0   0
   0  10   0   0   0   0
   0   0   0   0   0
   0   0  48   0
   0   0   5
   0   0
   0

 1754
  17  21   9  11  17  16  19   6  25  13   5  13  14  15  16   2  16  12  24  12  24  13   7   6  14   6  21  16  19   7  19  21  11  24  13  19   3  16   4  10   1  24   1  16  17  23  14   1  23  22   5   9  20  17  20  23  11  17  22  20   1  11   4  17  20  20  11   9  19  19  20  15  25  25   1  20  21  22  12   5  21  24  12  20  13  12  16  24   6   5   3  25   7  14  25  16  20  17  10   4  14  20   3  16  15   6   7  23   3   9  23  15   8  24  20  25   3   6  24   8  11   2  23  21  13  12  10  10  11  12  11  11  20  17  21  21   1  20  25  12

