 140 
  11   6  29  14  38  15   0  16  20  48   0  32  16  12  50  23  20   0   5  44   0   6   0  20   5  37  21   2  49   0   0  11  25  25  44  10  50  22  40   0  27  49  25  22  19   0  34  35  12  44   8  22  21   4  20   0   0  37  43  33   0   0  32   0  35   0   3   0  46   2   6   0   0  12  30  40   0  49  12   0  36   2  47  14   0  43  25  49  27  13  28  24  43  26   1   2  27  16   0   6  49  16  20  25   7  47  10  43  36  33  13  10  39  22  41  44   3   0  36  10   0   0  22  28   5  42  35  35  45   0  34   8   0  35   0   9   0   0  32   0
   3  47   0  17   7  31  16  44  48   0   0  10  37   0   0  36   0   4  15  22   5  26   0   0  50  28   2  24   0  22  23  18  42  39  50  50  39   4  35   0   7  27   0   0  19  40  28  49   9  28   0  41  32   0  23  12  13  41  18   0   8   0  44  36  18  38  30  16   7  10  31  49   2  40  47  20  20  44  47   0   2  10   0   4   9  45  13  50   7  30   0   0   0  24  27  10  38  37  39  47  31  49   0  41  23   0  24   0  18  41   0  23  37  50  39   0  26  14  46  16   0   0  21  49  30  24   0  29  40  49  42  43  41  29   0   0  14  38  29
  26  36   5   0   3   0  28  16  42   1  35  43  31  24  31  50   9  38   9  25  11   0  30  22  36  27  37  43   0   2   0  38   1   0  49   6   0  10   0   0   7   0   0  24  41  15   0   0  18   9  24  25  41  16  31  44  37   0   0  37  34  30  35  36   0   2   0   0  49   0  33   0   1  15  18   0  17  35  32   0  47  47  40  24   0   0   0   0  11   3   0  16  12  29   0   0  49  28  28   0  39  19  50   0  41  14  46  25   0   0  32   0  28  26  16   0  24   0  16  13  10  37  22   0   0  40   7  37   0  39  35   0  36  50  26  46  16  38
  48  50   0  20  17  32   0   0  30  25  36  34   2   0   0  24   0   7   0  12   0   0   3  31   0  37  21  12   0  50  19   0  12   0   0  18  21  17   0  21  41   0  21  24   0   0   0  40   0  26  32   9  30  27  10   0  32   2  31   0  42   5  43  42  34  39   5   0  47   0  20  27  32  31   2  36  41   5   0  49  21   1  31  49  40   3   0  36  31  30  34  11  39  27  29   0  48  49  38  28   0  48  27  25  38   0  48  20   0   0   9   0  50   3  48  33  27   0  34  36  37   0  22   2   1  19  23  28   4  30   0   0  32   0  32   0  18
  32   0   8   0  35   0  19   0   0  20  43  44   0  31   0  11   0  50  31  41   0   3   4  42   0  35  39   0   0   0  36   0  20  15  28  16  29  14   0  22   0   9   6  24  36   0   0  48  39  48   6  11  32  49   8  49  28   0  47  14  46   9  33  44  18   3  32  37  44  47  50  36  17  26  12  14   9  44  41  12  49  35  15   0  21   1  34   4  39  31  28  31  48  27   0  48   0  27  41  24  17  44   6  50   6  31   0  40   0   1  28   6  31  21  16   0  49   0   0   0  36   6   9  18   0  45  19  25  27  45   0   3   5  44   0   0
  26   7  35  15  30   0  44   2  36   0   0  28   6   2  16  33   0  39  33   6  37  15  49  31  25   0  46   0  26   0  36  31  17   0   7   4  33  24  32   0  12  37   0  42  39   0  15  47  41  31  48  42  36  37   0  34  32   0  33   0   7  16   0  10  35   5   9   0  10   4  34  50  37   8  12   5   0  12  30  32   9   2  40   0   1  44  50  10  23   0   0   4  19  24   0   3   0  30  48   5  22  11  50   2  16   0   0   5  41  29  13   0   0   0   0  13  35   5  11   0  45  33  18  48  11  28  18  44  34   0   7  48  21   9  13
  39   0   0   0   4   8   0   8  15  21   0   0   0   0  11   0  31  40  22   0  20   5   0   3   0   0  17   0  44  22   8  30  40   8  15  48   0  30   3   0   0   0  44  24  46  30  17  10   0   0   0  48   0   0  47  23   0   0  31  23   0  40   1  32  27  41  24  26  41   9  28   0   0   6  48  42   0  11  38   1  35  50   0  11   0  34  47   0   2  25  14  10  23  21   4  50   6   0  33   0  18   0   9  14  10  47  38  45   0  20   4  45  23   0  13   0   0  18   0  10  48  38  23   0   4  16   5   0   6  27  49  26  32  32
  45   5   0  19  49  39  23  48   0   0  44  31  41   6  19  10   0   5  30  32  26  29  12   0   0   9  21  13  26  29   0  11   9  46   2  46  42   0  28  28   0   0  42  29  46   0   8  32  14  11   7   2  29   6  48  15  44  32   0  43  32  43  21  13   0   0   8   6  44   0  48  37  32  30   0   0  41  13  23   0  12  12  13  10   0  32  38   0  43  41  48  36   8  27  40  40  45   5   0   4  45   0   1  47  46  28  49   0  26   0   0  40  21  27   0   0  29  42   4  41   7  27  47  24  13  25  20   0   0  44   0   0  21
  37   0  17  31  48  41  36   0   0  30   1  33   1  16  36   8  10  11  29   4   0  13  34  31   0   0  25  14  44  34  38   5  25   0  28  13  48  40  11  43  25  21  50  35  29  37  28  18   0  37  31   0  46  34  37  41   0  10  30  22  38  24  11  14   0  38  35   0  27  50  22  44   0   0  14  41   0   0  21  25   9  50   0   0  23   0  12  15   0  45   0  22  36  29  11  33  10   0  33  13  20  26   0  34   0  22   5  18  39  38  28  14  30   0  12  10   7  44   9  33   0  34  48  15  18  32   0   0  37  46   7  31
  13  42   1  45   4   0  29  39   0   0  48  42   8  30  21  49   0   8  49  36  34  49  21   0   0  21  10   8   0  13  17  28  47   0   0   1  15   5  17  40   9  40  39  10  19  47   4  40  19   0   6  40  10  31   0   0   0   0  13  25   1  27  44  39   0  46  45  40   2   0  18  36  28   8  35   0   0  32  42  12  49  15  36  42  25  29   0   3  47  18   0  45  49   0  26   0   0   0  10  41  39  29   4  26  15  45   0   6  43   0  48  41   0  37  17   0  33  47  20   6  18  38   0   0   7  34   0  31  11   0  14
  12  27  49  14  27  10   5   0   0  44  33   0   0  35  20  17   0  43  31  24  16  41  16  43  40  37   0  27  47  23  40  19  43   0  23  29  41   0   0   5  50  27  27  34  38  18  28   1  25  27  37  31  46   0  47  36  10  32   9  19   9  16  39  22  40  19  26   9   0   6  48  17   0  43   0  33   0  48  12  44   0  21  46  48   2  12  27   3  12  45   0  46   0   5  32  25  41   0  30   0  30  25  39  34   6   0   0  32   6  47  13   5  16  33   1  50  34   0   0  44   0   0  16  20  10   0   2   3  39   0
  49  39   0  38  39   0  30  35   0  23  50   6   0  19   0   0   0  13  33   4  16   0   0  17  33  35  43  45  40  24   0   0  33  28   9   0  39   2   8  25  34   0  47  23  23  33  31   6  45   0   0  40   0  35  40  45  28  28   8  28  10   3   0   0  50  49  19  46  35   0  35   7  13  26  35  40  22  15  18  20  40  42  23   8  47  26  12  15  31  39  29   4  36  28  10  11   0  42  17   8  42   5  36   0  23  45   0   0  19  40  31  32  34   0  39  37  45  23   0   0  21   0  34   0  14  35   0   0  10
  34  15   1  50   0   4   0   0  13  11   0  28  12   0   9  49  16  35  29   6   9   0  21   0  30  13  46   4  12   5   0   0   6   0  30  11   0   0   3   9   0  40   3  36  23  36  19  29   0  30   0   0  24   3   0   3  40   0  33  42  49  34  20  15  42  37  30  33  16  23   6   6  24  13   0   0   0   9   0  16  45  25   7  38   0  50   0   0  28  23   9  23  19   0   0  44   0  14  30   0  34   0   0   0  50  33  25  14  14   0  33  42   5   0  32  24   0  35  26  49   5   6  33   5  46  16   0   2
  18   0  19   0  13  16   0   0   0  18  24  37   0  12  46   2  10   0   0   4  38  29  31  25  48   6  19   1   0  43   0  47  30  24  12  41   0  15  18  41  41  31  24   0   0  39  45   2  50  42   0   0   0  21   0  17  11   0  45  41   0  29  24  45   0  16  17  38  44  21   0   0   0  33   1   0  50   3  13  37  23   0   0  32  29   1   0   8  19  40  22   3  11   3  17   8  32  17  19  21  33   0  29  42   0   0  50   2  29   0  20  21  34  38   0  11   0  33  19   0   8   8   0   0  14   0   0
  50   2  25   0   0  14   4   0  30   4  24   0   4  49  48  39   0   3  36  20   0  27   0   0   0  16   4  12  41   7   0  38   0   0  30  16  14   0  12  24  48  48  12   9   3  14   8   0   5  13  11  50  11   0  24   0   0   0  19   4   6  24   0   0   0  11  25  44  38   0  24   0  45   0  47   0  30   0   3   0   0   0  31  48  27   0  17   6  32  48  33  38   6   0   2   8  33   0  45   0  41   1   0   0  15  50   0  20   0   0   0  43   0   2  32   0   0   0  10   3  28   0  49   8   0  12
   8  25  37  19  28  18  22  19  11  46   7  21  24   5  41  29   4  32   1   2  50   0   0  28  50   0  38   0  28   7  26  35  39  36  39  40  33   0  45   0   8   0  45  50   0   0  37  48  48  31   5  37  22  31  24   2  46  31   0  35  13   7   1  18  46  33  34   4   0  37  34  19   1  34  49  18  11   8  22   0  28   0  28   0   1  28  26  11   0  20   9   1  41  27  38   9   5  23   9   0  20  13  35  22   0  10   7  49  44  28  31   0  43  33   0   2   0   3   0  37   0  15  31   3  23
  26  14  12  21   0  24  19  13  49   0  24   0   0  49  24  15  30  46  47  24   2  47  25   0  32  11   0  26  10  38   1  28  27   5  36  32   9   0   6  39   0  39  22   0  46  36  43  39   0  45  14  43   0   0  33  26  15  26  25  18  45  33   6  32  32   0   0  47  18   0   0   0  22  29   0   0  10   4  31  26  47   6  32  30   0   4   6   6  49   0  15  43  19  44   0   0  40  40  30   0  26  19   0  39  35   0  47  36  32  41  37  24   0  27  10  29   0  10   1   0  21   0  37  24
   0   0  48   0  43   0   0   0  28  35  40  13  37   0   0   0  24  47  35  20  34   0   1  45  30   0  34  26   0   0  23   4  37  15  39   7  17  39   0  23   0   9  25  14  11  14   2  18   0   8  18  25  50  40  27  31  19   4   0   0  13   4  24  39   0   0  13  48   0  21  10   0  30   0  45   8  13  44   0   9   0  40   0  43   0  13  46   0   0   0   0  21  20  48   0  22   0   0  49  29   0  28  37  18  15  23   0   0  35   1  38   0   0  35  13  37  16   0   0  20   7  39  47
  24  15  13  33  12   0  11  28  31  34   0  19   7  37  19  21  33   7  20  14  26  13  50   5  49  16   0  24  20   0   0   7  21  19  44  21  19   0  21  50  39  11  18  25  11  32  13  27  49  38   0   9  31   6  34  38  26   5  36  23   1   0  33  42  27   0   2   0  20   0  12   0   2  46   0  23  39   0  26  33  18  34   0  31  31  20  39   0   0  45   1  16   8  23   8  21  40  31   0   8   8   1   8  35  26   0   4  13   7  27  17  28  17  31   0   0  36   0  34   0   0   5
  45  21  47  15  40  41  44  49   3   6   4  45  33   4  47  50  24  13   0   0   0   3   0   9  27  48  17  31  40   0   6  30  13  29  20  22  46  24   4  19   0  49  23  18   0  29  30   4  38   0   0  40  50   0  24  12   0  41   2  33   0   0  18  24   0   0   0  32  14  15  35   4  46   2   0  48  10   0   0  33  27  47  36  22   0  29  20  33  10   0   3   0  47  18  11  15  22   0  24   8  17  38  20  44   5  20  16   0   8  13   0   0   0  38  22   0  14   0  44   0  21
  20  22   0   0  48   0  20  11  48   0  50  19  42  14   0  11  32  37  31  31   0   0   0  27  16  45  35  45   0   0  18   0  45   0  30   0   0   0   0  42  12  11   8   7  50  50   0  20   0  20   0  27   8  18  35  18   0  12   4   0  47   0  26   0  24   7  44  35  13   0  43  29  26  34  47   0   0   0  47  48  38  36  24   0   2  21   0  20   0   8  32   0  31   0   0   0   0  37   0   2   0   0   0   0  14  20  38   0   0   7  27   0  23  12  42  10  24   3   0  28
  20  24  35  14  19  33  26   0   0  19  33   3  31  19   7  16  34  33  18  22  26   0  48   0  27   0  32  43   0  24   0  30  46  25   0   0  32  38  42  39   0   0   0  46   0   0  19  36  13   0   9  41  33  43  36   3   3  27   0  19   0   6  50   0   0  24   3   0  13  35  21   0   2  18  43  17  38  13   0  16   2  40   0  24   0  15  48  37  20  33  19  19   0   6  17  36   2  15  25  39  19   0  37  38   7   0  11  17   0  38  49  23   0   0  48   0   0  14  10
   0  21   9  19   6  18  49  43  19  47  37  32  50  30  15   0  26   0  13   0   8   0  46  27   0   4   0  17   3  36  32  13  32   0   0   0  12  26  22   0  33  29  16  44   1  41   0  25  47  23   8   0   1   0   0  40   1  14   0   8   4  15  30  13  43   6   0  47   0  27  23  12   0  21   0  16  27  10  11  30   0   8  48  44  29  21  28   4   0  28  22  35  50   9  21   0   8  16  20   0  29  18  33   0  47  20  46  15  24   0  33  23  11  19   0   0  42   4
  20  50  23  50  19  21   0  17  50  20   9   0   1  23  43   0  20   6  11  21   3  39   6   0   0  40   0  34   4  50  11  18   0  26   0  21   0  48   0  50  12  49  27   3   0  13  50   0   0  27  16   9   0  47   0  14  34  39  20   1  45  21   0   0  28  21   6  14   0  12  24   0  40   0  40  39   0   0   0  28  40   7  44   0  26   9   0   0   0  20  33   0  19  12   2  49  14   0   2   0  44   0  43   0  43  17  18  22  24   0  15   0   0  44  46  48  21
  36  41  29  17  17   0  49  21  25   0  45  44   9   0  48   0  18  27  50   7  27   0  24   4  49  21  32   0  10   0  16  26   0   0   0  13  18   4   0  29  32   0  16   2   0  20  47  31  37  37  47   0  17   0  15  21  30  17  48  48   0   0   0  28   8   0  50  28   0   2  18  37  16  33  24   0  46   8  20  39   0   0  30  34  35   3   0   9  44   0   2   0  40   0  50  29  32   7   6  36  13   0  45  29   0  19  25   0   0   9   2  36  18   0  34  42
  47   3  32  47  28  36   2   0   6   6  12  31  29  35  13  19  47  39  14   0   0  18   3  32   0  47  38  41  46   8  14   5   7   0   9  28   0   7   6  15  44  30   0  23   0   2  47  37   0  15   0   0   0   5  20   0  38  35  13   5   4  30  18  42  41   0   0   0  11  31  30  15  40  27   0   0  50  50   3   0  24  10  30  47   5  43  45  18   0  15   6  39   0   0  49   0  22  33   0  11  34  30   3   6   0  38   0   0  42   0   2   0  29  22  41
   0  42  13  47  47  31  20  18  50  50  11   0   5  47  50   0  43  50   0   0   0  19  46  49   0   0  13  29  21   8  27  31   1  34   0   0  39   0  13  13   4   0  15  17   8   0   0  44   0   0  39   0  26  50  24  28   0  31   0   0  32   0   0   0   0  27  42   4  21  17   3  45  42   0  19   0   9   0  42  14  20  46   0  11  35   5  50  22  43  32  45  28  42   0  19   0  36   0  19  40  15  20   0  10   5   0  14  49  21  30  13  11  47  43
  19   8  14  34   5  33  33  45   0  24   0  28   6  11  15   0  39  43   0   9  19  38  19  43   1  46  13   0   6   0   0  21   0  40  50   0  19   7  42   0  48  31   0  46   1  10   4   3  33  10   9  42   0   0   0  21  36   0  32  48  28  13  30  13  27  42  47  12  46   0  48   3   1  45  30   0   0  49  27  47   0  19  26  34   0  16   7  38  49  12   0   0  23  14   0   0  26  38  13   4  30   0  22  44  30  25   0   0  47   6  37   0  26
  31  10   0  48  26  39   2   0  23  41  41   4  37  24  36  37  10  41  25  37  24   0  14  44  24  36  39   2   7  24   8   0  29   0  13  25  14   0   0  20   0   0  26   0   0  23  27  40   6  38  11   5   0   8  48   0   0  13  12  32   3   0  38   1  41  23  11  29  17  47  33   0   5   0  10  21   2   0   0  33  31   0   2  31  10  50   9  50  30  27   0  37  33  29  22   0  28  29  13   8  37  43  25   0   0  48  28  31   0  19  10  26
  36  32   0  12  35  14  49   1  47  41  20  38  22  22   7   0  39  28  34  33   2  11   0  21  30   0   0  22  46   8   0  10  37  28  37   0   0  16   0  16   0  46   0  22  17  24   0   0  47   0   6  24   5  26  49  13   0  29  24   1  40  40  42  28  38   3  39   0   0   0  11  38   9   0  40  41  13   8   0  50  47   0  38   9   0   4  16  12   0  28  46  46  41  48   0   0  11   0  33   0  30  13  11   0   4  50  26   0   4   0   6
  40   0   8  33   5   9   9   0  22   0   0  38  20  50  34  47   9  49  46  16  24   0  27  42  23   0  33  47  40   0   0   5  41  47  49  11  25  46  21  39   0  44   0  12  25  47   0  41  50   0  48  16  45   5  46  43  38   9  46  29  45   9  47  16  48   0   0  48   0   8  16   0  16   3  15   6  39   0  45  41  21  39  36  19  43  24   8  23   0  29   0   8   0   0  39  32   0  49  16   0  28  28   2   2  25  44  25   0  26  19
  19   0  11  33  49  16  41   0  31   0   0   0  40  24  45  34  12  12   0  25  41   0  42   0   0   8  19  19   1  26  42   0  11  21  13  12   0   0  24  38  24  15   8   6   0  42  50  41   0  43   0   6  43  39  23  46   1  18   0   0  22  43   0   0  16   0   0  10   9   1  28  15   0   7  46   2  15  29   0   9  43  33   0  23  39  43  31   0   3   0   4   1  19  29  17  10   0  39  36   0   0  34   0   0   0  44  38  49  13
  38   0  17  17   0  45   0   0  11  44   0   8  24  39   0   0  11   0  11  25   3  16   0  36   8   5  10   0   0  20   0  47   5   4  18  23  30   2   1  14  24  37   0  43   1  25   3   0   8   2  20  38  44  14  40   9   0  30  50   2   0  31   9  43   4  48   0  13  42  34   0   0  34   0  48  16  36   0   8  34  16  38  33  19   0  33  25   5   4   0  31  16  33  32   0  19   0  44  31  16  28  16  11  43  23  31   0  26
   0  22   0  13  34  48   0   0   8   8   0  30  42  50   4  15  15  14  32   3  36  31   0   0  13   0   0   0   0   4  34  29  45   6   2  11  17   0  34  45  47   5   8   9   0  40   4  31   0   0  17  44   0  15  41   7   0  30   0  24   0  31  38  10  15  30  41  23   0   0  15  45  47  44  10   0   0  37  45  31  47   5   0  23  23  13  14   0  47  32  30  10   0  18   0   0  34  11  43   8  19  16   8  18   0  19  26
  34  18  14   8   6  35  24  25  40  30   1   0   0  16   7  26  26   0  14   0   0  25   1  26  10   4   0  13  44  37  16   0  43  19   0   0   0   0   0  43   0   6   0  39  33   3  38   4  10  26   0   4  22  49  27  28  10  37   0  19  33  13  36   2   0   0  19  14  25  45  31  26  44  34  24  37  47  41   0  38  23  44  30  50  21  29   7  10  22  15   0  17  34   0   7  12  35  13   0  32   7  36   0  50  16   4
  49  30  35  28  19  24  44  20  35   0  32  11  18  17  41  42  43   0  31  20   0  20  41  49   0   0  35  16   0   5  46   2  29   4  23  21  32  24  11  48  34   5  35  29  49   0  16  50  10   0  30  37  31   0  28  18   9  19   1  15   0   0  21  23   0   0   5   0   0  26   0  31   2   0   0  28  10  38  10  14   9   0  42   6   0   4   0  27  17   6   0  31  22  18  17   0   0  33  40   0  35   0  21  48  11
  21   0   0  14   0  48  22  12  31  46   7  14  23   0  46  26  43  33  22  36  26   0  39  43   3  32   9  11  39  10   0   0   0  15  12  49   0  28   0  37  39  25  34  37   0  23  14   9   6   0  45  44  14   0  19  26   9  28  19   0   0  42  12   0  40   0  33   0   0  41   0  38  15  13  10  41  15  26   4   5  44  21  49   0   0  49   6  16  11  16  14  26   0  18   7  16   0  21  37  15   0  24  16  34
   0   0   0  35  46  49  29   0   0  28  48  14  16  44  29  48   5  11   3   0  41  29   7   7  12   1  33  21  12   9  31   0  30  21  31  21  42  44  28   0  20  41  31  18   4  20  22  13   0  24  25  37  16  39  26   0  24   0   9  25   0   1  16  30   0  50   0  39   0  26  39  30   3  13  36   1  31  28   0   0   0  25  34  15  42   0   0  45  19  44  26  41   9   0   0   7  25   0  11  19  23  28   5
   2   1   0  25  49   0  11  50  17  43  47  18  12   3  21  18   0  18   6   0  21  34   0  36   0  39   8   4  19  46   4  29  35   0  12   7  33   0  34   4   6  42   6   4   0  42  47  21   0  43  16   2  44   0  14   0  32  19  33  12  48  26   8  45   2   0   0   6   0   5   2  22  20  43  20  36   3   0   0  24   0  25   0  40  17  15   0  24   0  35  16   0  32  29  15  21  33  40   4   8  48   4
  20   0   0   0  38   0  20   4   0  24   5  38  44  23  46  36  32   0  21   3  16  31  18  45  24   0   0  25  49  44  36  26  13  19   0   0  23   0  24   7   0   0   1   0  21  42   0  22  32   0  33  27  14  42  17  32  32  42  28  19  12  21  26  23  19  44   0   0  32   0  50  12  18  28  48  16  24  17   0   2   0   1  10  18  30  22   4  14  37  22   0  19  21  10  28   0  46   6  32   0  22
  47  42  41  32   0  26   0   8  41   0   0  46  12   0  34  49  37   0  17   0   0   7  46  28  46  33  23  26  41   5  34  33  18  29  15  33  23  23  43  17   0  17  13  26  28   0   0   0  31  41   6  41  47  15  48  14  21   4   6  15  27  10   0  32  20  32   0   5  26  31   5  14  11  33  46   0  42  49   0   0  16   0  40   2  30  39   0   0  30  22  14  25   0   0  13  19  22  39   0   0
  50  22  33   0  39   0   0   0   0   0   0   0   0   0  19  10   8   0  37   6  38   0  26  40   0  35  31  40   0  49  10   1  19  18  43   8  38  19  42  48  20   7   0   0  23  28  27  13   0  43   0  18   0   0  44  25   2  38  30   8   0  43   0  44  43  30   0   1  33   0  47  30  15   0   0  43  12   0  16   2  39  19   3  21  14  16  13   5  37   6  16   5   1  19  20   0  36   0  20
   0  36   2  10  34   0   0  47  49  41   0  19  19  31  40   6  27  19  41  33  49  31  35  24  39   0   0   7  23   0  33  41  13  27   1  46  37  33  17  16   0  33  43  32  10  17  30   4  18   0  12   0  27   3   0   1   0   0  12  26  11  34  28   0  26   0  48   6   9   0   6  14   0  45  40   5  21  25   0  35   0  29  40  28  46  14   0  32  46  14  15  43   0   0   2   7   8   0
   0  12  26  38   4  50  26   0   0   2  30   3  17   0  47  43   0   6   0  36  39  30  19   0   0   0  48   0  18  14  39   7  36  13  19  16  14  17  43  28  31   0   8  45  50  47  48   1   0  10  44  14   0  30  41  36  22   0  37  29   5   6   0  30  27  42   7  50   0  38  43  18  12   5  50   0  45  36  10  25   0   7   4  44  43  17  41   0   0   0   0  43   0   3  39   0   0
   0  13   0  40   4  19  21  19   0   0   5   0  31   4   0   5  46  17   0  21  36   0  22   0   0  42   0   0  30   5   0   0  45  45   3  23  47  33  44   7  10   3   0   4  29   0   4   0  22   0   6  32  17   0  21   0   5  41   0  16  30  36   0  13  37  22  40  43  34   3  22  19   0   0  32  15  20  17   3  40  31  13  43  43  32  11  37  42   0  46   0   3  33  50  39  24
  37  31  18   0  42  43  33  24  48   0  38   3   0   0  24   6  19  20  21   0  15  46  41  49   0  11   3  32   0   0  38  38  24   0  13  18  25   3  29  43  23   0   0  26  25  48  12  49  19  46  43  23  47  25  11  12  47  39   0   2   6  35  29   0   0   0  29  40   0   0   0   0  28  23   8   0   0  28  29   0  28   7  32  34   0  18   2  47   3  24  10  47  42  10   0
  21   0  27  35   0  17   0   2   0   0  24   3   0   0   9   0  36   0  32  31  23   0   0  37   0  29   2  45  11  37  47  38  26  28  48   0   5  23  36   1   0  35   0  29   7   0   0  21  36   0  48   0   2   8   0  38  24  19  11  10  25   0  23  13  44   0  23  21  16  34   0   9   0  18  45   0  39   0  16   0  27  50  46  37   1  35  19   0  18   0   0   8   0  26
   0  50  34   0   0  22  25  21  25   2  39   0  11  38  12  16   0  19  27  37  39  41   3  47  32   6  24  22  47   5  18   6   6  44   9  50   0  34   0  11   0  21   9   3  41  10   5   3   0   7  34   3  35   3  14  19  36   0   8  37  45  43  14  19  26  41  15   5  38  12  19   0   0   0  46  48  44  25  30  28  45  40  43   0  14   0   0   0  35   0  17   0  28
   3   0   0  20  22  46  10   0  40  17  17   6   0  32   0  46  27   0   0  33  41  13  24   0  43  43   0  37  16  46  37   0  14   0   3  29  30  15  12  24  23  43  14   0  21   5  39   6  19  33  48   0  31  13  17   6   3  48   0  37   0   0   9   8  28  17   0   6   0   0  13  32   0  30   0  33   0  21  12  40  50   0  43  36   0   0  41  17  26   0   9   3
  45  18  43   0  12   0   0   9  23   6  24  19   1  29  43  24  35   0   0  33  36  21  38   5   2   0   0  38   1   0  10  42  41  37   0   3  14  38   0  40   4  15  47  16  30  38   7   0  12   0  29   0  23  50  12   0  38  26  29  45   0   7  27  22  21  29  26   0  21  17   0  24   0  12   3  29  49   0   0  22  17  11  16  21   0  39   0  36   0   0   8
  25  35  17  13   0   0  37  43   0  14   4   8   0  44   0  16  50  22   0  20   9  24  31   0  25  36   0  10  46   0  23  41  30   0   0   0   0  18   2  47  39  41   0   0  27  31  49  17  37   1  44   0  22   9  17   0  34  50  38  49   0  48  12   0  14  49   0  47  33   0  37  43  17  37  14  34  20  19   6   3  44   0  42   0  14  40   9   0  32   0
  11  47  13   0  13  21  12   0  44  29  31  11   0   0  38   0  28  50  31  31   4  46   0   0   0  13  46  12   0  10  30  27  43  23  28  31  13  39   0  25  50  11   0  42   6  27   4  16  49  31   0  38   0  34  36  12  28  29  25  39  35  47  35  10  49   0  28  49  40   4   0   0  38  26   0   0  26  19   0  18  10  42  28   0  42   0  40  12  30
   0   0  25   0  37   0  41  41   5  15  20  15  13   5   5   3  48  26  21   3  45  31   0  20  13  20   0   2  12  44  45  23  46  48  26   5   7  18  33  25  48   0   0  35   9   5   0   0   9   0  42   0  22   5  14  45   2   0   5   3  39  39  25  17   6  44  27   0   0  43  19  21   4   0  34   5   8  48  34   5   0   6  13  27   1  13  21   0
  15  45   7  43  46   0  12  24  20  14   5  26   7  20  46  18  12  42  42  29  14   0  41   0   4   0   4   0  23   0  44  17  41  38  17   2   0   6  24  20   0   0  15  39  20   0  37   6  35  14   2   3  20   0  15  15  23   0  22   0   0  39  11   0  34  11   0  20  34   0  46   0  12  25  25  43  46  13  37   0  45  28   3   0  27   4   0
   0  12  33   0   0   6  17  13   0  20   0   0  48   0  50   3   0  24  14  43  43  14  25  48  49   0  24  39  37   0   0   0   0   7  15  40  18  45  28  38   7   0   0  10  10   5  44  41  16  25  28  17  14   8   0   0   0  30  38  47   8   8   8  41  12  46  13  22   0   0  15  14   0  35  12  16  16  49  36  22   4  12  41  11  28   0
  23  38   6  24  20  25  41  20  45  40  15  29  49  24  47   3  24  27   0   0  37  26   0   7   0   4   0   0   8  39  16   9  15  14   0  27  21   9   0   0  14  23   0  21   8   0  30   0   0   6  34  22  35  25  17  29  33   0   0   0   0   0  24  45  23  21   2  16   5  29  33  11   0  32  30  14  42  18  32   1   5   0  23   8  27
   0  50   0   8  21   4  12   0  31   6   2   6   0  19  43   3   0  29   0   1  44  40   8  49  29  28  29  14  34  39   2   0  33   0   0  22  40   6  38  38   0  37   0   9  26   0  45   0   4   0   7   4  17  25  40   0  49   0  25  33  13  30  50   0  48   6  48  17  17  46  17  41   3  46   0  30  21  44   0  47   5  42  15  30
  30   9  36  15  33  23  46   4  34  32  23  29  22  41  36  39  26  42   0  20  42   0   0  18  18  16  49  45   0  26   0  35   0   0   0  19   0  43   0   0  12  17  12  29   7   0   0   0  21   0  22   0   1  44  18   0  49  25  13   0  24   0  16   0  41   0  35   0  40  48  36   2   8  20  20   2   0  24   0   5   0   0  16
   0   7  31   5  23  11   0   0   0  11  26  22   0   0   0  19  38  14  15  37  44  21   0   0  40   0  49  49   7  48   0  15  17  43  19  23  10  39   0  31  26   0  23  11  50  47  18  47   3  13  40  26   0   0   9  22  31  39  33  20  17  14   0   3  31  45  33   0   0   0   7   3  44  38  49  33  19  21  33  39  41  27
  40  21   0   0   0   0  26  27   4   0  18   0   0  44  26  24  42  38   0   0  37  23  22  39  28  41   2   0   0  14  14  36   1  40  33  27   5  41   9  18   0   4  44   0  35  20   3  36  41   1  39  45  15   0  36  39  19   0  47  12   0  35   0  33  48  35   4  36  44  31  19  23  21  33   7  37   0   1   0  48   0
   0   2  11   0  38   0  30  13   5   0  38  41   0  47  15   0  15   0  13  39  40  48  47   0  26  40  29  21   0  10   0  36   0  28   0  17   7  42  25  16  34  23  15   0   0   0  37   0   0   4  32  38   0   5  39  49   1   0  13  42  26  37  33  21   0  22  35   8  16  28  21   0   2  26  35  11  48  32   1   0
  21  47  50  10  29  25  47   0   6   0   0  35  50   0  43  40  23  13   5  38  45   0  12  32   0  24  47  38   0  12   2  40   0   0  20   0  27  12  32   0   0  11  43   7   0   0  39  34  34  25  31  46  19   0  29   0   1  21  43  48  47   8  41  45   7  28   0  37  41   3   0   0   0   8  42  39  23  46  31
   2  44   0  41   2   0  41  30  29  30   9  14   0   0  23   2  13  50  14  47   3   0  44   0  29  37  28  10   1  33  42  34  40   0  15  37  39   6   8  45   0  33  14   0  33  20  41  30  48  41  17   7  27   0  43  16   0   0  43   0   0   1  29  23  26   0  23  41  15   7  13  49  13  11   0   0  13  12
   5  34  17   8   0   0   0   4  22  31  11  29  30  29  37  44  24   0   0  45  18  22   0  32  27   5  16  42  39   0  46  26   7  29   0   1  32  10  39  49   6  25  48   0   0   8  46   0  13  37  24  24  49  32  15  36  25  19   1   1  21   1   0   0   0  33  46  27  45   5   0   5  29  22  23   9  30
   0  46  46  31  38   7   2  10   6   0  20  33  16  32  46  40  33  35  41  18   0  26  48   7   0  37  45   3   1   0  38  22  39   0  12  24  21  38  49   0  42  11  39   2  31   0  21   5   0  39  49   0  48  13   0  12   0  44  47   0  27   0  24   0   0  22  16   4   0   0   0  18   7  10  38   0
  17  32  41   2  42   0  29   6  44  19  16   0   3  18  19  30  16  23  10   0  47  25  42   6  35  22  19  39   0  41   0   0  32   0  14   0   4  21  15   0  41   0  45  41  15  39  35   7   7   9  36  19  13  29   0  40  11   5  46   7  29   0  27   0  31   0  22  10  46  41   0   0  35   0  17
  17  39  41   3   0   0   0  37   0  26   0  15   9  14   0  36  36   0  30  27   9  24   0  27  44  39  48  19  34  46   0   6  31  41  15   0   0   0   5  14   0   0  31  35  46  35   0  12   0   0   0  34   0   1   0   0   1  40  35  26   0  49   0  29  29  42  35  44   0   7  34  11  34  34
  24  43   9   0   3  30   0  40  17  14  19  33   9  50  19  46   1   0  13  20   0  29   0  30  19  39  22  10  13  48   0  25   0  50   6   0   0   5  19  19  24  31   0  50   0   0  44  29  29   0  22   0   0  14  25  48  37  10   1   0   0  10  47  10   0  49  32  16   0  11  16   0  11
   3  21  49   0  10   8  28   0  45   0   2  33   0   0  44   8  21  30  44  22   0   0  40  12   0   0   0   4  42  10  36   2   0  45  10  15  43  21   0   3  18   0  13  42  40  16  34   0   0   5   1  29  42   0  30  27  26  50   1   7   1  35   0  44  24  35   2  35   0   0   7   0
  13   9  10  24  42  31  11   0   9   3   0   0   3  28   0  11  26  42   6  31  48  49   0  14   0   5   0  45  37  39  15  35  16  37   0   8  43   0  20  41   3  33   2  30   6   9  42  29   0  42  24  36   0   0  25   8  26  30  26  20   0   0  29  37  29  32  47   0  27   0  23
  39  15  24   1  19   0  16   9  25  13  40  28  49  40  42  30   0   0  47  15  25  21   0  43  19  10  47  34  35   0  23  31  50   8  30  46  40   4   0   8  38   2   0  49   0  27  45  20   2  46  32  15  46  16  39  15   0   0  13  34  22  10  18  14  27  14  13  46   0  29
  18   2   0  15   8   0   0  30  23  24   0   5  39   0   0  42   0  19  26  23  45   0  14  37  42  41   0   0  44   0  26   7  49  33  42  27  14  13  17  20   0  35  18   7   0  12   0  21  30  43  36  21   0   0  19  22   0   0   0  50   0  10  44   9   0  18   0   0   2
   0  21   0   0  39  24  48   2  30  39  34  10  12  39  41   0  31   4  27  21   0  32   0   1  11  34  50  33  21  32  19   0  16  44  32   0   5  26   0  49   0   0  49  10   0   0   1   0  43   0   3   0   0  33   0  50  38  26  21   0   8  32   0   0  29  15  34   0
   0  45   8  21   0   0   0  45  47  25   8   3   0  34   0  43  25  36   0  28  16  25  35  19   6  27  47  25  16  19  42   0   8   0  39   0   0  29   0  18  41  35  41  41  39   2  31   0  31  21  14  34  32  37   5  40   6   1   8  22   0  41  35  42  24   0  26
   0  29  42   6   0  24  15  34  13   0  18  50  20  22  35  13   8   0  29  31  19  14  50   3  34  45  15  28  15  29   0  25  40  38   1  48   0  46  16  41   0   3   8  22   0  40   0   0  48  16   0  35  34   6   0  42  37  25  35  19  29  18   0   0  15  11
  28  50  14   0  21   0   0   0   4  27   2   0  36   2  26   0   0   0   8  19  29  42  36   0   0   0   9  40   0  17   9  35   0  50  23  17  41  50  38  50   0   0   0   0  13  16   0   0   9   0  14   2  41  47  24   9   2  40  31  17  35  40  31  36  21
   9   4  25  44  26  29  42  11  28  39  22   0  37  11   0   8   0  39  50   8   0  37  42   0  29  29  10  40  27   8   0  50  39   6  28  12   0  31  14   0  25  30  30  27   0  18   0   0  44  41   0  29   5   0  11   0  38  30   0   0  39   6   1  48
  38   0  28  28  49  27   8  27   0  47  25   1  27  28   0   0  31  25   5   2   0   0  23  28  20  38   2  23  27  24  36  38   3  47   0   0   0  24   0  41  46  31   0  44  28  45  17   0  25   0   1  22  22   1   0  19   0  24  35  29   0  16   9
   0  44   0  13   0  20   0  39  26  27  36  46   0   0  15   3  39   0  32   0   0   7  19  22  42  23  43  50  46  37  37  32  45  14  30   0   4   8  15  35   0  18   0  31   0  24  15  35   0  15   0  18   0  19  32  50  19  43  42  34   1  21
  32  16   0   0   0  40  14  46   0   0  34  21  21   0   0   2  13  46  11  37  21   0  14   0  21   6   7  35  27  49  35   0   0  42   0  42  11  41   8  30  47  10  31  16  24  41  10   3  10  50   0  26  42   0   0  50  18   0  15   8  14
  28   0   0  16  18  29  37  37  41   2   1   0   7  10  16  44  16   0   0  48  14  41  22  12  38  35   9  10   6  43   7  48  25  31   2  36   0  15  44  47  27  14  14  26  46   3  34   0  22  23  19  23  21   0   0   0   0  26  42  27
   7  39   0   1  49   9  39  50   3  50   0  11   0   0   3  31   0   9  40   0  35  20   4  40  29  38  24  22  17  30   0   0   1  17  34   0  13  25  48  26   0   0  36  50  41   0  25   0  25  43   0   0   0   0  32  50   0  37  44
   4   0  18  41  30   2  17   0  24  31   0   0  27   0   0  17   0  13  15   0  21  14   3   0   0   5  30  42  37  40  28  12  16  17  14   2  37  31   0  23   0  25   0   0  16  21  31  10  29  31  24  47  46  23   6  35  16  43
   0  39  17   3  28  41  32   0  49   3  23   7   0  42   2   0  28   0   0   2   0  21  45   0   0   0   3  20   1   0  38  18  26   0  33  31   6   9  19   0   0  48  28  49  31  45  23  42   0   0  33  21  36  44  47  28  21
  16   0  44  15   0   8   7  21  15  42  24  12  34  33  35  45  17  17  33  49   4  25  27   0  48  41   1  23   0  41   0   1   0   0  37   0   2  19  37   0   8  11  12  39  37   0  23   0  42   0  46  26  18   0   0   8
   0  43  40  42  46  20   0   4  50  43  13  26   1   8  29  33  15  39  27  28  16   0   8  36  35  25  17  41   7  42   0   0  36  31  21   2   0  45  34   9  37   9  15  43  50   0  35  43  36  29  23   0   0  25   0
  17  25   0  40  29  41  34  37  26  21  16  34   0   1  28  21  46  19  26  16  47  21  27   0  36  41   0   0   6   2   0   5  50  35  23   8   0   2  40   0   0   9   0  41  23  28  50  36  32  14  27   0  43   6
  11  19  43  48   1   0  28  40   0   0  20  19  14  34   0  38  34  38   0  41  31   4  22  44  37   0  24   0   0  43  43  14  10  45   0  27   6   0   0  29   0   6  14  37  40  26  14  18   0   0  13  17   3
   0   3   0  39  49   0  36  28   1   1  24  41  13   0   0  37  31  33  17   7  47  32  24   0  37   5  22  26  15  50   0   0  27   7  46  29  44  30   0  30  32  34  43   0  47  31  40  24   0  46   0   0
  49   0  41  17  39  15  22  28   6  22  47   0   0  16  38  39   9  38   8  19   0  14   0  28  33  28  43   4   8   9  24  31  17  24  40   0  21  36  39  16   0  25  15  24   4  47  20  47   6   0  23
  39   0  50  48   0   0  26   0  38  25   1   0   4  22  38   0  16   7   4   0   1  22   0  12  17   0   0   9  45  47  13   0   0  44  30  43  32   0  20  17  26   0   0  27  49  10   1   6   8   0
   3  31   0  14  42  24   1  21  38  18   0   0  18   0  41   0  36   8  43   0  27   1   0  50   0  27  17  11   6  38   0  40  29   0  42   0   2  20   7  50  44  29  48  49  46   0   0  46  19
  28  19  46   0   6  30  30  10   8  12  23   0   8   7   1  31   5  48  25  18   0  23  36  34  37  41  44  21  29  16   0  26  22  27  26  17   0  10   8  39  11  48   0  24  29  18  33  25
  34   2  11   0  21   0   1   0   0  13  18   3   9  39  26   0  45  28   0  46   0   0   0  32   8   0   0   0  45   0   0  28  14  36   0  27   0  35  41   0  22   0  10  30   8  43  14
  35   0   5  50  50   0   0  41  22  16  31  40  21  25  13   6  40   0   0  24   0   0   0   0  45   0   0   9  22   0  41   0  12  17  50   0  39  48  13  42  13   0   1   0  31   0
   6  44  43  41  32   0  10  23  12  28  46  27  34   0   0   9  12  37  33  11  34   0  16  41  45  10  44   0   7  50  38  24  29   0  49   6   0  19   0   0   3  12   0  36   0
  42  23   3  44   0  12   0  30  45  31   0  20   0  17   0   3   0   0   0  33   0   2  14  22  16  25  35   2  19   0  37  10   1  28  16  41   0  31   4  24   5  10   7   7
  16  35   0  31  38  39   0  30  20   0  11  33   0  42  38   8  41   6  29   0  23  18  27  50  38  34  22  40   0   3  11  19  20  22  31  14  28  42  29  17  24   0  18
   0  44   0   0  33  17  32  29  10  21  49  19  14  39   5  15  29  31  35  13  30   0  27   0  11   0   7  24  42  18  37   6   8  27  22   0  42   9   3   9  22  19
   0  30  37  24  47   1  23   0  40  46   6  41  29  30  46  21   0  39  21  26  25   0   0  24   0   0  22  41  33  15  13   0  42  17  23   1  24   1  30  12  42
   0  13  30  15   0   0  28  26  38  18  19  18   4  45   0  41  17   0  24  29  15   0   1  42  27  42   0   9  44  19  38   0  37  18  25   0  33  23   0  27
   0  47  31   0  22  22  30  36  18  40  37  15   0  35  33   4   0   5  15   2  34   0  20  15   3  24   0  22  48   0  38  50  12  47   0  30  14   0  18
  24   7  30  42   4  31  48   3  38  50  43  27  12   0   2  50   0   0   0   0  11   5  16   1  39  44   0   8  12  41   0  33  17   0  28   0  32  11
  29   0   0  47  22  17   0  49  47  44  40   0  10  46  48  24   3  17   0  17   0  22  49   5  50  46  18   0  25  24  25  39  17   2  19  33   2
   1  30  28   1   0  34   0  12  23  25  28   0   1  26   0  27  35   0  30  11  44   0  31   0   5  27  31  26  47   0  15  35   0  49   0  28
   0  39   8  27  39  14  18   1  37   6   0   9  29   0  16   1   0   0   0  38  12  42  38   0  37  37   0   8  22   0   0   9  26   0   3
  30   0  41  28  32  39  22  20  43  40  14  49   6  29   1  13  29  14  43  47   9  49  41  24   0  44  29   0   0   4  43  12  32  32
  35   0  24  46   2  18  18   0   5  47   0  34  45   0   0  47   0   1   0   6   0  43  25  35   0   2  44  28  39  29  49  39  50
   0   6  45   3   0  36   0   8  10  50   4  46  17  22  33  33  47  40  28  11  29   0  48   0  45   3  29  49   0   0  18  23
   3  41  23  38   2   8  28  35   0  31   0   1  21   0  12  49  33   5   4   0   8  33  21   5   3   4   0  22  48   5  25
  23  42   8   5   6   0  40  49   6  48   3  30  32   0   0   0  41  10  40  25  12  30  34   5   5   0   3   0  45  28
  10   0  45  14   4  22   2  31  10  34   0   0  48  34  23   0  50  26   2  18  21   0   9  10  34  11   8  16  49
  10  47   0  13  24  50   0   0  20  16   0  35  14  44  33   0  32  34  21  20   3  12   0  43   0  28  39  31
  22  19   0   6  34  43  14  26  22  39  48   3  30  41  32  49  11  26   2  41   8  38   3   0  37   0  21
  43  29   4  10   0   3  11  17  14  41   0  32  26   0   0  40  43  21   0   0   2   0  23  46   6  37
  24  23  36  45  49  16   5  26   0   0   0  11   0  20   0  42   0   0   0  39  39  14  18  42   0
  18  34  15  40   0   7   0  16  43  13  15  47  21   0   0  38   1   0  15   4  33  14   0   0
   0   1  22  47  50  39  34   1   0  13   2  20   0   0   9   0   4   0   6  41  17  48   6
   6  16   9  11  13  41  21   8   0   4  13  36   0  29  43  46   0  41  16   0  27  12
   3  23   0   0   3   0  32   3  17  24  40   0  20  18  38  46   5  42  20   0  41
   9  13   0  36   8   6  41   0  50   0  15  42   0  39   0  50  35   0  40  36
  25  35  45  43  42   0   0   0  19   0  42  27  18  15  47  37  46  22  30
  17  49   8   0  16  50   0  45  22  25  22   0   0  10   8   0  44  32
  15  45  34   8   0  42   3  15  31   0  17  45  35  18   6  35  16
  22  45   0  36  50  26  11  42   0  12  39  21  37  18   0  35
  20  44   0  42   0   0  22   7   0  49  30  10  38  42  34
   2   3  19  45   0  24   7   0   2   0  40   0  45  47
  27  43   4  20  42   5   0   0  47   2  36   3  46
  41  32   0  23   0  18  36  47  23  49  37  42
  32  12   0   0   5   0  18   3  19  36  10
   0  24  14  10  32   7  33  29  34  47
  33  26   1   0   0  16  28  13  35
   0   0  35  32   0   0   0  18
   0  44   0   0  22   0   0
   0  32  39   0  31   3
   0   0  44  32   0
   8  26   0  40
   0   3   0
  44   0
  14

 936
   6  16  18   8   1  14  12  18   3  18  13  22  22  19  10   8   6   9   4   4  10  13  23  16   7  11  10  21  14   1  15  15   4  21   3   1   8  11  25  23  19  16   5  15  17  12  16   2  21  22  18  18  12   7  25  23  22  16  24   1  19   4  25  15  10   7   4  22  15  13  20  16  25  22  16  22  11   5   6  18  12  19  18  18  15   7  12  22  11   2  11  22   5   7  23  19  13   4  25  16   3   7  25   2  16   1  10  19   7   1   8  19  18  10   5  11   6  18  16  22  19   9  18  17  11   6  14  24   3   3  12  12  21   7  20  21  16  22   4  24

