 140 
   0   0   0   0   0   0  16   0   0   0   0   0   0   0   0   0   0   0   0   4   0   0   0  21   0   0   0   0   0  18   0  35   0   0   0   0   0   0   0   0   0   0   0   0   1  48   0   0   0   0   0   0   0   0   0   0   0   0   0   0   0   0   0   0   0   0   0   0   0   0   0   0   0   0   0   0   0   0   0   0   0  36   0  48   0   0   0   0   0  23   0   0   0   0   0   0   0   0   0   0   0   0   0   0   0   0   0   0   0   0   0   0   0   0   0   0   0   0   0   0   0   0   0   0   0   0   0   0   0  15   0   0   0   0  21   0   0   0   0   0
   0   0  45   0   0   0   0   0   0   0   0   9   0   0   0   0   0   0   0   0   0   0   0  41   0   0   0   0   0   0   0   0   0   0   0   0  12   0   0   0   0   0   0   0   0   6   0   0   0   0   0   0   0   0   0   0   0   0   0   0   0   0   0   0   0   0   0   0   0  31   0   0   0   0   0   0   0   0   0   0   0   0   0   0   0   0   0   0   0   0   0   0   0   0  32  48   0  27   0   0   0  20   0   6  47  22   0   0   0   0   0   0   0  40   0   0   0   0   0   0   0   0   0   0   0   0  10   0   0   0   0   0   0   0  12   0   0   0   0
   0   0   0   0  16   0   0   0   0   0  10   0   0   0   0   0  25   0   0   0   0   8   0  15  11   0   0   0   0   0   0  29   0   0   0   0   0  17   0   3   0   0   0   0   0   0   0   0   0   0   0  40   0  24   0   0  34   0   0   0   0   0   0   0   0   0   0   0   0  26   0   0   0  31   0   0   9   0   0   0   0   0  18   0   0   0   0   0   0   0   0   0   0   0   0   0   0  39   0   0   0   0   0   0   0   0   0   0   0   0   0   0   0   0  16   0   0   0   0   0   0   0   0   0   0   0   0   0   0   8   0   0   0   0   0   0   0   0
   0   0   0   0   0   0   0  11   0   0   0   0   0   0   0   0  49   0   0   0   0   0   0   0   0   0   0   0  19   0   0   0   0   0  39   0   0   0   0   0   0  50   0   0   0  42   0   0   0  20   0   0   0   0   0   0   0   0   0   0   0   0   0   0   0   0  19   0   0   9   0   0   0   0   0  48   0   0   0   0   0   0   0   0   0   0   0   0   0   0   0   0   0   0   0   0   0   0   0   0  30   0   1   0   0   0   0   0   0   0   0   0   0   0   0   0   0   0   0   0   0   0   0   0   0   0   0   0   0   0   0   0   0   0   0   0   0
   0   0   0   0   0   0  12   0  42   0   0   0   0   0   0   0   0   0   0   0   0   0   0   0   0  32  39   0  39   0   0   0   0  27   0   0  15   0   0   0   0   0   0   0   0   0   0   0   0   0   0   0   0   0   0   0   0   0   0   0   0   0   0   0   0   0   0   0   0   0   0   0   0   0   0   0   0   0   8   0   0   0   0   0   0   0   0   0   0   0   0   0   0   0   0   0   0   0   0  32   0   0   0   3   0   0  23   0   0   0  23   0   0  11   0   0   0   0   0  24   0  18   0   0  21   0   0   0   0   0   0   0   0   0   0   0
   0   0   0   0   0   0   0   0  36  15   0   0   0   0   0   0   0   0   0   0   0   0  11   0  28   0   0   0   0   0  47   0   0   0   0   0   0   0   0   0   0   0   0   0   0  22   0   0   0   0   0   0   0   0   8   0   0   0   0   0   0   0   0  33   0   0   0   0   0   0   0  50   0   0   0   0  21   0   0   0   0   0   0   0   0   0   0   0   0   0   0   0   0   0   0   0   0   0   0   0   0   0  23   0   0   0   0   0   0   0   0   0   0   0   0   0   0   0   0   0   0   0   0   0   0   0  28   0   0  14  17   0   0   6   0
   0   0   0   0  40   0   0   0   0   0   0   0   0   0   0   0   0   0   0   0   0   0   0   0   0   0   0   0   0   0   0   2   0   0   0   0   0   0   0   0   0  44   0   0   0   0   0   0   0   0   0  37   0   0   0   0   0   0   0  30  45   0   7   0   0   0   0   0   0   0   0   0   0   0   0   0   0   0   0   0   0   0   0   0   0   0   0   0   0   0   0   0   0   6   0   0  44   0   0   0   0   0   0   0   0   0   0   0   0   0   0   0   0   0   0   0  49   0   0   0   0   0   0   0   0   0   0   0   0   0   0   0   0   0
   0  27   0   0   0   0   0   0   0   0   0  20   0  13   0   0  17   0  31   0  47   0   0   0   0   0   0   0  29   0   0   0  46   0   0   0   0   0   0   0   0   0   0   0  27   0   0   0   0   0   0   0   2   0   0   0   9   0   0   0   0   0   0  43  22   8   0   0   0  44   0   0   0   0   0   0   0   0   0   0   0   0   0   0   0   0   0   0   0   0   0   0   0   0   0   0   0   0   0   0   0   0  25   0   0   0   0   0   0   0   0   0   0   0   0   0   0  25   0   0   0   0   0   0   0   0   0  31   0   0  37   0   0
   0   0   0   0   0   0  27   0   0   0   0   0   0   0   0   0   0   0   0  17   0   0   0  11   0   0   0   0   0   0   0  47   0   0   0   0   0   0   0   0   0   0   0   0   0   0   0   0   0   0   0   0   0   0   0   0   0   0  32   0   0   0   0   0   0   0  40   0   0   0   0   0  43   0   0   0   0   0   0   0   0   0   0  16   2   0   0   0   0   0   0   0   0  43   0   0  21   0   0   0   0   0   0   0   0   0   0   5   0   0   0   0   0   0   0   0   0   0   0  23   0   0   0   0   0   0   0   0   0  21   0   0
   0   0   0   0   0   0   0  16   0   0   0   0   0   0   0   0   0  24   4   0   0   0   0   0   0   0   0   0   0   0   0   0   0   0   0   0   0   0   0   0   0   0   0   0   0   0   0   0   3   0   0   0   0   0   0   0   0   0   0   0   0   0   0   0   0   0   0   0   0   0   0   0   0   1   0   0   0   0   0   0   0   0   0   0   0   0   0   0   0   0   8   0  22   0   0   0   0   0   1   0   0   0   0  42   0   0   0   0   0   0   0   0  15   0   0   0  25  25   0   0   0   0   0   0   0   0   0   0   0   0   0
   0   0   0   0   0   0   0   0   0   0  16   0   0   0   0   0   0   0   0   0   0   0   0   0   0   0   0   0   0  13   0   0   0   0   0   0   0   0  18   0   0   0   0   6   0   0   0   0   0   0  12   0   0   0   0   0   0  42   0   0   0   0   0   0   0   0   0  16   0   0   0  27  45   0   0   0   0   0   0   0   0   0   0   0   0  28   0   0   0   0   0   0   0   0  32  50   0   0   0   0   0  33   0   0   0   0   0   0   0  23   0   0   0   0   0   0   0   0   0   0   0   0   0   0  43   0   0   0  44   0
   0   0   0   0   0   0   0   0   0   0  13   0   0   0   0   0   0   0   0   0   0   0  36   0   0   0   0   0   0   0   0   0   0   0   0   0   0   0   0   0   0   0   0   0   0   0   0   0   0   0   0   0  25   0   0   0   0   0   0   0   0   0   0   0   0   0  28   0   0   0   0   0   0   0   0   0  21   0   0   0   0   0   0   0   0   0   0  30   0   0   0   0   6   0   0   0   0   0   0   0   0   0   0  11   0   0   0   0   0   0   0   0   0   0   0   0   0   0   0   0   0   0   0   0   0   0   0   0   0
   0   0   0   0   0   0   0   0   0   0   0   0   0   0   0  13  35   0   0   0   0   0   0   0   0   0   0   0   0   0   0   0   0   0   0   0   0   0   0   0   0   0   0   0   0   0   0   0   0   0   0   0   0   0   0   0   0   0   0   0   0   0   0   0   0   0   0   0  24   0   0   0   0   0   0   0   0   0   0   0   0   0   0   0   0   0   0   0   0   0  16   0   0   0   0   0   0   0   0   0   0   0   0   0   0   0  44   0   0   0   0   0   0   0   0   0   0   0   9   0   0   0   0  18   0   0   0   0
   0   0  40   0   0   0   0   0   0   0   0   0   0   0   0  47   0   0   0   0   0   0   0   0   0   0   0   0   6   0   9   0   0  19   0   0   0   0   0   0   0   0   0   0   0   0   0   0   0   0  46  20   0   0   0   0   0   0   0   0   0   0   0   0   0   0   0   0   0   0   0   0   0   0   0   0   0   0   0  36   0  24   0   0   0   0   0   0   0   0   0   0   0   0   0   0   0   0   0  39   0   0  11   0   0   0   0   0   0   0   0   0   0   0   0   0   0   0   0   0   0   0   1   0   0   0   2
   0   0   0   0   0   0   0   0   0   0   0   0   0   0   0  46   0   0   0   0   0   0   0   0   0   0   0   0   0   0   0   0   0   0   0   0   0   0   0   0   0   9  29   0  35   0  16   0   0   0   0  37   0   0   0   0   0   0   0   0   0   0   0   0   0   0   0   0   0   0   0   0   0   0   0   0   0   0   0   0   0   0   0   0   0   0   0   0   0   0  32   0   0   0   0   0  44  39   0   0   0   0   0   0   0   0   0   0   0   0   0   0   0   0  42   0   0   0   0   0  21   0   0   0   0   0
   0   0   0   0   0   0   0   0   0   0  40   0   0   0   0   0   0   0  22   0   0   0   0   0   0   0   0   0   0   0  29   0   0   0   0   0   0   0   0   0   0   0   0   0   0   8  26   0   0   0   0   0   9   0   0   0   0   0   0   0   0   0   0  45   0  21   0   0   0   0   0  18   0   0   0   0   0   0   0   0   0  25   0   0   0   0   0   0   0   0   0   0   0   0   0   0   0   0   8   0   0   0   0   0   0   0   0   0   0   0   0  31   0   0   0   0   0   0   0   0   0   0   0   0   0
   0   0   0   0  14   0   0   0   0   0   0   0   0   0   0   0   0   0   0  41   0   0   0   0   0   0   0   0   0   0   0   0   0   0   0   0   0   0   0   0   0   0   0   0   0   0   0   0   0   0   0   0   0   0   0   0   0   0   0   0   0   0   0   0   0   0   0   7   0   0   0   0   0  39   0   0   0   0   0   0   0   0  40   0   0   0   0   0   0   0   0   0   0   0   0   0  27   0   0   0   0   0   0   0   0   0   0   0   0   0   0   0   0   0  24   0   0   0   0   0   0   0   0   0
   0   0  49   0   0   0   0   0   0  23   0   0   0   0   0   0   0   0   0   1  42   0   0   0   0   0   0   0   0   0   0   0   0   0   0   0   0   0   0   0   0   0   1   0   3   0   0   0   0   0   0   0   0   0   0   0   0   0  25   0   0   0   0   0   0   0   0  30   0   0   0   0   0   0   0   0   0  33   0   0   0  18  35   0   0   0   0  10   0   0   0   0   0   0   0   0   0   0   0   0   0  49   0   0   0   0   0   0   0   0   0   0   0   0  15   0   0   0   0   0   0   0   0
   0   0  45   0   0   0   0  28  49  10   0   0   0   0   0   0  11   0   0   0   0   0   0   0   0   6   0   0   5   0   0   0   0   0   0   0   0   0   0   0   0   0   0   0   0   0   0  37   0   0   0   0   0   0   0   0   0  30   0   0   0   0  25   0   0   0   0   2   0   0   0   0   0   0   0   0   0   0   0   0   0   0   0   0   0   0   0   0   0   0   0   0   0  41   0   0   0  21   0   0   0   0   0   0   0   0   0   0  49   0   0   0   0   0   0   0   0   0   0   0   0   0
   0   0   0   0   0   0   0   0   0   0  31   0   0   0   0   0   0   0   0   0   0   0   0   0   7   0   0   0   0   0   0   0   0  25   0   0   0   3   0   0   0  21   0   0   0   0   0   0   0   0   0   0   0   0   0   0  42   0   0   0   0   0   0   0   0   0   0   0   0   0   0   0   0   0   0   0   5   0   0   0   0   0  26   0   0   0   0   0   0   0  40   0   0   0   0   0   2   0   0   0   0   0   4   0   0   0  35   0   0   0   0   0  41   0   0   0   0   0   0   0   0
   0   0   0   0   0   0   0   0   0   0  38  11   0   2   0   0   0   0   0   0   0  17   0   0   0   0   0  32  44   0   3   0   0   0   0   0  44   0   0   0   0   0   0   0   0   0   0   0   0   0   0   5   0   0   0   0   0   0   0  31   0   0   0   0   0   0   0   0   0   0   0   0   0   0   0   0   0   0   0   0   0   0   0   0   0   0   0  44   0   0   0   0   0   0   0   0   0   0   0   0   0   0   0   0   0   0   0   0   0   0   0   0   0  33   0   0   0   0   0   0
  37  20   0   0   0   0   0   0   0   0   0   0   0   0   0   0   0  28  23   0   0   0   0   0   0   0   0   0   0   0   0   0   2   2   0   0   0   0   0   0   0   0  50   0   0   0   0   0   0   0   0   0   0   0   0   0   0   0  15   0   0   0   0   0   0   0   0   0   0   0  28   0   0   0   0   0   0   0  28   0   0   0   0  40   0   0   0   0   0   0   0   3   0   0   0   0   0   0   0   0   0   0   0   0   0   0   0   0   0   0   0   0   0   0   0   0   0   0   0
   0   0   0   0   0   0   0   0   0   0   0   0   0  12   0   0   0   0   0   0   0   0   0   0  44   0   0   0   0  32   0   0   0   0   0   0   0   0   0   0   0   0  37   0  25   0   0   0   0   0   0   0   0   0   0   0   0   2   0   0  28   0   0   0   0   0   0   0   0   0  48   0   0   0   0   0   0   0   0   0   0   0   0  39   0   0   0   0   0   0  17   0   0   0   0   0  47  47   0   0   0   0  23   0   0  24   0   0   0   0   0   0   0   0   0   0   0  14
   0   0  38   0   0   0   0   0   0   0   0   0   0   0   0   0   0   0  43   0   0   0   0   0   0   0   0   0   0   0   0  11   0   0   0   0   0   0   0   0   0   0  29   0   0   0   0   0   0   0   0   0   0   0   0   9   0   0   0  38   0   0   0   0   0   0   0   0   0   0  30   0   0   0   0   0   0   0   0  11   0   0   0   0   0   0   0  11   0  45   0   0  45   0   0   0  25   0   0   0  11   0   0   0   0  27   0   0   0   0   0   0   0   0   0   0   0
   0   0   0   0   0   0   0   0   0   0  18   0   0   0   0   0   0   0   0   0   0   0   0   0   0   0  37   0   0   0   0   0   0   0   0   0   0   0   0   0   0   0   0   0   0   0   0   0   0   0   0   0   0   0   0   0   0  17   0   0   0   0   0   0   0   0   0   0   0   0   0   0   0   0  38   0   0   0   0   0   0   0   0   0   0   0   0   0   9   0   0   0   0  30  46   0   0   0   0   0  29   0   0   0   0   0   0   0   0   0   0   0   0   0   0   0
   0   0   0   0   0   0   0   0   0   0   0   0  10   0   0   0   0   0   0   0   0   0   0   0   0   0   0   0  43   0   0   0   0   0  10   0   0   0   0   0   0   0   0   0   0   0   0   0   0   0  48   0   0   0   0   8   0   0   0   0  29   0   0   0   0   0   0   0   0   0   0   0  45   0   0   0   0   0   0   0   0   0   0   0   0   0  26   0   0   0   0   0   0   0   0   0   0   0  49   0   0   0   7   0   0   0  45   0   0   0   0   0   0   0   0
   0   0   0   0   0   0   0  31   0   0   0   0  41   0  14   0   0   0   0   0   0  43   0   0   0   0   0   0   0   0   0   0   0   0   0   0   3  38   0   0  45   2   0   0   0   0   0   0   0   0   0   0   0   0   0   0   0   0   0   0   0   0   0   0   0   0   0   0   0   0   0   0   0   0   0   0   0  22   0   0   0   0   0   0   0  37   0   0   0   0   0  50   0   0   0   0   0   0  14   0  24  18   0   0   0   0   0   0   0   0   0  28  18   0
   0   0  16   0  44   0   0   0   0   0   0   0   0   0   0   0   0   0   0   0   0   0   0   0   0   0   0   0   0  16   0   0   0   0   0   0   0   0   0   0   0   0   0   0   0   0  47   0   0   0   0   0   0   0   0   0   0   0   0   0   0   0   0   0   0   0   0   0   0   0   0   0   0   0   0   0   0   0   0   0   0   0   0   0   0   0   0   0  33   0  31   0   0   0   0   0   0   0   0   0   0   0   0   0   0   0   0   0   0   0  44   0   0
   0   0   0   0   0   0   0   0   0   0   4   0   0   0   0   0  27   0   0   0   4   0   0   0   0  34   0   0   0   0   0   0   0   0   0   0   0   0   0   0   0   0  11   0   0   0   0   0   0   0  43   0  15  10   0   0   0   0   0   0   0   0   0   0   0   0   0  43   0   0   0  26   0   0   0   0   0   0   0   0   0   0   0   0   0   0   0   0   0   0   0   0   0   0   0   0   0  31   0   0   0   0   0   0   0   0  30   0   0  18   0   4
   0   0   0   0   4   0   0   0   0   0   0   0   0   0  49   0  47   0   0   0   0   0   8   0   0   0  35   0   1   0  40   0   0   0   0   0   0   0   0   0   0   0   0   0   0   0   0   0   0  42   0  32   0   0   0   0   0   0   0   0   0   0   0   0   0   0   0  25   0   0   0   0   0   0   0   0   0  44   0   0   0   0   0   0   0   0   0   0   0   0   0  19   0   0   0   0   0   0   0   0   0   0   0   0   0   0   0   0   0   0   0
   0   0   0   0   0   0   0   0   0   0   0   0   0   0   0   0   0   0   0   0   2   0   0  12   0   0   0   0   0   0   0   0   0   0   0  10   0   0   0   0   0   0   0   0   0   0   0   0   0   0   9   0   0  44   0   0   0   0   0   0   0   0   0   0   0   0   0   0   2   0   0   0   0   0   0   0   0   0   0   0   0   0   0   0   0   0   0   0   0   0   0   0   0   0   0   0   0   0   0   0   0   0   0   0   0   0   0   0   5   0
   0   0   0   0   0   0   0   0   0   0   0   0   0   0   0   0   0   0  15   0   0   0   0   0  42   0   0   0   0   0   0   0   0   0   0   0   0   0   0   0   0   0   0   0   0   0   0   0   0   0   0   0   0   0   3   0   0  39   0   0   0   0   0   0   0   0   0   0   0   0   0   0   0   0   0   0   0  23   0   0   0  17   0   0   0   0   0   0   0   0   0   0   0  33   0  14   0   0   0   0   0   0   6   2   0   0   0   0   0
  36   0   0   0  29   0   0   0   0   0   0   0  45   0   0   0   0   0   0   0   0   0   0   0   0   0   0   0   0   0   0   0   0   0   0   0   0   0   0   0  34   0   0   0   0   0   0   0   0   0   0   0   0   0   0   0   0   0   0   0  13   0   0   0   0   0   0   0   0   0   0   0   0   0   0   0   0   0   0   0   0   0   0   0   0   0   6  34   0   0   0   0   0  14   0   0   0   0   0   0   0   0  46   0   0   0   0  34
  18   0   0   0   0   0   0   0   0   0  17   0   0   0   0   0   0   0   0   0   0   0   0   0   0   0   0   0   0   0   0   0   0   0   0   0   0   0   0   0   0   0   0   0  48   0   0   0   0   0  26   0   0   0   0   0  40   0   0   0   0   0   0   0   0   0   0   0   0   0  32   0   0   0   0   0   0   0   0   0   0   0   0   0   0   0   0   0   0   0   0   0   0   0   0   0   0   0   0   0   0   0   0   0   0   0   0
  42   0   0   0   0   0   0   0   0   0   0   0   0   0  38   0   0   0   0   0  20   0   0   0  13   0   0   0   0   0   0   0   0   0   0   0   0   0   0   0   0   0   0   0   0   0   0   0   0   0  26   0   0   0   0   0  18   0   0   0   0   0   0   0   0   0   0   0   0   0   0   0   0   0   0   0   0   0   0   0  17   0   0   0   0   0  13   0   0   0   0   0   0   0   0  25   0   0   0   0   0   0   0  26   0   0
   0   0   0   0   0   0  29   0   0   0   0   0   0   0   0   0  10   0   0   0   0   0   0   0   0   0   0   0   0   0   0   0   0   0   0   0   0   0   0   0   0   0   0   0  26   0   0   0   0   0   0   0   0   0   0   0   0   0   0   0   0   0   0   0   0   0   0   0   0   0   0   0   0   0   0   0   0   0   0   0   0   0   0   0   0   0   0   0   0   0   0   0   0   3   0   0   0   0   0   0   0   0   0   0   0
   0   0   0   0   3   0  20   0   0   0   0   0   0   0  30   0   0   0   0   0   0   0   0   0   0  16   0   0  39   0   0   0   0   0   0  45   0   0   0   0   0   0   0  16   0   0   0   0   0   3   0   0   0   0  42   0   0   0   0   0   0   0   0   0  42   0   0   0  10   0   0   0   0   0   0   0   0   0   0   0  34   0   0  18   0   0   0  29   0   0   0   0   0   0   0   0   0   0   0   0   3   0   0   0
   0   0   0   0   0  23   0   0   0   0   0   0   0   0   0   0   0   0   0   0   0   0   0   0   0   0   0   0   0   0   0   0   0   0   0   0   0   0   0   6   0   0   0   0   0   0  40   8   0   0   0   0   0   0   0   0   0   0  42   0  34   0   6  24   0   0   0   0   0   0   0   0   0   0   0   0   0   0   0   0   0   0  30   0   0   0   0   0  30   0   0   0   0   0   0   0   0   0   0   0   0   0   0
   5  46   0   0   0   0   0   0   0   0   0   0   0   0   0   0  22   0   0   0   0   0   0   0   0   0   0  17   0   0   0   0   0   0   0   0   0   0   0   0  24   0   0   0   0   0   0   0   0   0   0   0   0   0   0   0   0   0   0   0   0   0   0   0   0  30   0   0  33   0   0   0   0   0   0   0   0   0   0   0   0   0   0   0   0   0   0   0   0   0   0   0   0   0   0   0   0   0   0   0   0   0
   0   0   0   0   0   0   0   0   0   0   0   0   0   0   0   0   0   0   0   0   0   0   0   0   0   0   0   0   3   0   0   0   0   0   0   0   0   0   0   0   0   0   0   0   0   0   0   0  32   0  20   0   0  28   0   0   0   0   0   0   0   0   0   0   0   0   0   0   0   0   0   0   0  25   0   0   0   0   0   0   0   0   0   0   0   0   0  30   0   0   0  34   7   0  19   0   0   0   0   0  12
   0   0   0  10  33   0   0   0   0   0   0   0   0   0   0   0   2  32   0   0  50   0  21   0   0   0   0   0   0  36   0   0   0   0  18   0   0   0   0   0   0  21   0   0   0   0   0   0   0   0   0  47   0   0   0   0   0   0   0   0   0   0  32   0   0   0   0   0   0   0   0   0   0   0   0   0   0   0   0  32   0   0   0   0   0   0   0   0  43   0   0   0   0   0   0   0   0   0   0   0
   0   0   0  46   0   0   0   0   0   0  33   0   0   0   0   0   0   0  42  35   0   0   0   0   0   0   0   0   0   0   0   0   0   0   0   0   0   0   0   0   0  14   0   0   0   0   0   0   0   0   0   0   0   0   0   0  39   0   0   0   0   0  32   0   0   0   0   0  22   0   0   0   0   0   0   0   0  29   0  13   0   0   0   0   0   0  41   0   0   0   0   4   0   0   0   0   0   0   0
   0   0   0   0   0   0   0   0   0   0   0   0   0   0   0   0   0   0   0   0   0   0   0   0   0   0   0  21   0   0  14   0  21   0   0   0   0   0   0   0   0   0   0   0   0   0   0   0   0   0   0   0   0   0   0   0   0   0   0   0   0   0   0   0   0   0   0   0   0  22   0   0   1   0   0   0   0   0   0   0   0   0   2   0   0   0   0   0   0   0   0   0   0   0   0   0   0   0
   0   0   0   0   0   0   0   0   0   0   0  47   0   0   0   0   0   0   0   0   0   0   0   0   0   0   0   0   0   0   0   0   0   0   0   0   9   0   0   0   0   0  42   0   0  21   0   0   0   0   0   0   0   0   0   0   0   0   0   0   0   0   0   0   0  33   0  36  34   0   0   0   0   0   0   0   0   0   0   0   0   0   0   0   0   0   0   0   0   0   0   0   0   0   0   0   0
   0   0  21   0   0   0  33   0   0  10   0   0   0   0   0   0   0  26   0   0   0   0   0   0   0   0   0  41   0   0   0   0  45   0   0  45   0   0   0   0   0   0   0   0   0   0  42   0   0   0   0   0   0   0   0   0   0   0   0   0   0   0   0   0   0   0   3   0   0  34   0   0   0   0   0   0   0   0   0   0   0   0   0   0   0   2   0   0   0   0   0   0   0   0   0   0
   0   0   0  31   0   0   0   0   0   0   0   0   0   0   0  24   0   0   0   0   0   0   0   0   0   0   0   0   0   0  45   0   0   0   0   0   0   0   0   0  30   0   0   0   0   0   0   6   0   0   0   0   0   8   0   0   0   0   0   0  36   0   0  10   0   0  48   0   0   0   0   7  10   0   0   0   0   0   0   0   0   0   0   0   0   0  45   0   0   0  15   0   0   0   0
   0   0   0   0   0   0   0   0   0  22   0   0   0   0   9   0   0   0   0   0   0   0   0   0   0   0   0   0   0   0  20   0   0   0   0   0   0   0   0   0   0   0   0   1   0   0   0   0   0   0   0   0   0   0   0   0   0   0   0   0  42   0   0   0   0   0   0   0   0   0   0   0   0   0   0   0   0   0   0   0  22   0   0   0   0   0   0   0   0   0   0   0   0   0
   0   0   0   0   0   0   0   0   0   0  42   0   0   0   0  49  26   0   0   0   0   0  34   0   0   0   0   0   0   0   0   0   0  36   0   0   0   0   0  49   0   0   0   0   0   0  41   0   0   0   0  29   0   0   0   0   0   0   0   0   0   0   0   0   0   0   0   0   0   0   1  28   0   0  38   0   0   0   0   1   0   0   0   1   0   0   0   0   0   0   0   0   0
   0   0   0   0   0   0   0   0   0   0   0   0   0   0   0   0   0  12   0   0   0   0   0   0   0   0   0   0   0   0   0   0   0   0   0   0   0   0   0   0   0   0   0   0   0   0   0  45   0   0  29   0   0   0   0   0   0   0   0   0  14   0   0   0   0   0   0   0   0   0   5   0   0   0  10   0   0   0   0   0   0   0   0  12   0   0   0   0  29   0   0   8
   0   0   0   0   0   0   0   0   0   0   0   0   0   0   0   0   0   0   0   0   0   0   0   0   0   0   0   0   0   0   0   0   0   0   0   0   0   0   0   0   0   0   0   0   0   0  34   7   0   0   0  39   0   0   0   0   0   0   0   0   0   0  14   0   0   0   0   0   0   9   0   0   0   0  40  40   0   0   0   0   0  35   0   0   0   0   5   0   0   0   0
   0   0   0   0   0   0   0   0   0   0   0   1   0   0   0   0   0   0   0   0   0   8  37   0   0   0  13   0   0   0  15   0   0   0   0  41   0   0   0   0   0   0   0   0   0   0   0   0   0   0   0   0  42   0   0   0  45   0   0  45   0  32   0   0   0   0   0   0   0   0  33   0   0   0   0   0   0   0   0   0   0   0   0   0   0   0  20   0   0   0
   0   0   0   0   0   0  32   0   0   0   0  17   0   0   0   0   0   0   0   0   0   0   0   0   0   0   0   0   0   0   0   0   0   0   0   0   0   0   0   0  42   0   0   0   0   0   0   0   0  12   0   0   0  33   0   0   0   0   0   0  19   0   0   0   0   0   0   0   0   0   1   0   0   0   0   0   0   0   0   0   0   0   0   0   0   0   0   0   0
   0  42   0   0   0  35   0   0   0   0   0   0   0   0  40   0   0   0   0   0   0  37   0   0   0   0  26   0   0   0   0   0   0  21   0   0   0   0   0   0   0   0   0   0   0   0   0   0   0   0   0   0   0   0   0   0   0   0   0  32   0   0   0   0   0   0   0  11   0   0   0   0   0  29   0   0   0   0  12   0   0   0   0   0   0   0   0   0
   0   0  24   0   0   0   0   0   0   0   0   0  36   0   0   0  12   0   0   0   0  15   0   0  16   0   0   0   0   0   0   0   0   0   0   0   0   0   0   0   0   0   0   0   0   0   0  44   0   0   0   0  17   0   0   0   0   0   0   0   0   0   0   0   0   0   0   0   0   0   0   0   0   0   0   0   0   0   0   0   0   0   0   0   0   0   0
   0   0   0   0   0   0   0   0   0   0   0   0   0   0   0   0   8   0   0   0   0   0   0  31   0   0   0   0   0   0   0   0   0   0   0   0   0   0   0   0   0  18   0   0  48   0   0   0   0   0   0  10   0   0   0  41   0   0   0   0   0   0   0  36   0   0   0   0   0   0   0   0   0   0  36   0   0   0   0   0   0   0   0   0   0   0
   0   0   0   0   0  42   0   0   0   0   0   0   0  33   0   0   0   0   0   0   0   0   0   0   0   0   0   0   0   0   0   0   0   0   0   0   0   0   0   0  36   0   0   0   2   0   0   0   0   0   0   0   0   0   0   0   0   0   0   0   0   0   0   0   0  13   0   0  16   0   0   0   0   0   0   0   0   0   0  20   0   0   0   0   0
   0   0   0   0   0   0   0   0  15   0   0   0   0   0   0   0   0   0   0  32   0   0   0   0   0   0   0   0   0   0   0   0   0   0   0   0   0   0   2   0   0   0   0   0   0   0   0   0   0   0   0   0   0   0   0   0   0   0   0   0   0   0   0   0   0   0   0   0   0   0   0   0   0   0   0   0   0   0   0   0   0   0   0   0
   0   0   0   0  15   0   0   0   0   0  49   0   0   0   0   0  28   0   0   0   0   0   0   0   0   0  13   0   0   0   0   0   0   0   0   0   0   0   0   0   0   0   0   0   0   0   0   0   0   0   0   0   0   0   0   0   0   0   0   0  33  41   0   0   0   0   0   0   0   0   0   0  34   0   0   0   0  19   0   0   0   0   0
   0   0   0   0   0   0   0   0   0   0   0   0   0   0   0   0   0   0   0   0  15  39   0   0   4   0   0   0   0   0   0   0   0   0   0   0   0   0   0   0   0   0   0   0   0   0   0   0   0  40   0   0   0   0   0   0   0   4   0  22   0   0   0   0   0   0   0   0   0   0   0   0   0   0   0   0   0  19   0   0   0  24
  10   0   0   0  48   0   0   0   0   0   0   0   0   0   0   0   0   0   0  35   0   0   0  17   0   0   0   0   0   0   0   0   0   0   0   0  41   0   0   0   0   0   0   0   0   0   0   0   0   0   0   0   0   0   0  44   0   0   0   0   0   0   0  13   0  28   0   0   0   0   0   0   0   0   0   0   0   0   0  27   0
  42   0   0   0   0   0   0   0   0   0   0   0   0   0   2   0   0   0   0   0   0   0   0   0   0   0   0   0   0   2   0   0  28  28   0   0   0   0   0   0   0   0   0   0   0   0   0   0   0   0   0  44   0  35   0   0   0   0   0   0  21   0   0   0   0   0   0   0   0   3   0   0   0   0   0   0   0   0   0   0
   0   0   0  29   0   0   0   0   0   0   0   0   0   0   0   0   0  22   0   0   0   0   0   0   0   0   0   0   0   0  16   0   0   0   0   0   0   0   0   4   0   0   0   0   0  30  21   0   0   0   0   0   0   0   0   0   0   0   0  29   0   0   0   0   0   0   0   0   0   0   0   0   0   0   1   0   0   0   0
   0   0   0  32   0   0   0   0   0   0  25   0   0   0   0   0   0   0   0   0   0   0   0   0   0   0   0   0   0   0   0   0   0   0  22   0   0   1   0   0   0  38   0   0   0   0   0   0   3   0   0   0   0   0   0   0   0   0   0   0   0   0   0   0   0   0   0   0   0   0   0   0   0   0   0   0   0   0
   0   0   0   0   0   0   0   0   0   0   0   0   0   0   0  36   0   0   0   0   0   0  33   2   0   0   0   0   0   0   0   0   0   0  45   0   0   0   0   0   0   0   0   0   0   0  29   0   0   0   0   0   0   0   0   0  18   0  36  31   0   0   0   0   0   0   0   0   0   0   0   0   0   0   0   0   0
   0   0   0   0   5   0   0   0  32   0   0   0   0   0   0   0   0   0   0   0   0   0   0   0   0   0  46   0   0   0   0   0   0   0   0   0   0   0   0   0   0   0   0   0   0   0   9   0   0  37   0   0   0   0   0   0   0  38   0   0   0  15   0   0   0   0   0   0   0   0   0   0   0   0   0   0
   0   0   0   0   0   0   0   0   0   0   0   0   0   0   0   0   0   0   0   0   0   0   0   0   0   0   0   0  22   0   0   0   0   0   0   0   0   0   0   0   0   0   0   0   0   0   7  28  21   0   0   0   0   0   0   0   0   0   0   0   0   0   0   0   0   0  25   0   0   0  23   0   0   0  13
   0   0   0   0   0   0   0   0   0   0   0   0   0   0   0   8   0   0   0   0   0   0   0   0   0   0   0   0   0   0   0   0   0   0   0   0   0   0   0   0   0   0   0   0   0   2   0  38   0   0   0   0  19   0   0   0   0   0   0   0   0   0   0   0   0   0   0   0   0   0   0   0  10  12
   0   0   0   0   0   0   0   0   0   0   0   0   0   0   0   0   0   0   0   0   0   0  34   0   0   0   0   0   0   0  33   0   0   0   0   0   0   0  18   0   0  35   0   0   0  14   0   0   0   0   0   0   0   8   0   0   0   0   0   0   0   0   0   0   0   0   0   0   0   0   0  47   0
   0   0   0   0   0   0  38   0   0   0   0   0  32   0   0   0   0   0   0   0   0   0   0   0   0   0   0   0   0   2   0  19   0   0   0  48   0   0   0   0   0   0   0   0   0   0   0   0   0   0   0   0   0   0   0   0   0   0   0   0   0   0   0  40   0   0   0   0   0   0   0   0
   0   0   0   0   0   0   0   0   0   0   0   0   0   0   0   0   0   0   0   0   0   0   0   0   0   0   0   0   0   0   6   0  41   0   0   0   0   0   0   0   0   0   0   0   0   0   0   0   0   0   0   0   0   0   0   0   0   0   0   0   0   0   0   0   6   0   0   0   0   0   0
   0   0   0   0   0   0   0   0   0   0   0   0   0   0   0   0   0  47   0   0   0   0   0   0   0   0   0   0   0   0   0   0   0   0   0   0   0   0   0  48   0   0   0   0  40   0   0   0   0   0   0   0   0   0   0   0   0   0   4   0   0   0   0   0   0  44   0   0   0   0
   0   0   0   0   0   0   0   0   0   0   0   0   0   0   0   0   0   0   0   0   0   0   0   0   0   0   0   0   0   0   0   0   0   0   5   0   0   0   3   0  35   0   0   0   0   0   0   0   0   0   0   0  39  26   0   0   0   0   0   0   0   0  29   0  22   4   0   0   0
   0  32   0   0   0   0  42   0   0   0  18   0   0   0   0   0   0   0   0   0   6   0   0   0   0   0   0   1   0   0   0   0   0   0  16   0   0   0  23   0   0   0   0  26   0   0   0   0   0   0   0   0   0   0   0  40   0   0  17   0   0   0   0   0   0   0   0   0
   0   0  43   0   0   0   0   0   0   0   0   3   0   0   0   0   0   0  17   0   2   0   0  17   0   0   0   0   0   0   0   0  20   0   0   0   0   0   0   0   0   0   0   0   0   0   0  38   0   0   0  18  45   0  44   0   0   0   0   0   0   0   0  18   0   0   0
   0   0   0   0   0   0   7   0   0   0   0   0   0   0   0   0   7   0   0   0   0  26   0   0   0   0   0   0   0   0   0   0   0   0  16   0  32   0   0   0   8   0   0  34   0  47   0   0   0   0   0   0   0   0   0  23   0   0   0  34   0   0   0  27   0   0
   0   0   0   0  17   0   0   0   0   0   0   0   0   0   0   0   0  35   0   0   0   0   0   0  40   0   0   0   0   0   0   0   0   0   0   0   0   0   0   0   0   0   0   0   0   0   0   0   0   0   0   0   0   0  19   0   0   0   0   0   0   0   0   0   0
   0   0   0   0   0   0   0   0   0   0   0   0   0   0   0   0   0   0   0   0   0   0  12   0  31   0   0   0   0   0   0   5   0   0   0   0   0   0   0   0   0   0   0   0  47   0   0   0   0   0   0   0   0   0   0   0   0   0   0   0   0  25   0   0
   0   0   0   0  38   0   0   0   0   0   0   0   0   0   0   0   0   0   0   0   0   0  14   0   0   0   0   0  17   0   0   0   0   0   0   0   0   0   0   0   0   0   0   0   0   0   0   0   0   0   0  40  35   0   0   0   0  47   0   0   0   0   0
   0  43   0   0   0   0   0   0   0   0   0   0   0   0  16   0   0   0  39   0   0   0   0   0   0   0   0   0   0  48   0   0   0   0   0   0   0   0   0   0   0   0   0  18   0  19   0   0   0  14   0   0   0   0   0   0   0  43   0   0   0   0
   0   0   0   0   0   0   0   0   0   0   0   0   0   0  46   0   0   0   0   0   0   0   0   0   0   0  27   0   0   0   6   0   0   0   0   1   0   0  26   0   0   0   0   0   0   0   0   0   0   0   0   0   0   0  15   0   0   0   0   0   0
  44   0   0   0  16  28   0   0   0   0   0   0   0   0   0   0   0   0   0  23   0   0   0   0   0   0  11   0  12   0   0   0   0   1   0  22   0   0   0   0   0   0  41   0   0   0   0   4   0   0   0   0   0   0   0   0   0   0   0   0
   0   0   0   0   0   0   0   0   0   0   0   5   0   0   0   0   0   0   0  12   0   0   0   0   0   0   0   0   0   0   0   0   0   0   0   0   0   0   0   0   0   0   0   0   5   0   0  26   0   0   0   0   0   0   0   0   0   0   0
   0   0   0   0   0   0   0   0   0  48   0   0   0   0   0   0   0   0   0   0   0   0   0   0   0   0   0   0   0   0   0  17   0   0   0   0   0   0   0  11  34   0   0   0   0  47   0   0   0   4  10   0  13   0   0  19   0   0
   0   0   0   1   0   0   0   0   0   0   0   0   0   0   0  26   0   0   0   0   0   0   0   0   0   0   0   0   0   0  26   0   0   0   0   0   0   0   0   0   0   0   0   0   0   0   0   0   0   0   0   0   0   0   0   0   0
   0   0   0   0   0   0   0  47   0   0   0   0   0   0   0   0   0   0   0   0   0   0   0   0   0   0   0   0   0   0   0   0   0  29   0   0   0   0   0   0  25   0   0   0   0   0   0   0   0   0  38   0   0   0   0   0
   0   0   0   0   0   0   0   0   0   0   0   0   0   0   0   0   0   0   0   0   0   0   0   0   0   0   0   0   0  16   0   0   0   0   0   0   0   0   0   0   0  34   0   0   0   0   0   0   0   0   0   0   0  44   0
   0   0   0   0   0   0   0   0   0   0   0   0   0   0  19   0   0   0   0   0   0   0   0   0   0   0  35  30  33   0   0   0   0   0   0   0   0   0   0   0   0   0   5  36   0   0   0   0   0   0   0   0   0   0
   0   6  38   0   0   0   0   0   0   0   0   0   0   0   0   0   0   0   0   0   0   8   0  21   0   0   0   0   0   0  10   0  16   0   0   0   0   0   0   0   0   0   4   0   0  50   0   0  27   0   0   0   0
   0   0   0   0   0   0   0   0   0   0   0   0   0  21   0   0   0   0   0   0   0   0  32   0   0   0   0   0   0   0   0   0   0   0   0   0   0   0   0   0   0   0   0   0   0   0   0   0   0   0   0   0
   0   0   0   0   0   0   0   0  29   0   0   0  50   0   0  17   0   0   0   0   0   0  13   0   0   0   0   0   0   0   0   0   0   0   0   0   0   0   0   0   7   0   0   0   0   0   0   0   0  37   0
   0   0   0   0   0   0   0   0   0   0   0   0   0   0   0   0   0   0   0   0   0   0   0   0  24   0   0   0  19   0   0   0   0   0  19  40   0   0   0   0   0   0   0   0  45   0   0   0   0   0
   0   0  34   0   0   0   0   0   0   0   0  43   0   0   0   0   0   0   0   0   0   1  24   0   0   0   0   0   0   0   0   0  43   0   0  10   0   0   1   0   0   0   0   0   0   0   0   0   7
   0  37   0   0   0   0   0   0   0   0   0   0   0   0   0   0   0   0   0   0   0   0  37   0   0   0   0   0   0   0   0   0   0  28   0   0   0   0   0   0   0   0   0   0   0   0   0   0
   0   0   0   0   0   0   0  37   0   0   4   0   0   0   0   0   0   0   0   0   0  49   0   0   0   0   0   0   0   0   0   0  34   0   0   0   0   0   0   0   0   0   0   0   0   0   0
   0   0   0   0   0   0   0   0   0   0   0   0   0   0   0   0   0   0   0   0   0   0   0   0   0   0   0  27  16   0   0   0   0   0   0   0   0   0   0   0  13   0   0   0   0   0
   0   0   0   0   0   0   0   0   0   0   0   0   0   0   0   0   0   0   0   0   0   0   0   0   0   0   0   0   0   0   0   0  41   0   0   0   0  41   0   0   0   0   6   0   0
   0   0   0   0   0   0   0   0   0   0   0   0   0   0   0   0   0   0   0   0   2   0   0   0   3   0   0   0   0  28   0   0   0   0   0   0   0   0   0   0   0   0   0  30
   0   0   0   0   0   0   0   0   0   0   0   0   0   0   0   0   0   0   0   0   0   0   0   0   0   0   0   0   0   0   0   0   0   0   0   0   0   0   0   0   0   0  17
   0   0   0   0   0   0   0   8   0   0   0  13   0   0   0   0   0   0   0   0   0   0   0   0   0  31   0   0   0   0   0   6   0   0   0   0  19   0   0   0   0   0
   0   0   0   0   0   0   0   0   0   0   0   0   0   0   0   0   0   0   0   0   0   0   0   0   0   0   0   0   0   0   0   0   0   0   0   0   0   0   0  50   0
   0   0   0   0   0   0   0  35   0   0   0   0  25   0  34   0   0   0   0   0   0   0   0   0  14   0   0   0   0  14   0   0   0   0   0   0   0   0   0   0
   0   0   0   0   0   0   0   0   0   0   0   0   0   0  10   0   0   0   0  38   0   0   0   0   0   0   0   0  22   0   0   0  48   0   1   0   0   0   0
   0   0   0   3   0   0   0   0   0   0   0   0   0   0  18   0   0   0   0   0   0   0  42   0   0   0   0   0   0   0   0  45   0   0   0   0  28   0
  47   0   0   0   0   0   0   0   0   0   0   0   0   0   0   0   0   0   0   0   0  12   0   0  25  15  46   0   0   0   0   0   0   0   0  26   0
   0   0   0  18   0   0  35   0   0   0  22   0   0   0  15   0   0   0   0   0   0   0   0   0   0   0   0   0   0   0   0   0   0  40   0   0
   0   0   0   0   0   0   0   0   0  46   0   0   0   0   0  30   0   0   0   0   0  21   0   0   0   0   0  12   0   0   0   0   0   0   0
   0   0  33   0   0   0   0   0   0  43   0   0   0   0   0   0   0   0   0   0   0   0   0   0   0   0   0   0   0   0   0   0   0   0
   0   0   0   0   0   0   0   0   0   0   0   0   0   0   0   0   0   0   0   0   0   0   0  43  35   4   0   0   0   0   0   0   0
   0   0   0   0   8   0   0   0   0   0   0   0   0   0   0   0   0   4   0   0   0   0   0   0   0   0   0   0   0  11   0   0
   0   0   0  38   0  24   0   0   0   0   0   0   0   0   0   1   0   0   0   0   0   7  23   0   0   0   0   0   0   0   0
   0   0   0   0  14   0   0   0   0   0   0   0   0   0   0   0   0   0   0   0   0   0   0   0   0   0   0   0   0   0
   0   0   0   0   0   0   0   0   0   0   0   0   0   0  27   0   0   0   0  50   0   0   0   0   0   0   0   0   0
   0   0   0   0   0   0   0   0   0   0   0  16   0  31   0   0   0   0   0   0  28   0   0   0   0   0   0  29
   0   0   0   0   0   0  50   0   0   0   0   0   0  42   0   0   0   0   0   0   0   0   0   0   0   0   0
   0   0   0  38   0   0  22   0   0   0  38   0   0   0   0  31  23   0  48   0   0   0   0   0   0   0
   0   0   0   0   0   0   0   0   0   0   0   0   0   0   0   0   0   0   0   0   0   0   0   0   0
   0   0   0   0  35   0  20   0   0   0  36   0   0   0   0   0   0   0   0   0   0   0   0   0
   0   0   0   0   0   0  30   0   0   0   0   0   0   0   0   0   0   0   0   3   0   2   0
   0   0   0   0   0   0   0   0   0   0   0   0  23   0   0   8  50   0   0   0   0   0
   0   0   0   0   0   0  13   0   0   0   0   0   0   0   0   0   0   0   0   0   0
   0   0   0   0   0   0  15   0   0  12   0   0   0  35   0  31   0   0   0   0
   0   0   0   0   0   0   0   0   0   0   0   0   0   0   0   0   0   0   0
   0   0   0   6   0   0   0   0  29   0   0   0   0   0   8   0   0   0
   0   0  37   0   0   0   0   0   0   0   0   0   0   0  17   0   0
  13  44   0   0   0   0   0   0   0   0   0   0   0   0   0   0
   0   0   0   0   0   0   0   0   0   0   0   0   0   0   0
   0  24   0   0  18   0   0   0   0  48   9   0   0   0
   0   0   0   0   0   0   0   0   8   0   0   0   0
   0   0   0   0   0   0   0   9   3   0   0  27
   0   0   0   0   0   0   0   0   0   0   0
   0   0   0  35   0   0   0   0   0   0
  30   0  24   0   0   0   0   0   0
   0   0   0   0   0   0   0   0
  30   0   0   0   0   0   0
   0  13   0   0   0   0
   0   0   0   0   0
   0   0   0   0
   0   0   0
   0   0
   0

 1377
  14  14  17   1  19  23   1  19  12  11  20   6  15  21  19  23  19  19  17  12   3   2  13   3   8  21   2   5   4  12  10  23  10   6  18  24   6  15  21  10   9  15   4  24  10  17  19  20   1   5  11  14  13  24  18  20  17   7   5   2  25   2   9  19  21   6   7  13   3  17  24  24  16  24   1  18  13  17   1   5  15  15  19   7   6  12  16  10  24  19  21  19  16   7   2  14  23   9  11  18  12  17  22  18  22  11  11   6  16  13   4  23  17  14   8   5  11   3  13  17  13  12   5   1  13  19   3  24  12  22  24   6   6  15  10   7  13   4  25  16

