 140 
  10  33   0   0  36   0  10  38   0  20  39  38  14   0   0  20   0  25   0  13   0  46  29  30  44   4  17   0  46   0  25   0   8   0  39   0  41   0   8   0  48   0  50  39  17  35  11   6   0   0  45  19   0  40  15   0  31   0   0   0   0  45  32   0   0   0  20   0  18  17   0  47  31   0  46   0  35   1  22   0  47   0   0  44  22   4   0   0  28   0   0  11  44  15   8  14   0   7   0   0   0   9   0  42   0  32   0   1  48  36   7   0  17  25   0  32  47  17   0   0  30   0   0  44   0  23   0  22   0  26  13   0   0   0   5   1   0   0  38   2
  28  37   0   0  16   0   6   0   0  25   0   0   0  42   0   0  23  29   0  21   0   0   0   0  11   0  22   7   0  44   5  19   0  50  12   0  50  41   0  40   0  14   0   0   0   0  50   7   0   0   0  27   0   0   0  49   0   0   0   9  12  16   0  28   0   0  36   0   0  39   7   0   0  36   3  11   0   0  13   0   3   0  19   2   5   0  48   0   0   0   0  37   0   6  22   0  10   0   0  14  39   0  19   0   0  33   0  12   0  10   0  36   0  17  18  36   0  12   0  36   0   0  31   1   0  35   0   0   0   0   0  38   0  12   0   0  27  26   0
  43   0   5   0   0  18   0  32  50  14  43   9  50   0   0  47  38  33  30  29   0   0   0  32  25   0   0   0  50  28   0   0   0   0   0  49  34  24   0  42  22  27  28  22  48   6  37   0   0  30  49   0   0   0   0  22   0   0   0   1   0   0  23   0  48   0   4  11   0  19  48  30  44   8   0  35   0  19  33   5   0  48  40  12   0  25  50   6   0   0   0   0   0   0   0  17   0   0   0  30  25   0  37  23   0   0   0   0  29   5   0  32   0   0   0   8   1  30  23   0  15  17   0   0   0   9   0  49   9  23  17   0   0  36   0   7   0  31
  42  40   0   0   0   0  27   6  46  37   0   0  15  47   0   0  39  23   0   0   0   0   0  34  10  15   0   0   0   0  32   0  28  18   0  48   0   0   0   0  28  32  24   0   0   0   0   0   0   0  39   5  14  36   0  24   0  12  48   0  32   0   0   0   0   0  42   0  22  16  20  33  34  25  31  47  44   3  11   3  17   0   2   0   0  11  29  49  33   0   0   0  49  41  30   0  35  42   0   0   0  43   0   0  36   0   0  20   0  27  35   5   0  37   5   0   0   0  44   0   0  45   0  48  20   0  28   0   0   0  18  10   0  48   0   8   6
  46   0  43  31   0  41  22  24   0   5   1  21   0   0   0   7   0   0   0   0   0   0   0   8   0   0   0  36   0  21  17   0  49   9  14  31  47   0   0  17  22  30   0   0  23   9   0   9   5   0   6   0  41  25  48   9  41   0  31   0  15   0   0   0  47   0   0  30   0   0   0  32  35   0  39  20   0   0  13  13   0  21   0  13   6   0   0   3  36   0   0   0   0  36  32  20  50  26  32   0  27  12   0  13  35   3   0  37  16   9   5   0  12   0  50   0  33   0  44   0  26   0  40  27   4   0   0  41  11   0   0   0  27   0  49   0
   3   0  12   0  22  49  44  45  16  14  27   0   0   0  28  40   4   0   0   0  34  26  22  25   0   0   0  29   0  24   0  37  40   0  45  48   4  50  42   0  47   9  14   0   0   4  46   6  42   9   3   0   0   0   0  29   0   0  27   0   0  47  20   0   0   0   0  49   1  30   0   0   0  46   9  17   0  37   0   0  49   0   0   0   0   0  49  50   0  38   6  20   0   0   0   0   0   0   0   3   0   0  44   0   0  29  27   0  16  39   0   0  32  33   0   0   0   2   5   0   0   7  49  25  36   0  12   0   0   0   0  40   4  31   0
   0  40   0  31   0   0  15   0  50  42  44   0  13   2   0   0   0  17  43  37  50  27  40  12  15  14  44   0  18  10   0   0   0   0  25  43  48   0  34  34   0  24   0   0   0   0   3  24   0   3  49  35   0   0   0  30  34   0   0   5   0   0  47   0   7   3   0   0   0  34  20   0  50  47   0  42  18   0   0   8   0   0  21   0  12   6  43  41   0  34  40   0   0   0  17   0   0  38  30   0   0  17  24  33  39  34  31   0   0   0  10   0   0   1  30  47   0  20   0  23  31  34  23   0  21   0   6   0  37   0  50   0   0  24
   1   0  47   0   5   0   9  12   4  39   0   0   0   0  33   0   0  18   0   0   0   0   0   0   0   0   9   0   0   0   0   0   0  28  28  10   0  40   1   0  45   0  50  29  32  50   0   3   0   0  47   0   0  42   0   0   6   0   0   0  30   0   0   8   0   0   3  22   9  38   0  34  15   0   0   0  12   0   1   3  27  40  24   0  37  10  19  45  28   0  31  31  45   0   0  38   0  10   0   0   0   0  12   0   0  15   0   0   0  15  40  37   0  29  14  50  37   0   0   0   0   0  45   0  36   0   4   6  17   0  25   1  19
  23  36   0  15  21   0   0  30   0   2  42   0   0   0   0  39   0   0   0   0   0  44  22   0   0   0   0   0   4   0   0  23   0  44  45  27   0   0  46   0   0   0   0   0   0  11  14  38  18  12   0  13   0  29   0   0  13   0   0   0  38   0   0   0   0   0   0  21  49  14   0   0   0   0   0  21   0   0  38   0   0   0  10  33  22   0  44  38   0   0  32  44   0   0   0   0  10  20   0  20   0   0   0  43   0   0   0  35   0  14   0   0   0   5  23   6  22  16  41  28  25  37  49  33   0  17  47  49   0   3  19   0
   0  34  20  16   0  10   0   0   0   0  45  31   0  17   0   0   0   0  25   0   0  26  36  33   0   5   0  31   2   9  38   0   0   4   0  38   0  11  48   0  36   0  49   0  49   0  41   8   0   0   0  41   0   0  39   3   0   0  44  35   0   0   0  15   2   0   0   0   0  50   0   0  35   0   5   0  42   0   0  31  40   0   0   5   1  34   0  33   0   0   8  14   0   0   0   3  17   0   0   0   0   0   0   0   0   0   0   0   0   0   0  40  48  45   0   0  48  12   0   0  17  15   1  26   0  11  12   7  49   0  42
   0  31  50   0   0  20  11  12  17   0   0   0   0  35   0   0  49  35   0  10  35   0  40  43   0   0  14   0   8  43   0   0  27  29   0  21   0   0  42   3   0   0  33  34  48  23   0   7  50   0   0   0   0   0  27   0   2  21  43  27   0  47   4   6  48   1  37  37   6  14  11   0   3   0   0  40   0  24  22   0   4   0  16   0   3   0  34   0   0  22  47   0   0  11   0  44   0  23  45   0  45   0  36  47  38  39   3  23  11   0  40  19   0   0   0   1  48  24   0  40  23   3   0   0   0   5   0   0  10   0
   0  11   0   0   0   0  43   0  47  44   0   0  45  46   0   0   0  46   0   0   0  14  26   0  37  30   0  25   0   0  12   0   0   0  12   0   0  33   0  49   0  38   0  44  18   0   8  39  31   0  25  43   0  28   0  27   0   0   0   9   0   0   0   0  18  22  26   0  43   0   0   0  46   8   0   0  11  42  23   0   0  12  22  23   0  42   0  20  48  29   0   0   0   0   0   0   0   0   0   2  23   7  16  45  31   4   0  28  43  23  22   0  16   0  12  24   0  42   0  12   0  25   0   0  28   0   0   0  37
  14   0  12   0   0  48   0   7  18   8  14   0   0  25   0   0   7   0   0  42  32  33  33  20   0  13  17  44   0  21   0   0   0   0  17   0   0   0   0   0   0  27  28   0  42   2  43   0   0   0  29  32  15   3   0   0  31  44   0   0   0  31   0  23   7   0  25   0  12   0  40   8  45  41   0  18   0  33   0  21   2   0  22   6  21   0   0   0  46   3  31   0  23   0   0   0  16   0   0   0   0   0  23   0  48  40   0  26   0   0   9   0  29   0  17   1   0  21  34  42   0   0   0  45   4  32  26   0
   0  11  27   5  13   0   0   0   0   0   0   0   0  37   0  26   0   1  37   6   0   0   0   0   9   0  47   0  35   0  24   0   7  11   0   0   0   0   5   0  27   0   0   0   0   0  39  29  48   0  45   0  13   0  44  11   0   0   5  38  16   0   0  13   0  25   0   0   0  25  25  13   0   0   0  22   0  42  49   0   1  29  46  42   0   0  25   0   0  50  40   0   0   0   0   0   0  12   0  14   0   0  26  26   0  26   0  31   0   0   6  24   0  28   0   0   0  44   0   0  28   3  41  39  37  13  44
   0  37   2   0   0   3   0   0   0   1  13   0   0   0  29   0  45  17   0   4   0   6   0  32   0   0  32  20  47   0   0   0  18  38  23   0  23  41  41   0   0   0  14  16   2   0  21  50   0   5  31   0   0  29   0   0   3   0  15  48  21   0   0   0   2  26  29   0   0  10  43   0  45   0   0  46   0   0  12   0   0  43   0   0  26   0  40   0   5  18   8   0   0  38   0   0   0  25   0  12   0  35   8   0   0  21  23   0   0   1   0  44   0   0  45   9  25  41  18   0   0   0   5   0   0   0
   0  25  27   0  39   0   0   0   0   0  26  24   0  31  19  13   0   0   1   0   0  32  12  29   0   0  12   0   0   0   0   9  22   0   0   0   7   0   0   0   9   0   0   0   0  41   0  27   0   0   3   0   0  38  13   0  37   0   0  46  27   0   0  35  21   4  24  33  37   4  23  34  49   0   0  50  42   3   9   0  39   0  23  34   0   0  15   0  18   0  24  32   0  10   6  15   0  42   0   0  36   0  22   0  25   0   0  31   0  17  45   8   0   0  14   0   0  17  24   0  10   0   0   0   3
   7  30  47  40   9  26   0   0   0   0   0   0  15  38   8   0  45  50   0  12  38  39   0   0  27   0  50  21  42  21   0   3  19   0   0   0   0   0   0   0   0   0   0  15   0   0  19   0  29   0   0   0   0   0   0   0   0  43   3   0   0  44  42  48   0  28  11   0   0  35   0   0   9   5  33  46  47   0  15  18  21   0  17  14  50   0   0  44  45  40   0   0   2   0  12   0  49  50  34   0   0  43  15   0   0   4  14  24  43   3   0  24   0  47   0   4  19   0   4   0   0   0  43   0
   0   6   0  29  33   0  36  50  28   0   0  30  22   0   0   0   0   0   0  16  19  11   0   3   0   0   0  36  11   5  50   0   7   0   0   0  40   0  41  21   0   0   0   7   0  21   6   0  34   0   0   0   0   0  32   0  34   0   0  32   0  44  34  29  31  49  47   0   0  13   5   8   0  36   0   0   9  49  41  31   0  50   0  20   0  19   0   0   0  41  50   0   0  19   0   0   7   0  39   0  25  26   0   0  33   0  43  44  30   0   0  21   0  28  43  28   0   0   0   0  23  38   2
  24  30  16  50   0   0   4   0   0   0   9  41  48   0   0  30  48  42   0  21   0  46   0  36  35  41   0  18   4  15   0   0  22  47  37  43  15   0  20   0   0   0   0  24   0  39  48  42   0  22  40   0   0   0  15   0   0   0   0   5  47   0   0   0   0   0   0  32   0  30   1   0  31   0   0  25   0  11   0   0  21   0   0  19  10   0  37  32  48   0  12  11  12   0  31   6  41  43   0   0   0  22   0   0  17  43   0  26   2   0   0   0  49  13  38   8   0  40   0   4   0   0
   0   9  24   9   0   0  33  28   0  30  31  32   0  41  12  25   6  12  38  17   0  14  33  46   0  22  45   0  47  36  14   0   0  42   0   0  39   0   0   0  29   1   0   4   0   0   0  48  33   0   0  16  46   0  41   0   0   0   0   0   0  20  45  34   3   0  48   0   0   0  38   0   0  33   0   0   0   0   0  31   6  17   0  45  24   0   0  36   0   3  35   0  16   0  21   0  43   0   0   3  21   0   0  31   0   0   0  31   0  40   0   0  46   0  12   0  44  13   0  49  42
   0   0  43  23   0   0   0   0  35   0   0   7   9   0   0   4   0   0   5   0   0   6   1   0  43  45   0   0  15  46   0  41  23  17  14   0   0  43   6   0   0   0   0  33  49  42  43   0   0  18  10   0  24  35   0  35  29  34   0  28   0   0   0  41  37   0  49  27   0   0   0   0  46   0   0   0   3  50  17   2  23  10  18  39   0   0  34   0   0   0   0   0  31  25  35   0  27   0  21  46   0   0   0  50  50  40  25  35   0   0  21   0   0  30  42   0   0  27  40  34
   0   0   0  40   0   0   0  35   2   0   0   0   0  28  24   0  11  39   0   0   0   0   0  17  28   0   0   0  20   7   0  14  46   0   3  20  45  46   0   7   0   0   0  26   0  31   0  36   0  42  34   5  29  17   0   0   0  13   0   0   0  23  18   0   0   0   0  23  33   0   0  22   0   0   0   0  17   0   0   0   8   0  28   0  14   0  12   9   0   0  46   0  37   2  14  16   0   0   0   0  24   0  46  26  15  10  46  21   0   0  18  49  48  39  25   7  26   2   0
   0  32   0   0   0  17  14   0   0   0   0   0   0  23  12   0   0   0   0   0  16   0   0  27   0  27  34   0  17   0   0   0  38  42   3   0  43   0   0   0  10  33   0  48   0   0  49   0  25   2   0   0  39   0  36  14   0  21   0  24   0   0   0   0   0  21   0  29   0   0  16   0   0   0   0   0   0   0   0   6   0   0   0   4  39  18  34   0   0  26   0   0  24   0   0  41  22   0  41   0  50  44  19  46   0  12  41  10   0   0   0   0   0  32   4   0  28   0
   8   0  44   0   1   8   0   0   0  27  46  18   0   0   0   0   0   0  37   0  41   5   0  22  40   6   5   0  19   0   0   0   0   4  39   0  38  34  11   0  25   0   0   0  42  34   0  13  16   0   0  45   8   0  37  45   0  23  27  10   0   0   6  12   0   1   0   0  49   0  36   3   0  21  45  28  27   0   0   0   0  43   0  11  23   0   0   0  23  47   0  38   0   0  47  46   0   0   0   0   8   0  39   1   0   0  48   0  14   0  35  44   0   0   0  23  43
  35   0   0   0   0   0   0  23   0  18   0   0   0  40  11   0   0  11   0   9  19   0  18   4  20  20   0  19   0   0   0   0   0  17  17  49   9   0  31   9   0   0   0   0  17   0  18   0   0  38  36  26  16   0   0  10  21   0   0   0   0   0  39   0   0  41   0   0   0  18  11  23   0  43   0   0   0  14   9   0  31   0  26   0   0  19  48  47   0   0   0   0   0   0   9  44  27   0   7   0   0  17  47   0   0  32  29  44  24  14  23  49  24  21   0  31
   0  17   0  22   4  26   0  28   0   8  17   0   0  29  30  21   0  34   0   0  18  17  49  37  31   0  17   9   0   0   0   0  23   0  21   0  32   0   0   0   5   0   9  35   0  30   0  43   0  30  40   0   0   0   0   0  31   0  14  29  17  37   0   0  24   0   0   0   0   0  45  43  16   0  11  40  12   0   1   0  44   0  41   0   0   0   0   3  27   0  22   0  42   5  29   0   3   0   5   0   0   0   0   0  10   0   0  37   0   0   0   0  27  46   0
   0  46   0   0   4   0   0  27  10   0   0   0  17  50  24   3   0  10   0   0   2   0   0   5  49   0   0   0   4   0  25   6  49   0  40  35  30  44  10   0   0  22   0   1  22   0   0  43   0   0  46   0   0  33  38   0  37   0   0   0   0  36  26  27  32   0  22   0   0  24   0  45  18   0   0   0  25  49  50   0  44   0   0   4   0   4  11  15  37   0  36  20   0  16   0   0  42   0   0   0  38   0  25   0  47  14   0  29   0  11   0  19   0   0
  14  14  41  29  44   0  36   0   0  44   6  31   0   2  43   0   9   0   0   0   9   0   0  32   0  28  43  15   7  47  31   0  32  36   3   0   0  22  50  30   0  34   0   0  12   0   1  28   0   0  43   0   4   0   0   1   0   0   0  38   0  42   9   0   0   0   0  41   0   0   0   0   8   6   0  24  16   0   7   0   0   0  21   0   0   0  34   0  22  25  15  36  36   0   0  42   0   8   0   0  41   0  34   0  40  28   0   0   0   0  28   0   0
   0  44   0   0   1   0   0   2  41   5   0   0   8  26   0   0  14   0   0   0  10   0   0  28  26   0   0  14  15   0   0  20   0  10   0   0   0   0   7  35   0   0  15   0  41  37  13  49   0   1   0  35  23   0   0   4   0  34  16   0  16   4  42  20   5   0   0   0   0  49   0   0  32   0   0   0  47   0  50   1   0   0  36   0  29   0   0   0   4  12   0   8   0  20   0   0   0  23  31  42  28   0   0   2  42   7   0   6  15  27   0   0
  36  26  42  26   6  49   8   0  31   0   0  13  37   2   0   0  44  46   0   0  31   0   0   0  36   0   0  50   0  33   0  17  36  27   0   0   3  16  44   0   0   0  16  28   5  25  30   0  19   0   0   0   0  33   0  39   0   0  14   0   0   0  25  42   6  28  12  11   0  17  24   6   0  41  13   0   0  26   0   0   0   0   0   0  29  38   0   0  33  21   2   8   0   0   0  39  15  25   0   0   3   0   0   0   0  10  18  18   3   0   0
   4   0   0  30   0   0   0  24  20  27  24   0   0   0  19  47   7   0   0   0  38  29  18   0  36   1   0   0   1  23  22  10   0   0  45  28   0   0  18   0   0  26  38   0   0   5   0  31  38  23  38   0   0  41   0   0   0  35   0   0   0  20   6   0  37  14  22  35   0  29  17   0  29  15  31  38  46   5  35  16  21  34  39  40   0   0   0   0   0   0  43  13   0   0  29   0  10   0   0   0   0  28  27   0   0   0   0  10  16   0
   0  49  47   9  23   0  35  20  34  43   0  40   0   0   0  31  29  31  25  36   0   0  14   0  14   0   0   0  28  37   0  17  19   0  33   0   2  15   0   0   0   0   0   0   2  40  32  19   0  18  17   0   2   0  19  24  43  46  43   0   0   0   0   0   0   0  30  10  23  13  22   0  23  20   0  30   6   0   0  14  19  23   0   0   0   2   0   0   0   0   0  16   0   6   3   0   0   0  25  49  11   0  38   0   0  47  17  31   5
   0   0   0   0  25   0   2   0   0  46   3  11   0   0   3  19  32   0   0   0   0   1   0   0  21   0  33   0   0   0   1   0   0  26   0   0   0   0   0  46   0   0   2  25   0   0  42  41   0  12   0   0  11   0  43   0   0  18  20   0   0   0   0   0  37  40   0   0   0   0  20   0   0  33  11  28  33   0  48   0  13  48  49   0   0   0  50   0   0   0   0   0   0   0  20  27   0  36   0   0   0   0   0   5  38  42   0  46
   0   0   0   2  37   7  33   0   0   2  25   0   4   0   1  37   5   0  49  12   0   8   0   3   0  47   0  24  15   0   0  47  24  46   0   0   4  43   0   0  24   0   0  47   0  34   0  47   0   0   0   0   0   0  31   0   0   0  40   0   0   0  36  25  43  14   0   0  23   8   0  30   0  11  29   0   0   0   0   0  20  46   0  16  13   5  39  20  30  46   0  11  16   0  49   0   0   0  26  43   0   0  50   0   0   0   0
   0  48   5   8   0   0   0   9  29  42  14   0   3  37  46   0  25  43  29   1   0  50   0   0   0   0   0  37  46   0   1   0   0   3   0   6  17  26   9   0   0   0   0  25   2  37  30   0  49   0  15  10  22   0  15   0   0   7  20   0   0  36  48  34  12   0  23   0   6  30   0   0   0  14   0   0   0   5   0   0   0   0   0   0   0  13  41   0   0   0  13  25  35   0  21   0  13   0   0  40  47  36  33   0   0  33
  30   3   0   0   0  49   0  13   0  15  22  14   0  22  35   0   0   0   0   0   0  16   0   3  40   0   0  34  42   0   0  50  45   0   0  17  19  35  30   0   0   0  10   9  31   0  14  11   0   0  31   0   0   0   0  27  28   0   0   0  18  37   0   0   0   5   0   7   0  34   0  35  25  41  45   0   0   0  36   0   0  18  40   0   0   0   0   0  40   2  18  14   0  39   0   0  42  36  12  23  23  24   4  35   1
   0  48   0   3   0  32  38  24  30  34   0   0   0  27   5  21  28   0   0   0  35  25  45   0   0  50   0  49   0   0  50  44   0   0   0   0  43  13   0  34   0   0   0   0   0   0   0   0   0   0  38   0   0   0  20  13  37  15   0  10   6   0  38   8  27  29   0   0   0   0   8  43  40  32  17   4  26  44  20   0   0  24  34   0   1   6   0   0   0  46   0   0   0   0   0   0  24   4   0  41   9   0  45   0
   0   0   0   0   0  17  19   0  39  10   3  34  21  48   0   0   0  33   0  33  33  33   0   0   0   0   0  22   6   0   0   9  15   0   0   0   0   0   0   0   0   0   0   3   0   0  27   0   0   0  36   0  23   0  27  23  34   0  23   0   2   0   0   1   0   0  39   0   0   0   0  27   7   0  27   6   0   0   0  27   0   0   0   0  19   1   0   0  48   0   0  20   0   0   6   0   0   0   0  35   0   0   0
   0  23   0  14  15  38   0   0   0  40  30   0   5   0  21   0   0   0   0   8  46   0   0  20  38  28   0  40  50   0   0  14  21   0  49  15   0  12   0  36   0  17   0  18   0   9   0  21  32  12  42   0   0  16  23   0   0  48   8   0  10  43  18   0   7  15   5   0   3  36  11  23  11  38  29   0   0  34   0   0  32   0  31   0   0   0  48  50  14   0  44   0  48   0   0   0   0   0   0  43   0   0
  15  31  18   0   0  18   0   0  17   0   0  21   0  22   0   0  32   0  26   0   6   0   0  22   0  11  31   0   0   0  26  26   8   0   7  19   8  25   0   0  17   0  26   0   0   0   0   0  34   0   0   0   0  28  46  21   0   0  24  23   0   0   0   0  23  14  36   0   6   0  40   8   0   0  50  37   0   0  32  37   0   8   7  33  42   0  40  38   0  49   0   0  33   0   0   5  26   0   0  20   0
  33   0   0   4  18  35   0  11   0   0   0  50   0   0  39  42   0  31   0  35  29   0   0   0  21   0   0   0   0   0   0   0  33  35   0   0  32   0  12   0   0   0   0  34  24   0   3  38  14   0  42  48   0  17   0   6  40   0   0  44  29   0  45   0   0   0   0   0  28  15   0  44  22  31   0   0   9   0   0  50   0   0   9   0   0  44  49   0  24   0   0  29   0  37   0  34  11  19  44   0
   0   2  48   0   0   2   0  42   0  19   0   0   0   0   0   0   0   0   0  38   0  39  30   0   0  17   0  30  33  18   2   4  43  44   0   0  28   0   0   0   8   0   0   0   0  15   0  34  19   0   0  33  25   0  42  38   0   0   2   9  27   0  49   0   0   0  33   0   0   4  34  25   0   0  25  43   9   0   0  36   0   0  22   0  23   0  49   0  37   0  40   5   0   0  38  33  33   0   0
   0   0  47  26   0   0  26  41  10   0   0  24   0   6   0   0   0   0   0   0   0   0  17   9   0  19  20  28  42  16  14   0   0   0  22   0  36   0   3  29   0   0   3  40   3   0   0   0   2   0   0  47   0   0  47   0   0  41   0  17   0   0  48   0   0  11   0   0   1   0  30  39  41   6   0   0   0  22   0  33   0   0   0   0   0  21  16   0  16   0  48  10   0  17  14   0  47  36
  42  46  43   0  12   0   0   0   0  22  30   0  31   2  36   0  17   0   9  15  37  32   0   0  26   0  15  35   0   0  18  42   0   0   0  23   0  39  46   0   0  20   0   0   7   0   7   0   0   1   0   0   0   0   0   0  30   0   0   1   0  48  15   0   5   0   0  24   0   0  49   0   0   6  17   0  32  31  31  17   9   0  30  12  11  20  34   0   8   0  16  47   0   0   0   7   0
  40   0  20  23   8   0   0   4   7  34  25   0  34  11   0  33   8  27  20  23   7   0  16  39   5   0  11  46   0   0   0  19  25  38  15   0   0   0   0   0  49  31  14   0   6  19   0  35  23  28   0   2  25   0   0   0   0  44   0   0  34  42  42  48   2   0  14  38  32   8   8   0  17  45  24   0   0   0   0   0   0  45   0   4  13  45   4  23   0   0   0  41   2  40   0   0
   0   0   0   0  21   0   8  15  11   0   0   3  11  15  31   0  10   0   0   5   9   0   0   0   7   0  37   0  32  40   0   0   0  17  27   0  44   0  45   0   0  17   1  32   0   0  46   0   0   5  37  15   0  36  26   0  49   0   0   0  36   0  25   0   0  40   0   0  38   3   8  29   0   0   0   0  13   0   0   0  50   0   6   0   0  49   0   0  37   0  30  16   0  39  11
   0  11  16   6   2   6   0   0  32   0  21  12   5  18  30  49   4  29   3   0   0   0  14  22   0  42  35  10  45   0  44  19  41   0  25   8  27  34  32  41   0  25   0  34   0   0   0   0  27   0  50   0   0   0  10   0  14  40   0   6   0  24  32  42  50  40  50   0  10   0  19   0  50   0   0   0  11   0  21   0  30  27  42  45  45   0   0   0   0   0   0  47   0   0
  10   0   3   0  30  36  31   0   0   0  25  48  43  29   0  46  24   0  46   8  41   0  38  49   0   3  17  28   0  33  23   0  23   0   0  11  14  17   0   0  10   0   0  12  13  23   2  33  13  39   0  43  36  40   0   2  39   0   4   0  34   5  22   0   1  33   0   0  13   0  12  15   0   0   0   1   0   0   4   0  27   5  11  21   0   0  12   0  44   0  38  16   0
   0   0   0   2   0   8   0   0   0  39  50   0   0   0   0   0   0   0  30   0   0  32   0   0  14   8   0   6  33   1   0   0   0   0  38  37  13  45   0   0   0   0   0   4  40   0   0  25   0   0   0  39   0  17   0   0   2  31  46   0   0   0  27   3   0   0  43  20   0   0  41  29   0   0   0   0   0  46   0   5   0   0  12   7   2   0  32  28   0   0   0  41
  26  12   0   0   0   5  42   0   0   0   0  30   0  34  38  40  15   0   0   6  33   0   0   4   9  47   0   0   0   0   0   3   0  45  43   0   0   0   0  10   0  50   0   0   0   0  13  11  24  39   0  46   0   0   0   0  35   0  30  12   0   0  42   0   0  27  37   0   0  18  10  43   0   0  32   0   0  36  42  21   0   0   0   0   0  16   0   0   0   4   0
  22   0  16   0  15   7   0   0   0  25  39  13  11   0  12  42  31  47  26  24   0  13  28   0  11  28   0   0   0   0   0   0   0  20   0   0   0   0   0  16  32   0  34   0   0  20  13   0  35  31   0  39   0   0   0  22   0  16   5  12   0  29   0   2  47  37  14   0   0   0   0   0   6   0  40  22  29  12   0   0   1   0  43  18  10  10  48  35   7  48
  35  36   1   0   0  25  43  34   0   0  21   0   0   0  10  48  11   0   0  35  18  34  19  13  20   0  10   0  10  28   0   0   0   0   0   0   0  39  12   0  38  47   3   0  33  48  23   0  26   0  22   0   0   0   0   0   0   4   0   4  33  43   0   0   8  21  18   0   0   0   0   0  11  42   0   0  40   0   0   4   2   0  35   0  47   7   0   0   0
  37   0  46   0  26  36   0  21  49   0   7   9   0  24  41   0   0   6   5  14   0  42   0   0   0  14  29   0   9  31   0  49  35  14   0  30  40  25   0  32   0   0  14   6  37  15  10   0   0  30  35   0  15   3  50  32   0   0   2   0   0  32  39   0  15   0  11  30  19   0   0  47   0  31   0   0  10  29   5   8   0  20   0   0  19   0  28   0
  19   0   0   0  42   5   0  47   0   0  17  32   0   0  25  31  17   0   0   5   0   3   0  32  29   0   0   0  48  10  44   0  29   0  10  49  14   0  41   0   0   0  27  25   0  26   0   0   7   7   0  25   0   5   0   0  47   4   0   0  15  10   0   0   0   0   0  44  25   0  24   0  41   0  12   0   0  29  17   0   0   0   0   0  47  42   0
   0   0  11   0  36   0   0  34  11  38   0  26  13  20   0   0   0   7   0  10   0   0   0  40  28   0   0   0  42  29   0  33   0   0   0  34   0   0   7   0  29   7   0   0  16   0   0   0  44  36   0  21   0   0   0  40   1  19   0   0   7   0  28   0   0  49  10  43  20  34   0   0   0  20  16   0   4   0  16  33   0   8  45   0   0  45
  40   0   0  11   0   0  34   0   6   5   0  24   0   0  50   0   0  11  34  36   0  36   0  33   0   7   0  22   0  48  17   0   0   0  46  31   0  11  29  17   0  15   0   9  12   0  50   0  48   0   0   0   0  16  36  28   0   5  20   0   0   0  40   0   0  19  29   0   0  40   0  36   5  17   0  45   0   3   0   0  33   0   0  14  31
   7   0   6  31  34   0  46   0   0   0   0   0   0   0   7   0   0   0   0  43   0  14   0   0   5   0   0  50   4  44   0   0   0   8   5  49   0  43  17   0   0  10   0   2  21  35   0   1  30   0  20  39  37   0  28   0   0   0   0   0   5   0   0   0  19   4   0   9  20  12   0   0  43   0   0  29  43  48   3  33  25  33   0   9
   0   0   0   0   0  25  27  33   0   0   0   0   0   5  11  45   0  48   0  47   0  49   0   0   0   0  50  29  18   0   0  43  14  22   0  46   0  47  11  33   0  19  41  48  16   0  22  42   0   0   0   0  38   0  44   0  27   0   0   1   0  28   0  31  31  37   0   0   0   0   0   0  46   0  44   0  24  38   0  35   3   1   0
   0  44  25   0   0   0   0  24  43   0  43   0  26   3   0   0  22   0   0  17   0   0   0   0  19  19  46  14  37  11   0  20   0   1   0  11   0   9   1   7  47  28  48   0   0   0  14   0  17   0   0  34   0   0   0   0   0   8   0   0   0   0  21   0  43   0  29   0  50  11   0  50   0  41   0   0   0   0   8  34   0   0
   0   0   0  24  46  10   0   0   0  16   0  35  26   0  17   0   0  31  16  29  11   0   0   0   0   0   0   1   0   0   0   9   0   0   0  26  13   0   0   0  14   0   0  27  24   4  10   7  46   0  25  46   9   0   0   0  18  12   0   0   0   0  35   0   0   0  21   0   4  16   0   0   0   0   0  10   0   0   3   0  45
   0   0   0  21  40   0  39   0   9  11  19   2   0   0   2   0  22  22  19   0  37  32   1   0  28  18   0   0   0   0  34  26  34   0   0   0   0   7   0  28  18   0   0   3   0  13   0  36  47  26   0   0  12   6  49  32  35   0   0   0   0   0  35   0  24  48   0   8   0   0   0  49   4   0   0  20  39   0   0   0
   0  44   0   0  35   0  29   0   0  14   0   8  28   0   0   0   0   0   0   0  47   0   0  12   3  49   0   0   5   0  38   0  21   0   0  49  31   0   8   0  13   6  24  47  29   0  42   0   0   0   0   0   0   0   8  43  13   0   0   9   1   0  14  35  35   0   0  43   0   0  40   0  32  10  11  19   0  36  14
  43   0   0   0   0   0   6  45   9   0   0  11   0   0   0   0   0   0   0  12   0   0   0  38   0   0  48  46  32   0   0   0   0  36  43  43   0   0   0   3   3   0  38  39   8   3   6  45   3   0   0   9   0   0  27  46  12   0   0   9   0   0   8  46   0   0   0   0  10  15   0   0   0  12   0   0  25  13
   0  39  44   0   5  37   0   7   0  44   0  42   0   0   0   8  20  27   0  45  15  32   0   0  23  17   0   0  35  45   0   0   5  43   0   4   0  18   0  48  37   0  28   0   0  32   7   0   0   0  13   0  28   7   0   0   0   0   0   0   0  30   0  11   0  25  45  10   3  49  15  41   0   0   0  35  21
  20   5   0   0   0  39   0  37   0  29   0   0   0  27  24  23   0   3   0   0   0   0   0   0  41   0  40  22  24  13  20   8   9  25  50  38   0   0  32   0   0  36   0  26   9   0  28   0  45  10   0  47   0  18   0   0   0  42  47  14   0   0  12   0  33   7  38  42   0   0  33  24   0   8  44   0
  41  47   0   3   0  38  33  16  25  10  41   9  31  27   0  10  10   0   0   0   0   0   0   0  19   3   9   0   0   0  50   0   0  10   0  19  18   0  19   0   0  23   0   0   0   0   8   0   0   0   0   0  32   0   0   0  23  40   0  32  32   0   0   0  12   0  36   0   0   0   0   0   0  23   0
  19   0  44   0   0  34   0   0  35  48  29   0   0   0   0   0  40  18   0   0  28  39   0  24  23   0  44  47   0   0   0  12   0   0   0  36  24   0   0   0   0   0   0   0   0   1  34   0  17  50  26  27   0   0   0   0   0   0   0   0  28   0   0   0   0  24  30   8   0   0   0   0  13  22
  27   0   0  35   0  45   9  23   0   6  31  33   0  29  20   0   0   0  30   0   0  23  23  45  32   8  40  43   0   0   0  37   0   0   0   0  26   0   0   6   0   0   9   0   0  25   0   0  23   0  39   0  43   0  28   0  11   0  35  45  14   0  10   0   0   0  26   4   0  11   6  27  10
   7   0  11   0  16  44  30   0   0   0   0  50   0  25   0  37  36   0   6  14   0  36   0  42  17  38  23  12   0  44  20   0   0  17   0   6   1   0   0  26  40  27   3   0  39   0  25   0   0   0   0  21   5   0   0   0   0   0   0   0   7   6   0  28   0   0  46   0  23   8   6   0
  24  26  13   3   0  46  23  33   0  38  41   0  42   0  21   0   0   0   0   0  21   0  28  35  48   5  27   0   0  39   0  28  22  28  16   0   0   0   0   0   0   0   0   3  27  29  45  11   0   0   0   0  29   0   0   5   0   9   0   0   0  44   0  47   0  14   0  35   0   0   0
   0  41   0  28   0  15   8  18   0   0   0   0  34  48  17   0   7   0  44   0   0  10   0   1  15   0   0   2   0   0   0  11   0  39   0   3  17  50  32   0  34   0   1   0  28   5   3   0   0  29  14  36   0   0  33   5   0   0   0   1  28   0  10   0   0   0  11   0   0   0
  28  22  48   0   0   1  12  15  24   0  32  20  21  25   0   3  26   0   0   0  33  27   0  12   0   4  35  35  11  32   0   0  20  20   0  32  29  38   8  29  39  22  17   3  14   0   0  30   0  11   0   0   0   0   0  31  11   0  50   0   0   2   0   0   0   6  48  41   0
  15   0   8  32   0   0  30   6   0   0  35   0  24  24   4  44   0   0  43  44   0  37  48  17   0   0  50   0   0  50   0   0  18   0   0  29  38   0   0   0   0  28   0  30  47  41  33  49  23   0   0  17   0   0   6   0   0   0  25   0   5   0  49  46  40  23   0  31
   0   0   0   0   0  14   9  39   0   0   0  33  28  30   0   0   0   0  45   0   0   0   0  20  19   1   0  41  41   0   0  49   0   0   8  13   0  48   5   0   0   0  50  21   0   0   4   0   0   3   0  33  38   0  43  24   0   0   3  21   0  46  29   0   0   7   0
  41  36  22   0  28   0  17  19  22   0   0   0   0  45   0   0   8  45  40   0   0  24  10   0   0   0   9  26  43  10  46   5   0   0  25   0  41  48  19   0  46   0   0  16   0   0  16   0   0   0   0   0   0   0   0   0  49   0   0   0  16   0  16  48  20   0
   0   0  29  42  13  29   0  50  34   0   0   0   0   0   0   0   0   0   0   0  40   0   0   0   4   0   0   0   9   0  21   0  18  24  19   0  35   0   0   0  15  17   0   0   3   0   0  44   0   0  30   0   0   0  49   0  16  39  34   0   0  12   0  40   0
   0  45  42  19   0   0  30   3  33   0   0  24   0  42   0   0   0   0  45   0   9   0  33   0  21  23   0  23  12  14  29  22   0  43   0   0  46  13  41  14   0   0   0   0   6   0   0   0   8   0  21   0  14  50  28  33  45  45  15   0   0   0   0   0
   0  34  22  47   1   0   0  14   5  20   0   0   7   6   0   0   0   0   0   0   0   0   0   9   0  20  31  40   0  45  36  10  48   0  47  10   0   0   0   0   0  16  28   0   0   0   0   0   0   0  39   0  25   0  26  38   0   0  17  16   0   0   0
  41   0   0   0   0   8  16   0   0   7   0   0   0  44   0   0  17   0  48  29  44   0   0   0  18  28  29  10  20   0   0   0   0  16  37  11   0   0  13  30  28  43  43  16  35  45   0  34   0   0   0   0   0   6  48   0  16   8  18  27  11  17
  28  10   0  45  15   0  30   0   0   0   0   0   0   5  21   0   0  27   0   0   0   0   0  34   0   0   0  24   8   0   9  21   0  32   0  27   0   0   0   0   0  32   0  48  11   0  11   0   0   0  40   0  21   0   0   0  32  16   2  12   0
   0   0   9  21  46  46  36  43   1  24   0   0   0  28  36   0   0   0  26  33   0   0  37   0   0   7  29  16   0  42   0  46   0   0   0   8  24   0   0  37  19   0  11  46  10   0   0  24   0   7   0   0   0   0  17   0   4  15   0   0
   0   0  34   0   0   0  47   4   4  19  27   2  44  36  19   0  19  46   0  17   0   0   6   0   0   0  35  12   0   1   0   0   4  40   0  43   0   0  46   0   0  18  16  12  17  38   0   0   0   0   0   0   2   0  47   0  12   0   0
  23  11  21  38  31   0   1  49   0  45   0   0  17   0   0  22  41  41   0  41   0   0  46  30  45  28  13   5   0   0  15   0   0  46   0   0  33  34  38  19  45   0   0   0  33   5   0  38   4   0  47   0   0   0   0  45   0   0
  30  36  48   0   0   0  24  24   0   0  27  32   6  42   0   0   7   0  39  19  34   0  36   0   0  32   0  43   0  35  24   0   5  22  19  49   0  43   0   1  32  19  18   0  13   0   0   0   0  38   0  41   0   0   0  19  45
  16  39   0  44   0  23   0  38   0  47  10   0  28   0  10   0  34   1   0   0  28   0  18   6  39  29   0   0  22  21   0  32  13  18   0   0   0  18   4  46   0  14  28  27   0   0  49  42   0  42   0  34  34   0   0   0
  14  30   0  40   0  40   0   0   0   0  32   0   0  42  25  16   0   5  14   0   0  31  10  14   0   0   0   0  14  30   0  28   0  23   0  48   0   0  25  32   0   0  12   0  29   0  39  31  47   0   0   8  21   5   0
   0   0   0   0   0   0   0   0   6  16   0   7   0  45   0  32  47  37   0   0   0  29   0  31   0   0   0   0  50   4   0   0   0  22   0  26  20   0  34  38  32   0   0  35   0   0   0   3  36   7  27   0   0   0
   0   0  23   0   0   0   0  42   0   0   0   0   5   0  11   0   0  45   0   4   0   0  11   0  33   4  12   0  21   0   0   9   0   1   0  10   0   0   0   3   0  34   0   0   0   3   0   2  44  23   7   0   0
   6  23  35   0  16   0  36   0   0  46   0   0   0   0   0   0   0  44   0   0  45   8   0  27   0  20  40  31  23   0  33   0   0   0   0   4   5  28   0   0   1   0   0  14   3   0   0   0  20  16   0  30
   0   0   0  48   0  30  21  49  19  44   0   0   0   0   0   0   0  47   0   0   0  42   0   4   0   0  43   0  29  43   0  18   0   0  26  49   0   9  28   0   0  15   0  34  26   0  16  31  48   0  23
   7   0   0  43  39   0   0   0  27   0   0   0  29   0   0  47  16  49   0  17  40  46   0   0   0   0   0  29   0   9   0  37   0   0   0  26  24   1   0  39   0   0  38   0   0  34   0   0   0   0
  22   0   0   0   0   0   0   0  15   7   0   0   6   0   0  26  23  19  33  11   0  48   0   0   9   0   0  29  50   0   0   0  24   5   8   0   0   1   6  44   8  50  29   0   0  18   5   2   8
  18   0   0   0   0   0   0  44  33   0   0   8  34   0   0  40  26   0   0  20   3  34  17  10   0   0   0   0   0  29  30  42   0   1   0  45   0   7   0  25   0   0   0  11  31  22  17   0
   0   0  15   0  37   0  38   0  24   0  31   0  26  30   0  15   0   0  33  20   0   0  29  41  50  48  42  50   0  24  34  36  49  39  22   0   0   0   1  24   3   0  25   0   0  18   0
   0   0  14   0   0  35   0   0   0   0  45   0  10   0   0  38   0   0   0   0  20  21  31   0   0   0  40   0   0   0   0   0   0  44   9   0  25   0  39   0   0   0   7  10   0   0
   0   0  39   4   0  28  49  32  22  25   0   0  26  50  20  10   0  43   0  41   8  40   0   0   0   0   0  20   0   0   0  41   3  18   0  45  14   0  39   0   7  46   0   7  45
   0  25  46   0   2  22   7   0  50  14   6  25  17  50  24   0  34   0  35  38  10  30  19   0  11   0   0   0  49  12  37   0  31  29  44  24  32   0   0   3   0  24   0   5
   0   0   0  35   0  45   0   0   0   0   0  27  21  10  20   0  30  48  21  15   0   0   0   0   8   0  25  33   0   0   0   0   0   0  20   9   8   0   0   0   6   0   6
  49   0   0  38   0   3  40   9   0  42   0   0  20   0  26   0   0   0   0   0   0   0   1   6   0   0  50   0   0   0   0   0  48   0   0  49  37  49   0  34  23   0
  23   0   4   6   0   0  15  31  32   0   0  37   0  16   0  29   0   3  21   0   0   0   0   0   0  11   0   0   0   0  41  23   0  42   0   0   0  34  33   0  13
  15   0   0  25   0  11   0  31  16   0   0   0  11   0  45  50  25   0  32   0   0  27   0  18   0  12  17  18  37   0  13   0  30   0  17  27  35   0  47  27
   0   0   0   0   0  29   0  27   3  32   0  21   0   0  35   0   4   0   0   0  11  23  17   0   0   0  44  28  35   0  12  39   0  19   0  26   0  32   0
   0  24  43  48   0   0  44   0   0  40   0   0  22   0   0   0   4   0   0  45   0   0   0  50   0  50  34   7   3   0   0  21   0   0  43   0  31   0
   0  32  13   0   1   0  14  25   0   0   8   0  36   0   2  16  35  13   0  39   0  45   0  13  17  27  15   1   0   0   0   0  46  39  50   0  44
   6   0  46   0  19  20  41   0   0   0  46   7   0   5  23   0   0   0  46   0   0  18   6  36   0   0   0   0  16   0   0   0  36  43  11  41
   0   0  15   0  28  34  44  30  35  15   0   0  10  32  16  19   0   0   0   0   7  48  32   0   0   0   0   0   0   7   0  48   0  46   4
  17   0   0  10  10  21  23  19   0  20   4   0  31   0   0   0  19  50   0   0   0   5   0  41  42   0  41   9   7   0   0   0   0   4
   0   0  16   0  50  40   0   4  36  34   0   0   0  15   0   0  36  48  11   0  27   0  18   0   0  43  40   5   0   0   0   0  25
   0   6   0  14   6   0   0  20   0   0   0  26  16  19   0   0  10   0   0   0   0  48  32   0   0   0  49  42  36  38  36   0
   0   0  32   0  44   0  42   0  41  32  46   0   0   0   0   0   8   0  13   6  37  30   0  23   0   7  48   0   0   0  42
   0  34   0   0  31   0   3  29   0  31   0  34  39   0   7   0   0   0   0  19  35  37   0   0  19   0   0   0   0  15
  49  18   0  20   4  42  37  50  32   0   0   7   0  14  18  33  10   0   0  10  38   0   0   0   0  19  32  44   0
  21   0   0  10   8   0  19  14  48  20  39   0  50  21   0  50   0  43  16   0   0   0   0   0  32   0   0  11
  28  48   0  25   0  30   0  28  22   0   0   6  18   0  16   0  10  39  11   0   0   0  35   0   0   0   0
  16   0   0   0   0   0   0   0   0   5  37   9  32  15  20   0   0  22   0  50   0   0   0   0   3   0
   0   0   0   0   0  25   0   0   2  18   0   0   0   0   0   0  35   0   0   0   8   0   2   0   0
  12   4   0  32   0  42   0   0   8  26  48   0  45   0   0   0   0  45   6  12   0  16   0  16
   0  16   0   0  25   8   0   0  20  12  22   5   0   0  16   0   9  34  39   0   0   0  13
   0  18   0   0  24  13  10   3   0   0   4   0  31   0  45  11   0   0   0  26  26  47
   9  17  14   4  46   0  48   0   0   0   0   0  34  33   0  48  47  23  23  40   0
  10   0  35  37   2   0   1   0  10  25   0  15   0   0  45  39  48   5   0  20
  37   0   0   0   0  15   0   0   8  35   0   0  35   0   0  48  30  29   0
  42  49   6   0   0   0   0  34  31   0  16  41   7  15   0   0   0  18
   0   0  24  27  19  32  13   0  40  22   0  37   0   6   0   0   0
  31   0   0   0  16  50  34   0  35   0   0   0   0   5   0  27
  13   0   0   0  15   7  22  36   0  15   0   9  31  30   0
   0  22   0  23   0   0   0   0   0   0   0  22  22   0
   0  19   7   5  23  37   0   2  40  49   0   0  35
   0   0   0   0  34  42   0  12   7   7  42  50
   0   3   0   8  36  17  14   0   0   0   0
  13   0   0   0  19  42   0   0   0  47
  26   8  18   0   0  23  39   0  13
  36  15  27   3  28   0   0   0
   0   6   0   0  20   0  21
   0  41   0  31  11  44
   0  39  24   7   0
   0   0   0   0
  13   0  20
  27   0
   0

 1243
  15   7  24  12  19  20   6  20  15  16  16  25   2   6   4   3  17   8  11  15  13   5  13  19   4   2  14  15  19  14  20  14  22  13  19  20   2   5  22  19  25  13  18  25  18  12  19   4   3  13  13   4   7  18  21  24   6  10   6   6   6   6  21  20  20   3   2   5   7   9  24  17   3  11  13  21  14  17   7  11   8  14  24   2  18  17   5  19  20   8   4  21   9   3   3  24  17  14  24  18  15   4   6  25  15  15  22  16   1  12  25   9   2  19  16   2  22  22  10  13   4   4  25  14   6  16   7  22  11  14   5   7  12   2   1  14  14   3  11   1

