 140 
   6   0  35   1   4  35   1   0  30  33  18  27  43   0   0   5  41   0  46   0  14  31   4  21   0   3  32  13   6  24  16  19  26  14  41  43  39  29  20   0  26  17  45   4  45   0   0  42  21   0  12  31   5  11   0  41  33  40  23   3   0  16   0   7   1  31  11  15   8  16   0  48  38  40  31   9  10  21  47   0  46  21   0  25  41  10  48  28   0  22  17  24  48   0   0  25  18  38  40  12   0   0  37  18  26  26  14  28   0  38   3   0  20   2   2  47  20  18   0  40   0   0  27  45   1   2  29  48   0  11  21  12   6  46   3   6   9  25  38  32
  34  48  43   0  24   8   0  17   1  34  34   0   0  33  40  22   9   0  50  13  50  43  46  39  36   0  42   0  26  31  44  26  22  24  12  29   0   0  28  50  21  28   0  21  34   0   0  36  26   2   0  18   6  13  38   0  37  19   6  38  23   9  31   9   8   0   5  45  12  41   0   0  26   0   0  27  11  11   0   0  49   8  49  16   0  26   0   7  47   0   0   3  21  33  24   5  33   0  24  24  47  49   0  38  14  40   0  14   0  32  21  43  20  13  45   8  44   0   6  15   0  11  43  13   0  24   0   0   0   0  48  23  22   9  45  49  15  20   7
  41  36  33   8  10  39  31  32   5   0   0  31   0  11   6   6  37   7   3  13  46   0   6  22  39  22  26  35   0  46   0  47  41  31  24  22  14  43  30   0   0  34  26   0   9  12  42  49  41  32  30   5   4   7  46  13  20   0  27  17  50  49  21  10  46  46  35   0  41   0   8  17  42   0  49  29  35  29  37   0   5  39  32  30  32  11  17   0   2  40   0  31  15  29  18  36  36  39  39  46   0  48   0   2  36  34   0  49  13   9   0  18  29  11  14  46  10  17   0  14   8   8   6   0  44   0   0   0   8  20   0   5   1  18  40  24  11  17
  16   0   0  43   3  11  33   0   0  34   2  28  15  28  48   0  18  10  32  45  26  22   0   7   0   0   0  33  38  50  47   7  25  39  32  21   0  13  31  50  49  46  16  15  41  47   7  29   0   0   0  14  34  22   0  48  35  17   0   0   0  34  26  47   0   0   0   9  37  20   6  25   7  16  21   0   0  27  40   0  38  16  39  23  45   0   0  33  43  15  27   0  30  13  47  30   0  28   0   4   3  49   3  10   4  42  36   0  22   0  42  49  29  46   0  37   6  22  29  10  36  25   3   5  21   7   0   0   0  16  32  47  21  35   0   4  31
  30   4  38   0   0  22  26   9   0  28  38  39  21  33  43  49  24  44  29   4   0  24  24  39   0   0  46  14   8  12   0  50   0   0   0   0   1  38   0  46   0  46  26   7  24   3  27  31   5   0  44   0  10  32   9   0  14  37  50  49   0  15  12  42  30  13  47  37  28  16   0  26   0  41  27   0  13   8  41  18  26  17  46  33   7  11  27   2   0  12  31  24  28  38  18   0  14  46  17   8  10   0  22  36  38   0  31  25  29  35   0  29  20  48  46  24   0  18  22  13   1  23  13   0  14  46  40  27  28  25   0   0  15  33  20  32
  11   0  38   0  32  18   0   0   0   0  27  38  37  21   6  45  47   0  41  11  16   3   1  48  39  32   0  39  26   0   0  50   0   6   9  14  44   0  12   0  23  43   0  45   5   0  11  20   0   0  24   1  26   8  43   0   0  13  36  47   3  29  19   0   0  24   4  17  31   9   0  49   0   7  41   0  21  30  15   0  22  22  13  46   0  32  16  44  28  40   4  49   0  34   0  35  30  37  34  17  28  44   0  19   0  31   0  45  18   0   0  14  28  44  50  35  32  22  31  35  42   0  28   5  32   7   0  47  35   9  43  11  39  27  25
  31   0   0  28  16   4  41   0   4  18   0  32  46  34  26  47  33   0  14  35   1   5   7   0   0  14  46  50  29  36  43  20  22  11  23  17  30   0  15  30   7  39  30  19   0  34   6  17  37  28  30   7  30  25   0  21  42  31  17   5  45   0  24   3  19   3   0  35  50   0  10   0   0  50  11  31  41   0  13   0   3  39   0  46  28   0  43   0  31  27  40  36  19  42   0  22   0  39  33  45   4  19  45  25  34   9  40  34  12  31   0   8   0   0  31  33  15   7  29  40   5   0  15  20   5  18  13  23   0  30  20  48   0   0
   0  47  45  27   0   0  22  15  49   0   2   0   0   8  12   0  18  48  37   0  26  40   0  16   0  31  50   0  31  34  35  26   0   6  36  38  19   0  24  45   9  45  44  32  16   0  34  26   4  36  10  25  41  14  21   5  30  44   2   0  46  30  17  23  45  37  47  45   7   6  40   0   0   0   0  46  50   8   0  18  21   0   5  44   0   0  39   2  43  38  41  47  43   7   5  45   0  45  50   0   0  30  31   3   0  24  13  13  40  26   0  42   0  32  30  21   0  19   0  40  46   0  44  17  15  27  18  47   0  42  28  41   4
  39  47   0  29  12   0   0  33   3  23  34   0  50   7   0   9   8   0  45   0  13  17  27   0   0  15  46  40   0   0  31  46   0  20  32   0   0   3  47  39  50   3  29   0  28  44   0   0  28  26   0  42   0  23  39   0   9   1  23   7   3   0  49  20  43   0  36   0  12  28  34  25  19   5  19   0  46   0   0  43  20   8  36  30  32   4  38   6  17  25   3  15  10  24  44  30   6   0  19  12  43   8  26  33   0   0   0  19  29  47  29  43  47  11  46   0  44   0   0   0   7   0  46  29   0   9   0  24   3   0  29  17
  26  20   9  31   0  50  39  16  11  45  21  32  39   6   8  44  48  17  14  42  16   0   0  35  10   0  39  21  39  44  48  33  18   0  35   3   0  28  23  37   0   1  23   6  17  48  14  37   0  43   8  11  50  16   0  47  44  31  50  32  33   3   9   0  10  10  26  25  43  35  33   0  21   1  37  42  11   6  44   1   0  26   8  11   8  10   2   0  43   9   6  46  12   0  39  16  14  22  17   0   0  40  36   1   7   8   0   0  47  35   0  19  24  31   0  47   5  34   2  21  33  29  39   8  14   0  23  17   6   5   7
  17   0  25  22   1   0  10  10  35  13   0  38  30  21  50  27  27  48   0   0   0  14  41   4   0  44   0   0  24  23   2  12   1  21  13  41  50  33  22  21  37   0  26  13  33   1   0   0  20  30  40   6   0  44   0  23   0   0  35   0   0  25  10   0  29  11   7   0   0  38   0   0  50   4  28  11  36   0   4  43   0   2  37  24  21   0  19  37  40  43  41  37  43  41   8  36   0   0  32  26  22  37  31  43  25   0   0   7  29  33  42  42   0   4  21   0  26   6   0   5   0   0  32  42  28  45  49   0   0   0
   2  50   5  10  27   0  22   4  43  22  47   0   0   0  47  36   6   2  30   5  30  48  48   9   0   0   6   3  24  39  32  50  27  10  12  15   4  47   2  13  48   0   0  28   0  14   2   1   9  25  44   0  29   0  38  18  36   0  40  48   0   0  22   0  17   0   2   0  44   7  29  35  37  23   0   2  24  23  31   0   5  11  50  28   1  41   2   0  18   2  44  48  10  41   7  28   7  46  30   0  27  25  35  27  16  48  28   0  26  12   0  24   2  25  27   9   3   0  14  23  24   5  15  46  28   0   8   7   0
  43   0   9   9   0  32   4   0  36  44  11   0  43  43  35  10   3  29  10  34   0   0  11  28  36   3  32   0   0  47  28  24  47  26   0  32  33   0  49   0  40  20   0   2  32   8  27  38   0   8  22  25   7   0   6  32  23  19  41  12  10  15  49   0   0  24  30  20   4  21  18   1   1  40  42  45  42  37  13  30  32   0  39  23  13   1  17   6  14  28  39  47  20  32  47  41   7   0  25   0   3  16  42   0   0  10  40   0  17  42   0  37  39   0   6  21  43  22  35   0   2   4   0   0  27  17   9   0
  32  42  44   0   0   3   0   0  15  43   0  25  13  32  18   9   6  31   0  42  26   0   9  24   0  27  15   0  16  25   5  12  30   3   0  17   7  42  50   0   0   0  28  29  27   0   1   3  35  38  42   0  37   0   4  50  24  49  16  18  23  43  43  26  25  16  41  35  43   3   0   0  29   1  23   4  31   0  44  12  32  42  29  20   3  26   0  42  19   0   0  28  18  18   9   0   0   0  24  12  24   6  30   0   8  10  39  24  18  43  31  15  16  20   9  17  32  37  49   0   0  26   0  26  29   3  15
  50  20  15   0  45   7   0  43  36  33  47  21   0   0   0   0  36  35  35   0   0   0  44   0  37   6   0  16   7  18   4   0  13  44   0  22  39  42   0   0  33   8  30  23   0  32   0  17   1   0  36  26  39  34   0  11   3  30  47  15  10   0   0  33   0   0  19   2  39   0   0  47  31  17   0   1  31   4  35  39  35   0   0   0   7  30   2  15  16  49  25  39  21  44   0  22  10  23  11   0   0  43   0   1  23  27  42  29   0  40  41  13  41  40  38  18   0  49  14   0  46   0  32  43  24  20
   0   0  35   9  47  10   0  30   0   5  47  35  26   6  20  47  32   0  14  39  46  26  27   0  17   0   0   0  20  19  17  15  35   1   0   0   0  10  22   0   0   0   0   0   0   0   9  46  45  49   0  35   9  50  47  12   2  39   0  33   0  47  40  16   7  26  27  48   0  24  23  37  11  35  23  37   0  33  25  38   0  29   2  46  12   6   0   0   0  20  38  12  42   0  40  13   0  11   0  24  39  28   3   2  24  15   0   2  47  49   3  48  33  43  29   0   0  44   0  30  45  21   0   0  25
   0  39   0  47  44   6  35   0   4   0   3   0  33  31  35  47   0  47  18  42  25   0  12   3  10  33   1  50   0  16  29   0  35  33  44  27  28  28   9  49  20  18  17  18  35  50  19   2  23  27  26  19  40  39  20   6  46  28  47  23   0   6  33  10   3   0  19   0   0  38  38   1   0  35  15  47   0   0  13   1  21  26  44  29  47  35   0  41   0  41  39  13  14  36  24  29  23  42  48  34  39  39  12   3   0  49  20  25  40  29   9   0  33  42  36   8  13   0   0  32  36   0   0  32
  12   0  32   0  17   0   0  16  32   0  25  29  16  18   2   0   6  50  18  20  13   0   0  15  37  29  35  49  10   9   0  13  23  18  15   0   7   1  29  43  46  46  10   0  21   0   0  36   7   9  46  42  22   6  19  31   0  40  26  16  26  34   0   3  43   0   0  20   0   0   0  41  21  49   0  24  19   0   0  18  40  36   0  43   3  16  37   0   0  43  24  44   1  32   7  41  18  38   0  26  43   0   0  20   0  50   2  50   0  10   9  33   0  16  32   3  32   0   0  37   0  22  44
   3  13  21  42  37   0  14  15  34   0  22  24   0   2  33  21  30  33   9  50  43   3  24   0  46  12  23   6   1   0   9  21  37  25  47   0   0  47   9  46   0   0  43  38   6   7  27   0   3  41   3  24   0   0   3  45   5   0  38   0  42  45  12  45  14  30   1  44  43  22   0  17  14   0  24   0   0  35   9   0  50   0  32  35  39  27  34  36   7  36  28   0   5  10  42  23  13   6  13  43  47   1  23   0  47  50  18  36  16  48  12  35   0  22   0  43   0   0   3  16  35  33
  29   0  35  41  22  34  24   5   5   0   0  27  21   0  10   2   0  43  35   0   0   0  37  47  44  45  49  14  40   2  20   0  34  17   0  35   3   0  42   0   1  18   3  36   0  23  49   0  36  49  26  16  29  42  25   5  24  38  25  24   0  10  33   0  40   6  27  34   8   7   0   6  21  20   3  17  35   2  14   2  12   0  45  20  26   0  29   5   0   0  13   4   0   3   0  13  25  17  47   0   0   3  25   0   7  10  23  35  21  10   5  40  34  14  50   8  40   0  50   0  49
   0   0  14  23   0  45  27  48  35  46  32  46   0   0  14   3  24   8   2  34  39   0   3   0  23  38  43  34   0  43   0  21  21   0   0  17   0  50  38  31  25  30   3   2  41  19  37  13  44  18  35   0  21  28   0  31   0  17  36  22  30  28  10   0   3  34  27   0  42   0  41  22   0   0  12   0  11   9  46  38   0   0  37  50   2  11  49  28  20  28  24  31   0   0  26  17  42  30  17  17  11  46  22   0  14  49   1  43   9   7   5   0   0  14   6   0  20  31  21  28
   4  38   0  42   0   0   9   7  31   6  34   5   0   0   0  22  11   0   0  46   5  32  32  25   2   0   0  23  31  16   3   0  49   7   0  14  47   0  43   0   0  29  13  38  41  26  31   0  18  34  24  26  27  27  44  41   0   0  38   0  15  38  46  50  15  48  23   0  45   5  17   6   9  11   0  14   0   0  16  46  28   0   0   0   1  25   1  40   9   0   0  14  50  29  22   0  39   8   1  32   0  28  46  44  37  14  33  10  49  46  30   0   0   8   0   0  50  41  42
   0   0  30  43   1  46  49  31  23  27   0   0   0  49  31   0  16   0   0  17   3   0  15  15  38   0   0   5   0   0   0  17  10   4  45  40  37   0  50  47  20  43  23  47   0  26  17  46  44  50  44   0  11   0  30  44  43   0  24   0  15   0   1   7  38  30   0  20  40  36   0  36   0  48   8  40  10   9  12  10   0   6   4  26  45   0   4  49   8   0  50   0  12   0  30   0   0  36   0   0  30   0   1  43  18  50  50  31  14   1  49  13   0   0  30  31  40   7
   0  47   3  22   0  44  20  22  17   0   3  25  37   0  42  38  25  12  17   0   0   6  24  50   0  31   0   0  19   0   9  28  37   0  42   9  11  39   5   0  35   0  31   0  34   0  41  45   0   0  50  39   0   7  49  40   4   0   0   0   3  11  22   2  31  12  41  44  24   0  34   0  38  19   0   3  29   2   9   7   0  29  16  43   0   0  30   0  45   0  17  33   5  46   0  28   4  40  32  45  40   0  28  18  42  40   6  44   7  26   0   0  39  43  36  35   0
   6  48  10   0  25   0   8  34   0  39   0  19   2  47  29  26  16  32  26  47  23  38  48   1   0  42  22   0  37  28  28  16   5   3  45  25   0  49   0   0   0   0  48   9   0   3  16   5  27  22  37  47   0  27   5  47  32  34  39   0  40  22   0  24  30  29  50  23  29  39  32   0   8  30  40  33   0   0   0   6   7   0  43   0  47  43  47  41  36  18   3  29  13  32  48  21  27   0   9   8   7   0  46   0   2   0  30   9   0  41  36  15   2  27  42  30
   0  31  42  50  15  28  33  50   0  16  13   4  50  23  13  28  44  47   3  16   0   0  22   0  46  29  24  45   0   0  47   0  50   0   3  44   6   0   0   0  15  33  33  29   9  16  33  15  18  13   0  32   0   0  14   0   0   0   0  19   0   9   4  48  45   7   0   0  15   0   0   0  44  25  16  43  24   0  12  11  16  43   4   0  11   0  50   0  45  37   1   0   1   7  34  39  15  28  13  27  46   1  42   0   3   0  34   3   0   0  41   1  50   0  24
  31  23  18  50  33  18  15  28   0   0  29   5   8   0   5   1  49  11  45  26   0  50  38  28  45  17   0  32  50   0  16  21  38  16  30  22  36   6  26  13   3  38   0  11   9  48   0   0  37  16  42  36  47  20   0  23   0  34  19  30  42  28  36   0   0  35   0  14   0   0   5   5   3   0  15   1  23   6  34  13  31   0  22   0   0  18  25   0   0  46  16  35   8   1  43  28  34  28   0   0  13  15  18   0   1   0  49  18   0   0  49  21  12  26
  38  47   0  45  40  28   8  22   0  36  46  24   1   0  30   0  36   0  24  33  46  41  31   8   0  36  28  11   0  34   0   7   0  20  37   9   0  24  43   0   0   0  43  18  38  45  28  25  50  35  38  16   5  48  46   0  25  19  17  41  12   7  10  49   4  34  44  27  29  38   5  33  14  38  25  48  38  16  48  31  10   2   0  35   0  40  29   8  26  16   0   0  11   0  35  35  16  27  10   0  27  24  37   0  48  13   3  16  28   0  36  11  26
   0   0   0  36   0  25   5  30  50   0  28  46   0   0   6  26  18   0  11   9  13  16   6   0  35   0   6  19   6  25   0   0   0  28  29  27  42   0   0   0  31  41  20   0   0  44  13   0  19   3  25   6  49  12  33  27  11   7  12   7   0   0  11  11  32  30   0  24   0  10  16   0   2  49  42  11   8   0  18   0  46  48  11   1  31   0  44  14  44  44  14   0  37  11   0  34   5  25  17   0  35  23  48   0  35  32  11  16   0  39   2  12
   0   0  25   0  40  26  21  19  47   0  34   5   2  30   3  23   0   0  33  26   0   0   1  25  50   8  15   3   0  40  48   0  25  10  22   9  33  29  43  48  20  29   0   1  26  14  25  39   1  37   0   6  13   9   9   2   0  43   8  20   0  41   0   0  37   0  18  22  32   1   0   8  13   5  24   0   0   1  25  28  16  25  37  40   0   0  26  11  50  36  16  17  28   0  34  41  10   0   0  13  14   0  39  42  26  29   0   8  50  10  40
   5  19   0   1   0  43   3   4   0  38   9  47  28  37   8   0  44  31  44   6   0   0  45   7  33   0  21   0  11  34  40  17  46  20  30   8  19  11  18   0  32  29  26  30  38  15  49   0   0  12  45   0  20   0   2   0  48  32  11  17  17  11  25   0  18  20  44  25  25  29   0  27  24   7   0   7  35  28   0   0  49  34  32   0  23  10  49   0   7   0  42  38  32  42  15  39   0  13  24   5  35  42   4   3  45   0  40  49   0  18
   0  38  10  29  41  22  29  14   0  31  16   0  34  12   0  15   0  43  19  42  22  17   0  22  34  10  43  34  17  17   1  26   6  41   0  36  32  40   0   8  35  10   6   0  26  48   0   3   7   0   0   0  14   0   0  25  31  14   0   6  26   0  34   6  17   0  17  44  20  28  20   3  50  30  25  33  39  11  10  41  19  36   0   0   0   0  44   9  34   0  44   4   0   9  43  29  11  27  43   0  43   0   6   8  15  21  45   0   0
  14  24   0   8  35   0  11  49  40  46  42  10  29  29   4  16  50   0  16   0  37   0  36  10   0  40   0   9  25  34   0   0   0  10  26   0   0  45  17   5  10   5  36   3  34  47  31   6   0  28  42  32   0  21   0  11  12  26   0  50  50  24   0  14   0  25   0   8  31  26  15   7   2   9   0  36  27  38  18   0  37  31   0   0   0   0  47  22   0  13  41   0   0  25   4  11  19  23  26  23  48   0   0  10  44  22  41  31
   0   4   0   1  21  50   0  25  46   0  36  24   2  41  13   0  33  38  37   2   4  31  44  24  23  50  39  15   6  21   0   3  43  21   2  16   2  20  33   0  30  27   2   0  18  16  40  13  46  20  28  30  14   1  15  35   2   0  39   1  11  17  35   0  48   0   0   0  26   2   0  13  30  44  30  36  41  17  42   0   7  10  20   0  19   6   4   9   2  45   0   1   4  30  50  49   5   8  40  11  48  41  11  11  23  45   0
   0   6   0   0  31   9  35   2  49  35   0  21  22   3  50   0  14   6  20  19   0   3  14   0  25  39   3  12   4  14  20   1  29  47   4  50   7   0   3  47  33  21  50  45  16  29  50  16   0   0  40  35   0  12  15   0  28   1   3   0  27  43  31  30   0  12  11   0   0   0  32  29  41  10   0   4  30  39   0  27  34  11  35   0  15   2  30  25  23   0  34  30  10  12  16  28  47  45   3  24  32  38  21  49  40  36
   0  46  31   7   0   0   1  42   0  44   7  31  46  47  13  23  44   9  33   0   0  20  40   0  10  39  45   0  43   8  37  34   0  40  43  27  35  15  41  31  24   8  36  12  15   6  49   0  36  45  28  44   0  36  32   0  38  32  16  40   0   0   7  11  19  22  13   0  40   0  50  42  19  30   0   0  41  50  44   0   6  18  42  28  49  49  33  12  50  34  11   0  44   5   3  10   0  10   0   0  47  37  39   5   1
  35   9   0  31   0  17   9  38   3  20  10  47  49   4   0  49  21  18   0  15  10  17  42   0  38  21   0  39  34  37  31  31   0   0   7  11  14  39  47   0   0  36   0  13  24  31  37   7  38   5   0   3  16   0  30  22  16   1  48   0   2   0  14  32  46  26  18  22   4  13  22   0   0  13  22   0   1  11   0   1  23   0   0   0   0  28  32   0   4   0  50  17  33  29  32  37  31  43  38   0   0   0   0   6
  41  27  28  24  28   7  14   3  12  39   9  37  41  29   0  17  49  46   0  30  29  23  34   0   0  10   0   0   7  11   5   0   0   0   6  11  17   5  36  34  23   8  10   4  50  20  11  34  29   4   0  18  42  47   0  27  26   1  36  17  19  24   0  40   0  45  30  28  27  30  25  48  24   0   0   8  23  29  12  10  14   6  36   5  16  22   6   0  14  16  49  26   0   5  34  47   7  47  38  43  30   2   0
   0   4   0  26   0  30  41  24  48  46   6  33  22  37   3  18  34  15  13  14  45   4   1   0  35   0  37   0  22  25   0  11  20   0   0  19  39  23  42  45   6  31   0  13  50  11  37  43  31  48   0  31  32  29  24   0  20   9   0  22   0  24  44  42   0  33  43  20   0  48  29  17  16  17  35  31   0  17   2   0   0   0  43   2  44  19  41   3  29   0   7   0  37  18  11  17   0  44  31  46   7  21
   4  20   0  25  49  38   0   0  23  40  36   5  16  28   0   0   0  39   4  39  10   0  21  16  46  25  25  50  24  20  43   6   0   0   0  18   0  21   0  18   0  34  11  47   0   0  47   0  42   0  37  43  15   2   0  43  22   0  30  26  50  23  35  22   7   0  44  33  44  15  45   0   2   0   4  27  28  29  30  40  34   8   0  34   0   8   9  33  29   0  30   0  45   5  28   0  23   0  33   0  23
   0   4  37  42  46   6  26   0   6  22  42  39   0  37   4  26  25  22   7   0  30  24   9   0   0  47  15  11  37  47   0  15  32  43  25   2   9  30  39  49  10  24  39  43   2  44  43   3  26  35  26   0  17  49  25  27  19   0  16  40  44  29  49  10  31   0  38  36   0   9  18  43  21  37  26  45  16   0  29  17  27  14  21  18   0  31   0   4  47   0  41   0  47  24  22   0   0  25   0   0
   0  34   8  27  28  34  48   9  33  40  19  28  37  16  22  21   0  39  14  17   0  21   0  38  19   1  23  10  38   9  26   0  35  32   7  46   0  14  34  49  46   2  12  20  48  30  24  16  28  42   6  46  49   8  18   0  30  11  37  14   4  33  38   0  37   0  25  40   8  35  50  39  37   4  18  10  22  45   0  47  23  44  39  20  16  46  25  46   9   0  40  21  49  33  17  10   5  30   0
   0  27  32  48  50   7  34   0  27  19  40  35  29  31  24  43   9  19  12  30  15  26  31   0   1  16  28  14   0  29   0   0  37  50  40  23  27   0   7  12   2  45  30  33  42   0   2   6  28   0  43  32   6  45  42   0  16   0   5  13   4  25  14   5  14  29  42   0  21  48  24  26   2   0   0  22  32  23   8   7  37   7   0   0  24   0  27  21  23   0  17  41  10   0  34  25   0  42
   0   0  35  22   0   9   0   0  33  37  10  36   0  35   2  37  38  19  14  30   1  21  46   7   0  32  25   6  34  14  26  13   0   0  42   2   0  30  42  31  17  44  32   0   0   8  24  18   0  18  10   0  10  44   5  20  42   4  25  12   0   3  45  46   4  31   7   0  45  44   4   6   8  15  23  17  49   0   0   2  12  23  36   0  49   0  45   1  20   0   0  24  33  11  10  22   0
  47  20  45  26  30   0   0   2  47  36  37  33   0  39   7  47  37   0  32   0  29   7   0  22  11  37  16   0   0   0  25  21  21  25  50  10  39  18  50  42   0  44  47   0  49  48  31  16  36  11   0  40  28  45  28  48   0   0   0   0  23   0   0  36   0   0   5  12  44   0  49  46  42   0   0   0  16  10   0  47  37  34  38  48   0   0   0   8  16   2  18  35   0   4  24   0
   0  28  27  22   0   6   0  40  38  43  39  15   0  20   1  26   0   0  46  21  17  29  13  47  25  20  32  45   0  35  12   3  32  18  12  29  50   0  26  21  43  21   0   0  25  10   2   0   0   0  28  28   0   0   4  40  24   0   0  18  19   0   0  32   4   2   0  29   0  23  22   0   0  33   0  16  26   8  41   4  13   9  47   0   0  41   5  11  31  27  38  50  36  34  42
  14  32  36  44  37  26  16   0  45   7   0  36  31   3  36  13   2  39  24  12  48   8   0  43   7  45  47  41  20  46  15   0  25  31  19  43  33  37   0  13  36   5  48   0   0   0  38  43   0  41  10   0  35  15  19  48  13  44   0  25   1   0   0   0  47  40   0  17  16   0  23   0  34  21  28  47   0   0   3   0   7  18   0  28  19   0  26  50  29  16  29  21  21   0
  14  18   6   3   8  33   0  39   0  21   0  40   2   5  31  27  19  47  21   5  28  46   0  49  44  47   0  19  34   0   6  35  24  31  31   6   5  35   0  23   0   9  28   0  28   0   0   0   0  37  15   0   6   5  10  45  10  28  15   0  38  14  24  23  18   0  13   0  31   0  38  38  14  45   0  28  45  39  27   0  47   0  18  16   2  18  44  33  37  35  21   5   0
   0  39  47  25  16  34  12   9  10  20   7  30  24  38   1   0   7   0  43   0  25  45  36  18   8   0  19  48   1  20  34  10  31  41  16   5  11  49   0  31  35   0  19   0   9   0  21  41   0  33  39   0   0   2   2  24   1  40  38  48  43  40   0   0  44   0  20   0   3  46   0  47  47   0  32   4   4   0   0   0  19  21   0  15  39  37  48  33   0  18  47   9
  18  10  19  35   8  32  29   0   9   0  45   0  21  24   0  23  30  42  27  37  13  23  39  19  47  14  50  12  34  36  35  26  44  35  34  18  18  24   0  25  37  39  46  20  20   0  20   0  49  14  35   0   0  23   9   0  11   1  39   7  16  38   0  11   0   0  12  34  31   0   4  21   0  34  11  24   0  20  28  41   0   9  12  12  12  15  14   0  28  18  18
  41  34  39   0   0  45  19   9   5  14   0  34   5  19  37  25  41  41   0   6  50  41  26   2  12  42  13  48  47  20   1  44   0   6  44  17   0   0   0  37  11   2   0  48   0  43   2  31  24  30  20   0  32   6   0   8   0  22   4  30   0  19   7   1   0   0  41   0  22  23  12  48   3  30   3  13  24   9  48   0  48   0   0   8  23   6   0  13  37  39
  14  30  33   0   3  28   7  22  13  10  20  22   0  28   8   0   0  29   0   0  31  25  20  42   3   8  29  11   0  42   0  50   9   0   3   9  46   0  23  44  30  42  31  31   0   0  50   0   0   0  36   6  44   5  32  26   9  28   4  41  48  22  21  40   3   5  28   1   0  26  20  40  30  25  29   0  39  40  50  22  21  33  37  24  34   7   0   0  33
  45  50   0   0  27   1  47  24  46  31   0   0   0  25  48   0  22  30  34  39   1  26  47  35   5   1  49   0  11  13  18   0  13   0  44  35   0  21  27   0  19  10   0   3   0   0  41  40  29   0   0   0  24   0  47   0   1   0   0   0  47  24   6  14   0  14   0  40   0   0  29  41  19   7  12  15  35  13   0  12  11  41  25  48  23  47  26  45
   0  20   0  29  16   0  29  31  48  41  38  30  27   3   0  34  33   0  32  35  40  23  39  13  48  30   0  49  24  32   0   0   9   0  43   8  45   2  15  15   0   0  15  10  19  32  47  47  33  34   6  21  35  14   3  41   0  50   0  39  15   1  33   2  15   3  21   0   0  34  10  46   5  27  47   0  45   0  16   0  29   0  43   1  19   0  29
  41  33   0   0  24   0   5  29  35   0   0  22  18  45   0  23   0  12   0  24   1  29   0  50  37  46  37   0  19  47  31  14  31  33  42   0   7  17  47  45   9  21  21  15   0  44  46  36  34  41   7   6   0   4  48  19  42   0  24   0   0  20  13   1   8   9  11   0  21   8  10   0   0   0  26  20   1  13   0  21  48   0  12  21  10   0
   0  50  47   5  49  42   0  50   0  23  36   0   0   2  14  27   0  27   0   4  20  25  35   2   1   5  34   0  15   0   0  12   5  26   0  49  50   2  11  33   2   0  49   5  23   0   0  11   0   0  45  43  32   0  45   0  20   0  24   0  49  31  14   0  50   2  22   0   6  37   0   5  30  33   2   0  41  50  45  14   9  36  48  33   0
  13   0  10  19  30  50   3  23  43  43   9  20   4  28   6  36  30  26   0  17  28   3  48  31  26  40   0  21  24  15   0   0  43   0  21  42  19   0  30  10   0  16  18  42   0  12  47   0   5   0  17  46  10   0  12   0   0  17  37   0   0  41   3   8   7  19  38   0   0  17  47  45  13   4  45  31  25   8   2  27  17   0  19   0
   0   6  47   0  45   3   0  50  16  14   2   0  13   9  38  40  36   0   0   0   5   0   5   0  33  46   5   0  12   9  16  22   0   9  48   5  23   0  10  48  32  34  47   0  17   7   0  11  13  38  47  19  26  26  13  24   0  23  41  18   7   0  49  43  50  40  13  18   8   0  13  39   0  23  27  29  24  47   0  19   0  41  15
  15  19   0   0  11  38  21  26  13  49   0   8  11  36   0  14   0  17  39   0   0   0   0   8  49  25   7  37   0   0   8  18  14  33   0  32  11  26  42   0  13  19  34  12  39  32  29   0   0   0   0   7  35   7   0   1  40  14   1   7  14   9   0   2  41  35  48   4   4   0   5  27   0  18   9   0   0  31  26   0  43  26
  38   0   0  12  18   0  50  28   0  10   2  45   5   0   0  35   4   8   7   0  40  28   7  32  15  18  48   0  13  37  32   0  18  47  37  48   7  17  14   0  32  49  49   0  21  45   7   7   0   0  48  36   5  19  49  44   0  40  36  42  39  28  26   0  30   0  38  14   0  50   0   2  38  36  33  15  43  23   2  30  33
   0  38   9  34  22  46   0  27  38   0   2   0   0  10  14   0  13  35   0   0  38  44   7  11   0   0  42  40  24  26   0  22   0  12   0   0  24  29  16   0  41  39  11  49  20   0  36   0  29   9  27   0  14   0  20  22  31  34   0  48  43  20   0   0   9   5   0  42  41  47   9   0   0   0  37  11  50   8  44  36
   0  17   2  40  36  40   0  18  23   0  46   0   4  45  13   3  21   0  35   0  21   0   0   0  24   0  48   3  22   0   0  36   0   0  26   4  21   0  17   0  25   0  21  34  42  30  46  41   0  39  42   0  39  32  40   0  41   0   0  39  23  24   0   0  29  11  19   0  18  10   0  12   0  42   0   0  29   0  40
   0  12  36   5  26  24  50  20  20   4  35   0  48   5  31   8  10  20   1  24   1  49   9  42  15  12  37  13   6  22  16  44   0  40  49  26   0  49  29   4  37  35  40   0   0   9  16   0  12  18   0  33   0  31  45  13  48  22  12  39   2  27   0   8   0  10   0   5   2  26   3  14  44  14  45   8   8   0
   0   0  20  47  28  22  44  22   0  26   0  19   0   0   0   0  15   0  34  24  16   1  10   0  48  19  23  19  33  38  17  47  17  24  48  26  19  26  20  11  45   0  13   0   8   0  15   7  39   6  18   0  34  38  29   0  21   3  48   0  32  17  49   0  26   4  35   0  37   0   0  42  32   1  50  26  48
   2  24  27   0   6  30  10  11  30   0  37  36   0   0   0  46   0   0   3   0  29  24   0  47  32  24  41  40  34  47  50  22   0   0  27  13   0  21   8  45  31   7  31  48   0  29  34  21  30  43   0  39   0  44  20  18  35   1  21  36  42  37  45  44   1   5   3   0  10   2  29  11   9   2   3  46
  40   0   0  13  20  43   0  33   7  35   0  32   0  25  17   1  12  30  44   8  36   5  25  43  35  22   0  13  27   8  22  40   6  50  13   0   0  16   0  49  33   0  28  27  19   1  23  15   0   0  26   6  16   0   0   0  29   0  14   0  37  16   0   0  46   0   6  38   0  38  34  40  37  33  44
  29  32   0  35   0  34  27  40  36   3   1  13   0  33   3   0  27   3  14  46  38  22  11  23  45  27  34  13   0  42  21  50  29  50   0   0  15  19   9  40  34   5  16  41  21  25   1  44   2  15  12  36   8  28   8  25   0   0  49   0   0  22  40   0   0  29  31   0  15  34  47   6  46  22
   0   7   1  36   0   0  18  18   1  41  32  50  12  17  47  17   0  13   0   4  27  27  49   0   4   0  13   8   0   0   0  21  49   1  28   0  13   0  27  25   3   0   3  45  22  49  24  16  24  14  29   0   4  29   0  20  10  12  34   4  32  10   0  33  32   0  43   0  30  24  19  34  12
  40  29  33   0  41   8  38  40  49   5  23   0   6  15   5  16  25  10  45   5  14   1   0   0  15  18   0  33  46   0   0   0  26  49   3   9   8   5  12  37   0   7  50  10  47  49   0   0   3  45  19  15   7  42   4  15   0   0   0   0  47  20   0   0  27  33  45  50   0  40  31   0
  10  48   7  15   0  41  21   1   0  36  33   4  31   0   0   0  48  15  29  43  32  26  38  24  13  22   0   0   0   0  27  36   4   0  50  25   0  36   1  47   0   0  14  24   0  49  32  21   0  41  36  42  49   0  11  39  31   0   0  28  28   0  30  13  16   0   0   0  35  17  50
  34  18   0  27  21  14  12  41  12  13  11  39   3   0  11   0  40  40   0  32   1  21   0  20  21  43  50  47  18  20  19  11   0  48  27  17   2  20  49  21  23   0  34  47   1  14  17  27   5  34  27   0  21  10  17   2   6   0  36  21   0  27   0   0  10  38   0  15  46  41
  42   0  45   0   4   4   0  43  37  14  26  49  27   0   0  45  32   0  37   0  14   1  42  27   0  31  33  32  22   5  17  49   0  45   0  49  44  10   0  17  38  30  35   0  22   3   0   3  21  47  28   0   0  14   0  38  19  31   5   0  23  29   0   8  43  19   0  15   0
  28   0  31  44  36  35  39   0  12  28   0   6  47   0  26   0  27  46   0  23  16  50   0  31   0   0  39  43  11  46   0   0  41  43  17  31   6  19  22  18   0   0   4   0   0  36  17  31  31   6  46   0  35  45   0   0  31   1  39  29   0   0  47  37   0  26   0   0
   8   0  38  23  15  37   6   7   0  10  10   0  12  11  41  24  31   1  26  26  50  30  28  50  13   4  26   0   0  36  44  27  50  37  23  46  41  42  11   0  31  23  10   0  23  37  15   0  24  29  18  41  24  35  29   1  49  12   0  20  49  11  22   5  40   0   1
  11   2  22  45  41   0  28  40  12   0  17   0   0  24  23   0   0  21   0  17  15   1  13  48  15  18  41  48  19   1   0  19  28  39   7  26   0   0  21   7  31  14  28  28  36  28  44  45  34   0   0   0  50   5  12  33  30  12  26  29   1  16   0   2  17  44
   6  29  18  17   0   3  15   0  33   0  13   7  37  27  21  39  26  16  14  44  24  26  24  45   0   0   5  34  19  19  31  37   0  13   9  14  28   0  31   0  21   0   0   6  45  37  46  18  46   0  15  39  31  15  40  40  13  38  23  16   0  14  13   0  50
   0   5   0   8   3  37  50  13  28  15  33  40  39  36  34  35  27  18   0  24   3  32  49  12  35   0   0  13  48   2  12  31   7  36  42  33  34   9  26   0   0  21  32  38  10   0   0   2   0  12  23   0  44  47  50   3   0  40  33   0  19   0  11  42
  37  41  39   0  18  37   0  50   0  41  12  38   0  50  24  41  12  33  28  43   0   7   4   0  29  30  25   0  27   9  33  28   0   0  19  12   0   0   0  40  14  34  23  36  23  48  45  14   0  42  11  45   0  42   0  34  41  47   0  25  27  39  15
   0   0  16  12  43   3  42  16  43  22   3  14   0   0  13   0   0   0  44   0  39   0  32  38   2  22  34  33  13  39  47  13   0  33  26  50  32  49  44  40   1  36  43   0   0   4  17   0  39  10   9  34   0  45  20  43  47   0  44  16  11  27
  11  45  17  11   0   0   4  27   0   1  50  35  20  40  43   0   0  38   5  20   9   0  36  27  36   6  16   0   0  25  41   0  36  22  47  16  30   0  24  15  24  28  47  23  39   0  35   0  30  27  25  47   0  45   0  10  33   0  42  15  42
  30  39  26   0  36  14   5   0  14  48   4   4   0  25   9  49  11   0   0  13  12  19   8   0  12   0   0   0  44   7  44  40  50  38   0   6   0  25  42  34   0  49  40   0  34   8   0  24  13   0  19   0  21   0   0  30  49   0   0  18
  12   6  23  34  29  11  42  13   3  17   0  13   1   7   0  23   0  27   6   0  18   0  44  39  45  12   0  34   0   0  30  45  29  24   0  36  12   0  46   0  40  45  47   7  24  44  47  19   0  42   0  32  31   0   1   6  15  39   2
  30  30  39  35   0  26  35  38   7  34  15   5  16  28  43   4  34   0  40  41   0   0  48  49  41  47  29   0   0   0  17  28   0  36   0   0  28  36   9   0  10  23   0   0   2   9  40  20  38   0  37  46  31  24  30  15  50  28
   0  50  30  40  38   0   0  44  24  33  41   8   0  38   0  18   0   0  15  45  33  48   6  34  36  27  15  30  14  13  36  31  21   2  27  44  33   4  24   0   0  10  40  32  48   0  25   0   5   0  22  22  28   5  22  26  17
   0  13  31   0   3  47  33   5  29  37  18   3  30   0  18  22  40   0  45  10  14   6  32  22  27   5   0  28  12  39  42  15   2  48   0   3   0   0   7  13  20   7  29   0  29   0  43  50   4  48  27  15   0   0  35  43
  22  50  34  45  27  44  46   0   0   0   0   8   0   0  32  18   0   0   0  21  24  39  29   0   7   0   0   5   4   8  45  28   0   0  49  49  38  24  36   3   0  12  47   0  29  10   0  12  40  48  46  39  47  31  37
   0  27   0  29  48   0  43   0  32  19  41  47  42   0  50  50  28  14   9  27  20   6  50  38   0  48  25   1  12   8  33  34  25  29   4  48  28   0   3  18  43  10   5  34   7  43  50  11   0  25  23   0  34  50
   6   0  15  30   0  37  20   0   0  39   2  25   8   4  36   0  17   0  35   0   0   0  37  46  27  50  11  30   3  16   0  43  25  50  24  11  38  40  44  41  26  10   0   3   0   0   0  44  43   0  44  11  33
  39  28  10  36   0  13   0  20  26  15   8   4   0  43  10  15   0  24   0   0  21  38  39   8   0  48  40  39  33  22   0  26  48  20  25  13  34   0   0  35  16  26  44  50   0   0   0   8  23  32  31  26
  43  35   0  41  14   0   0   5  35  33  27  25   0   0  29   4   0  28  48  35  17  11   0   6  34   0  12  36  48  29   0  31  22   2  15   1  11   0   2   8   6  11  15   0   1  45  20   8   0  50   0
   0  16  40   0  43   0   0  16   3   0  12  11  18  45   0  44  48   0   8  38  32  50  16  38   2  35  48  50  30   0  22  42   0  24   9   0  32  26  41  37  16   1  20  42  24  33  46  15   0   0
  41  28   0   0  44  40   0  14  49   5  22   0  50   0  37   0   0  49   4  38  35   0  41   0   0  36  25   0  29  11   0   6  22   0  28  21  42  49   4   0  30   5  35  14  22  50   5  30   0
   2  12  46  11   0  25  29   0   0  43  32  13   0  46   0  17   4  33   0   0   5   7  48   0  47  46  38  23  35  27   0   0  12  26   0  26  34  27  16  39  36  39   0  46   0   9  28  24
  16   0   9  22  45   0  17  36  34  37  34   0  50   0   0   2   0   0   0  12   0  29  12  33  13  11  48  27   6   0   0  38  42   8  41  15  40  24  33  43  49   0   6   0   2   9   5
   8  47  41   5  44  41  12  49   0   0  10  38  33   8   0   0  35  11  49  41  38  14  46   0  21  42  15   0   7   0  24  25  49   1   0  48  39  26  41  24   0  40  23  45   6  38
  39   0   0  24  47   0  12  22  39  20  46  30  43   0  19  32  38   0   4   2  48  10   2   0  30  25   0   8  24  18   0  18   0   1  17  13  36  20   8  19  25   3   0  49  44
  44  25  44  35  49  44   7   0  13  25   0   0  41  42  30   0  17  19  45  44  46   0   3   5   7   9   0  16  24   4  43   0  33  28  31  32  10   0   4   0  47  17  17   7
   0  32  21   0  30  27  27   0   0  15   0  15  29   1  27   0  13  47  35  30  30  42   0  32   0   6  26  19  29   0  11  25   0  29  10   0  43  22  41   0  30  47  45
  11  34   0  40  43  11  15   0  19  21  40  27  13  30   0   0   8   1  47   0  22  50   0  27  27  50   8  14   0  23  38   4  43  49  38  32  31  20  34  10  41  38
  43  50  43   5   0  11  14  16   2   3  14  37  35   0  13  46  33  46   9  15  23   0  17   6   0  45  30  32  38   0  32  18   4   0  10   0  30   6  26  43  41
   0   0  21   4   8  29  22  36   0  11   0  41  29  18  39  24  47  13   0   6  47  16  30  27  11  29  50  21   0  25  34  34  25  13  16  32   5  30  45   0
   3  32  43  28   0  11  49  27   0  45   0   6   0  14  16  42   0  37   0   5  49   0  23   0   8  36   0   4   1  11   0   0   3  19   0  27   7  20   0
  47  41  35   0   0  29  29  11  41  23  11   3  24   0   0   4  49   7   0  24  12   7  15  15  15  37  42   0   0   0  49  14  21  19  20  34  37   3
  43  29  22  19  49  40   0  45  27  50   9  45  22  48  29   0   5   1   0  28   2   0  23  16  21  41   0  32   4  45   0   0  10   0  30  33   7
   0   0   0  31   8  39   0   0   0  25  38  22   0  35   0  42  22   0  41  11   9  20  41  39  19  24   8   6  12  45   0  26   0   3  20  40
   4   0   0  45  38  31  44   5   0  18  10   9  13  50  16  18  48   1  29  22  45  32  38  10   0   0  26   0  39   0  24  45   2   0  49
   0  45  43  25  43  39  35   3  13   0  24  21   3  13   5  14  43   0  50   0   7  35   7   2   0   5  29   0  32  45   4   4  41   0
  46   2  28   0   8  29   0   4   0  25  10  14   0  19  39  44  19  11  27   0  27  38  49  23  18  12   0  30  35   0   0  31  34
  24  26  49  18  19  29  50  30   0   9  18  47   0  36  36  35   0  20  26  32  10   0   0   2  13  45  31   7   0  12  25  46
   4  33  43   4  27   0  33   7   0  42  16  11  34  22  36  45  50  14  43  46  22  18  45  33  15  36   2  49  34   9   0
   0  35   0  41   0  43  16   0  25  41  19   0  23   0   0  27  21  10  20   7   8   0  10  37   4  18  28   0  17   0
  10  49   4  34   4  36  30  18  41   1  42  15  46  21   0  12   3   3   0   0  23  25  38  45  36   0  30  50   4
  13  37  10  13   9   0  32  42   1   4  32  48  50  44  45  33  39  41  21  24  22   0  31  47   2  21  49  16
   0  22  45  43  34  48  12  14  19  35  43   5  10   8  14  48   7   0   1  25  41  18   0  37  32  45   0
   8  46   0  11  44   0   0  20  50  19  27   0   0   0   0  20  24  25   0   0  13   0  22   0  30  45
   2   0  31   0  26  24  20   0   0   0   0   8   0  31   0   9  44   0  31  38  46  49   6  25  13
  45  44  20  12   1  25  40  17   5   0  13   0  25  14  27   0  41   0   0  23   1  43  16   0
  45  48  13   0  22  43   0  36  38   0   0   0   0  25   0   4   6  47  36  41  20  30   0
   0  40   0   0   0  26   0   4  12  33   2  30  42  40  24  30   0  17  36   0  40  39
  34   0  48  41  44   5  44  11   0   0  32  44   3  48  37   9  11  38  14   2   8
  41   0  18   9   2   0  44  39   0   2   0   0  17  14   0  16  33  35  39   0
   0  38   0  42   0   7  23   0   8  30   0   0  43  47  31  37   8  16   6
  42  12   0  28  41  44  12   9   3  33  37  37   0  37  14  34  40   6
   0   0  50   0   0   0  20  33  41   2  14  41  43  26  40   0   4
  23  22  27   2   0  42   0  40   9  50   0  15  30  32  26  19
   2  23  39  25   0  30  29   6  42  20  39  12  13  26   0
   0  22  17  47   9   0  43   7   1  29  24  37  16   0
  27  21  19  24   0  25  22  14  15  15  49  31  42
   0   0  44  14   5  42   0  46  49   0   0   9
  20  34  26  43  12   9  23   8   7  11   0
  26   0   0   7  17   0   2  41   0   0
   8   0   0   0  34  40   0   0   0
  20  39   0  14   0  40  18  17
  36  23  12   0  26  15  40
  47  16  30   1  10  27
  46  41   0  30   0
  21  41  40  14
  47  25  25
  46  38
   0

 1285
  16  25  12   7  10  14  18  17  11  11  13   8  12  17   4  11   4   1  24   8  17   5   5  10   9  23   8  17   8   9   6  23  18  13   2   3  24   9  22  13   3  17  13  20  14  20  24   4  18  19  16  13  15  11  19  21  18  17  20   9  19   4   5  11  14   5  11  21  16  13   8   1  21   9  16   3   1  11   1  23  23  12  14  18  16  15  22  11  16  22  18  10  21  19  11   5  19   9   5  17   1  24  16   5   5  13   6   6   3  19  18  17   2  17  19  25  15  19  21  21  15  17  10   4  19  19   5  11  10  18  25   4  18   9  22  14  13  15   5  21

