 140 
   0   0   0   0   0   0   0   0   0   0   0   0   0   0   0   0   0   0   0   0   0   0   0   0   0   0   0   0   0   0   0   0   0   0   0   0  13   0   0   3  19   0   0   0   0   0   0   0   0   0  42   0   0   0   0   0   0   0   0   0   0   0  25   0   0  32   0   0   0   0   0   0   0   0  50   0   0   0   0   0   0   0   0   0   0   0   0   0   0   0   0   0   0   0   0   0   0   0   0   0   0  32   0   0   0   0   0   0   0   0   0   0   0   0   0   0   0   0   0   0   0   0   0  50   0   0   0   0   0  46   0   0   0   0   0   0   0   0   0   0
   0   0   0  42   0  12   0   0   0   0   0   0   0   0   0   0   0   0   0   0   0   0   0   4   9  22   0   0   0   0   0   0   0   0  44   0   0   0   0   0   0   0   0   0   0  18   0   0  16   0   0   0   0   0   0   0   0   0   0   0   0   0   0   0   0   0   0   0   0   0   0   0   0  26   0   0   0   0   0   0   0   0   0   0   0   0   0   0   0   0   0   0   0   3   0   0   0   0   0   0   0   0   0   0   0   0   0   0   0   0   0  45   0   0   0   0   0   0   0   0   0   0   0   0   0   0   0   0   0   0   0   0   0   0   0   0   0   0  39
   0  40   0   0   0   0   0   0   0   0   0   0   0   0   0   0   0   0   0   0  34   0   0   0   0   0  24   0   0   0   0   0   0   0   0   1   0   0   0   0   0   0   0  14   0   0   0   0   0   0   0   0   0   0   0   0   0   0   0   0  28   0   0   0  44   0   0   0   0   0  25   0   0   0  47   2   0   0   7   0   0   0   0   0   0   0   0   0   0   0   0   0   0   0   0   0   0   0   0   0   0   1   0   0   0   0   0   0   0   0   0   0   0   0   0   0   0   0   0   0   4   0   0   0   0   0  34   0   0   0   0   0   0  16   0   0   0   0
   0   0   0   0   0  39   0   0   0   0   0   0   0   0   0   0  49   0   0   0  16   0   0   0   0   0   0   0   0   0   0   0   0   0   0   0   0   0   0   0   0   0   0   0   0   0   0   0   0   0   0   0   0   0   0   0   0   0   0   0   0   0   0   0   0   0   0   0   0   0   0   0   0   0   0   0   0  30   0   0   0   0   0   0   0   0   0   0   0   0   0   0   0   0   0   0   0   0   0   0   0   0  42   0   0   0   0   0   0  45   0   0   0   0  49   0   0   0   0   0   0   0   0   0   0   0   0   0   0   0   0   0   1   0   0   0   0
   0   0   0   0   0   0  40   0   0   0   0   0   0   0   0   0   0   0   0   0  47   0   0  38  32  26   0   0   0   0   0   0   0   0   0   0   0   0   0   0   0   0   0   0   0   0   0   0   0   0   0   0   0   0   0   0   0   0   0   0   0   0  16   0   0   0   0   0   0   0   0   0   0  21   0   0   0   0  49   0   0   0   0   0   0   0   0   0   0   0   0   0   0   0   0  27   0   0   0   0   0   0   0   0   0   0  23   0   0   0   0   0   0   0   0   0   0   0   0   4   0   0   0   0   0   0   0   0   0   0   0   0   0   0   0   0
   0   0   0   0   0   0   0   0   0   0   0   0   0   0   0   0   0   0   0   0  24   0   0   0   0   0   0   0   0   0   0   0   0   0   0   0   0   0   0   0   0   0   0   0   0   0   0   0   0   0   0   0   0   0  25   6   0   0   0   0   0   0   0   0   0   0   0   0   0   0   0   0   0   0   0   0   0   0  43   0   0   0   0   0   0   0   0   0   0   0   0  27   0   0   0   0   0   0   0   0   0   0   0  15   0   0   0   0   0   0   0   0   0   0   0   0   0   0   0   0   0   0   0   0   0   0   0  28   0   0   0   0   0   0   0
   0   0   0   0   0   0   0   0   0   0   0   0   0   0   0   0   0   0   0   0   0   0   0   0   0   0   0   0   0   0   0   0  23   0   0   0   0   0   0   0   1   0   0   0   0   0   0   0   0   0   0   0  39   0   0   0   0   0   0   0   0   0   0   0   0   0   0   0   0   0   0   0   0   0   0   0   0   0   0   0   0   0   0   0   0   0   0   0   0   0   0   0   0   0   0   0   0   0   0   0   0   0   0   0   0   0   0   0   0   0   0   0   0   0   0   0   0   0   0   0  27  11   0   0   0   0   0   0   0   0   0  40   0   0
   0   0   0  40   0   0   0   2   0   0   0   0   0   0   0  16   0   0   0   0   4  36   0   0   0   0   0   1   0   0   0  33   0  27   0   0   0   0   0   0   0   0  29   0   0   0   0   0   0  14   0   0   0  42   0  47   0   0   0   0   0   0   0   0  31   0   0   0   0   2   0   0   0   0   0   0   0   0   0   0   0   0   0   0   0   0   0   0   0   0  42   0   0   0   0   0   0   0   0   0   0   0   0   0   0   0   0   0   0   0   0   0   0  33   0   0   0  23   0   0   0   0   0   0   0   0   0   0   0   0   0   0   0
   0   0   0   0   0   0   0   0   0   0   0   0   0   0   0   0   0   0   0   0   0   0   0   0   0   0   0   0   0   0   0   0   0   0   0   0   0   0   0   0   0   0   0   0   0   0  50  34   0  19   0   0   0  14  15   0   0   0   0   0   0   0   0   0   0   0   0   8   0   0   0   0   0   0   0   0   0   0   0   0   0   0   0   0   0   0   0   0   0   0   0   0   0   0  10   0  22   0   0   0   0   0   0   0   0   0   0   0   0   0   0   0   0   0   0   0   0   0   0   0   0   0   0   0   0   0   0   0   0   0   0   0
   0   0   0   0   0   0   0  42   0   0   0   0   0   0  10   0   0   0   0   0   0   0   0   0   0   0   0   0  49   0   0   0  19   0   0   0   0   0   0   0   0   0   0   0   0  12   0   0   0   0   0   0  32   9   0   0   0   0   0   0   0   0   0   0   0   0   0   0   0   0   0   0   0   0   0   0   0   0   0  10   0  47   0   0   0   0   0  11   0   0   0   0   0   0   0   0   0   0   0  38   0   0   0   0   0  38   0   0   0   0   0  12   0   0   0   0   0   0   0   0  17   0   0   0   0   0   0   0   0   0   0
   0   0   0   0   0   0   0   0   0  30   0   0   0   0   0   0  32  14  30   0   0  19   0   0   0   0   0  19   0   0   0  19   0   0   0   0   0   0  18   0   0   0   0   0   0   0  17   0   0   0   0   0   0   0   0   0   0   0   0   0   0   0   0  43   0   0   0   0   0   0   0   0   0   0   0   0   0   0   0   0   0   0   0   0   0   0   0   0   0   0   0   0   0   0   0   7   0   0   0  42   0   0   0   0   0   0   0   0   0   0   0   0   0   0   0   0   0   0   0   0   1   0   0   0   0   0   0   0   0   0
   0   0   0   0   0   0   0   0   0   0   0   0   0   0   0   0   0  10   0   0   0   0   0   0   0   5   0   0   0   0   0   0   0   0   0   0   0   0   0   0   0   0   0   0   0   0   0   0   0   0   0   0   0   0   0   0  32   0   0   0   0   0   0   0   0   0   0   0   0   0   0   0   0   0   0   0   0  40   0   0   0   0   0   0   0   0   0   0   0  20   0   0   0   0   0   0   0   0   0   0   0   0   0   0   0   0   0   0   0  25   0   0   0   0   0   0   0   0   0   0   0   0   0   0   0   0   0   0   0
   0   0   0   0   0  40   0   0   0   0   0   0   0   0   0   0   0   0   0  26   0   3   0  42   0   0   0   0   0  28   0   0   0   0   0   0   0   0  32   0   0   0   0   0   0   0   0   0   0   0   0   0   0   0   0   0   0   0   0   0   0   0   0   0   0   0   0   0   0   0  40   0   0   0   0   0   0   0   0   0   7   0  46   0   0  33   0  30   0   0   0   0   0   0   0   0   0   0   0  24   0   0   0   0   0   0   0   0   6   0   0   0   0  11   0   0   0   0   0   0   0   0   0   0   0   0   0   0
   0   0   0   0   0   0   0  34   4  29   0   0   0   0   0   0   0   0   0   0   0   0   0   0   0   0   0   0   0   0   0   0   0   0   0   0   0   0   0   0   0   0   0   0   0  34   0   0   0   0   0  16   0   0   0   0   0   0   0   0   0   0  35   0   0  26   0   0   0   0   0   0   0   0   0   0   0   0   0   0   0   0   0   0   0   0   0   0   0   0   0   0   0   0   0   0   0   0  50   0   0  21   0  32  16   0   0   0   0   0   0   0   0   0   0   0   0   0   0   0   0   0   0   0   1   0   0
   0   0   0   0   0   0   0   0   0   0   0   0   0   0   0   0   0   0   0   0   0  28   0   0   0   0   0   0   0   0   0   0   0   5   0   0   0   0   0   0   0   0   0   0   0   0   0   0  32   0   0   0   0   0   0   0   0   0   0   0   0   0   0   0   0   0   0   0   0   0   0   0   0   0   0   0   0   0   0   0   0   0  29   0   1   0   0   0   0   0   0  12   0   0   0   6   0   0   0   0   0   0   0   0  26   0   0   0   0   0   0   0   0   0   0   0   0   0   0   0  32   0   0   0   0   0
  41  33   0   0   0   0   0   0   0   0   0   0   5   0   0  40   0   0   0   0   0   0   0   0   0   0   0   0   0   0   0   0   0   0  37   0   0   0   0   0   0   0   0   0  11   0   0   0   0   0   0   0   0   0   0   0  27   0   0   0   0   0   0   0   0  47   0   0  10  35   0   0   0   0   0   0   0   0   0   0   0   0   0   0   0   0   0   0   0   0   0   0   0   0   0   0   0   0   0   0   0   0   0   0   0   0   0   0   0   0   0   0   0   0   0   0   0   0   0   0  46   0   0   0   0
   0   0   0   0   0   0   0   0   0   0   0  33   0   0   0   0   0   0   0   0   0   0   0  43   0   0   0  22   0  17   0   0  46   0   0   0   0   0   0  33   0   0   0   0   0   0   0   0   0   0   0   0   0   0   0   0   0   0   0  26   0   0   0   0   0   0   0   0   0   0   0  34   0   0   0   0   0   0   0   0  30   0   0   0   0   0  19   0   0   0   0   0   0   0   0   0   0   0   0   0   0   0   0   0   0   0   0   0   0   0   0  13   0   0   0   0   0   0   0   0   0   0   0   0
   0   0   0   0   0   0  13   0  43   0   0  23   0   0   0   0   0   0   0   0   0   0   0   0   0   0   0   0   0  38   0   0   0   0   0  48   0   0   2   0  34   0   6   0   0   0  11   0   0   0   0   0   0   0   0   0   0   0   0   0   0   0   0   0   0   0   0   0   0  27   0   0   0   0   0   0   0   0   0   0  23   0   0   0   0   0   0   0   0   0   0   0   0  39   0   0   0   0   0   0   0   0   0  15   0   0   0   0   0   0   0   0   0   0   0   0   0   0   0   1   0   0   0
   0   0   0   0   0   0   0   0   0   0   0   0   0   0   0   5   0   0   0   0   0   0   0   0   0   0   0   0   0   0   0   0   0   0   0   0  18   0   0   0   0  33   0   0   0   0   0   0   0  15   0   0   0   0   0   0   0  45  15   0   0   0   0   0   0   0   0  43   0   0   0   0   0   0   0   0  40   0   0  16   0  32   0   7   0   0   0   0   0   0   0   0   0   0   0   0   0   0   0   0  19   0   0   0   0   0   0   0   0   0   0   0   0   0   0   0   0   0   0   0   0   0
   0   6   0   0   0   0   0   0   0  43   0   0   0   0   0   0   0   0   0   0   0  30   0   0   0   0   0   0  25   0   0   0   0   0   0   0   0   0   0   8   0  16   0   0   0   0   0   9   0   0   0   0   0   0  22   0   0   0   0   0   0   0   0   0   0   0   0   0   0   0   0   0  40   0   0   0   0  35   0   0   0   0   0   0   0   0   0   0   0   0   0   0   0   0   0   0   0   0   0   0   0   0   0   0   0   0   0   0   0   0   0   0   0   0   0   0   0   0   0   0   0
   0   0   0   0   0   0   0   0   0   0   0   0   0   0   0   0   0   0   0   0   0   0   0  44   0   0   0   0   0   0   0   0   0   0   0  24   0   0   0   0   0   0   0   0   0   0   0   0   0   0   0   0   0   0   0   0   0   0   0   0  14   0   0   0   0   0   0   0   0   0   0   0  39   0   0   0   0   0   0   0   0   0   0  14   0   0   0   0   0   0   0   0   0   0   0   0   0   0   0   0   0   0   0   0   0   0   0   0   0   0   0   0   0   0   0   0   0   0   0   0
   0   0   0   0   0   0   0   0   0   0  16   0   0   0   0   0   0   0   0   0   0   0   0  28  11   0   0   0   0   0   0   0   0   0   0   0   0   0   0   2   0   0   0   0   0   0   0   4   0   0   0   0   0  50   0  42   0   0   0   0   0   0   0   0   0   0   0   0  15   0   0   0   0   0  23   0   0   0   0   0   0   0   0   0  26   0   0   0   0   0   0  28  15   0   0   1   0   0   0  24   0  37   0   0   0   0   0   0   0  13   0   0   0   0   0   0   0   0   0
   0  35   0   0   0   0   0  13   0   0   0   0   0   0   0   0   0   0   4   0   0   0   0   0   0   0   0   0   0   0   0   0   0   0   0   0   0   0   0   0   0  20   0   3  46   0   0   0   0   0   0   0   0   0   0   0   0   0   0   0   0   0   0   0   0   0   0   0   0   0   0  25   0   0   0   0   0   0   0   0   0   0   0   0   0   0   0   0   0  36   0   0   0   0   0   0   0   0   0   0  17   0   0  12   0   0   0   0   0   0   0   0   0   0   0   0   0   0
   0   0   0   0   0   0  15   0   0   0   0   0   0   0   0   0   0   0   0   0   0  45   0   0   0   0   0   0   0   0   0   0   0   0   0   0   0   0   0   0   0   0   0   0   0   2   0   0   0  23   0   0   0   0   0   0   0   0   0   0   0   0   0   0   0   0   0   0   0   0   0   0   0   0   0   0   0   0   0   0   0   0   0   0   0   0  39   0   0   0   0   0   0   0   0   0   0   0   0   0   0   0   0   0   0   0   0   0   0   0   0   0   0   0   0   0   0
   0   0   0   0   0   0   0   0  37   0   0  12   0   0  35   0   0   0   0   0   0   0   0   0   0   0   0   0   0  20   0   0   0  35   8   0   0   0   0   0   0   0   0   0   0   0   0   0   0   0   0   0   0   0   0   0   0   0  17   0   0   0   0   0   0   0   0   0   0   0   0   0   0   0   0   0   0   0   0   0   0   0   0   0   9  12   0   0   0   0   0   0   0   0   0   0   0   0   0   0   0   0   0  31   0   0   0   0   0   0  14   0   0  48   0  22
   0   0   0  27   0   0   0   0   0   0   0   0   0  20   0   0  49   0   0   0   0   0   0  12   0   0   0  13   0   0   0  36   0   0   0   0   0   0   0   0   3   0   0  30   0   0   0   0   0   0   0   0   0  28   0   0   0   0  22   0   0  28   0   0   0   0   0   0   0   0  21   0   0   0   0   0   0   0   0   0   0   0   0   0   0   0   0  21   8   0   0   0   0   0  21   0   0   0   0   0   0   0   0   0   0   0   0   0   0   0   0   0   0   0   0
   0   0   0   0   0  26   2   0   0   0   0   0   0   0  15   0   0   0   0   0   0   0   0   0   0   0   0   0   0  42   0   0  48   0  16   0   0   0   0   0   0   0   0   0   0   0   0   0  44  15   0   0   0   0   0   0   0   0   0   0   0   0   0   0   0   0   0   3   0   0   0   0   0   0   0   0   0   0   0   0   0  34  38  23   0   0   0   0   0   0   0   0   0   0  31   0   0   0   0   0   0   0   0   0   0   0   0   0  18   0   0   0   0   0
   0   0   0   0   0   0   0  18   0   5   0   0   0   0   0  13   0   0   0   0   0   0   0   0   0   0   0   0   0   0   0   0   0   0   0   0   0   0   0   0   0   0   0   0   0   7   0   0   0   0   0   0  50  43   0   0   0   0   0  24   0  43   0   0  20   0   0   0   0   0   0  18   0   0   0   0   0   0   0   0   0   0   0   0   0   0   0   0   0   0   0   0   0   0   0   0   8   0  16   0   0  44   0   0   0   0   0   0   0   0   0   0   0
   0   0   0   0   0   0   0   0   0  45   0   0   0   0   0   0   0   0   0   0   0   0   0   0   0  47   0   0   0   0   0   0   0   0   0   0   0   0   0   0   0   0   0   0   0   0   0   0   0   0   0   0   0   0   0   9   6   0   0   0   0   0   0   0   0   0   0   0   0   1   0   0   0   0   0   0   0   0  19   0   0   0   0   0   0   0   0   0   0   0   0   0  10   0   0   0   0   0   0   0   0   0   0  13   0   6   0   0   0   0   0   0
   0   0  17   0   0   0   0   0   0   0   0   0   0   0   1  49   0  29   0   0   0   0   0   0   0   0   0  34   0   0   0   0   0   0  29   0   0   0   0   0   0   0   0   0   0   0   0   0   0   0   0   0   0   0   0   0   0   0   0  49   0   0  44   0   0   0   0   0   0   0   0   0   0   0   0   0   0   0   0   0   0   0   0   0   0   0   0  31   0  33   0   0   0   0   0   0   0   0   0   0   0   0   0  26   0   0   0   0   0   0   0
   0   0   0   0   0  49   0   0   0   0   0   0   0   0   0   0   0   0   0   0   0   0   0   0   0   0   0   0   0   0  29   0   0   0   0   0  26   0   0   0   0   0   0   0   0   0   0   0   0   0   0   0   0   0  34   0   0   0   0   0   0   0   0  20   0   0   0   0   0   0   0   0   0   0   0   0   4   0   0   0  24   0  10   0   0   0   0  44   0   0   0   0   0   0   0   0   0   0   0   0   0   0   0   0   0   0   0   0   0   0
   0   0   0   0   0   0   0   0   0   0   0   0   0   0   0   0   0   0   0   0   0   5   0   0   0   0   0   0   0   0   0   0  16   0   0   0   0   0   0   0   0   0   0   0   0   0   0   0   0   0   0   0   0   0   0   0   0   0   0   0   0   0   0   0   0   0   0   0   0  38   8   0   0  10  40   0   0   0  12   0   0   0   0   0  27   0   0   0   0   0   0   0   0   0   0   0   0   0   0   0   0   0   0   0   0   0   0   0   0
   0   0   0   0   0   0   0   0   0  26   0   0   0   0   0   0   0   0   0   0   0   0   0   0   0   0  23   0   0   0   0   0  37   3   0   0   0   0   0   0  45  13   0  22   0   0   0   0  42   0   0   0   0  23   0   0   0   0   0   0   0   0   0   0   0   0   5   0  35   0   0   0   0   5   0   0   0   0   0   0   0   0   0   0   0  39   0   0   0   0   0   0   0   0   0   0   0   0   0   0   0   0  10   0   0   0   2   0
   0   0   0   0   0   0   0   0   0  23   0  21   0   0  37   0   0   0   0   0   0   0   0   0   0   0   0   0   0   0   0   0   0   0   0   0   0   8   0   0   0   0   0   0   0  49   0   0   0   0   0   0  45   0   0   0   0  18  43   1   0   0   0  15  38  15   0  35   0   0   0   0   0   0   0   0   0   0   0   0   0  15   0   0  25   0   0   0   0   0   0   0   0   0   0   0   0   0   0   0   0   0   0   0   0   0   0
   0   0   0   0   0   0  44   0   0   0   0   0   0   0   0   0   0   0   0   0   0   0   0   0   0   0   0   0   0   0  17   0   0   0   0   0   0   0   0   1   0   0   0   0   0   0   0   0   0   0  40   0   0   0   0   0   0   0   0   0   0   0   0   0  42   0   0   0   0   0   0   0   0   0   0   0   0   0   0   0   0   0   0   0   0  27   0   0   1   5   0   0   0   0   0   0   0   0   0   0   0   0   0   0   0  13
   0   0   0   0   0   0   0   0   0   0   0   0   0   0  44   0   0   0   0   0   0   0  33   0   0   0  37   0   0   0  35   0   0   0   0  10   0   0   0   0   0   0  22   0  21   0   0   0   0   0   0   0   0  27   0   0   0   0   0   0   0   0   0   0   0   0   7   0   0   0   0  25   0  20   0   0   0  47   0   0   0   0   0   0   0   0  34   0   0   0   0   0  45   0   0   0  48   0   0   0   0   0   0   0   0
   0   5   0   0  30   0   0   0   0   0   0   0   0   0   0   0   0   0   0   0   0   0   0   0   0  34   0   0   0   0   0  44   0   0  11   0   0   0  35   0   0  27   0   0   0  16   0   0   0   0   0   0   4   0   0   5   0   0   0   0  24   0   0   0   0   0   0  31  40   0   0   0   0   0   0   0   0   0   0   0   0   0   0   0  48   0   0   0   0   0   0   0   0   0   0   0   0   0   0   0   0   9   0   0
   0   0   0   0   0   0   0   0   1   0   0   0   0   0   0   0   0   0   0   0  48   0   0   0  44   0   0   0   0   0   0   0   0  11   0   0   0  31   0   0   0   0   0   0   0   0   0   0   0   0   0   0   0   0   0   0   0   0   0   0   0   0   0   0   0   0   0   0  17  48   0   0  15   0   0   0   0   0   0   0   0   0   0   0   4   0   0   0   0   0   0  15   0   0   0   0   0   0   0   0   0   0   0
  48   0   0   0   0   0   0   0  42   0   0   0   0   0   0   0   0   0   0   0   0   0  22   0   0   0   0   0  32   0   5   0   0   0   0   0   0  34  36   0   0   0   0   0   0  36   0   0   0   0   0   0   0   0   0   0   0  10   0   0   0   4   0   0  29   0  11   0   0   0   0   0   0   0   0   0   0   0   0   0   0   0   0   0   0   0   0  47   0   0   0   0   0   0   0   0   0   0  43   0   0   0
   0   0   0   0   0   0   0   0   0   0   0   0   0   0  23   0   0   0   0   0   0   0   0   0   0  13   0   0  48   0   0   0   0   0   0   0   0   0   0   0   0   0  42   0   0   0   0  34   0   0   0   0   0   0   0   0   0   0   0   0  20   0   0   0   0   0   0   0  27   0  30   0   0  36   4   0   0   0   0   0   0   0   0   0   0   0   0   0   0   0  10   0   0   0   0   0   0   0   0   0   0
   0   0   0   0   9   0   0   0   0   0   0   0   0   0   0   0   0   0   0   0   0   0   0   0   0   0   0   0   0   0   0   0   0   0   0   0   0   0   0   0   0   0   0   0   0   0   0   0   0   0   0  40   0   0   0   0   0   0   0   0   0   0   0   0   0   0   0   0   0   0   0  31   0  21  35  32   0   0   0   8   0   0   0   0  15   0  36   0   0   3   0   0   0   0   0   3   0   0   0   0
   0   0   0   0   0   2   0   0   0   0   0   0   0   0   0   0  31   0   0   0   0   0   0   0   0   0   0   0   0   0   0   0   0   0   0   0   0   0   0   0   0   0   0   0   0   0  48  46   1   0   0   0   0   0   0   0   0   0   0   0   0   0   0   0   0   0   0   0   0  11   0   0   0   0   0   0   0  22   0   0   0   0   0   0   0   9   0   0   0   0   0   0   0   0   0   0   0   0   0
   0   0   0   0   0   0   0   0   0   0   0   0   0   0   3   0   0  38   8   0   0   0   0   0   0   0   0   0   0   0   1   0   0   0   0   0   0   0   0   0   0   0   0   0   0   0  29   0   0   0   0   0   0   0  11   0   0   0   0   0   0   0  23   0   0   0  32   0   0   0   0   0   0   0   0   0   0   0   0   0   0   0   0   0   0   0   0   0   0   0   0   0   0   0   0   0   0   0
   0   0   0   0   0   0   0   0   0   0  28   0   0   0   0   0   0   0   0   0   0   0   0   0   0   0   0   6  31   0   0   0  39   0   0   0   0   0   0   0   0   0   0   0   0   0   0   0   0   0   0   0   0   0   0  49   0   0   0   0   0   0   0   0   0   0  11  31   0   0   0   0   0   0   0   0   0   0  50   0   0   0   0  14   0   0   0  20   0  18   0   0   0   0   0   0   0
   0   0   0   0   0   0   0   0   0   0   0   0   0  12   0   0   0   0   0   0   0   0   0  22   0   0   0   0   0  21   0   0   0   0   0   0   0   0   0   0   0   0   0  42   0   0   0   0  29   0   0   8   0   0   0   0   0   0   0   0   0   0   0   0   0   0   0   2   0  46   0   0   0   0   0   0   0   6   0   0   0   0   0   0  34   0   0   0   0   0   0   0   0   0   0   0
   0   0   0  14  47   0   0   0   0   0   0   0   0  19   0   0   0   0   0   0   0   0   0   0   0   0   0   0   0   0  50   0  13  20   0   0   0   0   0  12   6   0   0   0   0   0   0   0   0   0   0   0   0   0   0   0   0   0   0   0   0   0   0   0   0   0   0   0   0   0  42  40  43   0   0   0   0   0   0   0   0   0   0   5   0   0   0   0   0   0   0   0   0  38   0
   0  38   0   7   0   1   0   0   0   0   0   0   0  22   0   0   0   0   0  44   0  11   0   0   0   0   0   0   0   0   0   0   0   0   0   0   0   0   0   0   0   0   0   0   0   0   0   0   0   0   0   0   0   0   0  47   0   0   5   0   0   0   0   0   0  13   0   0   0   0   0   5   0   0   0   0   0   0   0   0   0   0   0   0   0   0   0   0   0   0   0   0   0   0
   0  12   0  28   0   0   0   0   0   0   0  38   0   0   0   0   0   0   0   0   0   0   0   0   0   0   0   0  31   0   0   0   0   0   0   0  11   8   0   0   9   0   0   0  22   0   0   0   0   0   0   0   0   0   0   0   0   0   0   0   0   0   0   0   0   0   0   0   0   0  22   0   0   0   0   0   0  44   0   0   0   0   0   0   0   0   0  11   0   0  30   0  13
   3   0   0   0   0   0   0   0   0   0   0   0   0   0   0   0   0   7   0   0   6   0   0   0   0   0   0   0   0   0   0   0   0  28   0  18   0   0   0   0   0   0   0   0   0   0   0  28   0   0   0   0  42   0   0   0  44  40   0   0   0   0   0   0   0  19   0   5   0   0   0   0   0   0   0   0   0   0   0   0   0   0   0   0   0   0   0   0   0   0   0   0
   0   0   0   0   0   0   0   0   0   0   0   0   0   0   0   0   0   0   0   0  47   0   0   0   0   0   0   0   0   0   0   0   0   0   0   0  41   0   0   0   0   0   0   0   0   0   0   0   0   0   0   0   0   0   0   0   0   0   0   0   0  42   0   0   0   0   0   0   0  37   0   0   0   0   0   0   0   0   0   0   0   0   0   0   0  25   0   0   0   1   0
   0   0   0   0   0   0   0   0   0   0   0   0   0   0   0   0   0   0   0   0   0   0  19   0   0   0   0   0   0   0   0   0   0   0   0   0   0   0   0   0   0   0   0   0   0   0   0   0   0   0   0   8   0   0   0   0   0   0   0   0   0   0   0   0  35   0   0   0  42   0   0   0   0   0  38   0  41   0   0   0   0  27   0   0   0   0  31   0   0   0
   0   0   0   0   0   0  28   0   6   0   0   0   0   0   0   0   0   0   0   0   0   0   0   0   0   0   0   0  49   0   0  10  36   0   0   0   0   0   0   0   0   0   0   0   0   0   0   0   0   0   0   0   0   0   0  13   0   0   0   0   0   0   0   0  14   0   0   0   0   0   0   0   0   0   0   0   0   0   0  26   0   0   0   0  32   0   0   0   0
   0   0   0   0   5   0   0   0   0   0   0   0   0   0   0   0   0  26   0   0   0  28   0   0   0   0   7   0   0   0  23   0   0   0   0   0   0   0   0   0   0   0   0   0   7   0   0   0   0   0   0   0   0  20   0   0   0   0   0   0  39   0   0   0   0   0   0   0   0   0   0   0   0   0   0   0   0   0   0  27   0   0   0   0   0   0   0   0
   0   0   0   0   0   0   0   0   0  24  27   0   0   0   0   0   6   0   0   0   0   0   0   0   0   0   0   0   0   0   0   0   0   0   0   0  10   0   0   0   0   0   0   0   0   0   0   0   0   0   0   0   0   0   0   0   0   0   0  20   0   0   0   0   0   0   0   0   0   0   0   0   0   0   0   0   0   0   0   0   0   0   0   0   0   0   0
   0  37   0   0   0   0   0   0   0   0   0   0   0   0   0   0   0  21   0  39   0   0   0   0  45   0   0   0   0   0   0  12   0   0  13   0   0   0   0   0  16   0   0   0   0   0   0   0   0   0   0   0   0   0   0   1   0   0   0   0   0   0   0   0   0  13   0   0   0   0   0   0   0   0   0   0   0   0  21   0   0   0   7   0   0   0
   0   0   0   0   0   0   0   0   0   8   0   0   0   0   0   0   0   0   0   0   0   0   0  37   0   0   0   0   0   0   0   0   0   0   0   0   0   0   0   0   0   0   0   0   0   0   0   0   0   0   0   0   0   0   0  13   0   0  24   0   0   0   0  26   0   0   0  11   0   0   0   0   0   0   0   0   0   0   0   0   0   0   0   0   0
   0   0   0   0   0   0   0   0   0   0   0   0   0   0   0  24   0   0  13   0   0   0   0   0   0   0   0   0   0   0   0   0   0   0   0   0   0   0   0   0   0   0   0   0   0   0   0   0   0   0   0   0   0   0   0   0   0  10   0   0   0   0   0   0   0   0   0   0   0  20   0   9   0   0   0   0   0   0   0   0   0   0   0  30
   0   0  18   0   0   0   0   0   0   0   0   0   0   0   0   0   0   0   0   0  20   0   0   0   0   0   0   0   0   0   0   0   0   0   0   0   0  17   0   0   0  28   0   0   0   0   0   0   0  40  44   0   0  27   0   0   0   0   0   0   0   0   0   0  48   0   0   0  23   0   0   0   0   0   0   0   0   0   0   0   0   0   0
   0  14   0   0   0   0   0   1   0   0   0   0   0   0   0  15  18   0   0   0   0   0   0   0   0   0   0  46   0   0   0   0   0   0   0   0   0  40   4   0   0   0   0   6   0   0   0  18   0   0   0   0  14   0   0   5  39   0   0   0   0   0   0   0   0   0   0   0  39   0   0   0   0   0  20   0   0   0   0   0   0   0
   0   0   0   0   0   0   0  25   0   0   0   0   0   0   0   0   0   0   0   0   0   0   0   0   0   0   0   0   6   2   0   0   0  12   0   0  38   0   0   0   0   0   0  24   0   0   0   0   0   0   0   0   0   0   0   0   0   0   0   0   0   0   0   0   0   0   0   0   0   0   0  41   0   0   0  20   0   0   0  17   0
   0   0   0   0   0   0  13   0   0   0   0   0   0   0   0   0   0  23   0   0   0   0   0   0   0   0   0   0  50   0   0   0  28   0   0   0   0   0   0   0   0   0   0   0   0   0   0   0   0   0   0   0  23   8   0   0   0   0   0   0   0   0   0   0   0   0   0   0   0   0   0   0   0   0   0  19   0   0   0   0
   0   0  38   0   0   0   0   0   0   0   0   0   0   0   0   0   0   0   0   0  42  45   0   0   0   0   0   0   0   1   0   0   0   0   0   0  15   0   0   0   0   0   0   0   0   0   0   0   0   0   0   0   0   0   0   0   0   0   0   0   0   0   0   0   0   0   0  44  45   0   0   0   0   0   0   0  38   0   0
   0   0   0   9   0   0   0   0   0   0   0   0   0   0   0   0   0   0   0   0   0   0  26   0   0   0   0   0   0   0   0   0   0   0   3   0   0  34   0   0   0  25   1   0   0  30   0   0   0   0   0   0   0   0   0   0   0   0   0   0   0   0   0   0   0   0   0   0  25   0   0   0   0   0   2   0   0   0
   0   0   0   0   0   0   0   0   0   0   0  15   0   0   0   0   0   0   0   0   0   0   0   0   0   0   0   0   0  14   0   0   0   0   0   0   0   0   0   5   0   0   0   0   0   0   0   0   0   0   0   0   0   0   0   0   0   0   0   0   0   0   0   0  10   0   0   0  30  15   0   0   0   0   0   0   0
   0   0   0   0   0   0   0   0   0   0   0   0   0   0   0   0   0   0   0   0   0   0   0   0   0   0   9   0   0   0   0   0   9   0   0   0   0   0   0   0  30   0   0   0   0   0   0   0   0   0   0   0   0   0   0   0   0  12   0   0   0   0   0   0  34  12   0   0   0   3   0   0   0   0   0   0
   0   0   0   0   0   0   0   0   0   0   0   0  23  37   0  17   0   0   0   0   0   0   0   0   0   0   0   0  33  19   0   0   0   0   0   0   0   0   0   0   0   0   0   0   0   0   0   0   0   2   0   0   0  44   0   0   0   0   0   0   0   0  28   0  21  17   0   0   0   0   0   0   0  46  15
   0   0   0   0   0   0   0   5   0   0   0   0  11   0   0   0   0   0   0  17   0   0   0   0   0  32   0   0   0   0   0   0   0   0   0   6   0   0   0   0   0   0   0   0   0   0   0   0   0   0   0   0  17   0   0   0   0   0   0   0   0   0   0  49   0   0   0   0   0   0   0   0   0  28
  32   0   0   0   0   0   0   0   0   0   0   0   0   0   0   0   0   0   0   0   0  11   0   0   0   0   0  17   0   0   0   0   0   0   0   0   0   0  22   0   0   0   0   0  19   0   0   0  14   0   0  16   0   0   0   0   0   0   0   0   0   0  43   0   0   0   0   0   0   0   0  11   0
  12   0   0  22   0   0   0   0   0   0   0   0   0   0   0   0   0   0   0   0  36   0  37   0   0   0   0   0  37   0   0   0   0   0   0   0   0   0   0   0   0   0   0   0  21   0   0   0   0   0   0   0   0   0   0   0   0   0   0   0   0   0   9   0   0   0   0   0   0   0   0   0
   0   0   0   0   0   0   4   0   0   0   0   0   0   0   0   0   0   0   0   0   0   0   0   0   0   0   0   0   0   0   0   0   0   0   0   0   0   0   0   0   0   0   0   0   0   0  16   0   0   0   0   0   0   0   0  45   0   0   0   0   0   0   0   0   0   0   0   0   0   0   0
   0   0  15   0   0  24   0   0   0   0   0  48   0   0   0   0   0   0   0   0   0  28  45   0   0   0   0   8  24   0   2   0   0   0   0   0   0   0   0   0   0   0   0   0   0   0   0   0   0   0   0   0   0   0   0   0   0   0   0   0   0   0   0   0   0   0   0   0   0   0
   0   0   0   0   0   0   0   0   0   0   0   0  43   0   0   0   0   0   0  31   0   0   0   0   0   0   0   0  34   0   0   0   0   0   0   0   0   0   0   0   0   0   0   0   0   0   0   0   0   0   0   0   0   0   0   0   0   0  17   0   0   0   0   0   0   0   0   0   0
   0  33   0  29   0   0   0   0  24   0   0   0   0   0   0  15   0   0   0   5   0  11   0   4   0   0   0   0   0   0   0   0   0   0   0   0   0   0   0   7   0   0   0   0   0   0   0   0   0   0   0  32   0   0   0   0   0   0   0   0   0   0   0   0   0   0   0   0
   0   0   0   0   0   0   0   0   0   0   0   0   0   0   0   0   0   0   0   0  37   0   0   0   0   0   0   0   0   0   0   0  47   0   0  11   0   0   0   0   0   0   0   6   0   0   0   0   0   0   0   0   0   0  21   0  47   0   0  50   0   0   0   0   0   0   0
  17   4   0   0   0   0   0   0   0   0   0   0  25   0   0   0   0   0   0   0   0   0   0  18   0  50   0   0  26   0   0   0   0   0   0   0   7   0   0   0   0   7   0   0   0   0   0   0   0   0   3   0   0   0   0   0   0   0   0   0   0   5   0   0   0   0
   0   0   0   0   0   0   2   1   0   0   0   0   0   0   0   0   0   0   0   0   0  45   0   0   0   0   0   2   0   0   0   0   0   0   0   0   0   0   0   0   0   0   0   0   0   0   0   0   0  13   0   0   0  11  15   0  36   0   0   0   0   0   5   0   0
   0   0   0  47   0   0   8  43   0   0   0   0   0   0   0   0   0   0   0  43   0   0   0   0   0   0   0   0   0   0   0   0   0  48   0   0   0   0  11   0   0   0   0   0   0   0   0   0   0  46   0   0   0   0   0  27   0   0   0   0   0   0   0   0
   0   1   0   0   0   0  29   0   0   0   0   0   0   0   0   0   0   4   0   0   0   0   0   0   0   0   0   0   0   0   0   0   0   0   0   0   0   0  29   0   0   0   0   0   0   0   0   0   0   0   0  14   0   0   0   0   0   0   0   0   0   0   4
   0   0   0   0   0   0   0   0   0   0   0   0   0   0   0   0   0   0   0   0   0   0   0   0  42   0   0   0   0   0   0   0   0  27   0   0   0   0   0   4   0   0   0   0   0   0   0   0   0   0   0   0   0   0   0   0   0   0   0   0   0   7
   0   0   0   0   0   0   0   0   0   0   0   0   0   0   0   0   0   0  21  33  36   0   0   0   0   0   0   0   0   0   0  28   0   0   0   0   0   6   0   5   0   0   0   0   9   0   0   0   0   0   0   0   0   0   0   0   0   0   0   0   0
   0   0   0   0   0   0   0   0   0   0   0   0   0   0   0   0   0  22   0   0   0  49   0   0   0   0  12   0   0   0   0   0   0   4   0   0   0   0   0   0   0   0   0   0   0   0   0   0   0   0   0   0   0   0   7   0   0   0   0   0
   0   0   4  34  43   4   0  45   0   0   0   0   0   0   0   0   0  44   0   0   0   0   0  45   0   0   0   0   0   0  50   0   0   0   0   0   0  19   0   0   0   0   0   0  26   0   0   0  43   0   0   0   0   0   1   0   0   0   0
   0   0   0   0   0   0   0  27   0   0   0   0   0   0   0   0   0   0   0  41   0   0   0   0   0   0   0   0   0   0   0   0   0   0   0   0   0   0   0   0   0  24   0   0   0   6   0   0   0   0   0   0   0   0   0  25   0   0
   0   0   0   0   0   0   0   0   0   0   0   0   0   0   0   0   5   0   0   0   0   0   0   0   0   0  41   0   0   0   0   0   0   0   0   0   0   0  42   0   0   0   0   0   0   0   0   0   0  49   0   0  13   0   0   0  42
   0   0  31   0   0   0   0   0   0   0  45   0   0   0   0   0   0   0  35   0   0   0   0   0  29   0   0   0   0   0   0   0   0   0   0   0   0   0   0   0  21   0  36   0   0   0   0   0   0   0   0   0   0   0   0   0
   0   0   0   0   0   0   0   0   0   0   0   0   0   0   0   0   0   0   0   0   0  37   0   0   0   0   0   0   0   0   0   0   0  14   0   0  31   0   0   0   6   0   0   0   0   0   0   0   0   0   0   0   0   0   0
   0   0   0   0   0   0   0   0   0   0   0  46   0  19   0   0   0   0   0   0   0   0   0   0   0   0   0   0   0   0   0   0   0   0   0   0   0  50   0   0   0   0   0  44   0   0   0   0   0   0   0   3   0   0
   0   0   0   0  18   0   0   0   0   0   0   0   0   0   0   0   0   0   0   0   0   0   0   0   0   0  25   0   0   0   0   0   0   0  49   0   0   0   0   0   0   0   0  38   0   0   0   0   0   0   0   0   0
  23   0   0   0   0  28   0   0   0   0   0   0  50   0   0   0   0   0   0   0   0   0   0   0  23   0  26   0   8  27  42   0   0   0  23   0   0   0   0   0   0  32   0   0   0   0   0   0  47   0   0   0
   0  33   0   0   0   0   0   0   0   0   0   0   0   0   0   0   0   0   0  35   0   0   0  40   0   0   0   0   0   0   0   0   0   0   0   0   0  25  48   0   0   0   0   0   0   0   0   0   0   0   0
   0  30   0   0   0   0   0   0   0   0   0   0   0   0   0   0   0   0   0   0   0   0   0   0  21   0   0   0   0   0   0   0   0   0   0   0   0   0   0   0   0   0   0   0   0   0   0   0   0   0
   0   0   0   0   0   0   0   0   0   0   0   9   0   0   0   0   0   0  50   0   0   0   0   0   0   0   0   0   0   0   0   0   0   0   0   0   0   0   0   0   0   0   0   0   0   0   0   0   0
   0   0   0   0   0   0   0   0   0   0   0   0  43   0   0   0  47   0   0   0   0   0   0  37   0   0   0   0   0   4   0   0   0   0   0  46   0   0   0   0   0   0   0   0   0   0   0   0
   0   0   0  43   0   0  32   0   0   0   0   0   0   0   0   0   0   0   0   0   0   0   0   0   0   1   0   0   0   0   0   0   0   0   0   0   0   0   0   0   0   0  31   0   0   0   0
   0   0   0   0   0   0   0  48   0   0   0   0   0   0   0   0   0  50   0  47   0   0   0   0   0   0   0  20   0   0   0   0   0   0   0   0   0   0   8   0   0   0   0   0   0   0
   0   0   0   0   0   0   0   0   0   0   0   0   0   0   0  36   0   0  32   0   0   0   0   0   0   0   0  49   0   0   0   0   0   0   0   0   0   0   0   0   0   0   0   0   0
   0   0   0   0   0   0   0   0   0   0   0   0   0   0   0   0   0   0   0   0   0   0   0   0   0   0   0   0  21   0   0   0   0   0   0   0   0   0   0   0   0   0  14   0
   0   0   0   0   0   0   0  22   0   0   0   0   0   0   0   0   0   0   0   0   0   0   0   0   0   0   0   0   0   0   0   8   0   0   0   0   0  44   0   0   0   0   0
   0   0   0   0   0   0   0   0   0   0   0   0   0   0   0   0   0   0   0   0   0   0   0   0   0   0   0   0   0   0   0   0   0   0   0   0   0  17   0   0   0   0
   0  39   0   0   0   0   0   0   0   0   0   0   0  17   0   0   0   0   0   0   0   0   0   0   0   0   0   0   0   0   0   0   0   0   0   8  39   0   0   0   0
   0  32   0   0   0   0  20   0   0   0   0   0   0   0  16   0  48   0   0   0   0   0   0   0   0   0   0   0   0   0   0   0   0   0   0   0   0   0   0   0
   0   0   0  30   0   0   0   0   0  24   0   0   0   0   0   0   0  15   0   0   0   0   0   0   0   0   0   0   0   0   0   9   0   0   0   0   0   0   0
   0   0   0   0   0   0   0   0  27   0   0   0   0   0   0  38   0   0   0   0   0   0   0   0   0   0   0   0  14   0   0   0   0  29   0   0   0   0
   0   0   0   0   0   0   0   0   0   0   0   4   0   0   0   0   0   0   0  28   0   0   0   0   0   0  37   0   0  12   0   0   0   0   0   0   0
   0   0   0   0   0   0   0   0   0   0   0   0   0   0   0   0   0   0   0   0   0   0   0   0   0   0   0   0   0   0   0   0   0   0   0   0
   0   0   0   0   0   0   0   0   0   0   0   0   0   0   0   0   0   0   0   0   0   0   0   0   0   0   0   0   0   0   0   0   0   0  36
   0   0   0   0  34   0   0   0   0   0   0   0   0   0   0   0  24   0   0   0  28   0   0   0   0   0   0   0   0   0   7   0   0  45
  13   0   0   0   0   0   0   0   0   0   0   0   0   0   0   0   0   0  14   0   0   0   0   0   0   0   0   0   0   0   0   0   0
   0   0   0   0   0   0   0   0   0   0   0   0   0   0   0   0   0   0   0   0   0   0   0   0   0   0   0   0   0   0   0  14
   6   0   0   0   0   0   0  19   0   0   0   0   0   0   0   0   0   0   0   0   0   0   0   0   0   0   0   0   0   0   0
   0   0   0   0   0   0   0   0   0   0  31   0   0  41   0   0  10   0   0   0   0   0   5   0   0   0   0   0   0   0
   0   0   0   0   0   0   0   0   0   0   0   0   0   0   0   0   0   0   0  38   0   0   0   0   0   0   0   0   0
   0   0   0   0   0   0   0   0   0   0   0   0   0   0   0   0   0   0   0   0   0   0   0   7   0   0   0   0
   0   0   0   0   0   0   0   0   0   0   0   0   0   0   0   0   0   0   0   0   9   0   0   0   0   0   0
   0   0   0   0   0  34   0   0   0   0  45   0   0   0   0   0  31   0   0  29   0   0   0   0   0   0
   0   0   0   0   0   0   0   0   0   0   0  21   0   0   0   0   0   0   0   0   0   0   0   0   0
  45   0  33   0   0   0   0   0  45   0   0   0   0   0   0   0   0   0   0   0   0   0   0   0
   0   0   0   0  42   0   0   0   0  27   0   0   0   0   0   0   0   0   0   0   0   0   0
  28   0   0   0   0   0   0   0   0   0   0   0   0   0   0   0   4   0   0   0   3   0
   0   0   0   0  29   0  46   0  22   0   0   0   0   0   0   0   0   0   0   0   6
   0  18   0   0   0   0  24   0   0   0   0   0   0   0   0   0   0   0   0   0
   0   0   0   0   0   0  17   0   0  49   0   0   0   0   0   0   0   0   0
   0   0  26   0   0   0   0   0   0   0   0  25   0   0   0   0   0   0
   0   4   0   0   0   0   0   0   0   0   0   0   0   0   0   0   0
   0   0   0   0   0   0   0   0   0   0   0   0   0   0   0   0
   0   0   0   0   0   0   0   0   0   0   0   0   0   0   0
   7   0   0   0   0   0   0   0   0   0   0   0   0   0
   0  16   0   0   0   0   0   0   0   0   0   0   0
   0   0   0   0   0   0   0   0   0   0   0   0
   0   0   0   0   7   0   0   0   0   0   0
   0   0   0   0   0   0   0   0   0   0
   0   0   9   0   0   0   0   0   0
   0   0   0   0   0   0   0   0
   0   0   0   0   0   0   0
   0   0   0   0   0   0
   0   0   0   0   0
   0   0   0   0
   0   0   0
   0   0
   0

 936
   6  13  16   3  19   4   8  14   4   7  18   2  15   1   8  22  16   6   5   5  17   2   1  12  23   5  24   2  24  13   4  25  14   6  17  25  15  15  11  13  13  16   9  16  13  15   6  20  20  11  18  18  11   5   4  13   4   5   6   3  24  14   6  15  23  15   4  14   1  16  13  20   4  15   2  17  21  15  25  16  11  18  22  10  14  19   4   6   7  10  12  17   8   5   8  21  24   4  23   8  25   2   1  20  16   7   6  19   2  25  10   8  12  25   7  23  20  12  20  22   1  11   4  15   4   9  16   3  23  13  22  23  12  12   6  22  18  15  12  17

