 140 
  15   0   0  15   9  13   0   0   0   0   0   0   0  37  39   0   0   0   0  36  21   0  22  38   0  30   0   0   0  47   0  40   0  19   2   0   0   9   0   0  50   0  20   0   0   0   3  21   0   0  39   0   5   0  13  21   0   0  16   0  49   0   4   0   0   0   0   0   0  29  13  29   9  16   0   0   8  39   0  13   0   0   0  22   0  45   0   0   0  31   0  22  45   0  44  15   3   0  39   0   0   0  20   0   2  35   0   0   0   0   0  27   0  27   0  30   0   0  27   0   5  13   4  12  17   0   0   0  31   0   0  43   5   0   0  18  20  25   0   5
   0   0   0  42   0   0  46  40  46  10  14   0   0  27  17   0   0   0  13   7  22   0  29   0  49  14   3   1   0   0  25  31   0   0   0  27   0   7   0   0  25  42   0   0  47  42   0  43   0   0   0   0   9   0  29   9  34   0  42   0   0   1   0  36  30  41   0   0   0   0  37  43  44   0   0  20   0   0  19   0  22   9  32   0  22  41  31   0   0  29   0   0   0   0   0  22  24  11   0   2  23   0  27  12  38  29  37   0  37  39   0   9  25   0  13  32   0  44   0  31  19  11   0   0   0   0  17   9  33  14   0   0   0  22  36  34   0   0   0
   0   0  44   0   0  48   0   0   0  21  30  18   0  42   0  42   0  28  40  11   7  28  50  37   0  37   0   0   0  16  23   0   0   0  46  45  22  17   0   0   0   0   0   0   0   0   6   9   3   0   0  18   0   0   0   0   0   0  46   0   2   0  25   0   0  26  46   0   0   0   0   3   0  24  49   6   0  33  28  28   0   0  23   0   0   0   0  19  11   0  27  45   0   7  40   0   0   0  16  17  44  32   0  12   0  28   0   0  14  10  31   0   0   0   0  21   0   0   0  21   0   0  47  27   0   0  34   0  16   0   0   0   0  44   0  44  36   0
   0   0  10   0  25  23   0   3  24   0   0   0   0  14   0   0   0  20  23  35   0   0   2  10   0  37  41   0   3  30   0   0   0   0   0  24  32   0  36   0  49  17  35   0   0  11  12  31   0  14  44  23   0  11  15  16   4   0   0  32   0  23   0   0  46   0  49  48  15  26  37  33  18  22   0  39   0   0   0   0   0   0  22   0  10   0  14   0  21   8   4  14   5  39   0  49   5  29   0  50   0  36   0   0   0   0   0   3   8   0   0   0   0   6  17   0   0  21   1  41   3   0  13  19   0   0   5   0  13   0   0   1   0  31  10  25   0
   4  41  13   0   0   0   0   0   0  34   4  28  18   0   0  14   0   0   9   0   3   0   0   7  28   0   4  45   0  47   0   1   0  50  48   0   0   0  24  44   0   0  50  38  20  26   0  39   0  38   0  30  50  29   0  20  43  49   0  49   0  43  33   2  45   0   7  40  10   0  11   0   0  34  50  39  11   0   0  32  34   0  37   0  44   6  45   0   0  32   0   0   0  18   0   0  11   0  39   0   0   0  17   0   0   0  24  26   0   0  37   4  49   0   0  30  45  49  28  18  14  36  35  30   0   0  42  45   0   0   0  43   0   0   2   0
  21  18   0   0   0  50   5   0  35   0   0   4   0  47   0   0   0  41  29   0   0   1   0   6  46  14  13  47   0   0  36   0   0   0  21  32   0  30  21  39   0   0   0   0   5  41  36  30  22   0  12   0   0   0   0  34  17  42   0  46  16   0  42  36   1   9  26   0   0  33   0  48   0   0   0   0   0  25  34   0  19  46  34   4  48  32   0   0   0   0  28   0  15   0  45   0   0  13   0   7  18  50   0   0   0  37   0  16   0   0  40  33  29   0  13   0   0   0   7  31   0   0   0  32   0   0   1   0   0  40   0   1  12  32  29
  47   0   0  48   0   0  26   0   0   0   0   0   8  50  26   0  28   0   0  22  22  13   1   0   0   7  48  30  29   0   0  11   0  47   0   0  46   0  10  16   9  35  44   0   7  32  41  11  32   0  34  21   0   3  25   0   0  24   2   0  28   0  33   0  13   8   0   0  22  18  24  38  22   0   0  48  49   0  34   0  14  44   0   0  44   9   0   0  38  42   0  43   0  35   2   0  46  29   0   0   0   0   0  29   9   2   0   0  36   0  24  40  49   0  22   0   0  19   0   0   0   0  39   7   0   1   6  31   0   0  47   0   0   0
   0   0   0   0   0   0   0   0  27  29  29   0   0   9  37   0  24   0   0  49   0   0   0   0  25  29  26  47  23   0  19  44  32  25  35   0  36   0   0  12   0   0   0   0   0   0   0   8   4   4  21  26   0   3   2   0  49   0   0   0  13   0   0  25   0   2  14   0   0   0   0   0   0   0   0  21   0  36   8  16  19   6   0   3   0   0   0  28   0  45   0  22   0  19  13   0   0  12   0  49   0  44  22  48  44  22   0  41   0   9  33   4   0   0  34   0   0  23  34   0   0   0   0  12   0   8   5   0   0   0  45  45  27
  30  23   0  39  18  18   0  48   0  26  37   6   0   0  48  46   0  38   2   0  31  28   0  44  35  34  42  34  35  31  19  21   0   0   0  18  21  40   0  41  45  43   0   0  35   0  35  12  45   0  29  20   0   0   0  16   0   0  42   0  14   9   0   0  33   0   0   0   0  39   0   0  29  18   2   0   0   0  27   4  36  25  11  24  46  12  12   0   0  28  24  14   2   0  14   0   0  10   0  34  22  40  10  13   0  20  23  32   0   0   0   0   0   8   8  34  44   0  31   0   0   1  21   0   0   6  32  17  39   0   0   0
  11   0  37   0   0  40   0   0   1  16  41   0   0  16  28  10   0  19   0   0  29   0   0   0  12   0   0   0   0   0   0  39   0   0   0   0   0   0  28  35   9   0   0  39  12   0  11   0   0  36  23  31   7  11  34   0  21   0   0  37  16   0   0  39   0   0   0   0   0  24   0  21   0  23   0   0  15   6   2   0   6   0  39  34   4   1   0   0   0  38  22   0  13   0   2   0  17   0  33   4  24   8   0   0   8   0  16   4   0   0  14   0  43  32   0   0  39  37   0   5   0  45   0   4   0   0   0   0  22   2  44
   0  46   0   2  27  47   0  18  31  45   0   0   0  49   0   0   0   0  28  40   0   0   0   1   0   0   0  50  35   0  12   0   0   0  29   0   0  36   0   0   0   2  37  14   0  17   0   0   0   0   5  35  28   0   0   0   0   0   8  42  29  13  26   0   0   0   0  17   0  31  34  20  39   0  28   0   4   0  34   0   0   0   0  37   0  45  37   0  44   9   0   0   0   0  41   0  48   0   0  49   0   0  11   0   0  43  21  27   0   0   0   0  29  12  10   7   0   0  40   0   0  21   0   0   0  18  23  22   0   0
   1   0   0  48   0   0   0   0   0   0   0   0   0   2   0   4  23  34  34  36  49  26   0   0   0  29  29   0  38  20  12  25   0   0  50   0   0   0   0  36   0  18   0   7   0   0   0  29   0  24   0  38  21   0   0   0   6   1   1   0   0   0   0   0  27   0   0   0   0   0  37   0  28   0  18  47   0   0   0  39   6  13   9   0  12   0  48  13   0  18   0  11   0   0   0   9   4  35  43  19  26   9  47   0   7  20   9   0   0  14   0  15  50   0  23  27  13  37  49  29   0   0   0  19  11  21  35   0   6
   0  20  39   0  45  13   0  41   0   0  24  25   0  19  19   0   3   0  28   0  44  44   0   0   0  49   0   3  47   0  34   0   0   0  20  39   0   0  47  16  25  47   0  41  21   0   0  16  48  25  35   5  19   0   0   0   0   0   0  16  28  47   0   0  44   0  32   0  22   0   0  30   0   0  17   0  36   0   0   0  28   0   0   0   0  41   0   0   0  20  43   0   8   0   0   0  29  12   9  21   0   0  23   0   0   0  13   0   0   0   0  50  10   0  15   0  23   0   0   1   0   0   7  33   9   0   0  46
  49   0  19  10  44   0   9   0   0  28   0   0  45  22  25   0   0   0  19  24  16   0   0   0   0   0   3  10  42  33   0  24  46  11   4  29  32   0   0  50   0   0  34  45  45   6  27  45   0   0   0   0  48  40   4  46   0  20  44  22  48  42   0   0  39   0   0  18   0   9   0   1  48   0   0  30   0   0  19   4   0  25   1   0  31  43   0  42  17  40   0  34  28  27   0  14   0   0  13  24   0   0   2  23  19   0  15   0   9   0  10  19   0   0   0  19   0  42   0   0  47   0  35   0  48  23  29
  34   8   0   0   0   4   0  33  38  20  32  34  23  40   4  12   0   0  39  28   0   2  40   0  33   0  39   0  41  43  49   0   0  46   0   7   2  32   6  15   0   0  22  20   0  25  34   0  44   7   0  15   0   0   6   0   0  27   0  49  40  42   0   0  40  10  41  12   0  42   0   0   0   0   0   1   0   0   0   0   0   0   0  31  22   0  42   0   0  41   0  17   0  17  13  34   0  16   6   0   0  24   0   0   7   0   0   0   0   0   0   0   0   5  50   0   0  43  39   0  12   0   0   0  30   6
   0   0   0   0   0   0  30   0   9   0  36   6  13   0  17   3   0  33  30   0   6   0   0  40  15   9   0  41  47  18  26   0   0   3  38   0   0   0   0   0   0  14  46  27  29   0  25   0   0  34   0   0  30   0   0   0  10   0   0   0   0   1   0   0   0   0  40   0   9  27   0   0   0  44  32   7  49  16   0  17  14   0  11  50   0   0   0  31   0   0  18  14   0  38  27  18   1  27   0  43  10   6   0  33  34   0  12   0   0  31   0   0   3  20  26  22  49   0   0   0   0   0  36   0   0
   0  35  46   0   0  49  27   0  46  12   2  17   3   0  23   0  14  48  33   0  40  36  47  32  13  39  36   0   0  26   0   0  38  18   0  45  10  13  40   0   0   0  18   0  50  33   0  20  41  35   0   0  40  11  10   0   0   0   0  38   0  16   0   0   1   0  33   0   0   0   0   0   0  37   0   6  27  14  18   0   0  33   0  25  50   0   0  46  37   0  11   0  41   0   5  35  20   0   0  45  50   0   0   2   4   0   0  32   0  48   0   0   0   0  47   0   0   0   0  35   0   7  16   0
  24   0   0   0   0  28  25   0   0   0   0   0   9  43   0   3   0  50   0   0  27   0   0   0   0  37   0  35   0   0   0   0  43   0   0   0  15   0  39   0  16   0   9  23   0   0   9  22   0   0  35   0  21  45   0   0   0   0  29   0  26   0  21   0  25   0  45  27   0  19  29  13   0  18  50  12   0   0   0  16  16  11   0   0   0  47   0   0   0  41  47   0   0   0   0  17  24   0   0  36  45  47   0  23  46   0  30  37  29  36   0   0   0   1   0   0  29  16   0  19   0   3   4
   0  46   0   0   0  15   0   7   0  11  25   0   0   0   0   0  16   0   0   0   0  40   0  37   0  13  18   0  45   0   2  22   0  50   0   0   0   1   0  11  21  25  39   0  20   0   0   0   0  30   0  15   0   0   3  34   0   9   0   0   0  26   3  47  36  19   0  20   0  32   0  34  39  50   0   0  32   0   0   0   0   0   0   0   4   0   0  11   7  17   0   0   0   0  27   0   0   0  34  14   0  13  40   0  22   0   0   0  29  16   8   0   0  22  41  37  45  10   0   0   0  26
   0   0   0   0   0  12  27   0   0   0   8  33   0   0  32   0   0   4   0  49   0   0   0   0   0   0   0   0  17  23  41   7   0   0  36  27  38   0   0  47   0   0  40   0   0   0   0   0  24  42   3  19  28  46   0   4   0   0  29   0   0   0  22  19  49   2  33  26   0  24   0  23   1   0   0  43   2  40   0   0   0   1  38   0   8  27   0   0   0   0  32   0  17   1  24  48  29   0  34   0  25  49   0   0  10   5  45   0  20  23  31   0   0   0   0   0   0  17   0   0   3
  50   0   0  19   0  45   0   2   0   0  20   7  41   0   0   0   0  17   0   0   0  45  45   0   0   2  27   0   0  45  34   0  25   0   0  45  38  46  44  22  30  27   0  26   0   0   0  19  21   0   0  47   0  31  28   0   0   0   0   0   0   0  21   0   0  35   0   0   0   7   1  19   0   0  37  19   1   0  41   0   0   0   0  24  49   0  38   0  36   0  45   6  27  28  14  21  25  28   0   0   0   0   0   0   0   0   0   0  23   0   0  12   0  15  42   5   0   6   0   0
   0  24   0   0  26   6   0  11   7   0  34  13   6  26   0   0   0   0  48  19   0  42   0  42  18  11  43   0   0  42  21   0   0   0   0   0   8   0   0   0   9  22  34   0   0  48   3   0  41   0   0  43   0  20  28   0   0  45  17   0   5   0  46   0   0   0   0   0  39  21  18  25  10  46  43   0  26  38  47  17  47   0  31   0   6   0   9   3   0  36  38   1  23  31   0   1   0  36   0  36   0   0  44   0   0   0  22   0   0   0   0   0   0  38   4   0  37   0  40
   0   0  10   0   0   5  38   0   0   0   0  29   0  28   0   0  40  17   5  42   3   0   0   7  14   0   0   0   9   0   0   0  34   0  28   9   0   0   0   0   0   0   0  40  38   0  25   0  38   0   0   1  31   0   0  50   0   0   0   0   0  32   0   0   0   0   0   0  13   4   0  29   0   0   0   0  40  24  15   8   0   0   0   0   2  18   0   5   0   0  46  12  46  15   0   0   0   0  18   0  43  27   0   0  28   0  20   0  48  27  34  43  35  23   0   0  31  34
  38   0   5  42  10   0   9   1  49   0  23  29  18  49   0  32  44   0   0  41  16   6  29   0  36  40  24  21   0   8   0   0   1  42   0  23  20   0   0  22  45   0   0  36   0  15  23  23  37   0   0  17  11   0  44   0   0  35   4   1   0  24   0   9  35   0   0   0  28  31   0   0   0   0  10   1  21   0   0   0   0  39   0  17  41  23   0  10   0   0   0  40   0  38  13   0   0   0  17   0   0   1   6  25   0  18  29   0   4   0   0   0   0  31  40  42  20
   0   0  42  39  43   0   3   0  25   3  10  37  23  36  12  16  30   0   0  44  37  46  28   0   3   0   9  30   0   0  46   0   0  31   0   9  42   0  32   9   0  22   0   0  32   0  29   0  36   0   0   0  11  42  42  20   0   0   0   0  46  35   0  36  26  39   0   0   0  26  10  46   0   2   0  38   0   0   0   0  24   8   0   6   0   2   0  46   0   0  49  25   0   0  42   0  26   0  36  46   0  30  18   0   0   0   0  32   2   0   0  15   0  38  45  24
   0   0   0  17   0  27  25  29   0   0  11  15  41  19  41   9   7   7   0   0  20   0   0   0   0  38  10  33   6   7   0   0   0  44  45   0  34   0  28  27  31  13   0   0   0   0   4  25   0  27  21  12  35  26   0   6   0   0  15  48   0   4  14   0   0   0   0   0   0   0  15   0  16   0   0   0   0  17   0  25   0   1   0   0  13  19  35   0   0  31   0   0   5   8  45   0   0   0   1   0   3   0  40   3   0   0   0  48  21  26  29   0   0   0  34
  43   0  32  16  24   0   0   0  30   0   9   0   0   0   0  48   0  34   0   0   0  20  48   0  14  48  33   0   0   0  30   0   0   2  16   0   0  47   0   0   0  48  10   0  46   5   0   0   0   0   0  24   0  12  48  25  19   0   0   0   0   0   0   5   0   0   0   0  29  11  38   0   4   0  15  40   0   0  24   7  15  50   0  11   0   0  45   0   6  38   0  12  22   0   0   0   0  42   0   0  15  44  32   5   0   0  19   0  22   0   0   7  39  25
   9   0  29   0  31  45   0   0  46  27   1   0  42  50   0  13  10   0   0  17   0   0  46   0   0  29   1  18   5   0  39   0  21  18  36   0  12   0   0   0   0   0  37   0   0  15   0   0  38  35  38   0  45  40   0   0   0  19  16  44  41   0   0  28   0  18  39   0  10  13   0  41   0  34  40   0  27   0  10   0   0   0  34  11  49   0  27  11  34  15   0  47  27   0   0   0   0  23  45  14  34  31  37  21  15  31   0  45   0  11  25  32   0
  44  21   0  39   0   0  29   0  48   0  15  41   8  42  45   0  44  20   0   0   7  50   0   0  21   0  33  21   0   0   6  35   0   0   0   0   0   0  20  33  19   0   0   0   1  46   0  37   0  26  36   0   6   0  14  39   0   0   0   0  15  40   0  10   5  34  27   0  47  48  29  29   0  42   0  25  37   0  43   0  43   0   2   0   0  13   0  19   0   0   0   0  12   2  46  10   0   0  31  18   4   0   0  34   0   0  41   7  16  46   0  25
  26  32   0   0   0  47  14  33   0   0   0   0   5   0   0   0  12   0   5  43  15   0   0  50  32   0  26  26   0   0  11   0  28  28   0   0   0  43   7  20   0   0   0   0  11   0  23   0   0   0   0   0  30   0   0   0  46   0   0  50   0   0   1  41   0   0   0   0   0  32   0  24   0  44   0   0  24  42  30  38   0   0  26  26  34   0  41  40  10   0  46   0  41  14   0  13  36  39   0  48  19  27   0  32   0  43  27   0   6   3   0
  45  31   0   0  28  46  13  26   0  39   0  23   0  29  13  13   0   5  35   0  34   0   0   0   0  23  11   0   0  50   0   0   0   0   0  49   0   0  31  16   0  29  30   0  43   0   7   0  41   0   0  18   0  50  12   0  42   0   0   0  12   0   0   0  26  14   0  35  26  42  25   0   3   0  47  33   0   0   8   0   0   6   0   0  21   0  39  17   0  20   0  21   0   0   0  39   0   3  16   9  30  17   0   0   0  20   0   0   0  21
   7  49   0  25   0   9  12   0   0  13  18   0   0   0   0   0   1  23  45   4  45  27   0   0   0   0   0   3  20  21   0  22   0   0  33  11  33   0   0  15  47   0   0   3   0  26  46   0  19  44   6   0   0   6   0   0   9   6   0   0   0   0  50   0  32   0   4   0   0  37   0   0   8  41  40  22  11   0  46  46   0   0  40  47  14  29   0   1   0  12   0  45  19   0  13   0   0  41  44   5  47  41   0   0   0   0   0  46   4
   0   0   0   0   0   0  33  29  46   1   0   0   0   0   0   0   0   0   0  26  44  41   2   0   0   0   0  16  41   0  23  41  40  50   0   8   0  38  26  42   0  36  14   2  20   2  45  15   0   0   0   5   0  30  18   0   0  19  48  48  25   0   0  48   0   0  34   0   0  19  50   0   0   0  24   0  16  33  12  37   0   0  40   0  37   0   0  47   3  31  12   0   8  40   6  17   0  13  27  35   1  21   0   0  15  27   0   0
  17   2   0   0  32   0   0   1   0  41   0  47   0   0   0  11  47   0   2   0   0   0  26  22  16   0  26   0   0   5  16  16  27   0  17   0  21  31  20   0   8   0   0   0   0  46   0  30   4  48   0   3   0   0  48  12   3   0   0  50  25   0  11  37   0   0   0  26  31  13   5   4   0  34   0  43   0  19   0   0  14   0   0   0  28   0   0  26   0  12  19   0  47  49   0  49   0  19  19   0  30   0   0  10   0  37   0
   0   0  44   0  13  39   0  33   1   0   0   0  48   0   0   0   4   0   0  37   0   0   0  14  30  27  43   0  49   0  29  39  36  49   0   3   0  21   0   1  28   5  47  35   0   0  45  28   0  24  11  38  17   0   0   3   0  20  15   2   0  24   0  16   0   0   0   0   0  41   0   0   0  29  30  12   0  12   0  27  42  45   0  26   0   9  41   3  37  21  13   0   0   0  28   0   0   0  22   3  49  32  26  21  14  25
   0   0   0  37  13   0   0  35   0  20   0   0   0   0  25  32   0   0   7   0   0  29   0   0   0   0   0   0   0  49   0   0  10  32   0  40  31   0   0   0   0   0   0  25  31   9   0   0  13   0  28  11   0   1   0  30   0  26   0  47   0  35   0  21  31  12   0  34   0  38   0  25  49   0   4   0  24   0   0   0   0  37  42   0  19   0   0  47  48  38   0  47   0   0   0  20  45  18  32   5  43   0  41   0   5
   0  24  13   0   0   0   0   0   0   0  50  20   5   0  47   0  22   0  50   0  43   0  38   0   0   0  30  25   0   0   0   0  33   0  22  44   8   0   0  27  31  11   0   0  35   0  22  23  22  27   0   0   0  18   0   0  22   0   0   2   0  50   0  35   0   0   0   0   0   0  36  48   0  14   0   0  27  16   0   0   0  27   0  37   0   0   0   0   0   0   0   0   0   0   0   0  42   1   0   0  32   0   6   0
  49   0  30  29   0  45   0  23  41  46  35   0   0  14  24  42  45   5  13  46  39   0  49   4   0   0  39  41   0  13  14   3   0  38   0  39   0   0  27   0   0  42  33   0   0   0  40   0   0  37   0   0  44  27  38  39  38   0  30  21   0   4   0   0   0  15  28   0  23  35   0   0   5  17   0  44   0  37   0   0   0   0   0  48   4  31   0  13   0   0   0  28  16  35   0   0   0   0   0   4   0   0   0
   7   0   0   0  47  20  48   7   0   9  34  25   0   0  21   0  11   2   0   9   0  49   0  27   3  38   0  48   0   0   1   0   0  40  31  22  39   6   0  41   0   0   0   0  38   0  33   0   0   0   0   0  43  11   0   0   0  13   0  19   0   6   3   0   0   0   0  13   0  50  41  23  25  38   0   0   2  33  47   0   2  20   0  20  46   0  41  49   0   0   0  24   0   0  13   0   0   0   0   0   0   0
  33   0   0  35   0  45   0   0   0   0  38  44   0   0   0   0  44   6  28  17  34  39   0  44  25  36   0   0  14  23   0   0  42   4   0   0   0   0   0  10   1  15   0   0   0   3   0   0  14   0   0   0   0  10   0   3   0   0  49   9   5   0   0  40  25   9   0  23   0  11   0   0   0  13   0   0  45   2   0   0  11   3   0   0  16  26  12   0   2   0   0   0   0   0  23   0  18  11  16   0   0
   0  28   0  29   0  42   0   0   0  40   0  33   0   0  32   0  27   0   0  49   0   9  17   0  18   0   0  28  50   0   6  25  19   0   0   0  41  34  31  40   0   9   0   0   0  47   0   0   0  20  27   0   0  32   0   0   0   0  33   6  30   0  24  30  21  37   0  13  19   0  50  20  39  29   0   0   0   0  27   0   0   0   0   0  46   0   0   0   0   0   0  26   2  22   0   0   0  16  35  27
   0  39   0   0   0  42  21  48   0  30   0   0   0  36  22  22   0   1   0  33   0   8  21  18  37   0   4   0  20   0   0   0  10   7   3   0   0   0   0   0  31  34  11   0   0  46  16   0   0   0   0  41  46   0  44   8   0  21   0   0   0   0  26  37   0   0   0  15  48  24  38  21   0  10   0   0   2   0  40   0   0   0   8   0   0  50  48   0   0   0  43   0  19   5   0   0   0   7   0
  42   0  50   0  33   0   0  17  15  49  13   0  10   0   0   3  41   0   0   6   3  27  27  30  33   0   0   0  30   0   0   0   0   0   0  32  38   0   8   8  39  29  27  28  49   0  34   0   0   0  13  46  39   0   4  42   0   0   0   0  28   0   7  22   0   0  33  45   0  43   0   0  42  21   0   0  39   0  40  19   0  31   0  16   0   0   0   6   0   0  36  30  42   4   0  50  41   0
  33   0  15   0   0   0  31   0  13  38   0   0  39   2  24  11   0  45   0   0  43  22   0  12  23  46  13   0   0  26   0  50  27   0  41  30   0   0   0  15  19   0  26  21   8  16  14   0  22  16  25   0  29   0   0  37  46  17  30   0   0   0  21   0   0   0  16  34  41   0   0   0   0   7   0   0   0   0   0   0   0   9  27  33   0   0   0   0   0  25   0  47   0   0   0   0  50
  39  27   0  27  39   6  40   0   0   0  21  50  38  46  26   0  24   0   0  40  44  34   5  29  43   0   8  31  44  36  48   9  47  40   7   0   0  34  35   0   0   0  50  35  21  13  46  28   0   8  35  14  41   0   0   0  33  37   0  10   0   0   0   0   0   0   2  48   1  43   0  39   0   0   0   0   0   0  25  31  46  38   7   0   0   0   0   0  36   0   0   0  50   0   0   6
   0   0  38  49  19   0  24  49  41   3  23  20   0  33  43   0   0   2   0   0   0   0   0  11   0   1   5  30   5   0   0   0  48   0  21  40  32  14   0   6  42   6   0  26   0  11  36  22   0   0  35  33   0   9   7   0  18  40   0   1   0   0  19  40   0   6  11   0  45  37  50  27  45   2   0   0  33   0  31  20   0   1   0   0  38   0   0   0   0   0  27  35   9   0   0
  10   0   7   6   0  15  28   0  17   0  19  42   0   0   0   0  31   0   0   0   0   7  29   0   0   7   0   0   0   4   7   0   0   3  41   0  19   0   0   0  21   0   0   0   0  50   0   0  42   0   2   0  39   0   0   0  20   0   0   0   0   0   0   0   0  42   0   0  16   0  11  16   0   8   0   3   0   0   0  22   0  35   4   0  30  34  48   0  40   0   0   0  39  27
   0   0  32   0  22   0   0   0   0   2  25   4  22  10   0   3   0  19   0  46   9   0   0  28   0   5  35   0   2  49   0   0  32   0  49  31  28  49   0   0   0   0  17   0   0  47  19  41  50  42  38   0   0  35  15   0  44   0  23  44  44   0   0  33   0   0   6   0   2   0  34  37  18  27  15  15   3   0   0   0   0  46  39   0  45  13   0   0   0  44   5  39  19
  26  10   0   0  21   0   0   0   0   0  27   0   0   0  24  16  45  28   0   0   7   0   0   0   0   9   0   0   0   0   4  23  38   0  20   0   0  24  49  11   0   0  46   0   0   0  43  38   8  45  43  50   0   0   0   0   0  32  42  43  44   0  14   0  28  38   0   0  21   0   0  41   0   0   0  18   0  50   0   0   0  30   7   0   0   0  48   0   0  50   0  29
  48  25  22  24   0  24  19  49   0   0   0   0  14   0  27   6   0   0  19   0   0   9   0   0   0  29   1   0  22  50   0   8  36  32  13   0  42   0   0   0   0   1   0  35   2  38  47   0   0   0   0   0   4   0   0   0   7  41  46  27   0  22   0  18   6   0   0  30  31   7   0   0   0   0  19   0  37   0  39  47   0  29  18   0   0   0  42   5   0   0  50
   0  45  24   0  27   0   0   0  43   0  40   7  45   0   0   7  29   0  42   0  27   0  42   0   5   8  28  25   7  20   0   7   0   0   0  11   0   0  12  50   0   0   0   0  10   0   0   0   0   0  26  24   0  13   0   0   0   0  39   0  33  26   0  24   0   6  42   0  38   0   4  25   9   0   6   0   0   0  29   0   0  10  43   7  33   0  44  18  22   0
   5   0   0   0   7   0  26  44   0   0   5   5  18  30   0   0  41  33   0   0   0  48   0   0   0   0   1  49   0   0   2   0   0  29  42  44   0  18   4  49   0  50   0   0  41   0   0  27  25   0   0   0  13  40   0   0  18  18   0  44  21   0  18   0   0   0   0   0   0   0   4   0   2  12  15   8   0  46   0   7   0  40  37   0  26   0   0   0  19
   0   0   6   0   0  43   0  23  27   3   0   3   0   6   0   0  19  42  47   0  13  10   1  38  43   0   0   0  27   0   0   0  47   0   0   0   6  17  36   0  45   0   0   0  16   0  31   0   0  46   0  30  46   0   0   0  25  26  17   0  36   0   0  28   2   0   0  20   0  17  50   0   0   0  17   0   9  42  25   0   0   2   0   0   0   0  30  47
  20  34  45  25  41  21   0  41   0   6   0   0  19   0   0  12  50  43  28   0   0  46   0   0   0  38   0   0   0   0  35  10   0  25  13   0   0   0  44   0   0   0  38   0  32  27   0  42  30   0  25  16   0   0  17  25  22   0  35  27   0  16   0  39   0   6  27   0   7  37   0   0  50  26   0   0   0   0   0   0   0   0   0  27   0  26   0
  14   0  12   0  37   0   0   0   0  50  40   8   0  35   0   0  50   0   9  24   0   0   0   0   0  28   0   0  24   0   3   0  19   0  10   0  49   0  12   0   0  45   0   0   0   0   0   0  28   0   0   0  44   0   0  38   0   0  43  31  34  36   0   0   5  50   7   0   0   8  35   0   0  44   0   0   0   0  10  38   0   0   0   0   0   0
   0   0  50   0   0   0   9   5   0   0   0  28  32   0  41   0   0   0   0   0  49   0  33  45  19   0   0   0  19  27   0  43   0   0   0   2  18   0   0   0   0  35   0   0   0  33   0   0  49  23  50   4   8  41  26   0  28   0   0  10  44   0   0   0  37   0  25  24   0  23  13   0  26  13  22   0   0  47   0  36   0   8   0   2   0
   8   2  34  17   0   0  40   0  46   0   7  18   0   9   0   0   0  22   0   6  28  32   0   0  48  33  22   0  16   0   0  26  19   9  25   0   0   0   0   0   0  18   0  46   0   0   0   0  25  46  12   0  11   0   0  25   0   0   0   0  21  39   0  15   0   0   0   0   0  11   3   0   0  10  11   5   0   0  29   0  24  26  33  24
   0   0   0   0   0  48  17  14  50  40   0   0  48   0   0   0   0   0   0   0   0   0  42   0   0   0  41  43   0  38   0   0   0   0   0  28   0   0   0   4  24  48   0  20   0   0  22   2   4   1   0   0   0   0   0   0  27  45   0   0  42   0   0   1  14  47   0  48   0  15   8   7   1  36  27   0  32  24   0   0  23   0  23
  23   0   0  24  35   0  12  30  12  14   0   5  38  20  29   0  30  37  37   0  30   0   0  47  30  39  20  10  28   0   0  46   0   0   0  33  34  40   0  45   0  15   3  47   4   0  48  32   0   0  17  28   0  41  31   0   0   0  25   6   0  33  47   0   0   3  11  10  50  15  32   8   3  49   0  40  23   0   0  36   6   0
   2  10   7  30   0  11   0  48   0   0   0   5   0  19  50   0   0   0  25   0  36   0  37   0   0  43  24  10  34  27   0   0   1   0   0   0   0   0  23   0  38  33  26  22  16  43  23   0  33  38   0  40  35  42  16   0   0  24   0  24   4  31   0  13   0  11   0  31   0   0   0   0   0   9   0   1   0  26   0  50  18
   0   0   0   0   0  35  28   0  13   0   0  44   0  21   0  28   0  49  11   0  46  39   0   0  21   0   1   8   0   0   0   0  12   0   0   3   0   0  42  12   0   0   0   0   0   2   0  45  15  27   0  25   0  24  19   0   0   0   0   0  24  11  14   0  43   0  28   0  11   0   9  34   2   0   0  32   0   8   0   0
   0  22   0  36  48   0   0   0  30  30   0  45   0   0  26  24  18  30   0  19  49   0   0  29  47   0   0  43   0  25  49  40  10  19  17   0  22   0   0   0  17   0   0  12   0   0  20  12  50  15   0  12  39  17  45   0  34  41  15   0   3  31   7   0   0   0   0   0  27   0   0   0  22  48   7  42   0   0   0
   0   0   0   0   0   0  45   5  37  45   0  29  22   2   3  43   0   0  50  14  36  25  45   0   0   4   0  13   0  27   0   0  25  32  43   0  20  46  10   0   0   0   0  24   0  25   0   0   7   0   0  18   0  34  21   0   0   0  18  45   0  10   0   0  31   0  16  23  20  28   0   0   0   0   0  34   0   0
  17  12   0  46  40   0   0  50  33  39   0  36   0  14   9   0  27  21   0   0  40  24   0  40   0  10   0   0   0   0  33  21   0  29  28  43   6   1   0   0  37   6   0   8  43   1  50   0   0   0   0  43   0   8  35  35   0   0  38   0  19  10   0  35  46  43   0  33  36   0  48  49  38  44   0   0   0
   0   0   0  35  10  50   0   0   0   0  26   0   6   0   0  12  20   3  45   0  47   0  39   0  33   0   0   0   0   0  39   0   0   0  39   2  30   6  35   0   0   0  45   2   0  28  42   0   0  12   2  36   0  47  46  22   0  41   0  29   0  26   0   0   0   0  29  33   0  23  22  18   1   0   0  24
   0   0   0  43   0   0   0   0   0   0   0  30   7  10   0   0   0  42   0  24  37   0   0  48  50   0   0   0   0  25   8  29   0  37   0   0   9   0   0  29   0   0   0   0   0   0   0  44  45   0  33  23   0  19  32   0  45  25  15  28  33   9  34   0   0   0  41   0   0  37  43  33   3   0  49
  47  48   1   0  30   0  18   0   0  10   0   0  10   0   0   3   0   0   0   7   0   0  42   8  40  44   0   0   0   0   0   0   5  31  14   0   0  10   0  27   0   2   0  41  33   0  37   0  32   7   0  33   0   0  33  11  25   0  43   0   1  36  38   0   0  39  13  50  33  13   0   0   0  27
   1   0   8   0   6   0   0   0   0  49   8  49  35   0  12   0  31   0   0   0  24  50   9   0   0   8   0  50   0   0   0   0  45  47   0   0   0  42   0  17   0   4  41   0   0   0  14   0   0   0   0  33  43  40  50   0  25   0  14  34   0  13   0   0   4   0  49  20  33  47   0  17   0
   0   0   0   0   0  36  13   6  28   0  39   0   9  32  23   0   0   0  49   5   0   0   0   0   0   0   0  41  15  47   0   0  38  11   0   0   0   0   0  38   0   0   0   9   0   0   0   0   0   6   0  38  10  15   0   0  49  31  33   3  21  36   9   0   6   0   0   0  32   0  49   0
   0  29  20   0   0   0   0   0   0   0   0   0   0  34  42  17   0   0   0  14   0   0   6   0   0  19  32   0  44   0   0   0   0   0  42   0   0   0   0  30  11  20  18   6   0  20   0   0  20  26   6   0  32   0  26   0  40  32  13   0  29   0   1   0  34  21   7   0   0  12   0
  35  14   0  33  14   0  31   8   0  14   0  32   0   0   0  33   0  26  23   0   0   0  11  22  49   0   0   0   0  39   0   0   0  46  38   0  34   0   0  23   0   0   0   0  33  20   0   0   0  15  10   0  40  13  30   0   0  32  40   0   0   0   0   0  38   0   0   0  43  36
   0   0   0  27  38   9   0  44  11   7  28  27  38   0  42  26   6  16   9   4  30   0   0   0   2   0   0   0  29  47   0   0   0   0   0  36  16   0  38   7  50   0   0  34  16   4   9   0   0   0  26   9  37  48   0   5  47  14   0   0  13   7   0  44   0   0   8  12   1
   4   0  38   2  49   0  22   0  27  32  12  46   0   0   0  30  42  17  10  43   8   0  17  20   0   0  34  35   0  12  11  22   0   0   0  16   0  48   0   0  14   2  38   6   0  32   0  14   0  31   0   0  16   0   0  32  19   0   0   5  34   0  17  11   0   0  20   0
   1   0  35  15   0  38   0  40   1   0   0   0   0   0   0  40  35   4   0   0   0   0  12  20  11   3   0  30   7  39   0   0   6  29  24   0   0   0   3  26  16  18   0   7  49   0  27   0  30  47  26   0   0  10  23  17   0   0   0   0   0   6  17  18   0   0  48
   0   0   0   0  10   0  46  30  45   0   0  46  40   1   0   6  14   0  30   0   3   0  29   0   0   0   3   0   0   0   0   2  12  12  33   0  24  44   0  20  44   0  34   0  25   0   0  14   8  36   0   0   0  30  31   0   0   6   0  23   0  29  45   9   0   0
   0  31  36   0   0   0   5   0   4  10   3  35  49  10  27  17  34  35  34  10   0   0  34   0   0   0   0  43   0   2  18   0  26   0  21  28   0  19  27  23  42  26  12   0   2   0  34  31  40   5   0   0   4   0   0  13   0   6   0  34  22   0   0  50   0
  42   5   1   2  23  32   0   1   1  29   5   0   0   0  49  39  22   0  44   2  41  43  20   0  42   0   0  14   0   0  19  41   0   0   0  18  49  24  11   4   0  50   0  31   0   9   0  15  33  12  49   0   0  42  42   0  33  30  23   7   0   0   0  37
  41   2   0  15  20   0  32  23   0   3  28   0   0   0  50   0   0  46   0  50  17   0  12   7   0   0  38   4   0   0   0  43  44  27   0   0  25  29   0  46   0  13  50  22  34   0  50   0   8   0   5  33   0   0   4   0   0  22   0  14   0   0   0
  26  36  12   0   0  37   0  20   0  36   0   1  42   0   0   0  42  27   0   9   4   0  41   0   0   0  36   0   0   0   0  21  21  47  38  41   0  46  35   0   8  34   0   0  19   0  29  31   0  31   0  42  22  39  50  29  25   0   0  47   0   0
  30  44  15   0  28  26   0  45   0  23   0   6   0   0  34   0  45  44   0  11   0   8  43  24  18   0   0   0  50   0   0   0  16  44   0  18   0  26  12   5   0   0  37  31   0  37   0   0   0  23  18  21   0   0   0   0   0   0  28   0  40
  46  30  19   0  50   0   0  13  32  39  15   5   0  17   0  34  18   3  39  13  12  42   0  40   0  30   0   0  40   0  43   8  10  26   0   0   0  14  27   0  31  30  16   0  23   0   0   0  45   0   0   0   0   0   3   0  14   0  50  30
  33   0   0  45   0   0   0   0   0   6   0   7   0  13   0   8  37   0  26   7   0   0   0   0   0   0   0  26   0   2  15  41  18   0  45   0   0   0  15   0   2   1   0   0   0   0  31   0   0  40   0   0   9   0   0   0   0  15  23
   0  21   0   0   0   0  14   0   0  18  10  50   0  11  21  33  12   0   0  49   7  16   9  41   0   0  23   3   0   0  47   0   0  25   6   0   0  49   0   0   0  12  36  16   0   0   0   0   0   7  18   0   0   0   0  45  44   0
   0   0  43  46   0  28   6   0  19  19  39   0   0   0  10   0   0   0  42  10   9   4  14  10  17   0   6   0  42  10   0   6  19  23  38  50  23   2  12  31  19   0  29   1   0  22   0  48   0   9   0   0   0  23   0   0   8
   0   0  34   0   0   0   6   0   0  23  26   0  34   0  16   0   0   0   0   0  14  49  33  44   0  18  27   0   0   0  19   0  23  34  34  32   0   0  30   6   1   0   0  45   0   0   0  42   9   0  22  13  32   0   0   0
  37   0  50  33  50   8  24   0  18   0   0  39   0  23   0  24   0  30   0   0   0   0   0   0  19   0   0  18   0  28  27   0  40   0   0  35  19   0   0  35   0  29   0   0   0   0   0  47   0  10  36   0  10   0   5
   0  10   0   0   0   0  27  32  33  19   0   0   7   4   0   0  18  41   0   2   0   0  37   1   0  50   0   0   0  41  47  46   0   0   4  15  49   0   0  17  16  46   0   4  24   0   9   0   0   5  35   0   0   0
   0   0  14   0   0   0  16  19  43   0  44  10  38   0   0   0   0   0  33  16   0   1   0   0   1  24   0  36   0   9   0   0  50  21  18   0   0   0   0   0   0   0   0   0   0   0   0  34   0   0  17  43   0
  35   0  43  23  37   5  24  20  20  41   4  23  37  19   0  44   0   0  28  27   0   4   0  11  43   0  30  48   0   7  12  17   0   0   0   0   8   0  45  44  40   0   0   0  33   0   0   0   0   0   2  27
   0   0  29   0  10   0  48  11   0  20   0   4   0  41   0   0   0   0  25  24   6  31  35  24   0  26   0  23  15  30   0   0   0  45   0   0  43   0  48  45  39   0   0  30  26   0   0   5  27  27  14
  24   0   0  30  17  33  37   0   0   0  22   0  22   0   0  14  12   0  23   0   0   0   0  40  46   0  11   0   4   0   0   0   0  50  44   0  21  24  47   0   0   0  49   0   0   0   0   0  36  44
  37  39   0   0  43  12  46   0  22   0   0  37   5  49   9  15   0  39  35  24   0   0   0   0  31  34  45  15   0   0   1   0  22   0   0  28   2  36  42  44  33   0   0  33  32   0  27   0  34
   0  17   0   0   0  12  14   0   0   0   0  38   0   0   0  37   9  40   0  10  10  40  14   0  43  12   0  47   2  23   3   0   0  35   6   0  21   2   0   0   0   0   0  33   0  36   1  20
  17  28   0   0   0   0   0  22   0   0   0   8  12  42  10   7  26   0  16   0  49   5   0  49   0  49   0   7   0  13   0   0   0  14  14   5   0   0  17   0  31   0   0   0   0   0  40
  29  48  14  38   0  48   1  43  22   0  21   1   0   0   0  35   0  46  10   9   0   0   0  43  26   0   1  25   0   0   3  23   0   0   5  40   0   0  24  33   0   0  25   0  49  28
   1   0   0  11  39   0  42  21   0  24  18   0  19  50  34   0  36   0   0  24   7  10   0   6   0   0  40  31   0  16   0   0  21   0   0   0  20   0  36   0  37   6   0   0   0
   0   1  20   0   0   0   0  30   0  14   0   0   0   0  23   0   0  25   0  32   0  14   0  25  30   0   0  10   0   0   9  49  32   0  42  38   0  39   0   0  49   0   0   0
   0   0   5   0   0  38  35  15   0  20  34   0  18   0  39  34  50  38  27   0   0  41   0  45  47  36  42   0  32   0   1   0  16  11   0  48  31   0   0   7   2   0   0
   3  24  14   0   0   0   0  33  10   0  21  24  32  48  35  35   0   0  19  29  31  23   0   0   0   8  48   0   0  49   0  33   0  28  46  43   2   0  33   0  37   0
  37   0  11  30  32   0   0   0  35  34  11   5   0  50   0  32  31   0   0   0   0  31  26   0   0  20  15   0   0  44   0  17   0   0   0   0  39   0  27   0  25
   0  47  47   0   0  32   0  37   0  37  47   0   0  12  38   1  40   8   0   4  24   0   0   0   0   8   0  45   0  44   0  17   0   0   0   0   0   0  49  38
   0   0   0  48   0   0   0   0  50   0   0  50   1  46   0   0   0   0   7   0  17  41   0   0   0  10   0   6  36   0  23   8   0  41   0  36   0   0  21
  37   0   0  46  17   4  49   0   0  44  24  18  41   3  15   0  11   0  36  33   0   0  17   0   6   0   0   0   0   0   0   0  15  46  24  43   0   1
  33   0   0   0   0   0  35  21  22   0   0  43   0   0   0  24  44  23   0   0   0   0   0   0   0   0  46  43   0   0   0   0   0   0   9  35   0
  42  47   0   0  27   0  20   0   0  49  32   0  46   0   0   0   0  25   0  38  16   0  13   0   0   0   4  22   0   0   0   0  16   0  18   0
   0  14  13   0   0   0  50   0  23   0   0   0  31  25  11  19  39   0   0  14  36  40  43  18   0   0   0   0   0   0   0  48   0   0   0
   0   5   0  32  16  12   0  42   0  35   0  12   0   0   0   0   2  50   0   0   0   0  43   8  12  20  37   0  32  19   0  44  20  32
   0  19   0   0   0   0   2   0  27   0  15   0  10   0   0   0   0   0  11   0  46  40   0   1  46   0   0   6  29   0   0   0  17
   0  45  46  10   0   0   0  47  36   0  23   0   0  28   0   0  41  10  25  23   0   0   0   0   0   0  27   9   0  33  29   0
  35   6   0  15  11  28   0   5  30  39   0   0   0   0   0   0  29  18  18  48   4  45   0   7  46  10   3  49   0   0   0
   0  45  19   0   0   0   0  13   0  17  26  40   2  30  39  29  34  43  39   0  33  45   0   8   0   0  18  36   0   0
  12   0   5   0  19   1  42   0   0  40   0   0  32  24   0   0   0  20   0   0   0  50   0  37  11   0   0   0   0
  28   0   0   0  47   0  27   0   6   0   5   4  29   0   0  40   0  29  25   0   0   0   5   6  41  45   0   0
   0  17   0  11  46   0   0  29   0   2  10   0   0   0  39  42   4   0   0  32  45   0   0   0  49  21   0
   0   0   0   0  22  47  45  16   0   3   0   0   0  49  28  43   0   1  38  21   0   8  14  14   0   0
  20  50  15  38   0  19   0   0  12   0   5   0   0  40  49   0  35  27   0   8  29   0  47  38   4
  49   0  17   0   0  31   0   0   0   0  41   3  25  23  15  45   8   5   0   0   0  38   0  20
  50  11   0  36   0  19   0  36  31   0  49   0  48  37   0  15   0  50   0   3   0  17  20
   6  36   2  30   0   0   0   0   0  14   0   0   4  22   0   5  26   0   0   7  15   0
   0   0   0   2   0   0   0   0   0  24   0  39   0  15   0   0  24   0   0  45  34
  50   0   0   0   0   0  37   0   0   0   0  40  14  10   0   0   0  36  45   0
   0   1   0  32  38  46  48   0   2  24   0   0   2   0   0  38   0  11   0
  18   5  34   0   1  41  31   0   0   0   0   0  16   0  10  47  11  34
  17  45  16  47  13   0   0   0   0   0   0   0  30  48   6  28   0
   0  25  26  30   0  47  48  23   0   0   0  35  26   0  20  28
   0   0  19   7  31  44   0  47  48  22   0  27  31   3   0
   1   0  44   5  42  43   0  32  29   0  15  10   0  11
  16   0   6   0  36  18  41   0  13   0   0  45   9
  36  23   0  22  23   0  23   0   0   0   0   0
  21   0   3  26   0  41  42   0  50   0   0
  45   0   0   6  25   0  49   0   0  50
   0  43  46  44   7  23   0  10  20
  21   0   0   0   0  22  34  23
  32  49  42  19  28  48  36
   0   0  31   0   0   0
  42   0   0   9  29
   0   0  16  23
  34   0   0
   0  35
   6

 350
   5   8  11  18  15  19   3  11   8  16  15   9   8   2  24   1   2  17   6   1  21   1  24  10  18   4   8  13  25   8  11  13  14  18   6  13  20   2  10  16  17  11  11   6   1  14   6   2  11  24  12  16  17   2  19   9  23   3  11   7  18   2   2  18   5  23   1  13   7   1  14  20   6  21  11  11   5   2   3  15   4   6  23   8   3   1  23   5  22   3  25   4   5  24  24  24  17   3  13  10  10  19   4  24  15  10  10   1  12  13  23  13   7  12   3   1   9  13  23   1  12  24  23  21  17   1  24   7   4  22  23  24   5   3   8  18  19  22   7  18

