 140 
   0   0   0  25   0  26   0   0   0  19  40  44   0  15   0  37  28   0   0   0  21  36  18   0   5   0  31  21  46   0  45   0   0  41  10   0  29   0   0   0  15  33  22  34   0   0   0   0  21   6  45   0   0   0   0   0  33   5   0   0  30   0   0  28   0  24  23   0   0  41   0   0  34  10  33   0  12   0   0   0   0   8   0  11  22   0  18   0  33  37   0  21  21   0  13   0   0  27   0   8   0   0   5  44   0  48   0   0   0   0   0  18  19  21   0   0   0   0   0   0   0   5  37   0  30   0   0   0  32   9  38  16   0   0  45   0   0   0  31  40
  30   2   0   0   4  50  15  20  48   0  15  30  18   0   0  36   0   0   2   0  27  22  23   0  43   0  16   0   1  10   1   0  18  49  29  35   0  48   2   0  40   0   0  20  20   0   0  25  27  35  28   0   0   2   0   0   0   0  37   0   0   0  19   0   0  29   0  34  41  16  48   0   0  15   0   0   0   0   0  10   0  44  29   0  45   0   0   0   0  44  25   0   0  20  39  45   0  45   0   0  45   0  19  24  45  17   0   0  42   0   0  33   0  33   0  29  34   0   0   0   0   0   0  20  27   0  28   0   0  10   0   0  26   0  20   0  45   0  40
   0   0  18   0   0   0  46  23   0  10   0   7  22  46  37   0  34  45   0   0  40  11  25   0   0  31   0  25   0  36   0  36  46  18   6  40  22   0   0   0   0   0   0  47  12  36  19   0  10   6   0   0  48  26  36  29   0   0  31   1   0  27   0   0   0  36   0  37  41  14   0   0  11  25  34   0  16  42   0   0   0  19   0   0  19   0  50  19   8  28   0  43  46  39   0   4   0  12   3   0  30   5  32   0  40   5   0  21   0   0   0   0  33   0   6   3  48  41   9   0   0  26   0   0   0   0   2  23   4  40  21  25   0   0   0  13  13   0
   0  19  24  39  16   0  14  36  44  47  26   0  10   0   0  44   0   0   0  50   0   0  23  40   0   3  15   0  22   0  13   0   0   0   0  25  22   0  28   0  43  17   0  22   0  38  44   0  50   0  28   0   0   0  18  11  25  43  43  50   0   0  24  43  15   0   0   0   0   2   0   0  19  41   0   0  11   6   0   0  37   0  16   0   0   0   1   0  26  27  32  24   0   0  11  29   0   0   0   0   0   0  22  44  47   0   0   0   0   0   0  15  45   0  44  45   0  16  49  15  43   0  48  10  23   0  40  10   0   0  19  35  43   5   9  20  32
   7   0  47   5   6   0   0   0   0  21  38  24  15   0   0  39   0   0  39  47   0   0  31  31   0   0   0   0   0  37  48  34   0  15   0   0  45   0   0  17  43  16  37  15   0  22  13   0   0   0  36   0  34   0  41  29   0   0   0  25  27   0  28   0   4  19   3   0   0   0  26   1  20  24   0   0  20  34   0  28  21  42  27   0  42   0   8  12   0  22  23  47  38  45   6   0  46  46   0   0  49  40   0   0  41   0  15   0   0  27  21   7   0   9  21   6  49   0   0   0   0   0   2  49   0   0  20   0  21   2  33   0   0   0   0  30
   0  48  43   0   0  36  19  15   0  20   0  23  15  13   0   0  43   0   0  44   0   0   1  32   1   9   0   0   0   0   0  12  20  50  12   0   0   0  35   5   0   8   0   0  31   0   0   0  45   0  23  40   0   0  29  41   0  29   0  44   0   0   2   0  27   0   0   0   1   0  14   0   0  20  15  23   0   5  46  23  37   0   0   0   0   0   0   0  36  10   2  29   0  12  46  26   9   0   0  18   0  40   0   0  32  22  35   0  41   1   0  30   0  38   0  46  18  12   2  50   0  15   5   0  48   0   0  38  14  28   0  19  50   0   0
   0  25   0   0  30   0  43  23  33  39  28   0  11   0  18   0  48  42   0   0  41   0  29  26  42   0  12   0   0  24  26   0   0   0   0   0  45  30   7  11  45  28  47   0  43  25  29   0   0   0  48  46   0  50  23   0  36   0   0  27  24   0   9  41  41   0  24  48  14  24  20  45   0  33   5   0   0   0  27   0  41  29   0   8  41   0   0   7   0  47  38   0  34   0   0   3  25  18   0   0   0   0  22  36   0   5  40  21  38   9  11  13   0   0  26  45   0   0   0  17  34  46  38  40   0  45   0   0   0  11   0  10   0  13
   0   0  31   0   0   9  36   0  15   0   0   0   0  14  50  27  19   0  35  14  11   5   4   0   0   0  33   0  36   0  47   0  30   0  13   3   0   0   0  31  19   0  40   0   8   0   5  29  40   0   0  48   0   3  34   8   8   0   0  12  12   0   0  13   0  10  16   0   0  14  24   0  34   0   0   0   0   0   3   0  49  26  43   0   0   8  35  46   0  22   0   0   0  27   4   0  33   0   0  49   0   5  28   0  49   0   0   5   0   0   7   0  18   0   0  30   0  49   0  27  36   0  29   0  39   0   0  30  41   0  10  41   3
   5  27   0   0  34  15   0   0  23   0  22  38  47  39   0   0  40  10   0   9   0  38  38   0   1  14  10  44   0  40  35   0   0  17  50   0   9   0   0  43  44  21  50   0  13   0   0  29   0  50   0   0   0  41   8   8   0   2   0   0  24   2  39   0  21  30  29   0   0  14   0  49  17   0   0   0   0   0  15   0  44  34  19  32   0   0  27   7   3   0   0   0  20   0   0  22   0   0   0   0  24   0   0   9   0   0   0   0   0  10   0   2   0   0   0   0   8   6  48   0  21   0  25   2  23   0   0   0  30   0   0   0
  40   0  27   0   1  11   2   0   0   9   0  24   0  35   0   8   0   0   0  30   0  47   0   1   0   0   0  34  14   0  31  12  44  19  49   0  35   0  40  15  46   0  46   0   0  38   8   0   0   0  34   0   0  45   0   0   0  45   0   0  18   0   6  40   0  29   0   0  18   9   5  33   0   0   0   0   0   0  25   0   0   0   0  12   7  38   0  28  18   0   0  34   0   0  25   5  35   0   0  35   0   0   0   0   0   0  42   0   0   0   0  29  13   0  38  45   0  39   3   0   0   3   0   1   0   0  19   0  41   0   0
  37  32  21   0   0  18   0  22   0   0   1  20   8  30   0   0  12   0   0   0   0   0   0   0  47  22   0   0   0  34   0   2  46  20   0   0   0   0   0  12  23  12  29   0   0   0  42   0   0  13  29  50  43   0   0   0  29   0  27  29   8  11   0  42   0  33  50  17  25   0  14   0   0  19  23  23   0   0  11  48  18   1  23  28   0  40   0   0  27  36  43   0   2  34   0   0   0   0   8  23   0  19   0  18  19   2  45  22  19   0  38  19   5   0   0   0  14   0   0  28   0  49   6   0  40  26  18  22  30   0
   0   0  18   0  33  34  32  42   0   4  27   0  48  36   0   0  21   0   0   0  41   0  27   0   0   0   0  35   5  27   0   0  37   0  30   0   2  11  42   0  28   0  16  22   0   0   7   0  12  32  43  41   0  36   0  33   0  13  14  26  26   0   0   8   0   0  13   0   0   0   0   0   0   0  32   0  12  22  34  39  34   0   9  49   0   0   0   0   0  25  20   0   0   0  42   0  35  12  21  46  39   0   0   0   7   0   0   0   0   0   0  38   0  34   0   0   0   0   0  17   0  43   0   0   6   0  44  11  24
   0   0  20  42   0  32  44  31   0  13  25  15   0   0   8   0   0  44   0   0  13  31  43   0   0   0   0   0   0  16   0  13   0   0  39   9  12   0  40  50   0  37   0   0  19   0   0   0   0  41  43   0   7  18   0   0   8   0   0   0   0   0   0   0  17  31  42  40   0   0  10   0   0  47  42  47   0   0   0  36   0   0   0  33   0  46   0   0  23   0   0   0   4   0  50   0  11   0   2   0   0   0  19   0  34  24  27   0  46   0   1   0   0  50   0   0  22   0  19   0   6   4   0   7  43  30   0   0
   0   0  47   0  39  37  26   0  37   3   0   0   5  32  16   0   0   0   7  37  44  36   5   0   8  17   7  33   0   0   0   0   0   0   0   0   0   0   0   4  37   0  26   0  43   0  42  48  20  14   0  34   0   7  31   0  48   0  43  50  20  19  29   0   0   7  37   0  14  27   0   0  22   0  23  42   0  26  34  23   0   0   0   0  15   0   0   0  20   0  26  46   0   0  16  30   0  33  40   0   0   0   0   0   0  42  38   0   0   0  33   0   0  49   0   0   0   0   0  33  18   0   0  39   5   0   4
  16   0   0   0   6  17  26   0  12  44   0   8   0   0  28  29   0   6  22   0  36  32   0  14  39   0  38  18  40   0   0   0   0  41   0  22   0   0  30  21   0   0  38   0  11  18   9  14   0  30   5   0  44   7   0  30   0  23   0  45  25   0   0  12   2   0   0  21   0   0  19   0   8   0   0   0   0   4   0  19   0  10  25  40  31   4   0  49  39  11   0   0   0   0   0  43   0  17  14  50  30   0   0  17  33   3  21  12   0  24   0   0  20   0   0   0   0  33   0   0   0  40   0  18  10  45
   0  42   0  47   0   0   0  27  30   0   0   0   4   0   0  10   0   0  43   0   4  28  28   0  44  39  29  48   0   0  27   0   0   0  26   0   0   0  17  12   3   0   0   0  13   0   0  37   0  35   0  48   0  34   0  21   0  19   0   0  24   5   0  15   0   0  11  42  45  18  17  27   0   0  46  34   0   5   6   0  42  14   3   0  42   0   0   0  32   0  17   0  26   0  33  10  38   0   0   5   0  10   0   0  23  34  14  17   0  37   3   0  23  34  14   0   0   0   2  15   0   0  40   3  30
   0   0   0   0   0   0  45  34   0  14  13  35  20  11   0  14  30   8  34   4   0   5  29   0   0   0  29  37   0   0   0  19   8   0   0  28   0   0  37   1   0  29   0  18  41  17   0  49   0  35  18  38  39   0  30   4  11   0   0   0  36   0   9   1   0  24  10   0  44  15  15   0   0   0  44   0  34  12   0   0  45   9  14  37   0  32   6  21  28   0  13   0  14   1   4   8   0   0  45  17   0   0  14  33  40   0   7   0   0   0   0   0   0  35   0   0  34   0  19  49   0  13   0   0
   0   0   0   0  20  33  21   0   0  20   0   6   9  38  21   8   0  19   0  27   0   0   7   0   0   0  23   0  44   0  11   5   0  18   4   1   0   0  13  29  18   0  16   0  21  11  10   0   0  29   0  28  48  39  26  10  30   0   7  18   0   0   2   0  33   0  46  31  44  37   0  45  43   0   0  30  30   0  17   0  50   8   0   0  29  35  34   4   0   0   0   0  29  30   0   0   0   6   0  38  34  38   0   0   9  19  41   0  13   0  50  30   0  28   0   0  12   7  41   0   0  39  16
   3   0  38  34  39  44   0   0  27   0  25  50   0   0   0   3   0  13  30   5  20  31   0  23   0  18   0   0  16  35   0  17   0  19   0   0   0   0  17   0   0   0   0   0  16   0  26  41   0   0   0   0  38   0   7  29   0  17   0   0  42  36  43   0   0  40   0  32   0   0   0   0   0  36  33  41   0  50  17  46  32  34   1  16   0   0  25  12   0   0   0  40   9  20   5   9  11  28   9   0  49   0   0  46   0   0   0  48   0   0  21   0  19   0   0   0   0   0   0   0   0   0
   0  40   0   0  45   6   0   0   0  17   0   0  18  34  10  46  12   7  11   0   2  21  17  33   0   0   0   0   0   6   0   0  10   0  47   0   0  36   0   0  36   0  25   9  33   0  24  37   0   0  29   0   0   0  12   0   0  13  39  43  26  37   0   0   3  27   0   8  35   2  42  40  15   0  17   0   4   0  28   0  13   0   0   9  48   0   0  37   0   4  20  31   9   0   0   0  38   0   0   0   9   0   0  32   0   7  49  37   0   0  35   0  42  48  10  18   0  16  27   0   0
  10  24  14   0   0   0  47   0   0   0   0  46   0   0  31  42   0  49  46   0   0  37   0   0  45  30  16  44   8   0   0   0   0   0   0  40   1   0   0   0   0  40   0  18   0  23   0  21   0   7  22   0   0   0   0  34  27   0  50   0   0   0  47   0  36   0   0  22   0  43   0   0   3   0   0  18   0   0   0  31   0  36   0  14   0   6   9   0   0   0   2   0  22   0   0   0   0   0   0  11  33   0   0   0  24   0  13  25  30   0   0   0   0   0   0   0   0  42   0   0
   0   9  11   0  28  40  26  30   0   0   0  46   0   0  41  47  30  10  39  14  26   0   0  19  37   0  28   2   0  28  41   8   0  46  32   0  49   3   0   0  15   0   0   0   0  17  36   0  50   3   6  35  35   0   0  24   0   0   0   0  43   0  17   0   0  44   0  21   0   0   0  43  13   0   0  29   0  41   0  20   0  21   0   4   0   0   2   0  24   0  27  23  42  16   0   0  46   0  15  40  48   0   0  37  47   0   0   0   6  37   9   0   0  30  44   0   0  17   0
   0  37   0   0   0   9  27  24  17   0   0   0   0   0  33  50   0  37   9  26   0   0  39  11   0   0  45  19  44   3   0  36   0  19   0  37  25  45   0   0  40   0  27  43  38   9  34   0  17  38   6  18  14  39  20   0   0   0   0   0   0  41   3   0   0  34   0   0  41   0  34   0   0   0   0   0  35   2   0   0  50   0   0   0  12  44   0  31  34  19  27  41   0  43   0   0  32  20  28  48   0   0  48   0   0  26   0   0   0  35   0   0  29   0   0  24  25   8
   0  44   0   6   0   0   0  13   0  33   0  39   2   0   0   0  22   9   3  26   0   0  24  48   0   0   3   0  32   0  25   0  10   0  13   0  22   0   0  49   0   0  47   0   0   0   0   9   0   0   0   2  12   7  39  41   0   0  38   0  49  22   0  41  34  10  42  41  26  43   0   8   0   0   9  17   4   2   0   3  11   0   0   0  14   0  24  34   0   0   0   0  15   0   0  27   0   0   0   0  31   0   0   0  13  20   0   0  30  44   0  22  43   0   0   0  21
   0   0   0   5   0   0   0  35   9   9  33   0   0  37   4   0   0   0   0  18   4   0   0  11  30  40  11   0   9   5   0  42   0   0   0   2  34   0  10  11   0  19  40   2   0  27  49  13   0  21   0  11   0   0   0   0   0  30  10   0  24   0  22  26   0   7  41   0   0   0   0   0  23  41   0   0   0   5   0  40   0   0   0   0  22   0  22  12   0  20  31  27   8  43   8   0  21   0   0   0  37   0  21   0   0   0   0  28  33   0  24   0  30   0   0   2
   0   0   0   0  19   0   0   0  22   0   7   4  30   0   0   1   0  27   0   0   0  40   0  11   0  13   0  44   0   2   0   0   0   0  20  38  30   0   0  44   0   0   0   0   7  15   0   0  34  49   0  18  28  18  16  41  45   0   3   0   0   0   0   0  15   0   0  20  26   0   0   0   8   0   0   0   0   0   0  45   0   0   0   0  31   0  25  45   8   0   8   1  24   0   5   0   0   0   3  16  37   0   0   0   0   0   0  28   0   0   3   0   0   0  32
   0   0  24   5   0  24   0  49   0   0  35   0   0   0   2  16  22   0  49   0   0   0   7   0  47  17   0  47   1  15  28  39   0  20   0  48  11   0   0   0  13  17   8  25   0   0   0  47  32   0   0  10  29   0   2  20  39   8   1   0   2   7  47   0   0   0   0  44   0   0   0   0   0  45  25  38   1  48   0  35   1   6   0  28  21  28   4  13   0   0   0   0  31  20   0  16   6   0  19  48  30  44  26  41   0  24   0   3   0  41   0   0  30  14
   2   0   0  50  36  10  24   0  45  20  45  24   0   0  32  26  12  47   0  49   9  33   0   0   0  33   0  14   0  19  32   0  28   0   0  34   0  29   5  29  27  28  28   0   8  32   0   0   0  47   0  37   0   0  21  22   0  25  28   0   0   0  29  23  27   0  31   0   7  24  25   0   0  41   0  50   6  48  45   0   3  46  13   0   0   6  49  15  48   0   0   0   0   0   0   0  11  25  36   3  12   0   0  11   0   0  24   0  27   0  11  27   0
  28   0   0  17   0  42  38   0  23   6  28  10  16   0  23   1   0  47   0  23   0   8   0   0  34  15   0   0   0   0   0   0   0  25  23   0   0  12   0  22   0   0  16  46   1   0   7   0  27   0  44   0   0  46  28   0  31   0   0   0  37  13   0   0  37   0  21  31   0   9   0   0  48   0  23  11   0   0  31   0   0   0   0  24   0  44   4  20   0  23  31  50   0   0   0   0   6   0   0   0   0  43  17   0  29   6   0   0   0   0   0   5
   6  45   4  16   0  39   0   6   0   2  19   8  33   0   0  11   0   0   9   0   7   0  49  11   0   0  18   0   0   0   0  30  50  24   8   0  13   0  30   0  27   0   0  10   0   0   0   5  17   0   0  12  22   0   0   0   5   0   0   0   0  46   0   3   0   0   7  14  45   4   0  10  37   0   0  15  39   0   0   0   0  11  21   0  48   9  44  39  44   0   0  11   0   7   0   0   0   7  17   0   0   0  20  20   0   0  17   0  32  24  32
   0   0  16   0   0  19   0   0   0   0   0   0  21   5   0  16   0  37  30   0   0  40   0  37  14   0   0  42  47  49   3   0   0   0  43  17   0  34  33  39   0  24   9   0  26   7   0  28  39  14   0  33   0   0   0   0   0   0  38  13   0   2  43  26  31   0   0  41   0   0   0  14  18   0  40  23   0  32  20   0   0  24  36  41   0   0   0  41   7  25  22  18   0   5  30   0   6  33  50   0   5   0   0   0  49   0   0   0  11   0
   0   0   0   6   0  14   0   0   0   5  24  15  10   0  41  44   0   0   0   0   0  10   0   2   0  31   0   5   0  14   0   0  16   0   0  24  40   0   7  38   0  17  32  12   0  27  48   5  43  23   0   0  40  50  41   0   0   0  41   5   0   0   0  37   7  43  18  17   0   0   0   0   0  44  33  48  25  21  46   0   0   0   7   0  16   0  28  47   3   0   2   0  37   0  18  26   0  31  31  17  27  27  35   0   0   0   0   0  39
   0   2  29  36  16  49  18  37   4  28   0   0   0   0  26   0   0   5  23   0   0   0   0  23   0   0  42  29   0   4   0  50   0  23  25   0  24  45   0   0  33  21   0  28  29   0   0   0  21   0   0   0   0   0   0   0  32  15  11  35   0   0  11   0  47  30   0  43   0   0   0  26   0  28  34   0   0   4   0   0   0   0   0  14   0  16  43  14   0   0   0   0   0   2   1   0   0  12  19  12   0   0  41   0   3   0  42   0
   0  48  30  10   0   0  19   0   0   0  46  13   0   0   8   0   0  40   0  23   0  27   0   7  14  38   0   0  42  29  15   0   0   2   0   3   0  29   0  46  30  31   0   0  18   0   0   0  10  39  21  47   0  45  23  28   0   8  46  40  24   0  25   0   0  12   0  39  43  15   1  12   0  19  16  31   0   5   0   0   0   0  43   0   0   0   0  42  18   0   7   5   0  33  20   0  49   0   0  47   0  22   0  38  44  24  50
  37   0   0   4  10   0  29   0   0  28   0  25   0  21   0  46  50  42  18  18   0   0  18   0   0  43   0   0   0   0  43   0  45   0  34   0   0  43  12   0  20  43   0  13   0  21  18  49  46  33   0  12   0   8   0  41   0   6   0   0   0  21  28   0  24  21   0  30   0   4   0  47  39   0   0   0   0   0   0   0   0  38   0  34   3  27  24   0   0  13  14   0   0   9   0  17  11   0   0  45   0   5   0   0   0  28
   0   3   0  45   0   0  34   0   0   0   0   0  36  50  27  31  32   0   0   0   0   0   3   4   5  19   0  19  38   8   0  11  30   9  21  33   0  27  48   0  41  37   0  19   0  37  30  10  28  49   0   9   0   0  17   0  39   8   0   0  30  34   0  26  46   0   3   0   0   0  39   0   0   0   0   0   0   6   0   0  48  27  43  29   0   1  50  27   0  48   4   0  15  24  19   0  16  13   0   0  36  23  49   0   0
   0  23   0  14  29   0   0   0   0   0  50  39   0  19  20   0   0  38   0   0   0   0  10   0  19  12   0   0   0  16   0  37   1  43  26   0  44   0   0  50   0   0  38  37  29   0   0   1   0  38   0  29   0   2  35   0   0  10   0   0  10  18   9  42   0  38   0   0  38   9   0   0   0  43   0   0  32  48  38  25   0   0   0   0  22  36   0  40   0   0   0  29   1  17  37   5   2  42   0   0   0   0   9   0
  19  48   0  27   0  33  17  17   0   0  34  48  18   0  21   0   0   0   0   0   0   0   0  40   0  46   0   0  37   0  38   0   0  49  28  41   5   6   0   0  49   0   7   0  22   0  50  47  19   0  23  37  42   0   0   1  44   0   0   0   0  50   0   0   0   0  26  24  12  28   0  43   0  44   0  11   0   0   2   0  14   0   0   0   0  40  48   5   7   0   6   0  23   0  50  25   0   0   0   0   0   2   0
   0   0  48   4   0  31   0   0   0  33   0   0   0   0   0  32  29   0  49  20   8   0   0   0  40   0  35  37   0   0  19   0  14   0  19   0  16  41   0  14   0   0   0   0  26  22   0   0  35  24  17   0   0  47   0   0   8  32   0  37   0  41  26   0  31   0  35   0   0  12   0   0  45   5   0   0  35   0   0  39   0   7  46  22   0  10   0   4   0  48   0  14  13   0   0  10   0   0   0   7  48   0
   2   0   0   0  19   0  14   0   0  28   0   0   5   0   0   0  44  16  41   0  46  43  36   0   0  43   0  46   0  23  43   0   0   0  43   0  24   5   5   0   0   0   0   1  17  30   0   0   0  20   0   0  22   0   4   0  24   0   5   0  49   0   0  46  45  34   0  35  37   0   0  43   0   0   3  13   0  48   0  10   0   0   0   0   0  46  27   0   0  48  50  28  36   0   0   5   0   0   0   0   0
   0   0  48   0  17   0   0   0  14  40  47   0  15  27   0   7  48   7   0   0  30  42   0   0   0   7  39   0  11  12  19  25   0  16   0   0   0   0   4  25   0   0  35   9   0   0   0  21   0   0  49  32  28   0   0   0  38  14  32   0  38  12   6   0  18  15   0  50  18  47   6   2   0   0   0  22   0   0   4   0  27   0   0   0   0   0  38  36   0  18   0   1  34   0   0   0   7  32   0  15
   0  27  22  16   0   0   0   0   0   8  47   1  36   0   0  11  40  50  47   0  23   0   0  37  35   0   0  14   0  20   3   0  28   0   0   0   0   9   0   0   9   9   0  50  20  20   0   0   0  10  27   0   0   6  32   0   0   0  28   0  34   0   0   0   0   0  41  27  11   0   8   8   9   0  30  18  17   0   0  27   0  11  39   0   0   0   0   0   0   0  31  12   0   0   0   0   0   0   0
  22   0  28   9  43   0   0   3  14   0  15  49   0   0   0   0   0   7   0  40  17  14   2   4  32  19   0  46   0  49   0  49   0  23   0  39   0   1   0   0   0  50   5   0   0  11  42   0   0   0   2   0  27   0  45   0  13   0   0   6  10   0   0   0  22  36  14   0   0  39   0   0   9  22  15   0   0   0   5   0   0   0   0   0   0  12  40   0  46  21  47  15  25   1   0  12  34  34
  44  28  13   0  49  17   0  25   0  30   7  24   9  10   0  32   3  44  16  15   0  25   0   6   0   0   7  35   0   0   4  12   0  24   0   0   0   0  29   0   0   0   0   0  17   0  28  37   0  49  47   0  48  18   0   0   0  18   0   0   0  25   0   2   4  21  10   0  12   0   0  32   0  24   0   0   0  48   0   0  16   0   0   8  40   0  12   0   0   0  42   0   4   6   0   0   0
  40  35   0   0   0   4   0  15   7  17   0   0  11  32  31   7   0  27  35  15  36   0   0  19   9  40   0   5   0   0   0  13  48  14   0  27   0  34  34   0   0   0  28  17  25  21   0   0  40   0   0   0   0   0  23  48  50   0  11  49   5  19   0  13   0   9  40  34   4   4   0   0  17   0  50  45   0   0   0  14  19   0   4   0   0   0   0   8  32   0   0   0   0   0  31   0
   0  13   0  20  49  21  32  36  48   0   0  28   0  10  33   6  28   0  14   0   0   0   0   0   0   0  31  36  12   0   0  36  37  41  32  44  13   0  35   0  43  32   0  34   0   4   0   0   0  16   0   0  31   0   7   0  21  33  12   0  48  24   8  16   0   0  48   0  18   8   0   0   3  43  47  23  14  25   2   0  20  47   0   4   0  39   0   0  34  23   0  41  23   0   0
  11   0   0  19   0  20   0  36   0  10   0  49   0  49  16   0  18   0   0   0   9   0  46   0  12   0  36   0   0   0   0   0  14   0   0   0   0   0  46   0  38  30  19  30  20  30   0  41  22  36   0  15  20   0   0   0  37   9   0  20   0   0   0   0  10  28   0   0   2   0   0  14   7  10  50  40   0   0   0   0  47   0   0  20  36   0  44  42  12  17   0   0  43  46
   6  40   0   0   0   0  31   0   0  11  15   0  43  50  23  39  35  38  27  24  37  30  27   0   2   0   0  20  23   0   0   0  26   0   0   0  25   1   0  40   0   0   0   0   0  24   0  25   0   9  32  33  47   0   0   0   0   0  27   0   9   1  42   2  37  10   0  43   0   0  17   0  10   0  23   0   0   0   0   0   0   0  16   4  21   0   0  32  15   0   0   0   0
  17   0   0   0  19   0  43   8  34   0  31  41  11   0   7   2   0   0   0  48  38   0  39   0  40   5   4   0  13   0   0  18   0  48   0   0   0  28   0   0   4   0  10  37   0  12   0  30   0   0   0  50   0  46  22  10   0   0  27   0   0   0   0   0   0  26  20  32   0   0  45   0   0   0   0   0   0   0  30  36  25   0   1   6   5  47   8   0   0   6  14   0
  30   0   0  29  20  11  16   6   0   0  45   0   0  26  49  49  19   2   0  46   2   0   0   4   0   9   0  17   0   0  43  34   0  39  21   0   0   0   0   0   0   0   0   0  17   0   8   0   5   0  33   0   0  27   0   0   0  38   0   0   0   0  32  48  16   0  21   0   2   0   0   0  12   0  22   0   0   0   0  26   0   8   0   0   0  33   0   0  14   0  46
  38  50   0  47   0  29  13  50  15  41  31   6   1   0  10  30   0   0   0  18   0   0  45  11   0  43   6  38   0   0   0   0  38  50   0   0   0   0   0  19   0   0   0   0  16   0   0   0  50   0   0  37   0   0   0  27   1   0  33  33  48   0  18  18   0  40   0  41  48   0   1  28   0   0   0   0  19   0   0   0   0  48  25   0   7  14   0  39   0  46
   0   0  30  34   0   0   0   0  41   0   0   0  14  12   0   4  27   0  35  28  30   5   0   0   0   0   0   2  35  45   0   0  24   0   0  49   0   0  43   0   0   2   0   1   0   0   0   0   0  27  45   0   8  11  45   0   7   6  18   0  10   0   0   0  42   0   0  20   0   0  41  17  20   7   0   0   0   0  42  35   0  28  25  30  15  19  21  37   0
   4  10   0   0  30   0   0   0  26  32   0  50   0   0   5  11   8  50   0  11   0   0   0   0   0  20  47  46   0   0   0  16   0  30  50  14  27  27  36  46  31  29  50   0   4   0   0  17   0  18   0   0   0   0  44   0  15  17  35   0   5   0  32   0   6   0   8  10   0  49  47  34   0   0  42   0   0  20   0  21  27  29  45   0   0   0  13  44
  21  28  44   0   0   0   0   0  24   4   0   0   0  26   7   0   0  13   0   0  34  10   0   0   0   0  31  33   0  49  36  25  50   0   0  48  47   0   0   0  12   0   7   0   0   3  33   0  24   0   3   0  44  45   6  11  19  10   0  24  44   0  23  25   0  41  29   0   0  32   0   0   0   0  10  50   8  14   1   0  15  19  28   0   0   0  21
   0  28   0  42  40   6   0  46   0  21  41   0   0  39   0  15  25   2   0  13   0   0   0   0  41  50  21   0  28   0  31   0  21  30  21  16  37  36  33   0   0   0   0  29   0   0   0   0  40   0  18   0   0   0   0   0  19   0   0   0   0  35  36   4   2   0   0   0   0   0   0   0   0  24  28  17  13  27  36  23   0   0   0   0  27   0
  30   0  25   0  12  20  46   0   0   0  29  10   0   0  26   0   0  11   0   0  40  48   0   0   0   0  48  21  19   0  17  22   0  13   0   7  17   0   0  44   0  36  34   0   0   0   0   0   0   0  44  26   9  35  10   0   0   0  26   0  26   0   0   0  44   0   0   5  39  17  21   0  35   0   0   0   0  50   0   0  28   0  29   0   0
   2   0   0  49   0   9   0  21  41   0  17  40  49  24  31   0  34  15   0   7   0   4   0   1   0   0   0  41  27   9   0   0   0  23   0   0   0  34  28   0  36   0  22  44   0   0   0   0   0   0  49   0  47   0  46  18  26   0  16  29  42   0   6  20  10   5  13   0   0   0  50   0   8   4  18   0   0   0  34  49   6   0   3  16
   0   0   0   0   0   0   0   0   5   0   0   0   0   0  28   0   0   0  13   0  19   0   7   0  34   8  50   0   0  41   0  37  10   0  23   0  46  23  22  25   0   0  34   0   0   9  17   3   2  15  17   4  33   0  24   0   0  22   0  38   0   9   0  50  45  33  48  17  40  38  39   0   0   0   0   0  19   0   0  26   0  37   0
   0   1  11   0  18  17  49  13   0   0   2   0   3  28  43   0  32   0  23   0  16   0   5   0   0   5   0   0  21   0   0  30   5   7   0   0   0  23  10   0   0   0   0   0   0   0  33   0  49  43  40   0  36   0   0   0   0   8  27   0   0  11   0  33   3   0  30  30   0  41  46   4   0  25  36   0  24   0  23  43  25  27
   3   0   0   0  15  23   0  28   0   0  18   7   6   0   0   0  49  44   0  48   0   0   0   0  20   0   0   8   0  22  25   5  19  23  38  22  44   4   0  17   6  17   0  42   0  35   6   0  24   0   0   0   5  41  22   0   0  21   0   0   7   0   0   0   0   0  35   0   0  34   0  26  36  12   0   0  43  17  16  38   0
  24   0  39  41  26  50   0  37  41   3  14  19  45   0   0  32   7  32   0   9  27   1   9   0   0  35   8   0  25   0   0  21  29   0   0  22   0   0   4  27   0   0  10   0  48  25   2  39  36   0   6   0   7  15   0   0   0   5  48  42   0  12  27   0   0  34   0   0   0   0   0   0  16   0  49   0  30  45  41   0
   2   0   0   0   0  20   0  11  47  24   0   1  35  46   7  46  23  33   0   0  35  17   0   0   0   0   0   0  31  50  49  18   0   0   0   0  39   0  13   0  20  50  31   2  30   9   0  28   0  42  43   9  34  33   0  13   0   0   3  20  18   2   0  14  38   0  19   0   0  39   2   0  38   0  46  40  41  27  18
   0   0  24   0   0  44  32   0   0  12   0   0  49  37   0   0  19   0   0   0   0   0   0   5  22  31   0   0   0   0  33   0   9   0   0   0  24   0  36  23  26  48  12  14  34   0   0   6  23  40   0  15  26  32  25   5  36  17   0   0  25   0   0  12  49  33  36   0  24   5  47  39  24  24  36   0   0  36
  16  21   0   0   0  25   1   0   0  14  32  27  41   0   0   8   0   0  30  25   0  25  48  10  36   0   0  40   7   0  35  41   0  20  12   0   0   0  29   0  34   0   0   0   0  21  34  15  34   0  48   0  36   0  33   3   0   0  46  10   0   0   0   3   3   0   0  41  48   0  10  46   0  20   0  36  10
   0  29   0   2  45  25  12  40  49   0  42   0   0   0  13  13  17  48   7   0   0   0   2  38  34   0   6  29   0  11  26   0  40  15   0   0  10   2   3  34   0   0   0  23  28   0  49   0   0   0  19  46   0   5   0   0  49  21   0   0   0   0   0  32  12   8   0  22   0   8   0   0  43   0   1   0
   0   0   0  27   0  49   0   0   0  33  26  41  27  18   0   0  14   0  39  50   0   0  37   0  27   0   2  30  45   0   0  12  40  32  36   0   0   0  47  35   0  25  45  49  44  50   0   0  11   0   0  22  15   0   0   0   0   0  19   0  23   0   0  17  39   0   3  22   0   0   0  15   0  50   0
   0   0   0   0   0  47   0  45   0  24  13  29   0  50   0  38  15  38   7   0   9  28   0   0  25  39   0   0   0   0   0   0   4   0   0  47   0   0   2   0   0   0  41  39  35   0  26  45   0  22   0  19  18  32  28  26   4  35  40   0   0  34   0   0  21   0   0   0   0   0  36  44  50  30
   0   0   4   0   0   0   0   0   0  48  27   0  43  29   0   0   0  31   0   0   0  12   0   1   0   0  27   0  43   0   0   0   0  14   0   0   2  45   0   0   1   0   0  12   0  35   0  34  30  42  10   0  29  24   0   0  31   0  36   0   0   8   9   0   0   0  27  20   0   8   0  16  47
  16   0   0   3   8  10   8   0   0   0   7  47   0  29  41  34  21   0  44  11  23  25   2   0   0   0   0   0   0   0   0   0   0  38  36   0   0   7   0  34   0   0  28   0   0   0   0  12  35   0  19   0  30  31   0   0  22  41  14   3   0  36  21  19  42   0   0   0  30   0  12   0
  24   0  23  14   6  44  42   0  50   0  50   0  31   0   0  16  35   0   0   0   0  19   0   0   0  27  45  49  14   9   0   0   0   0  17   0  25   0  10   2   0   0   0   0   0  46  27  47   0  16   0  45  32   0  10  45   9  21   0   0  47  23  24   0  20   0   0   0   0  31   0
   0  29   0   0  44   0   1  10  29  27  50   0  24  44  13   0   3   0  10   0   0   0  46   0  26   0   6  38  15  13  45  35   0  23   0   0   0  13  26   0  50   0  12   0  31  19  50  19   0  23   0  49   0   0  23   0   0   2   0   9   0   0   0   0   0   1   0   0  45   0
  46   0   0   5   0  26   0  21   0   0  44   0  47   0   0  11   0  35  15  48   0  29   0  12  39  28   0   0   0   1  14   0   0   3   0  50  50   0   0  34   0   0   0   0  21   2   2  50   0   0  48   0  33   0  20  36   0   0   0   0  22   0  28   8   0   0   0   0  12
   0  14   0   0   2  21   0  15  29  11   7  42  34   0  31   0   0   6   7  40   0   8  48  31  44  18  10  35   0   0   0  35  18   0  20   0  49   0   1   0  35  25   0   0   0   0   0   0   0   6  13   0  36  19   0  13   5   0  45  43  12   0   0   0  50  33   2   0
   0   0  22  13   0   0  13   0   9   0   0   0  43   0  50   0  18   0   0   0  26   0   0   0  39   0   0   0  22   0   8   3   9   0   0  26   1   7   0  29   0  28   2  25  27   0  28   0   1  29  44   0   0   0   1  48  49  43  20  11  14   0   6  34  30  42   0
  20   0  14  36   0   0  16  45   0  47   0   0  17  41  19   0   0  30  40   0   8   0   0  14   0   0   0  17   0  35  50   0   0  19   0   0   0   0   0   0  42   9   0   0   0   0   0   1  13   0   0   0  13   1  48  12  31  49   0   0  19   0   0   0   0   0
   0   0   0   0  16   0   5   0   0   0  12   0   0  48   0   0   0   3   0  27   0   1   0  32   0   0   0   0   0   0   0   0   0   0   2   0  11  45   0   5   0  24   0   0   0  48  33   7   0   0  42   0   0   0  43   0   0   0   0  44   0   6   0   0  48
   0   0   1  50   4  30   0   0  29  34  39   0   1  33  46   0   0   0   0  41   0   0   0  19   0   7  23   0  17  28   0   0  43  45   0  36   0   6  26   0   0   0  12  33   5   0  39   0  27   0  46   0   0   0  35   0   0  45   0   0   0  45   0  23
   0  28   0   0  32   0  13   0   0   0  28   0   0   0  22  34   0  39  49  29   0   0   0   1  32   0  31  17   0  32   0   0  49  33  24   0  45  36  42   0   0   0   0  26  49  42   0   0  36   0   0   0  19   0  19   0   0  22   0  48  33   0  24
   0   0  15  22  35   8  32   0   0  40   0   0  25  35  30  36   0  13  38   0  45   7  34   1  22   0   0   0  30   0  19  10   0  47   0   0   0  28  37   0   0  17   0   0  14   0   6  30  24  37  45   0   0   0  50  27   0   0   0  34   0   0
  31   0   0   0  29  20   0   0   0  10   0  39   0  38   0  42   0  48   0   0  16  50   0   0  22   0  17  20  23   0   0  23  45   0   0   0   0   4   0   0  21  12  50   0  15   0   2  18   0   0   0   8   0   0  45   0  28  37   4  37   0
   0   1  50   0   9   0  43   0   0  25   0  18   0  16  46   0   0   0  37   0  13  30  35   0   1  45  13   0  11   0  49   0   0   0   0   0  37  39  26  30   0   0   0  44   9  25   0   0   0  11   7   0   0  39   0  40   0   0  47  23
  32   0  48  38  28   0  10   0   0   0   0   9   0   0  49   0   0  50   0  23   0  49  47   0   0  17   4   0  46   0  25  10   0  49  29  39  29  48   0   2   0   0   0   0   0  36   0  40   0   0   0  24   0  17   0   0   4   0   9
  15   0   0   0   0  19  17   0   0  20  19  47  25  15  18   0   0  25  34  16   3  45   0  32   0   0   0   0  46   0  42  31  29  13  37   0   0  45   0   0   0   0   0   0  22  42   0  42  10   0   0  13   0  10   0   0   0   0
   0   0   0  43   0   0  33   0   7  38  38  15  19   0   0   0   0   0   1  29   0  28  18   0   0   0   5   0   6   0   0  31   0  12  22   0   0   0   0   0   0   0  21   0   0  25   0   0   0  14   0  40   0   0   0  17   0
   0   6   0  34  30  32   0   0   0   0  37   0  38   2   0  10   0   0   0   0  14   0   0  32  23  46   0   0  47  12  39   0   0   5   4   0   0  18   2   1   0  45   0   0   4  12   0  14  50   1   0  35  36   0   0  11
  29   0   0  21   0   0  21   0  37   0   0  34   0  29  19   0   0  21  50  48  21   0   0   0   0   0  50   0  17  37  21  34   0   0  29   9  46   0  42  30   0  12   0  20  45   0   0   0   0  28   0  12   8   0   0
   0  32  16   0  20   0   0  25   0   0   0  39   0   0   2  39  25  13   0   0   0   0  22   0   0   0  48   0  27  40   0  40   0  24   0  29  27   0  12   0   0  16   0  30   0  40  48   0  38   7  35   7   0   0
   0   0   0   0  35   0  45   9   0   0   0   0  30  26  18  13  19  41  10  30   0  17   5   0   0   0  34  15  10   0   0   0  50  19   0  20   0  23   0   0   0   0   0   0  10  10   0   0  16  19   6  34   8
  34   0  47   0  44   0   0   0   0  19  43  14   0   0   0   0  15  44   0   3   0  48   0   0   0  16   0   0  24  34  47  23   0  21  49   0   0   5   0   0   0   0  44  31  24  17  41   0  37  17   0   0
  14   0  13  31  45   0   0   6   0   0   0   0  40   0  26   0   0  41  28  32  29   0   0   0  22   5   4  24   0   0  31  32  46  38   8   0  11  27  29  22   0  27  13  10   4  18   0   0  35  17   0
  43  34   0   0   0   0   0   0   0   0  40  29   0   0   0   3   0  44   0  11  36  10   0   0   0  35  10   0  39   0  28   6   0   0  25  50  34  19   0  44   0  10   0  19   0   0   0  22  37   0
   0   0   0  16  40  40   0  17   0   1   0   0   0  23   0   0  36  16  18   0  31   0  24   0   0  23   0   0   9   0  47   0   0   8   0  12  32   0  31  30  12   0   0   1   0  32  11  26   0
  20   0   0   0  23   0  20   0   4  37   0  46   3   5  22  25  22  49   1   0  12  12   0   0   0  26  47  10   6   0  46  48   0  49  39   9   0  13   0   0  44  40  10  24   0  16   1   0
  26  20  30   8   0  33   0  16   0  45  28  35  19   0   0  31  24  25   0   0   0  29  50   9   0  20  16   0   6  10   0  28   0  12   0  42   0   0  24   0  37   0   0  26  17   0   0
  27  18  48   0   0   0   0   0  41  45   0  33  48   0   0  46  24   0   0   0  13  10  37   9   0  45   7   0  15  17  16  49  13   4   0   0  22   0   0   0   8   1  21  27   0   0
   0   6  35  22   5   0   5   0   0   0   0  39   3   0   0   0   0   0  40   0   0   0   0   0   0   0  19  30   0   0  16   0   0   4   0   0  10  15  18  48   0  20   0   0  43
  14  22   0   0   0   0   0  50   0   0   0  13  34   0  10  31   0   0  25  12   4   0  33  39   0  36   0  25   0   0   0   0  34   0  46   0  35   0  12  14   0   0   0  48
   0   0   0   0  14   0   0  36  25  32  35   2   0   9   0   5   4  42   7   0   0  28   0  22   0  13   0   0  19   0   2   0   0  36   0  16  42  22  23   0   0  48   0
  39  29   0   0   0  10  17   0  10  21  36  48   0   3   3  24   0   0  47  31  24   9  14   0  44   0   6   0   0   0   0   0   0   0  10   0  25   4   0  41  34   0
  41   9   0   0  46   0   0  30   0   0   0  22  45  15   0  19   0  27   0   0   0   0  33   2   0  24   0   0  37  50   8   0   0  44  50  43   0   9   9   2   2
   0  38  27  37  25  11  22   0  47   0   0  15   5  29  29   0   0  15   0   0   0   8  11  36  48   0  17   0  31   0   0  26  39   0  49   0   4   0  44   0
  29  35  45  18   1  36   0   0   0  45  26  11   0  13  45   0  12   0  27   0  20   0   2   0   0  49  20  41   0   0   0   0   0   0  11   0  39   0  44
   0   0   0   0  32   0   0  19  44  20   0   0  16  41   0  31   0  47   3  45   2   0   0   0  41   0   0  39   0  16   0   0   0  16  37   0  39   0
  16  44   0   9   0   7  22   0   0   0  11   0   0  35   0  27   0  47  17  46  12   0  32   0   0  28  47  32   0  22   0   0   0   0   1   6  27
  28   5   0   0   2   0  47   0  37   0   0   0   0   0   0  27  15   0  11  26   0  50  37   0   0  23  18   0  35  18   0   0  15   0   0  17
   0   0   0  39   0   0  22  41   0   2   0  49   0   0   0   0  15   0   0  50  30   0   0  32   0   0   0  14  43   0  41  49   0  50   0
  44  44  31  11   0   0  33  14  47   0   0   6  42   8   0   0   0  13  49   0   0  11  32   0   0   0  18   3  32   0   0   0   5   0
   9   0   0   0  13   0  44   0  10  23   0   0  27  44   0   0   0   0   0  27   0   0  19  44  17  40   0   0   0   0   0   0  15
  36  45   0   0  29   0  45   7  20  28  17   5   0   5  33  26   0  40  15   0   0  45  44   0  36   0  34   0  47   0   0   0
   0  44  17  38  12   0  42  46   0  26  21  47   6  12   0  24  43  19  36   0   0   0   0   0  11   0  25  42   4  42  18
  12   0  28   0   0   9   0   0  30  32  21   0  41   0   0   0  40   0   0   0   4   0  25  45  15   0   0  21   0  29
   0   2   0  38   0  25   0  11   0   0  43  24  12   0   0  44  10  43  28  30  50   0   0  46   0  22   0   0  10
  34   0   0   1   0   2   0   0   0  49  12  28   0   0   0   0   0   0   0  15   4   0   0   0  28   0  24   0
  25   6  46  25   0  13  19   0  16  21  40   0   0   9   0   0   0   2  39  12   0  42  47   0  40  44   2
  30   0   0  29   2   0  19   0  45   0   0   0  45   0  45   0   0   0   0   6   0   0   7   8   0   0
   0   0  28  29   7  31   0   0   0   0   0  33   0   4  19   0  37   0   0  50   0  24  21  24   3
   0   0   8   0   0   8   0   0  22   0   0  37   0  21  47   0   0   1   0   0   0  14  41   4
   0   0  25   0  15  37   0  46   0  36   0   0  43  12  46   0   0  14   1  26  29  22   0
   0  50   0   0  50   0   0   2   0   0  37   0   2   0   0   0   0   0   0   0   0  46
   0   0   0  44  10  47   0   0  27   7   0   0  22   0  26  28  18  14  47  35   0
   7   0   0  43  43   0  11   0  35  31   9   0   0   1   0  21   0   4   0   0
   0   0   0   0   6  35  16   7  32   0  50   0  19   0   0   6  15   0   0
   0  29  20  18  32   0   0   0   0   0   0   0   0   0   9  15  28  38
  14   1  26   0  28  18   0   9  49   0   0  50   0   0   0   0   0
   0  10   0  31  21  32  12   0   9  23  19   9  46  27  13  14
  22   0   0   0   0   0   0  24  34   0   0   0  25   3   0
   3  27   6  50   0  34   0   0   0  48  43  12  41   0
   0   0  11  32   0   0  24   1   0   0  42   0   1
   0   0  49   0   0  25   0  15  38  22  49  24
   5  17  23   8   0   0  23   0  35   0   0
  23  38  38  31   0   0   0   0   0   0
   6   1  49   5   0   7  31   5   0
   0  36   0  32  45   0   0   0
  49  13   0  48   0  24   7
   0   0   0   0  31   0
   0  32  39   0  40
   0   0  45  30
  46   0  14
   0   0
   0

 1346
   2  23  14  11   9  25  25  15  16   3  24   6  13   4   6  13   8   5  15   3   2   2  16  25  18  17  19   3   6  24  22   3   4   7   3   4  10  17   3  24   5   3  17  17  22  22   7   8   7   9  22  13   7   1   2  25  23  19  23   4  15  10  22   5   2  16  11  15  17   5   3  20  19  11  17  14  18   6   9   9  13   1   7  10  16  13   4  20   6   5  16  17  22  11   9  10   6   4  10  25  12  15   8   1  16  15  15   2  12   3  22   5  24  17  24  11  20   6  24   5  13   5  10  11  25  10  10  22   9  24   7   9   4  16  18   8   7  23  22  22

