 140 
  17  36  22   0  32   0   7   0   2   0  28  14  32  21   0   9  11  24   3  43  16   0   0  39  33  33  40   0  36   0  37  12   0  16  18  35   9   7  30  10  19  47  14   2   0  20  12   0  48   0  45  43  15  20  12   0   0   0   0  20   0   0   0   0  44  24   0  27  44  32  41  33   0   0   0  50   0  23   0  25   2  38  12   0   5  21   0  11  34  31   4  17  47  44   0  36  48   0  27   4   0  34  16  39  10  30   0   0  12   0  38  47  20  32   0  28  23  37  49   0  42   0   7  46  50  43  33  48  31   0   0  49  25   9   0  29  42   5  16   0
  23  20  36  10  34  38  38   0   0   1   3  12  14  35   6  11   2  34  50  48   0   0   3  28  43  14   0   8  17  13   0   0   0  42   0  45  38  42   3   0   0  12   2  18  35  15  42  38  12   0  48  33   0   7  39   0  35   0  43  14  49  28  42  21  46   0  48   0  45  38  24  37  38  21   9  25   0   0  16   0  36   3  39   0   0   0   0  10   0   0  27  25   0   1  24  44  30   0  29   0   0  11  12   0  44  43  23   0  14  46   0  14  34   0   0  38  13   4  47   9  43  19  44  16   2   4   0  26   0  13   5  35   0  17  42   0   0  37   0
  40  21   0  19   0   7   0  48   4   6  12  21  49   0   0   0   8   0   8  32  22  44  32  38  18  41  19  32  43  23  50  43   0  13  16  19  50   2  36  20  39  13   9   0   0   0   0  27  40  49  46  40  18   0  14   0  16  42  15  13   7   0  37  38  14   0  16  28  39  20  27  46   0   0  31  37   0  13   2  19  49  45  48  30  50  47  20  42  30   0   3  31   6  33  41   0   3  43  27   0   0  50   4  22  11   0  50   0   0   0   3  48   0  28  47  50  14  16  25  33  24  13  17  39   0   0  24   0  11  35  43  32   6  19   9   0  47  37
   0  23  24  19  11  20  24  34   7  23   9   0   0  21   0   7  49  15  14  33   7  48   0  49   0   0  23  42   7  30  42  15  19  38   0   0  15   1  36   4  23  44   0  34  18  34   0   0  37  37  37  26  45  33  28  25   8   0   0  10  33   6  38  12  34  23   0   0  44   0   0  46   0  30  43  27  17   0   6   7  42  34   8  19  33   0  23  42   0  18  49  23  11   0  36  42   0   0   9  37  13  32  15   4  19  36  44  47  16  26   8  35   9  35  43   0   7  36   0  11  11  46  14  19   7   0   0   0   0  13   9  26  32   0  42  22  32
   0  49   0   0   8   3   7   4  37  32   0  22  37   0  30  49  22  37  31   8  22  50  16  39  15  41  47  15   4   0   0  43  46  50   0   0  50   0   0   0  48  11  40  19  12   4  47   0  11  25   9  47  41  40   4   3   0  48   0   0  23  49  50   6  10  47  12  18  11  28  13   0  24  21  42  36  29  26  49  17  50   2  37   5  38   7   0  18  20   0   0  38  29  43  33  16   0  11   0  16   4  45  13   8  18  49  29   0  37   0  14   0   5  48  33  11  23  12  19  17  36   0   0  39  26  47  50  38  37  28   0  41  21   6  32  26
   0  50  30  46  12  45  29  25  17   9   6  30   9   9   0  17  38   0  40  39  48  31  49   0  46  35  44  33   1   4   0  38  16   0   5  24   0  30   0   0  27   0  45  24   0  39   0  30  22  49   3  19  37   0  33   9  25  44   0  15   0  47  29  40  35   0  40   3   0   0   0  13  30  34  24  30  26  30  33  35  12   0  42   0  20   2   3   0  17  25  21   4   3  28   5  49  31  23   4   0  32  45  28   0   0   0   0  27  44  42  29   0  29  11  45   0  28   5   2   2  35   0  22  23   2   0  33   2   9   0  48  34   5  22  25
   0  24   0  30   0   0   8  45  46  28  43  48  42  41  21   1   0  43   7   0  30  25  21  11   0  49  48  11  22  25  24   7   0   0  40   0  19  16  18  28  16   2   0  21   0  21  42   0   4  14  35   2   7  24  34   0   0  22  25  26  34   0   0  41   2  17  37  45   0   1  18   0  28   0   0  14   0   0  49  43  30   5   6   0  37   0  33  41  14  26  41   9  31  43   2   0   4   0  34  38  22   3  30  38  19   0  32   0   0  20  22  26  39  47  39  49  17   0   0  50  30  41   7  21   1   0   0  33  36  26  12   0   0  36
   0  39   0   0  28  21  41  42   0   0  28   0   3  25  34  20   0  19   0  14   0   6  14   0   0  17  33  37  45  49   0  13  49  45  22  46  10  48  37   0  50  47  30   2   0  28  42  31  12  22  16  10  44   0  12  38  31  50  28  50  14  28  37   0   7   6   5  42   0  26  50  42   3  26  40   8  11   1  42  17  30  32  18  13  42  48   0  22  48  30  17  27   0  11  19   0  46  14  38  35   0   8   0  10   0  23  38   2  40  42  21  50   0   0  12  40  16   0  23  48   0  14  13  42  15  14  45  15  38  26  15  44  14
  40  33   0  22  18  40  20  33  15   0  17  49  19  40  16  24  11  50  29  49  14   0   5  28  48   0   0  11   0  46   8   0  28   0  21  32   0   0  10  50   0   0  44  50   9  29  23   0  28   0  44  10   0  30   0   0  15  27  45   0  45   0  40   0   0   0   0   4  11   0  48  14  14  17   7  20  45  47   6  27  27   0   0  21   0   0   2  16   0   0  36  19  27  12  34  13  37  16  13  21   0  29  50   0   0   2  43  20  23   0  47  17   0  26  37  36  37  18   0  30   0  25   0   0   0  38  34  33  25  18  23   0
  18   0   0  34  13  15  32   9  35  43  41  25  40  26  47  18   2  15  19   9  48   8   0  21   2   0   9   5   1  24  31  36   0  36  23   5  38   0   0   0  31  15  22  10  49  34   0  25   0  23  25  50  42  49   0  19   0   0  15  30  36  11  10   1  26  29  14  23   0  47   4   0  36   0  33   0   6   0  29  16  11  26  38  11   0   6  38  41  16   5   9   4   0   0   9  31  41  41  23  50   8  47  34  28   0  11   0   0  31  21  21   0  30   0  29   0   0  43   0  21   0  48  28   0  16  15   3  50  35   0  40
  39  40  35  32  37  11  46  14   0  18  41   6  47  35   0   0   0  32   1  17  32  13  16  43   0  38  41   0  49  35   0  14  32  14   0   0   0   0   0  17   0   2   0   0   0  17   0  18   6  44  38   0  14  29  31   1   4   8   0   5  29   3  44  29   0   7  41  27  22   1  27   7  29   8  35  46   0   0  31  10  11  41  22   7  38   0  18  34  11  19  33   0   0  12   7  33  42   0  20  34  32   0  42  14  42  27  38   0  14  13   0   0  11   0   8  35   0   0  31  40   0  37  19  29  13   5   0  29   0   8
  46  20   0  27  20  41   0   7   0   0  18  25  10  33  15  31  18   0  21  17  22   1   0  41  46  38  29   0  18   9   1   0  29  11  10  16   1  10  41  14  17  40  28  29  15  47  39  43  37  47  15  37  40  28   0   4  17  16   0  46  39  11  40  42  17   0  31  16  19   5  41  40   0   6  31   0  22  24   0  38  27   0   0  44   0   2  43  28   0   0   0  10  12  14  34   8   0  23  26  29  12   9  34  14  43   0  47  20   8  37  23   7   0   6   6  27  27   0  46   1  26  16   4   0  29  48  50  34  16
  13  18  19  21  10  39  11   2  44  18  40  17   0   0  34   0  30   0  37  41  34  33   0  19   2  21   0  19   4  44  17   0   2  25  50  31  36  40  23   2  42   4  26  25  33  30  44  31  26  23  27  48  31  47   0  38  28  50   0   5  43   0   0   1  25  14   1  34  35  47  24   0   0   0  29  35  36  18   8  46  36   0   0  10  22   0   0   0  45  10   0  17   5  31  13  22   0  27   0  34  25   2  10   0  43  18   7   6  35   0  31   9  38  38  37   0  16  10  43  16  35  32   6   3   0  48  16  17
   0  16   6   0  12   4  49  48   0  48  48   4  19  12  17  33  37  18  39  17  49   0  30  20   0  19   3  14  29  19   2  24  29  26  24  27  34  19   6  41   3  10  28   0  14   5   0  24   3   0  48  36  26  22  48  41   0   7   7  32   3  16  17  27  38   7   3  48   0   3   0  15  43   0  17  49  20  47   0  47   0  15   4  16   0  28   6   3  38  25   0  20  15  21   0   3   0   0  36  20  10   0  18  47  24   0  36  22  24  48  38  27  46  17   0   7  14   0  10  48  19  29  33   0   5   1  10
  13   1   0  36  29  26  39  13   0  48   0  38   0   0   3  14   7  36   4   7  20   4  47  31  48  11  20   0  39  30  29  37   1  47  32   0   0  26  10  44   6   0   8   0   0  17  40   0  15  13  18  12  27   2   0   0   0  16  41   9   0   9  45   0   0   0  34  17  39  18  40  23  41   0   0   0  42   1  32  15   9  44   0   6   0   9   0  36  32  32  14   0   9  11  21  48   5  29  13   0  25  14   0   0  15  33   0  14   0   0  36  20   0  47  46  40   0  49  12  46  12  22   0  29  17   0
   0  20   0  41  12  46   0  36  26   2  40   0  34  36  44  35   0   0   0   6  16  34  14  14  42  44   4  28   0  33  41  18  27   0  22  23  10  22  18   0   0   9  16  16  23  23  34   0  21  32  14   4  17   1  30  10   0   0  45   0  45  15  25  31   2  20  44  47  40   0   0  27   0  22  26   2  43  32   8   0   0  12   0   9  24   0  18  38   9   0   3  17  23  42   8   0  19  34   1   6  10  13   6   0  41  41  46  33  16  44  15  19   2  16  46  41  43  17  17   0   0   0  30  44   0
   0  19   3  19  48   2  48   9   0  29   0   0   1   0  23  16  24   4  29  34  21  21  46  49  32  40  31  32  40  27   6  15   0  19   0  29   0  13  13  41  48  36   0  15   0   0  13  15  29   0  48  33  12  16   0  41  17  48  22   0   0  22  48  46   3  20   7  20   0   0   8  42  14   0  26   5  18   0  28   1  10   1  29   0  45  43  29   0  35  12  49  13  26  12   0   4   6   7   5   0   0  20   9  14   0  19   9  25   0  42  14  40   0  27   1   2   0  28  44  38   9   5  37  49
  41  15  22   0   0   5   7   6   3   0  37   5   1   0   0  35   0  19  39  35   0  38   0   1  28  40   0   0   4  27   4  27   0   0  22  12  18  31   0   0   0  24   0  30  15  19  44  21  49  29  18  33   1   6  45  28  12   0  24  28   4  23  50  46  19   0  23  49  46  14   0  45  18   8  16  40   1   0  38   0   0  25  30  17  35  11   0  30  14  23   3   0   0  45  35  28   2  25   0  24  14  47   0  32  11  21   0  27   6  35   2   0   0   0   0   0   0   0  32   0   0  18   0
  16  16  41  32  30  31  41  22  24   0   0  10  26   0   0   0  40   1   1   0  22  42  26  18   7   0  48  25  36  28   0  27  21   0   9  32  17   7  44  14  46   7  24  39  48   0  16   0  40  21   0  21  33  19  16   0  20   7  17   7   0  14   9  30  15  21  41   8   3  12   0  20  15   0  21  41  10   4  27  25   7   4  45   0   0   0   2  45   0  50   0  38  47   0  42  33  24  49  40   3   0  32   5  42  43  13  15   0  17   0  17  10  30   0  23  37  38  45  16  17  15  44
  23  25  17  41  44  17   0   6   0  50  15  12  18   0  35  50  36  23  46  15   0  22  31  20   0  15  24  49  13  46   0  45   0  31  45  13   9   0  46   4  10   3   0   0   5  42   0  12  18   0  48  28   0   0   5   1  17  12  41  38   9   7  26  41  45  42   0  16   0  43  48   0  32  11  11  49   0  19  50  43  23  27   0  43  20   1   0   8  41  42   0  12   0   3   0  34   0  31   0   0  18  21  41   0   0   4   0   8   0  23  35   0  43  34  48  37  32   0  32   0  43
  16  30   0   0   0   0  37  20   0  13   0  49   7  47  24  40   0  13  48   6   0  50  28  44   0  34  28   0   7   0  14  28  13  14   0   0  11  43  36  34   0  43  13  50  44  34  13  26  29  35   0   0  43  49  35  41   0  35   0   6  36   9  46   0   0  33  29  28  18  28   1  11   3  38   2   0  29   0  21  19   1  36   0   0   0   0  31  19  34  31  32  48  16  42  39  37   0  27  17   7  21   0  50  46  15  11  15  13  10   3  38   0   0   4   0  45   0  48  19   5
  34  22  21  40  41  30  20  18   7   0  11   0   9  49  42   4  50  14  31  25  16  40  26  41  11  43   0  16  33   2  39  16  49  26  22   7   0  36  45  32   9  18   2  47   6  44   9  21  23  13  32  18   0  41  19  29  40  23  27  31  40   4  27  24  27  20   1   0  15   0  14  20  19   7  37  21   9   8  24   0   0  43  48  23  12  25   3  25   0  42  39  10   6  25  12  49  17  37  49  12   0  50  17  28  37  40  14   6  39   0   0  43   7  38  29  34   0  24   9
   9  41   0  17   0  11  35  41   0  37   0  49  20   1   0  20   0  30  47  50   0  26  16  23   4  26  35   0  22  23  36  47  12  38  29   0  46   7  40  38  40  42  10  24  16  18  31  12  22  30   0  17  38   0  35  50  41  15  21  35  10  40   6  34   9  47  34  50   0   0  13   3   4  29  40   0   0  45   3  45   0  44   0   0  33   3  32  21  31  23   0   0   2   0  31   0   6   6  35  22  29  15  22   0  21  38   0   0  31   0  47  15   0   0  35  34  24   2
  47   0  35  27   0  42  28   0  22   1  47   0  22  18  34  17  32  43  33   8   0  46  25  45  31   0   0  49  28  19   2   9   0  38   0  16  41   0  18  34   0   0  12  39  31   3   1  19  22  48  30  26   9  26  37  16  30   0  45  41   0  47   0  37  46   0  49   0  31  21  30  41   0  31   0   0  17  38   0  48  14   9  46  22   0  26   0  10  16   7   9  45  23  48  47  29  44  11  50   0   0   0  18   0  23   3   0  21   1   0   8  17  27   0   4  46   0
  35   0   0  28   0  20  11  10   0  25   0   0   0  50  12  45  40  31   7   0   8   0  32  24  16  40  25  23   0  20   3   9   0  37  30   0   0   0  46  18  42   0  40  49  23  12  32  25  35  23  43  22  18   5   4  11   0   0  48  38   0  22  21  42   9  34  31  36  37   0  14  30   0  19   0  23  37   0   0  24  15   0  46  21  26  25  41  31  18   0  44  10   4  35  25  15  32  35   0   0  10  11   0  37  11  44  30   0   0   6   0   8  18   0  25  25
  12  10  15  11  39  23   4  31  35  37  36  25  24  42  30  13  32  15  43  23  37   0  18   0  22   2   7  38  14   0  32  15  17  15  23  49  16  47  40   0  18   3   0   0  48   0  34   0  27  31  12  36  20  34  23  26   0   0   6  45  36  16  10   5   0  15  50  40  36   5   0  29   3   0  45  19  23  22  40   0  26  45   2   7   7  17  50   4  25  28  23   0  11  19   0   0  13  20  39   3  10  12  17   0   5  40   0  45  23  14  32  40   0  24   0
  12   0  11  26   5   0  17   5   0  45  41   0   4   6  28  45   2  42   5  41  25  10   4  46  16   2  19  43   0   6  12  13  12  42   9  39  26  47  37  42  17  20   3   0  47   0   3   0  10   1   0  10  38  36   0  27   0  37   4   0  44  22  38  31  19   6  37   4   0   0  26  19  40  20  37   0  28   0   8  38   0  37  27  30   0  12   3  27   0   2  13  38  37  31   0  47   5  10  40   8  48   0   0   0  31   0   0  30  49   9   0   1  33  27
  22  46  44   0  15  33  50  39   0   0   1   9  11  19  15  35  25  30   0  29  47   0   0  47  44  31  37  37  26   9  29  43   0  41   0  37  47  40   5   6   3   3  16   0  25   6  50   0  42   0   3   0   5  13  44  35  29  19  34  30  25  27   7   0  29   0   8  43  47   0  20  35  40  34  22  43  37   1   0  48   0   3   0  29  32  26   0   0  24   0   0   0   0  21  45  48   3   0   0   0   0  30  44  28   0  37  11   0  11   4   1  35   0
  38  33   7   1  10  46  39  46   0  42   0   0   0  35   0   0   3  47  35  13  27  30   2  29  48  41   0  22  50   0   4   2   8  43  34   0  36  50  28  19   0  23   0  10  44  24   0  23  41  40  34  31   0  47  22  21  48  31   3  47  22   0  35  42  50   0   0   0  10   6   0  32  44  31  14   0  23  21  18  11   0  34  46  47   0  37  12   9   0  12  50  18   0   0  10  48   0  46  38   4   7  14   9  50   0  22  36  42  10   0  18   1
   0   9   0  43   0  50  31  42   8   0   9   0  15  24  22   0   0  33   0   0  41   0   6  37   8   0  40  14  28  35  44  40   0  19  16   0   5   0   0  13   8   0  36  13  16  14   6   7  23  30   8   0  42   0  49  13  48  49  48  12   0  30   0   0   0   7   3  42  20  24   3   0   0  50   3   5  36  36  13  17  49  44  45  14  28   0   0  10   0  35  14  35  26  26   0   0  39  25  15   0  27  21   0   0   0   0  28  35  22  17   7
  37  27   0   0   0   7  22  31  24  25  15  40   0   1  32   0   7   0  13  12  15   0  28  49   0   0   0  18  41  21  34  49  50  50  20   3  15   0   0   5   1   0  37  25   0  31  40  35  17  19  13  28  39  13   8  13   0   2  18   0  16   6   8  12  18   0  31   4   0   1  28   3   7   0   0   0   0  30   0   0  26  14   5  42  22  31  20  39  26   0  15   0  33   9   0  37  47  45   0   0  26  33   0   0   8  15  21  29  21  27
   0  31   7   0   0  24  10  25  26  27  21   9  26  24  43   6   1  42   2   3  46  32   0  41   0  38  20   0  45  30  45  36  39  30   0  12   0   3  44  31  17  17  36   0   0   0   0  34  33  41  15  11  25  43   8   0   0  49  37   8   0  20  27  46   0   0   0  44   0   0  23  26  33   8   4   7   0   1  12  46  46  24  43  23  44  39   7  40  27  42  21   0  29  10  10   0  22  32  22   0  44   0   0  21   0   0  33  34   0
  23   6  17  46   0  35  43  20   0   2   8   2  40  49  27   0  23  49  35  18  19  49  50  22  22  44   0  34   0   0  16  19  32  37  41   0  44  38  26  29   0  14  44  17  45   8  20  41  45   0   2   5  17   4  45   0  36   0  46  24   3  21  23  48   0   0  13  15   0   0  42  27   0   0  12  13   0   0   0  12   0  22  30  18   9  39   6   7   0   0  28   0   0  43   7  36   4  26  46   0   2  10  27   2  50  11  26  13
   0  10  29   0   9   0  11   0  12  20  31  46  49   1  18  28  47  30  34  43  10  39  30  47  45  17   0  25  25   0  40  45  30  48  24   0  39  20   0  46  23  18  14   0   4   0   7  35  23   3   0   5   4  17  38  20   4   5  37  49  21   5  26  19   0  46  20  39  38   0  15   4  33  16  17   0  43   0   1   0  17  36   0   0  49  44  33  20   0   0   0  37   0  36   4  20  50  41  27  35  42   0  10  25  37   0   0
  28  27  23  19  18  38  36  42   9  45  49   0   0  38  39  36  20  33  26  48   0  21  23   0   0   8  15   0   3  38   0   0   0  36  22  48  28  28  24  13   9   0   7  49  11  27   5   9   0   0  13   8  50   0   6  11  48  23   0   0   0   0  27  18  13   5  22  46  46  23  46  38  40   0   0  20   0  15  37  48   0  36   9  32  40   0   0  28  13   0  13   0  33  10   0  40   0   5   0  40  17   1  23   0  23   3
  32  46  40   0   9  40  47   6  13  37   4  47  19  45  46   0   0  25  16   0  22  39   0  41   0   0  43   2   6  27   0  38  36  30  12   0   9  50  14  40  21   9  50   1  48  48  23  15  20  10   0   0  19  49   8   0   0  27   0   0   2   0  34  14  27  26  42  39   0  41   0  16   0  20   0  20  26   6  32  21  10   0  42  48   9   0  23  37  26  17  50  17   0  37  10  46   0  20   0  24  12   0  17  47   0
   0   0  29  24  35  40   0  40  12  39  23   0   0   7  15  11  42  42  34   1   0   0  46   9  32  36  31  18  14   0  42   0  14   0   1  48   1   5   7  46   0   5   6  29   4   0  32  41   0   9  49  41   6   0   0   0   0   0   3  38   0  13  22   5  45  49   0   8   0  30  24   0  11  13  41  20   0  40   1   0   0  28   0  32   0   5  16  35  39  28  24  26  44   0   5  18   6   0  26  39  27   7  40  12
   0   7   0  39  35  32  30   0  48  18   1  28  49   0  29   0  37   3  19   0   0   0  22   0   0   0  14  41  35  27  23  16  38   0  41  18   4  18  23   0  21  15  10  17   0  36  42  34  25  16   2   0   7  12  13   0   2  18  37  28   0  21  13  36   7  37  33   0  39   0   5  21   0  31   0  28  34   5  28  11  22  15   0  38   0   0   0   0  25   7  49   0  33  42  29  13  23  41  29   7  39  47   0
  19   0  29  23   0   0  13  46  20  12  15   0  20  44  45  15  10  50   4   6   0  44   0  14  20  17   2   0  31  30  14   0   9   0   0  23  24   0  24  26  41   0   6   0   0  42  30   0  28   3  19  33  15   0  13  27   3  18  36  43   5   0  43  35  27  44   0  28   0  38  21  11   0   0   0  21  22  37   0  35  32   0  10   0  30   5  46  32   0  10   7   0   0   8  13   0   0  29  45  11  26  23
  29  33  24   7  30  21   0  18  16   2  26   0   0  22   7   6  50   8   1  38  36   0   0  22   0  18  50  12   0   0   0  34  20  50   0   4  12   0  16  31  30   0  27  29  13  20   0  29  13  29  38   9   0  25  27   0   0   8   7   0  41   0  27   0  28   9  18  16   2  21  27  27   4   0   0  10   0  21   7   0  24   0  14   9  27  42   6   0  26   6   3   6  14   0  46  31  35   0   0   0  41
  41   0   0  12   3  41  17  17  49  31  28  47  46  49   0  49  43   0   0  43  23  16  20  25  30  17  45  29   0  32  40  34   0  21  30   0  43  47  24  19  10  29  12   3  16  16  20   0   0   4  27  34  14   0  29   1  48   2  17  38  11   0  36   5  35   0   0  20   0   0  18   3  25  16   0  23  13  23  34  37  45   0  43   0  40  50  11  21  14   5  30  43  42   0   0  15  16   1  24  23
   0   0  36   4  34  44  23  16  36  27  26  18  10   9  10  28  17  40   9  47  45  37  19  49  37  44   0  35  12   0   0   8   0   0   0  31  22   1  26   0   0   3   0  22   2  15   0  36  38   0  14  35  26  40  10  40   1  47  26  15  49  12  29  42   0  39   0  12  31   0  43   2  22  21  13   0   5   3  31  47  46   4   0   0   0  37  14  22   6   8  32   0  31   0  43   5  50  15  20
  43  17  43  26  12  39   5   0  22   4  21  33   0   0   7   8   0  11   0   0  24  49  11   0   0  38   0  43  19  39  34   0  23  11   0  10   8  27  26  42  17  27  46  19  11  23   0   0  27  27  12  35   9   0  42   0  20  39   9   1  33   8  43  30  28  33   0   0  34   8  23  23  17  13  43   0  28   0  43   0  11  14  44   0   0  37   9  43  15   0   0   4  40  15  34  30  11  41
  23   5  18  22   0   7  37  29   9  33  28   0  43  17  21  23  29  32  25   8  41   9  26   0  20  19  43  18  46  42   0   0  25  50   0  15   0   6   0  15   0   0  34   5  10  14   0   0  37   9   0  28   0   0   0   0   5   0  43   0  39   2   1   8   9  17   0   0  26   3  20   0   0  22   9  41   7   0  16  43   0  24  36  11   0  29  32   0  12   0   4  26   0  36  14  43  37
  49   0  17  16  25  18  16  31  39   2  13  10  21   1   0   9  34   0  22  49   0  28  41   0  42  28   0   4   0  13   0  19   0  19  29  48  27   7  37   0   0   0   0  35   2  23  48  11  13  50  10  10  47  41   1   0  11  48   7  18  50   0  32   0  14   0  45   0  23   6  34   0   5  32  16  35  35  16   0  32  36  43   5  24  44  11  46   0   0  26  11  29  10  31  50  17
   0   0  13  46  20  49  49   2  38  49   0  48   8   0  43   7   0   0  17  35  37  12  39   0   0  33  50  19  23  25  29   0  36   9  19   0  44   0   0  33  15   8   0  44   7  10   4   1  12   0  37  44  46  40  45  48   3  50   9  21   6   0  13  23  44  47   3   8   0   0   0   7  30  32   1   2  13  10  13  44  35   0  37   0   0  14   4   9  25  11   0  47  49  36  30
  41  32   0   4   0   8  41  14  26  41  14   0  39   0   2   0   0   9  14   9   0  39   7  30  36  27   0   0   0   7   0   0   2  37  23  41  38  35  36   0  39  12  45   7  18  11   0   3   9   2   1  50  35  46   1  47   2  22   0  41  13  50   0  47   0  10  17  41  14   0  23  43   0   0  32  25  10   1   0  30  49  49   0  36  37   0   0  48  32  23  19   0  32  28
  28   0   0  50  47  45   0  22  35   1  44  22  23  40  34  36  45   0  48   6  11  11  28  45   0   5  17  19  30   0   0   4   0   4  20  31  37   0   0  30  16  21  14  24  39  44  15   8   0  36  30   0   3  18   6  21  41  19   0  30  35  41  34  38  18   0  41  17  41   0  31  16   0   0   7  21   0   0  24  45   0  23  36  36  41   0   3   7   7  46   1  28  13
   0  10   0  13   2   0   5  18   0   0  28   0  34   0   6   0  39  40   2  41   0  50  14  10  48  23   0  38  20   7   7  17  50  31  17  34   3  50  34  38   6  23  32   0  30  34  27   2  43  29   0   0   0   0   0   0   0   3   0   0  18  25   0   9  21   0  32   0   0   8   0  11  50  34  50  22   0  10  37   9   0  28  49   0  16   0   3  11   0   1   0  48
  50   0   5  32   0  30  17  10   0  46  39  28   0  26  10   5  23   0   0   0  29   0  23  13  39  18  42   0  39   0  16  16  32   3   0  45  42  34  17  14  33   0   0  24  25   5  13  10  50  33  28   5   4   5   0  22  15  17  16  16   0   0  33  43   0  31  29   4  49  30  20  36  39  39   0  25  32  28   2  37  35  19  19  21  31  33  45  17   1   0  26
  11  47   0  32   3   9  44   1   0  22  13  40  17   0  45   0  30  28  15  27   0   0  50   0  16   0  30  45  23  42   0   0  15  34  21   0   0  50  29   2  28  19  13   0   0   8  43  28   0  43  20   0   0  49  33   3  10  24  46  37   0  21  43   0  49  46  39  11   0  26  47   2   0  45  18   1   0   8  14   0  33  49   0  16   0   0  33  41   0   0
   3  31   0  22   6  20   0  26  49   9   0   8   6  24   0   0  31   4  23  28  32  48  21  50  13   0  43  42  40  13  37  21  49   9  42  35  50   0   2   8  41  40  36   0  15  43   2  15   0  50  41  47   0   7   0  16   1   0  32  17   9  33  13   0   2  36  15  43   0  16   0  36   0  38  46  12  11  49  16  47  45  17   0  37  12   0  18  30  13
   0  10  20   0   8  50  26   0   0  21  28  29  44   0  41  46  20  25   0   8  13  22   0  18  11   6  11   0  26  10  17  20   0  27   0  16  27  50  32  43  50  45   0  48   0   0  41  36   0  23  37   0  46  13  22  35   9   0  10  17   6  39   8   0   0  15  50  22   1  36  25  41  30  38  50  32   0   0  44  15  11  10  31  26   6   0   2   0
  24  50  32  36  18  20  16   1   2   0   0  30  15  10   0  16  44  37   4  19   0  27  25  28  12  30  45  22   9  30  26  33   6   4  30   0   8  11  38  20  33  39  18  17  19  31  19  46   0   6   0  16   2  31  17  40  43  29  45   0  46   0  26  19  43   5   0  13  37  29   0  47  45  30  26  40  48  15   0  30   0  25  32  50   0   8  28
  14   0   7  32   0  45   0   0  26  44  43  42   0  24  47  22  25   2   0  42   2   0  50   0   0  25  30  10   8  24  21  25  41  10   0  30  44  16  29  28  30   0  50  30  44  50  42  46   4  34  19  19  48   2  35   0  33   6   0   2  22   0  43  34   9  12  33  32   0   9   0  20   4   0   0  34   0  26   0  12  32  32  35  36  50   0
  24  41  10   0  20  16  28  38  50  48  11  27  22   0  44   5  34  30  17  10   0  48   0   0   9  42   7  29  47  18   8   0   8   1  26  11  19  42  45   2   4  27  34  46  12   0  23   0  35  38   0   0   1  46   0  12   0   7  12  30  43   0  23  30   0  26  11  30   0  32   0  43  21   8  19   6  14   0  27  18  31  17  41  41   0
   0  32  43  43   0  43   2   3  15  42  25  14  19  47  29   8   0  29   8  23  29  49  30   6   0  26  42   9   0   0   0   0   0  20  34  29   0  37   0   0  17  46  14  32  41   1   0  41  11   5  33  32   5   4  24   0   3  14   0  11  39  38  10  46  34  27  27   0   0  13  25  44  21  26  22  50  30  50  28  47   0  49   3  39
  27  32   0   9   0   1  22  16  36  20  38  26   3  40   0   0  47  17  46   8   8  49  35  22  49   0   0  37   9   0  31  13  13   6   0  50   4  44  21  11  26  27   9   0   8  23  18   8  21   0  50   0  25  31  40  41   8   0   2   0  34  45  35   0  12   0   0   0  20   9   2  40  48  15  41   0  12  20   0  26   0  25  20
   9  45   0  49  26   8  35  13   2   0  36   0  46  26   0  10   0   0  22   2  30   0  14   0   0   0  21  11  12  30  42  27   8   0   6  43   0  19  46   5  15  48  10  49  28  21  30   0  46  36   0  39   0  10   0   4   0  21  21   7  10  16   8  18  41  36  17  30   9  45   0  22   6   7  32  50  33   0   0  49  34  39
   0  29  20   7  14   8   0  24  19   0  22  29  21   0   0   0   0  43  20  16  24  19   0  13  42  12  41   1  39  19  43   0  14   0  32  45   0  17  35   0  31  20   7  31  42  48   0  23   0  34  16  43   2  48   0  38   1  14  19  25   0   0  34  11  48   0  49  40   0   0   0   0   0   2  30  40  19  21  42  26   0
   3   0  35  28  29  26  43   0  41  14  32  23  34  28   3   0   0   0   7  10   9  30  24   5  10  39  20  41  48  13  38  45   0  25   0   1   0  26  37  13  37   0   0  47  20  21  43  20  29  17  35  15   0  50   5   0  34  47   3   1  12   3  37  45  36   0  27   4   0  40   0  22   0   0   0   0  15   0  10  31
   0  23  41  21  35  15  12  39  46  43  33   2   8   3  33  49  22  15  21  19   0   0  44   0   0  44  20  28   4  21   5   0  14   0   0   0  18  47   0   9  22  28   2  27  50   0  40  31   8  20  47  27   0   0  23   1  13   1  28  37  26  31  35   2  23  27   7   1   8   7  42  27  14  38   0  21  47  39   9
  12  15  12   4  37   0  43  16  44  18   0   0   0   2  32   0  44   0   8  14  48   1   0   5  25   0   0  44  10   5  47   0   7  50  12   0   0  45   0  31   9   0   0   6  38  28  34  21  39   9  34   0  50  16  38  33  11   0   0   0   0   2  18  38   0  34   3  14   2   0   0   8   0   0  42  24  19  32
   2  44  27   0   0   0   3  44   9  47   0  30  46  31  37  26   0  26  19  16  29  17  12  32  48  48  15   0   0  29  27  20  33   7   0   7   0   4   0  27  10   0   5   0  15  16  47  18  28  22   0  19   0  37  48   1   0   0   4  11  46  30  46  10  33  20   0  28   0  29   0  38  18  14   0  36  26
  17   0   0  30  34  42  49   0  39   0   0   4  34  46   0  11   0  46  20   3  45  39   0  37  48  46  38  28  17  13  29   0  35  24   0  10   0   0  28   0  28  11   5  47  27  15  24  17   0   0  40  43  39  34  26  30   0  44   0  48   0  18  22  16   0  26   2  29   0  50  22  42  14  39   7  25
   0  15  16   0   8   0   0  29   0  42  41   0  36  21  21  47  48  13  17  28   0   0   0  42   0   0   1   0  30  16   0   0   9  20   0  38   0   0  30   0  30   0  15   3  35   0  16  42  20   4   0   0  24   0   0  27  19  33   0   0  21  43  14  41   0   0  18  26  35   5   0   0  40  29  43
  47  45  18   6  14   0   0   5  30  32  40  37  10   9  25  24   0  18  18  29  33  36  24  34   0  31  26   0  43  47  30  26  19  26   2   0  40  17   0   9   5  24   0  10   3  31   0  10   0  14  16  28  25  34  17  31   0  30  24  32   0  29  20  42  21  13   0  45  34  43   6  39  40   0
   0   0  38   0  17  15   2  47  47   0   0  41   0  32   0   0   0  17   0   6  25   0   9   0   7  10  21  48  38   0  29   0   0   0   0  36   4  16  10  16  15   0   0  20  30   8   0   0  21   1   0  22   9   0  43  22   0  22  45  46  22  26  20  12  38   3  44   9   0   5  28   1   0
  47   4   2  30   4  20   7  19   0  31   0   0  37  21  16   0  41  50  50  25   5   0   0  23  14   3  13   6  27  29  30  14   5   0  40   0  42  31   1   0   3   0  50  20  47  12  39  36  28  26   6  17  18  41  44   6  41  36  11   0  36  24  20  22  20  41  30  48  15  41  29  47
  15  36   0  16  10  31  37  46   0  49  20  50   0  35  47  32   0  31  26   2   0  12   9   7  20  16   4  36  22   0  44  33   0  48   0   0   0  50  44  43   4  39   0  17  36   0   1  40  21   4   0  10  14  31   1  25  39   0   0  49  50  20   0  11  33  19  10  17  22  43   4
  30  11  30   1  18  41  30  20  31  35  28  39   1   0   0   0  36   0   1   3  12   0  45   0  39  37  48   0  27  45  43   0  26   1   0  18   0   0  45  39   7   0   0  45  36  38   0  50  13  25  18   0  48  49  47  49   2   0   0  26  27   4   0   6   1   0  28   8  34  28
  30  22  12  30   0  29   0  33  22   0   4  40   0  50   0  39  27   0  36  45  35   0   0  19   0   4   0  11  32  38  15  17   0  41  25  37  25   4  38  36  18  15   0  39  26   7  40  49  22  10  29  29  26  18  38   0  46  48  13   0  30   0  31  27   0  33  25  22   0
   0  15  10  40   0   4  18   0   3  24   5   0  22   0  10   9   0   1  42   0  17   0  43   2  47  23   7   4   4  10   0  26  37   9  15   0   7  10   8   9   0  21  24  28   0  20  27  10   9  41  22  47   0   3  48  39   5   0   0   0  12   0  35  28  50  44   0   1
  13  48  48   0  24  49  32   0   0   0   0  19   0  14   0  25   0   4   0  41   0  17   2  48   0   0   2   0   0  11   0  44  22  19   7   3   0   4  23  47  42   5   5  16   0   0   7  32  21  21  24  14  40  35   0  16  28   0   0   6  47  23   1  46  38  50  35
  20   0  41  27   0  42   8  38  41  39   9  12  12  30  50  38  41  48  39   2  22  19  45  27  17  32  22   0  13   6   0  33  35  37   0   0  13   0  34   0  30  27   2   9  13   0  35   6  29  39  46   0  27   0   0   5   0  49   3  48   0  18   2   0  28  35
   5  30   8   9   0  10   0   2  46   8  32  23   0  26  15  39   3  16   0   1  14  30   4   0   0  14   0   0   6   0  40  35   0  27  28  28   0  12   1  31   0   7  45  23   0  13   2  38   0  28   6  28   0  22  41  33  34  24  45  12   4   0   9  27  17
  41  39  38   0  36  10   0  14  31  35  30   0   0  42  20  31  37  17  38  49   0  35   0   0   4   0   0  44  35   0  47   6  17   0   0  46   1  29  14   0   9   0  27  28   0  14   3  36   0   0  35  39  11  48  32   0  42  44  37  17  46  42   0  47
   1   0  17  10  22   0  28  37  49  44   0  45  35   0  48  15   0   0  35  34   5   0   2  45  18  38  13  15  11  15  40   0  42  48   6  24  30  44   0  44  36  17  21  10   0  24  42   9  30  33  33  33  26  17  13  38   0   0   0   4  11  43   1
  40   0  36   5   0   0  36  19  13  14  34  43  48   1   5  13  34  17  28  48   0  14  49  27  21  37   0   0   0  12  35   0  17  48  36  32   0  21   8  48  34  34  39  37  40  49   3   0  38  34  38  25  35  14  12  46  36   9   4  14   2  33
   4   0   0  33   0  47  20  43  18   0  27  35  33  47  18   0   0  41  17   9   0  40  24   0   0  43   2   0  49  45  30   2   0  26  49   0   0  41   0  17   0  14  37   0   6  36  16  47  49   3  41  11  44  30   6   1  35  43   0  12  22
   0   6  17  32   7   4  17   0  10  41  30  19  30  18  43   0  34  27  21  12  31   0  12   0  48  14  31   0   2   0  15   0   7  50   0   0   0  28  29   7   8   0  47   0   0  41   7  22   3  31   0  44   0   0  19  11  33   0  43  25
   0  15   0   0  11  19   5   0  26  49   0  34  27  25  21  50   0   0  47  45   5  36   0  19  14   1  30   1   6  40  28   5  28  26  32   3   0   0  30   1  29  41  13  36  28  38  48   9  31   7  10   6   0  22  41  50   3   0  18
   0   0  43  50  42  41   0  17   6  38  14   0   0   0  16  27  44  41   0  23  45  33   0   8   0  39  12  32   0  14  27  18   0   0   0  35  24  29  33  42  38   0   0   1  11   3  19   4  20   5  21  33  11   0   9  27   0  41
  23   0   0   0   7   0  34  46  13  36   0  31  42   0  15  37  22  21   0  45  26  36  25  14   0   0   9  10   7  39  50   0   2  44  28   2   0  30  45  17  16   0   0   0  15   5   0  44  16  27   5   0  27   7  12  29   0
   6  17  38   0  49   0  39   0  20  26  13   3  11   0  31  30   0   0  25   0  24   0  17  48  40  17  14  15  48  42   0  45  25   0   0   7  39  12  35   3  23   0   0   0  21   4   7   0  10  50  40  38  15   7   0   9
   0  21  39   3  30  48   0   7  20   0  20  25  48   0  47  22   4   1  26  30   0  44   2  28   0  20  27  29  29  19  23   2  45   0   0  10  29  34  50   0  49   0  24  17   0   0   0   5   0  44  42   0   0   2  33
   5   2   0  24  29   0  12  20   0   0  20   0   0   2  41  34  27  44   1  36  34  32   0  21  14   0  45   5   0  48   0   8   3   0  32   0   0  48   0  30   0  16  33  16   0  45   7   0   9   0  47  46  28  13
  19  40  44  35  48   0  40   0  32   0   5  37  31  23  50  40  27  19  40  31  21  50   6   6   0  19   0   0  39  26  10  15  44   6   0  24   0  31  24  33  30   2  35  13   0   0  38   4  16  40  50  48   0
  42   9  49  37   0  42   0   0   0  41  16  15  47  15  37   0  41  29  45   4  10   9   0   0  27  45  43   0  30  26   5   0   0   0   8   5  49  21   0   8  24   0   0  42  47   2   0  12   0  29  35  38
   0   9   0   0   0  21  44  17  44  35  17  25   3  18  13   0  49  17  50  19  38   0  25  29  34   0  30  36   0  45   0  40  30  35   4  39  14   0   0  36   0  45   0   6   3  11   0   0  41  43  16
  34  25   0  29  34  39  22  20  23   0  24  23  48   0  44   0   7   6  32  38  29  12  31  23  26   9  30  37  14  26  25   0  36  43  17  44   0  35  35  33   0  36   6   0  11   0   8  48  37  30
   2  27  10   0   0  17  12  38   0  34   5   4  16  27   0  18  39   8  35   0  14   1   0  41  29  50  15   0   0  18  45  10   3  27  42  43   0  23  47  46  46   6   0  17   0  19  43  50   0
  23  42  11   4  35  28  35  19   0   9  34  22  49  42  30   0  24  44  33  46  26  48   6  22   0  28   1   0   4  50  10   0  28  37  12   6  42  50   7  15  40  11   0   3   0   0  37   6
   0  35   6  43  22  32   8  14  32  21  25  38  14   3  46  36  19  35  41  50  17  19   0   0  24  35   0  27   2  28   0  44   8  30  32  13  25  20  41  31  43  32  15  31   8   7  16
  21   3  26  20  44  28  21   9   0   2   1  32   3   0  18  19   0  25  16  24   0  24   1   6   0   0  47   0   8  30  41  38  26  31   0   0   0   0   8  32  26   0  46   0  37  12
  39  23   0   0  20  20  12   3  37  31   3   8  27   0   0  26  13  41   3  40   0   3  33  18  12   0   0  25   0  48   3   0  30  22  20  18   0  22  37  18  12  38  28  12  16
  38  25   0  50  24  28  31  29   0  35   0   0   5  32   0  14  42   5   4  35  15  13   8  48  15  27   0   3  25  38   0  32  11   2   0   3   0  49  41   3  29  38  26  25
   0  10  21  34  29   9   3   0   0  36  37  14  21  18   7   6  41  20  39   7  34  10   0  33   7  27  20  44  15  30  50  27  34  38  34   0  14  17   0   6  22  24  38
  11  40  35   0  42  15   3   0  17   0   0  50  11   0  27  13  50  33   0  30  24  39  11   4  23  28  20  23  40  43  25  36  49  44  11  12  15   0   7  11   2  48
  34  25  35  14  42   3  24   7   0  25  47  34  21  37   0   0  32  39  33  17  17  27  18  34  43   0  28  11  35   0  12   0   0  26  50  48  16  23   0  15  27
   0  37   3  44  12   0  13  21  26   0  44  43  48  40   0  20   0  38   6  21   0  26  23  23   9  47  20  23   0  33   6  32  31  17   0  36   7   0   0   9
  43  18   7   9  35  27   0  10   0  35   0  15  22  47  34  30   2  29   6  20  33  48   0  38  27   3  45   0   0  11  25   4  21   0  45  37  18   2   0
   0   2  20  23  33   0  34   0  42  17  30  20  18   0  10  19   0   0   7  42  15   0  18  18  41   0  29  19  14   2  23  36  36  22   0   0  47  45
   0   0   0   8   0  27  49  20  19   0   0  10  32  35  29   0  45  25  36   0  27  34  39  13  22  44  37   0  40  39   0  39  28  11  37   7  10
  39  26   0  24   0   0   7  33   0   0   0   0   0  31  13  21  40   4  28  50  42  13  49   0  42  40  34  35   0  42  32   0  16   0  45  33
  48  47  10   8   0   0   0  44  37   5  30   0  44  43  33  47  21   1   0   0  18  38  44   0   0   9   8  26   8   0  43  25  37   0  14
  49  18  32   9   0   1  37   2  24   0   8   0  34  14  50  34  25  16   4   0   0  29  47   0   3  42   0  49  43   0   0   4   8  49
  17  25   0  50  38  19  27   8  39   3   0   8  17   0   0   4  30  10  20  16  22   0   0  15  37   0  42   2  11  36  33   0  11
  30   0  14   0  28   6   7  14  44  38   0  27   0  15  42   0   5  16   0  35  24   0  50  38  32  19  42  32   0  22  21  18
   0   0  12  20  41  25  44  23   0   0   0   0   0  35  44   0  47  32  27   5   0  26   0   0  40  29  24  10   0   1   0
   3  50  43  16  36  11  48   0  19  48   7   0  28  35  25  42  26  24  13  39  35  50  14  43  48  31  26  21  30  47
   0  34   0  35  18  49   0   0  27   0   0   0  41  43  30  49   0  49   0  10   2  32  41  11  28  36   0   4  13
  23  14  11  40  43  46  43  35  38  48  39  26   0  43  40   0  42  22   0  12   0  44   5  37  24  24   8  31
  30  42  14  24  11  50  27  42   4  18  17  32  50  37  37  37  20  12   0  23  49  47  21   0  22  24   9
   0  42  27   8  32  42   9  39   0   0   0  48   5   5   3  45   0  38   1  25   0   0  46  28  22  37
   0   0   6  17  24   4   0  39   0  14  24  24   1   0  21  28  32  37   0  21   0   0  48  10  35
   0   0   0  36   0   9  19  10  14   0  48   0  36  30   0   0   2  42   0  23  42  28   0  40
   0   4  23   0  48  26  13  20  15   0   1  25  49  45  11   0  21   1   0  24   0  35  31
   7  25  22  11   1  17   6  39   0   8  42   0  47   0   0  49  49  18  43  26   0   0
  16   0   0   3  49   0  44  31  18  11   5   0  45  20  33   5  21   0   0   0  29
  40   0   9   1   4  50  30  27  26  18  45  37  31   0  38   0  14  31   0  43
  38  49   9   0  49  32  40   0  28   0   0   8  26   0   0  25  43  27  19
  35  17   0   3   5   0  48  34   0  38   0   0  36  32   4  32   3   9
   1  47   8  16   0  20  20  27   7  28  34  12  36  32  19   0   0
  25  36   0   0  47   0   3  50  11  18   8  43   0   0   4  29
  49   0   6   0   0  37  30   8   0   9  45   0  19   0  14
   0  41   0   0   0   0  34  13  19  10  12  27   0  10
  49  17  35   7  27  19   0   0  15  47  50   2  36
   0  45  29  21  17  36   0  21  10   9   8  11
   7  32  24  32   0  47  16  48  33  45  33
   0  35  13  12  19   0   0  26  33   6
  23  28  16  49  16   0   2   0  45
  14   0  42   0  33   0  21  42
  16  32  11  29   4  38  15
  27   0  38   0  21  39
   4  39   4  28  14
  17  26  28  20
  48   2   0
   2   0
  48

 556
  24  15   3   3   9   3  11   7  25  17  24  21  23  11   8   6  12  12   2  18  21  13   9   4  15  11  23  18  10   1  17  14  24  24  22   3  21  24   5  19  18  14   9   6  19   4  19   6  21  16   1  25  24  14   3  20   5  19  17  23  20  23  24  18   6  17  21  22  17  18  18  18   2  15  18   5  12   1  22   2   7  19  12   9  10  11   2   7   7   7  24   3   3  16  16   4  15  13   4  11  11  18   5  15   3  17  10  20   6   1  12  17  19  12  11  22  16   9  10   7   1  20   6  22  11  21  18   8  20   8  18  21  19  21  15  12  25  24   5  13

