  80 
   0   0   0  26   0   0   0   0   0   0   0   0   0   0   0   0   0   0   0   0   0   0   0   0   0   0   0   0   0  46   0  24   0   0   0   0   0   0   0   0  38   0   0   0  28   0   0   0   0   0   0   0   0   0   0  17   0   0  20   0  45   0   0   0   0   0   0   0   0   0   3   0   0   0   0   0   0   0   0   0
   0   0   0   0   0   0   0   0  26   0   0   0   0   0   0   0   0   0   0   0   0   0   0   0   0   0   0   0   0   7   0   0   0   0   0   0   0   0   0   0   0   0   0   0   0   0   0   0   0   0   0   0   0   0   0   0   0   0   0   7   0  45   0  32   0   0   0  44   0   0   0   0   0   0   0   0   0   0   0
  46   0   0  34   0   0   0   0   0  39   0   0   0   0   0   0   0  21   0   0   0  29   0   0   0   0   0   0   0   0   0   0   0   0   0  37   0   0  29   0   7   0   0   0   0   0   0   0   0   0   0   0   0  13   0   0   0   0   0   0   0   0   0   0  47   0   9  22  15   0   0   0   0  22   0   0   0   0
   0   0   4   0   0  42   0   0   0   0   0   0   0   0   0   0   0   0   0   0   0   0   0   0  40   0   0   0  24   0   0   0   0   0  49   0   0  10   1   0   0   0   0   0   0   0   0  36  23   0   0   0   0   0   0   0   0  32   0   0   0   0   0   0   0   0   0   0   0   0   0   0   0   0   0   0   0
   0  25  37   0   0   0   0   0   0   0   0   0   0   0   0  43   0   0   0   0   0   0   0   0   0   0   0   0   0   0   0   0   0   0   0   0   0   0   0   0   0   0   0   0   0   0   0   0   0   0   0  30   0   0   0  31   0   0   0   0   0   0   0   0   0   0   0  41   0   0   0   0  25  26  25   0
   0   0   0   0   0   0   0   0  35   0   0   0   0   0   0   0   0   0   0   0   0   0   0   0   0   0   0   0   0   0  12  25   0   0   0   0   0   0   8   0   0   0   0  43   0   0   0   0   0   0   0   0   0   0   0   0   0   0   0   0   0  21   0   0   0   0   0   0   0   0   0  24   0   0   0
   4   0   0   0   0   0   0   0  42   0   0   0   0   0   0   0   0  33  27   0   0   0   0   0   0   0   0  18   0   0   0   0   0   0   0   0   0   0   0   0   0   0   0   0  18   6   0   0   0   0   0   0   0  44  19   0   0  18   0   0  14   0   0   0   0  21   0   0   0   0   0   0   0   0
   0   0   0   0   0   0   0   0  43   0   0   0   0   0   0   0  28   0   0   0   0   0   0   0   0   0  10   0   0   0   0   0   0   0   0   0  30   0  26   0   0   0  13   0   0  27   0   0   0  37   0   0   0   0   0   0  33   0   0   0   0   0   0   0   0   0   0   0   0   0   0   0   0
   0   0   0   0   0   0   0   0   1   0   0   0   0  14   0   0   0   0   0   0   0   0   0   0  48   0   0   0   0  13   0  48   0   0   0  36   0   0  11   0   0   0   0   0   0   0   0   0   0   0   0  26   0   0   0   0  28   0   0   4   0   0   0   0   0   0   0   0   0   0  45   0
  30   0   0   0   0   0   0   0   0   0   0   0   0   0   0   0   0   0   0   0   0   0   0   0   0   0   0   0  20   0   0   0   0   5   0   0   0   0   0   0  18   0   0   0   0   0   0  42  42   0   0  37   0   0   0   0   0   0   0   0   0   0   0   0   0  12   3   0  23   0   0
   8   0   0   0   0   0  18   0  39   0   0   0   0   0  29   0   0   0   0   0  49   0   0   0   0   0   0   0   0   0   0  35   0   0   0   0   0   0   0  39  41   0   0   0   0   0   2   0  22   0   0   0   0   0  18   0   0   0   0   0   0   0  26   0   0   0   0   0   0   0
   0   0   0   0  46  18   0   0   0   0   0   0  35   0   0   0   0   0   0   0   0   0   0   0  44   0   0   0   0  15   0   0   0   0   0   0   0   0   0   0  25   0   0   0   0   0   0   0   0   0   0   0   0   0   0   0   0   0   0   0   0   0   0   0   0   0   0  47   0
  45   0   0   0   0   0   0   0   0   0   0   0   0   0   0   0   6   5   0   0   0   0   0   0   0   0   0   0   0   0   0   0   0  45   0   0  25   0   0   0   0   0   0   0   0   0  18  29   0   0   0  32   0   0   0   0   0   0   0   0   0   0   0   0   0   0  41   0
   0  18   0   0   0   0   0   0   0   0   0   0   0   0  19   0  40   0   0  30  19   0   0   0   0   0  33   0   0   0   0   0   0   0   0   0   0   0   0  16   0   0   0   0   0   0   0   0   0   0   0   0   0   0   0   0   0   0   0   0   0   0  22   0   0  21   0
   0   0   0   0   0   0   0   0   0   0   0  37   0   0   0   0   0   0   0   0   0   0   0   0   0   0   0   0   0   8   0   0   0   0   0   0   0  31   0   2   0   0   0   0   0   0   0   0   0  29   0   0   0  16   0   0   0  47   0   0   0   0   0   0   0   0
   0   0   0   0   0   0   0   0   0   0   0   0  45   0   0   1   0   0   0   0   0   0   0   0   0   0   0   0   0   0   0   0   0   0   0   0   0   0   0   0   0   0   0   0   0  14   0   0   0   0   0   0   0   0   0   5   0   0   0   0   0   0   0   0   0
   0   0   0   0   0   0   0   0   0   0   0   0   0  36   0   8  30   0   0   0  40  42   0   0   0   0   0   0   0   0   0   0   0   0   0   0   0   0   0   0   0   0  13   0   0   0   0   0   0   0   0  35   0   0   0  13   0  34   0   0   0   0   0   0
   0   0   0   0   0   0   0   8   0   0   0  26   0   0   0   0   0   0   0   0   0   0   0   0   0   0   0   0   0   0   0   0   0   0   0   0   0   0   0   0   0   0   0   0   0   0   0   0   0   0   0   0   0   0   0   0   0   0  30   0   0   0   0
   0  43   0   0   0   0   0   0   6   0   0   0   0   0   0   0   0   0  36   0   0   0  33   0   0   0   0   0   0   0   0   0   9   0  50   0   0   0   0   0   0   0   0   0   0   0   0   0   0   0   0   0   0   0   0   0   0   0   0   0   0   0
   0   0   0  31   0   0   0   0   0   0   0   0   0   0   0   0   0   0   0   0   0   0   0   0   0   0   0   6   0   0   0   0   0   0   0   0   0   0   0   0   0   0   0   0   0   0   0   0   0   0  41   0   0   0   0   0   0  37   0   0   0
   0   0   0   0   0   0   0   0   0   0   0   0   3   0   0   0   0  41   0   0   0  32   0  39  15   0   0   0   0   0   0   0  47   0   0   0   0  32   0   0  29   0   0   0   0   0  39   0   0   0   0   0   0  48   0   0   0  20   0  14
   0   0  40  22   0   0   0   0   0   0  29   0  14   0   0   0   0   0   0   0   0   0   0   0   0   0   0   0   0   0   0   0   0   7   0   0   0  50   0   0   0  40   0   0   0   8   0   0   0   0   0   0   0   0   0   0   0   0   0
   0   0   0   0   0   0   0   0   0   0   0   0   0   0   0   0   0  18   0  35   0   0   0   0   0   0   0   0   0   0   0  39   0   1   0   0   0   0  41   0   0   0   0   0   0   0   0   0   0   0   0  14   0   0   0   0   0   0
   0   0   0   0   0   0   0   0   0   0   0   0   0   0   0   0   0   0   0  23  18   0   0   0   0  23   0   0   0   0   0   3   0   0   0   0   0   0   0  46   0  35   0   0   0   6   0   0   0   0   0   0   0   0   0   0   0
   0   0   0   0  24   0   0   0   0   0   0  47   0   0   0   0   0   0   0   0   0   0   0   0   0   0   0   0   0   0   0   0   0   0   0   0   0   0   0   0   0   0   0   0   0   0   0   0   0   0   0   0   0   0  18   5
   0   0   0   0  39   0   0   0   0   0   0   0   0   0   0   0   0   0   0   0   0   0   0   0   0  15   0   0  20   0   0   0   0   0   0   0  43   0   0   0   0   0   0   0   0   0   0   0   0   0   0   0   0   0   0
   0   0   0   0   0   0   0   0  12   0   0  15   0   0   0   0   0   0   0   0   0   0   0   0   0   0   0   0   0   0   0   0   0   0   0   0   0   0   0   0   0   0   0   0   0   0   0   0   0   0  29   0   0   0
   0   0   0   0   0   0   0   0   0   0   0   0   0   0   0  24   0   0   0   0   0   0   0   0   0   0   0   0   0   0   0   0  19   0   0   0   0   0   0   0   0   0   0   0   0   0   0   0   0   0  28   0   0
  36  40   0  23   0   0   0   0   0   0   0   0   0   0   0   0   0   0   0   0   0   0   0   0   0   0   0   0   0   0   0   0   0   0   0   0   0   0   0   0   0   0   0   0   0   0   0   0  36   0   0   0
   0  39   0   0   0   0   0   0   0   0   0   0   0   0   0   0   0   0   0   0   1   0  42   0   5   0   0   0   0   0   0   0   0   0   0   0   0   0   0   0   0   0   0   0   0   0  37   0   0   0   0
  16   0   0   6   0   0   0   0   0   0   0   0   0   0   0  25   0   0   0   0   0   0   0   0   0   0   0  34   0   0   0   0   0   0   0   0   0  31   0   0  26   0   0  16   0   0   0   0  47   0
  47   0   0   0   0   0   0   0   0  45   0   0   0   0   0   0   6   0   0   0   0   0   0   0  32   0   0   0  10   0   0   0   0   0  10   0   0   0   0   0   0   0   0   0   0   0   0   0   0
   0   0   0   0   0  43   0   0   0   0   0   0  29   0   0   0   0   0   0   0   0   0   0   0  25   0   0  13   0   0   0   0   0   0   0   0   0   0   0   0   9   0   0   0   0   0   0  20
   0   0   0   0   0   0   0   0   0   0  33   0  47   0   0   0   0   0   0   0   0   0   0   0   0   0   0   0  35   0   0  39   0   0   0   0   0   0  18   0   0   0   0   0   0   0   0
   0   0   0   0   0   0   3   0   0   0   0   0   0   0   0  14   0   0   0   1   0   0   0   0   0   0   0   0   0   0   0   0   0   0   0   0   0   0   0   0   0  25   0   0  19  13
   0   0   0   0   0  36   0   0   0   0   0   0   0  35   0   0   0   0  39   0   0  39   0   0   0   0   0   0   0   0   0   0   0  10   0   0   0   0   0   0   0  32   0   0   7
   0   0   0   0   0   0   0   0   0   0   0   0   0   0  11   0   0  13   0   0   0   0   0   0   0   0   0   0   0   0   0   0   0   0   0   0   0  33  48   0   0   0   0  14
   0   0   0  10   0   0   0   0   0   0   0   0   0   0   0  23   0   0   0   0   0   0   0  13   0   0   0   0   0   0   0   0   0   0   0   0   0   0   0  17   0   0  22
   0   0   0   0   0   0   0   0   0   0   0   0  47   0   0   0   0   0   0   0   0   0   0   0   0   0   0   0   0   0   0   0   0   0   0   0   0   0   0   0   0   0
   0   0   0   0   0   0   0   0   0   0   0   0   0   0   0   0   0   0   0   0   0   1   0   0  36   0   0   0   0   0   0   0   0   0   0   0   0   0   0   0   0
   0   0   0   0   0   0   0  15   0   0   0   0   0   0   0   0   0   0  13   0   0   0   0   0   0  31   0   0   0   0   6   0   0   0   0   0   8   0  20   0
   0   0   0   0   0   0   0   0   4   0   0   0   0   0  28   0  17   0   0   0   0   0   0   0   0   0   0   0   0   0   0   0   0   0   0   0   0   0   0
   0   0   0  13   0   0  32  12   0   0   0   0  13   0   0   0   0   0   0   0   0   0   0   0   0   0   0   0   0   0   0   0   0   0   0   0   0   0
   0  45   0   0   0   0   0   0   0   0   0   0   0   0   0   0   0   0   0   0   0   0   0   0  12   0   0   0  49   0   0   0   0   0   0  32   0
   0   0   0   0   0   0   0   0   1   0   0  45   0   0   0   0   0   0  31   0   0   0   0   0   0   0   0   0   0   0   0   0   0   0   0   0
   0   0   0  27   0   0  12   0   0   0   0   0   0   0   0   0   0   0   0   0   0   0   0   0  27   0   0   0  33   0   0   0   0   0  13
   0   0   0   0   0   0   0   0   0   0   0   0   0   0   0   0   0   0   0   0   0   0   0   0   0   0   0   0   0   0   0   0   0   0
   0   0   0   0   0   0   0   0   0   0   2   0   0   0   0   0   0   0   0   0   0   0   0  23   0   0   0   0   0   0   0   0   0
   0   0   0   0   0   0   0   0   0   0   0   0   0   0   0   0   0   0   0   0   0   0  25   0   0   0   0   0   0   0  36   0
   0  39   0   0   0   0   0  13   0   0   0  20   0   0   0   0   0   0   0   0   0   0  13   0   6   0   0   0   0   0   0
   0   0  41   0   0   0   0   0   0   0  40   0  46   0   0   0   0   0   0   0   0   0   0   0   0   0   0   0  21   0
   0   0   0   0   0  10  30   0   0  44   0   0   0   0   0   0   0  23   0   0   0   0   0   0   0   0   0   0   0
   0  12   0   0   0   0   0   0   0   0   0   0   0   0   0   0   0   0   0   0   0   0   0   0  41   0   0   0
   0   0   0   4   0   0   0   0   0  16   0   0   0   0   0   0   0   0   0   0   0   0   0   0   0   0   0
   0   0  26   0  28   0   0   0   0  23   0  38   0   0   0   0   0   0   0   0  22   0   0  27   0   0
   0   0   0   0   0   0   0   0   0   0   0   0   0   0   0   0   0   0   0   0   0   0   0   0   0
   0  37   0   0   0   0   0   0   0   0   0   0   0  46   0   0   0   0   0   0   0   0   0   0
   0   0   0   0   0   0   0   0   0   0   0   0  48   0   0   0   0   0   0   0   0   0   0
   0   0   0   0   0   0   0   0   0  12   0   0  48   0   0   0   0   0   0   0   0   0
   0   0   0   0   0   0   0   0   0   0   0   0   0   0   0   0   0   0   0   0   0
   0   9   0   0   0   0   0   0   0   0   0   0   0   0   0   0   0   0   0  32
   0   0   0   0   0   0   0  45   0   0   0   0   0   0   0   0   0   0   0
   0   0   0   0   0   0   0   0   0  48   0   0   0   0   0   0   0   0
   0   0   0   0   0   0   0  38   0  26   0  29   0   0   0   0   0
   0  50   0   0   0   0   0   0  29   0   0   0   0  27   0   0
   0   0   0   0   0   0   0   0  34   0   0   0  25   0   0
   0   0   0   0  41   0   0   0   0   0   0  39   0   0
   0   0  48   0   0   0   0   0   0   0   0   0  24
   0   0   0   0   0   0   0  50   0  20   0  49
   0   0  29   0   0  49   0   0   0   0   0
   0   0   0   0   0   0   0   0   0   0
   0   0   0   2   0  14   0   0   0
   0  35   0   0   0   0  33   0
   0   0   0   0   3   0   0
   0   0   0   0   0   0
   0   0  31   0   0
   0   0   0   0
   0  25   0
  23   0
   0

 915
   3  12   2   8  16  23  10  19   4   1  20  23   2   2  25  14   3   4  17  18  13  20  11  22  17   9  20   9  12   1  13   1  24   3   7  13  18  12  10   7   7  22  15  17   7  15  18  15   7  16   2   5  25  23  11  12   9   6   5   6  17   1  17  21   4  21   3  21   3  19  20  24  18  11   3  15  16  24  23  23

