  80 
  49  22  14   4  35  37  22  31   1  43  48  32   8  14  43  46  43   6  25  35  42  41  45  29  46  15  49   2  22  19  19   2  35  20  47  44  29  12  41  25  31   6  16  42  21   1  36  10  32  41  47  14   5  33  22  48   3  24   2  20  10  36  26  34  15  32  39  31  36  40   2  49   5  29  37  29  24  26   8  24
  39  42  32  16  18  12  40  19   1  17  37  14  21  18  37  39   5  22   7  24  46   1  19  43  47  12  37   8  13  26  19  28  14  25   1  43  48   3  34  24  48   4  20  24  11  36   1  30  24  33  31  15  22  21  32  47  15  27  15  11  17   5  39   6   8  35  48  25  16  39  46  20  25   6  30  22  20   8   4
  12  49  19  25  39  40  30  35  47  18  13  31  30   4  19  36  10  25  37   8   7  13  20  10  15  37   3   6   5   9  21  42  40  40  13   2   9  47  34  34  47  40  10  44  16  32  28  18   5  23  48   1   3  33  14  20  46  32   3  50   1  24  38  41  48  13   4  45   8   3  16  34  16  45  45   7  45  13
  32  36  12  13   3  38  14  40  44  11  38  17  24   2  46  14  45  30  45  38  13  15   8  36   7  21  37  42  23  47  37  50  31  11  26  27  33  11  23  45  26  38  17  23  39  13  30  39  24  20  10  21  48  46  26  25  47  20  24  36  12  29   1  33  32  36  41  34  40  29  39  34  21  18  50   6  16
  17  26  30  16   2  45  40  29  36   1  38  10  22  35  14  43  27  21   1  34  22  47  28  26  30  14  10  13  29  44  24  36  15  48  11  31  28  41  26  19  50  26  14  31  16  20  31  11  15  24  38   7  38  30  28  49  28  21  22  15  31  11  32   2  16  19  18  24  10  30  25  41   4  24  41  23
   3  23   5  21  49  31  17  17   3  42  41   1   1  34  33  27  24   6  39   4  50  33  12  24  43  26  25   3  50  35  10   6   1   2  43  25  12  29  48  42  50  47   7  44  37  40  42  18  47  28  17  27  22  23  49  21  50  13  39   1  12  16   7  26  47  45  25  20  48  20  10  22  23  41  29
  45   7  26  32  40  48  43  25  44  23  23  38  12   7  20   6  20  46  13  45  24   4  45  43  27  16  25  38  44   5  21  15  15   8  25   5  17  46  37  22  23   6  16  39  16  45  32  16  20  14  37  43  33  16  32  48  37   8   1  27  32  46  45  27  36  35  14  16  40  19   6  38  48  48
   9  33  28  18   7  29  48  11   7  37   4  24  35  25  27  10  45  28  43   5  37  23  49  50   7  42  10   5  24  30  21  42  47  30  22   4  34  37   8  44  17  43  46  17  29  46  17  30  45  33  19  22   1  10   7  17  10  36  33  18  37  24  39   8  11  46  50   5  29  31  42  14  47
   7  43   6   1  18   7   4  43  45  34  49  32  30  29  41  41  36  35  24  14  21  19  19  32  16  35   3  38  38  38  47  10  17  30  23  45  30  22   8   3  25  32  32  45  28  32   3  46   3  26  41  12  44   5  50  33   7   4  19  18  27  16  22  46  35  39  10   7  38  11  48  34
   7  37  42  50   4   8  12  50  37  46  26  13   9   1  17   7  12  25  11  32  48  18  43  16  33   7  42  26   9  19  38   2  46  47  18  19  22   6   8   7  27   3  27  48  44  11   4   7  20  47  30  25  35  46  45  45  18   3  11  24  20  49   6  21  24  29   6  15  27  43  29
  22   4  49   5  43  39  48  30  14  32   3  35  19  35  26   2  34  26  31  22  27  29  28   4  15  36   7   5  50   6  10  14  49  18  21  29  37  49  34  47  33  40  12  27  40  41   5  48  48  17  26  34  42  46   8  15  28  40  24  44  33  14   7  50   8   4  10  45  13   4
  13  17  25  19  44   5  29  45  29  19  27  16  40  40  40  23  12   5  46  20  25   7   8  15  34   5  50  33  15  50  35  46  46  16  35   2  46   1  17  45  31  26  23  25  25  44  45  47  38  26  44  26  24  29  26  20  49  36  25  11  15  30  36  29  16  50  49  44  17
   5  22  36  41  35   2  20  42  40  16  20   2  45  10   7  16   4   2   3   5  46  40  45  38  32   8  33   4  23  31  40   2  47  11  12  42  11  50  18   4  26  20  17  11  12  43  32  49  24  20  38  43  20  45  42  34  36  27  31   8  37  17  18  38  10  42  22  27
   3  24  14  22  31  36  39  45  48  13  33   5   1   8  31   7   4   6   3  25  43  26   2  21  31  11  23  48  38  46  50  27   6  26  39  44  38  46  32  46  29  40  37  43   9  46  20  34  15  21  21  49  34  37  15  18  20   8  46  24  32  40  11  40  28  14  23
  29   3  14  19  41  31  26  41  49  21  33  41   3   9   8  17  41  29  30  10  11  45  17   4  21   1  27  10  15  28   2   4  14  17  30  45   4  44  14  16   9  50  16   7  35  30   5   8  15  21  47   6   8  43  42  41  14  32  16  36  39  15  33   2  30   5
  38  42   3  31  50  12   7  12  38  38  41  19  44  46   5  30  19  14   4  44  11  37  39  21  36  47  48  17  29   8  45   5  24   7  29  14  30  24  34  48   6  43   8  32   1  35   2  48  12  27  11  29  41  27  34  28  31   3  28  24  25  20  38   7  46
  42  48  46   6  27  43   1  30  50  37  29  15   5   2   6  48  39  10  26  38   4  18  36   8  11  30  39   2  20  37  10  45  33  28  13   9  46  42  41  12  10  44  17  20  24  27  18  20  28  32  46  16  16  18  36  18  24  40  38  18  42  36  27  28
  45  41  21  41  32  18  10  12  13  34  35   5   1  23   3  49  10  20  31   5   2  15  47  50  14  34  41  29  40  48  41  45  47   5  49   4  44   5  13  23   4   5  24   9  26   1  16  14  24  38  34  11  40   7  10  16  48  31  24   5   3  41  28
  13  34  35  13  42  32  42   3  22  41  44  10  45  32   9   8  19  45  37  31  35   4  49   6  33  32   9   8  32  21  16  15  35   1   5  13  22  31  36   1  43  32  21  48  14  50  35   9   5  10  42  16  29  15   4  15  29  32  16  12  33  37
  20  18  30  36  36   2  42  15  43  43   1  42  49  31  37  29   4  39   4   7   5   3   8  37  10  15  26  36   7  27  15  11  40  27  31  30  37  25  18  20  19  44  50  44   5  16   3  34  37  18  34  33  38  50  46  28  21  14  18   2   5
  27  34  18  32  50   6  25  36  27  26  23   3  36   3  21   5  38  35  35  18  49   4   4  28  44  32  35  42   2  24   1  39   3  45  35   2  24  43  36  43  19  12  17  50  13  45  19  11   7  30  48  44  10  42  45  18  49  49   2  39
  19  35  40  29   7   2  35   5  11  23  27  20  27  23  50  23  44  32   3  34  25  45  17  37  16  38   7  26  26  49   3  25  28  28  23  35  30  49  15  43   6   7  32   7  42  19  21   5  32  50  27  49  27   4   3  32  25  20  13
  13  30  41  11  33  25  44  33   9  29   5  48  46   7  30  41  26  40  24  48   9  28  23   7  38  50  18   9  39   6  18   9  33  50  36   1   3  28   9  38  50  29  14   8  32  14   4  39  46  21  11  13  32  25  19  33   7  42
  22  49  44   3  36  48  41  15  49  50  35  45  17  37  28  43  37  46  45  40  10  17   4  10  41  26  49  46   5   9  39   4  21  44  38  34   9  11  37  18   5  49  41   3  50  12  30  10  14  40   8  19  24   3  23  11  50
   6  13   5  25  49  26   9  50  18  25  17  48  10   4  46  12   1  10  14  21  10  29  24   3   1  20  22  26  33  46  18  12  28  26  25  42  45  10  44   6  49  22  28   6  12  41  10   2  34  21  27  27  14   7  35  46
  11  17  43  24  24   9  16  24  19  11  28   3  36  11  49  14  48  31   6  34  44  27  27  36  11  40   6   9  19  44  16  29  46  46  40  18  41  18  34  27   3  12  32  22  22  48   3  38  43  11  21   5  16  30  32
  12  37  45  48   4  19   6  12  46  24  17  47  42   8  13  33  45  35   1   6  28  34   8  12  50  41  22   3  30   9  18  49  25  42  19  49   1  40  21  26  32  14  17   6   7  44  25  14   5  18  42   3  24  47
  49  23  21  35  36  45  25  48  31  38  34  25  32  11  49  21   6   2   4  40  14  40  48  39  17  49   8  44  42   7  43   2  34  14  46  21   2  12  24  19  36   9   2  46  48  43  26  43  50  31  27   8  43
  26  47  25  20  41  22  10   9   7  44  16   9  31  50   4  19  24  47  19  28  13  47  19  25  19  12  33  10   6  33   2  37  14  40  33  24  49  42  25   6   5  45  42  21  26  17   2  34  50  32  20  11
   9  40  40  45  20  34  36  43  49  27  45  31  33  50  20  23  23  49  18  33   6  37  30  44  12  20  30  15  29  40  35  30  45  16  14   8  27  48  49  13   8  39   9  20  23  44  16  30  14  31  29
  26  37  36  44  35   8  20  44  26  11  34   5  27  41  18  29  18  12  24  48  45  19  49  34   3  14  40  17  44   5  26  24  43  16  28  29  48  44  25  39  20  23  10  46  25  23  17  27  21  22
   7  28  12  35  19  17  22  17  24  45  11  37  28  20  48   4  34  46   6  20   3  42   4  16  32  42  48  33  36  37  27  32  21  13  15  18  14  49  37  33  46  33   9  13  25  27   9  43  31
  38  42  44  19  37  15  46   3  27   7  39   3  48  31  47  33  37  37  43   9  43  41  12  28  31   1  12  10  36  35  38  21  25  41  11  10  16  20   7  40  18  48  31  44  47  22  13   6
  47  16   1  19  11  47   6  38  46  13  41  19  18  25   1   7  33  50  27   6   1   2   3   4   1  27  46  38  26  17  27  11  40  33  21  11  11   6  20  46  34  20  39   7  29   5   6
  19  10   4  42   5  37  19  44  46   6  41  37  41  12  41  25   8  47  48  34  47  42  48  22  42  15  38   5  42  33  43  48  30  30   8  45  44  32  28  28  39   5  36   5  36  23
  22  35  30  47  43  21  14   1  46  46   5   4  50  50  40  14  41  33  15  32  14  28   7   5  35  12  46  43  16  11   4  13  18  48  38  40  29  50  28  39  24  15  45   4  43
  47  20   9  28  13   9  17  23  37  33   5  20  31   1  46   6   9  45  26  46  45  47   6  36  41  16  23  35  46  29  21  26  41  15  21   8  35   2  14  28  17  45  25  38
   1  10  26  24  47  23  40  45  43  42  14   7  37  44  25  50  20  21  37  29  43  46  24  17  49  41  27  25  31   2  13  16   4   2  49  28  35  16  33  27  21  18   8
  22  12  21  12  50  48  29  15  25  34   9  34  44  20  40  22  36  37  39  36  10  12  43  31  34  37  13  43  12  24   2  20  29  24  41  50  18  22  11  27  44  10
  26  41  21   9  17  32  47   8  38  35  20  22  48  11  27  37  43  16  26  15  24  48  13  22  13   5  35  42  34  44  39  32   2  29  34  47  16   5   7   8  19
  48  48  37  41  36  33  28   3  15  22   8  42  43  36  34  35  43   1  43  36   2  22  47  30  46  11   6  10  23  46  49  17  48  15  34  14  29  19  19   5
   7  48  27   3  46  40  15  41   6  48  35  15  22  43   4  46  46  23  37   7  21  39   9  28  45   9  40  49  20  37   1  18   3  46   2  46  21  31  38
  16   7   4  16   3  45  14  23  20  32  13  43  24  44  16   3  45  22  34  14   3   6  50  14  40  37  43  32  13  36  14  45  26  40  49  44  13  14
  46  40  30   7  33  44  16  14  49   4  18   3  27  42  47  36   8  19   2  50   4  40  41  14  23  19  12   1  20  14  12   5  15  26   2  36   7
  23   4  32   5  12  32  31   8  36  49  24  45  27  47  18   3  43  47  12   6  30  25  35  27  21  22   9  46  19  40   7  14  41  33  17   9
  44  16  18  34  15  15  30  43  36  40  35  47  42  12  17  20  23  40   8   6   7  10  16  30  32  11  40  14  17  34  31  42  38   2  26
  26  26  20   1  33  32  31  32  12  48  19   6  29  19  21  36   2  40  28  50  38  22  25  34  17  18  45  17  45  42   8  35   5  43
  41  40  28  29   2  22  31   2  42  24  17  16  44  33   2  11  38  35  16  28  11  40  16   7  22   9  40  46  40  23  46  43  38
  34  16  24  10  21  42   2  43   4  50   4  30  40   9  28  33  24  47  44  22  37   8  42  13  16  37  29  44   1   6  37  19
  26  14  24  26  12  32  18  24  21   4  35  16  37  43   7  13  38  34  30  41   6   8  15  36   3  26  12   6  30  33  19
  27  28  23  14  36   8  24  25   5   4  24  21  45   8  48   4   6  41  33  33   9  37  11  26  11  47  49  44  18  29
  46  42  22  40  21   2   8  42   2   9  35  26   1  36  30  23  12  34  13  30  36  32  22   2  33   6  40  31  21
  27  33   1  42  37  15  32  34  42  46  45  14  14  25  15   7  22  42  47  12  32   9  30   9  36  48  23  42
  16  24  37  36  36  32   2  48  48  13  26  47   9  37  45  11  37  29  25  19  34  41  21  17   2  42  26
  31  10  42  14  31  33  38  29  48  37   3   5  14  30   5  13  14  29  32  47  24   9  34  44  29  14
  28  43   5  10  10  30  49  15  20  33  12  50   1  10  32  41  41  31  33  26  20  27   9   3  10
  41  38   6  50  30  34  50  13   1   5  41  32  41  40   1  49   7   9  22  44   8  44  40  36
   6  50  45  14   4  29  33  23  46  17  46  18  27   6  38  23  40   5  31   5  12  32  49
  44  36   9  49   7  31  29  32  40   6  19  50   7   6  24  41   6  43  32  43  44  33
  40  46  24  26  38  42   6  48  14  37   5  10  32  32  22  12  17  10  13   1  46
  19   7  18   8  40  30  35  41  22  38  33  39  12   2  43  50  24  32  50   6
  44  45  35   2  21   5   8  34  46  23  33   2  14  12   4  12  27  44  27
  38  16  20  38  33  16  22   9  27  46  46  23  29  36  27  28  27   6
   9   6  22  38   4  29  28  49  42  49  48  34   9  45  38   5  19
  16  32   6  44  44  48   3   8  50  46   2   7  20  28  23  23
  49  34  21   2  48  17  41  31  45  25  11   4   9   1  21
  32  32   4  38  22  11   2  27   6  41  33  31  29  25
  20  15  33  16  18  17  26   3  43  21  47  39  50
  36   6  28   3  32  22  25  13  10   7  34  12
   3  44  12  14  25   5  31  26  10  32  14
  35  30  50  10  29  12  49  26  40   7
  47  35  10  38  13   4  37  28  21
  39  46  33  39  25  35  43  15
   5  24   5  12  30  14  37
  28  46  47  15  45  26
  21  12  17  12   6
  29  46   7  18
  13  48  34
  25  13
  15

 394
   7  10  10   9  20  21  12   7  10  20  18  15  25   3  21  15  17  23  14   4  13   2   6  25   3  17   4  21   3  24  16  24   9  15   2  22  22  18  21  24   9  15   2   4  11  16  22   9   4  22   3  23   1  18  21  17  14  15   7  18   7  11   9  24  23  21   1   4   7  10  10  10   7  21  11  15   7   3  12  11
