  80 
  43  40  21   4   5  14  32   6  48  39  30   7  16  38  42  44  38  17  32   9  34  32  17  21  40  41  11  31  34  10   6  29   1   8  31  46  21  10  21  40   8  23  46  35   4  31   8  49  24   7  46  41  28  46  24  47  44  22  49  38  16  17  24   5  24  44  23  40  42  44  35  20  49  18  16  22  16  15   8  11
  19  19  40  22  26  34  13  29  48  21  39  16  25  23  36  39   7  16  48  31  48  44  12  27  25  10  36  30   8  14  25  11  36  15  15   3  43   9  19  42   4  20   1  36  24  34   9  19  33  18  31  18   2  30  31  27   7  45  30  34  27  24   4  17  36  31   7  31  12   4  32  48  50  48   9  36  38  47  50
  48  43  37   1  18  46  49  41  25  12   4  13   9  20  18  31  37  26  10  40  26  36  19  33  30  33  14  26   4  33  12  35  35  39   2  30  12  28   9   9   5  48  25  30  20   3  42  16   3   1  27  43  16   5  43  16  25  47  19  30  44   6  14  32  46  30  10  34  25  18  36  26  38  48  11  19  50  50
  35  46  48   7  49  31  48   9  31   5  50  41  37  14  48  26   2  37  41  45  35   9  32  28  41  49  34   7   4   1   1  28   8  28  39  41  40  13  42  50  39  25  47  35  34  24  16  49   9  14  43  50  48  43   3  28  50  22   7  46  21  32  10  36  46  36  47  41  33  23  49  44  45  44  46  44  29
  43  47  29  12  48  35   3  34  18  11  14  38  12   3  26  28  16   8  38  19   1  49  12  44  38   6  39  47  48   2  29  37  12  10  30  36  17   2  31   2   2  33   1  50  37  21  18  23  26  16  44  49   4  41  12  39  48  22  37  38   7  26  21  40  26  34   5   7  40  14  49   5  27   4  37  18
  33   3  27  24  42  36   2  31  19  10  24  30   6  12  26  50  47  24  17  28  29  14  11  46  19  21  41  34  16  30  13  46  37  20  23  17  42  36  18  29   2   1  20  37  26   4  35   9  32  43  35  14  26  10  31  25   1  26   5   2  32  34  29  49  43  33  45   5   4  15  14  36  39   1  46
  48  10   8  29  44  16  26   1  48  27  18  13  39  10  11  29  38   1  16  19  32  31  19  23  10  24  46  39  10  24  12  21  45  14  32   5  21   7  49   2   9  44  46  45  40  13  26  46  38  28  10  49   4  50   3  21   2  37  40  16  45  38  50   6  34  20  41  15  19  17  22   4  17  35
  19  38  24  32   2   9  22  23  20  12  31  22  35  43   3  41  30  37  15  15   1  43  46   9  42  22  48   4  38  14  13   8  28  43  26  49   3   7  47  20  21  33  26  20  11  12  19   6  34  17   6  46   9   9  34  10  46  23  19  26  37  27  24  28   3  30  11  39  27  14  40  23  12
  10  20  23  46  15   1  42   7  42  32  15  47   5  43  14  44  38  26  45  48   6  49  15   5  45  13  38  15  46   5  34  14   7  23  24  24  30  18  32   2  24  33  42  39  17  19  32  26  30  13  38  34  25  26  43   7  16  15  46  29  17  16  20  17  27  25  44  47  33  30  37  20
  29  12  25   1  14  39  46  37  12  15  26  38  12  33  17  15  49  49  45  22   6  36   6  23  47  19  22   7   4  32  18  14  49  12  35  22   7  11  49  18  46  14  27  28   1  26  44  44  10  50  28  49   2  46   7  45  26  25   4  14  49  35  39   8  10  46  50  20  44  20  48
   7  29  42  12  30  36   1  49  46  38  42   2  50  49   6  21  17   8  35  27  36   2  29  23  24  27   1  34  45  48   4   8  28  38  48  26  40  43   7  17  36  32  10  43  45  27   2  20  35  40  30  20   3  10  47  15  45  23  44  22   6   9   5  30  24  40  48  35  15   1
  30   1  14  49  11   4  22  40  21  37  44  23  35  10  18  35  31  36   8  28  37  30  10  16   1  48  44  34  18  23   7  48  34  46  29  13  33  12   9  11  32  12   3  42  44  35  19   5  32  45  12  46  20  15  26  41   4  10  44  36  46  50   2  44  44  40  28  36  48
  26   6  38  33  15  47  41  31  18  41  42  29  41  46  20  24  22   7  50  33   9  38  31  28  49  25  30   8   7  17  40  48   7   4  45  22  14  48  11   4  10  25  15  41   3  37  16  19  44  29  40  30  32  44  14  41  18  20  37  18   1  41  44  30   2  20  17  28
  20  17  20  29  50  31  10   9   4  25  39  46  15  18  49  33  22  43  38  16  46  31  49  37   7   4  30  13  32  12  34  22  31  15  37  17  20  42  40   1  42  35  38   8  16  42   3  11  36  13  41  39  37  12  28   2  29  44  15  34  23  28  13   6  38  45  41
  50  12   6  46   9  42  33  40   2  30  10  45  21   1  45  21  26  23   9   8  47   8  44  21  23  28  22   2  35  21  43  22  32  48  11  13  34  20   1  47  29  36   2  31  35   3  39  44  44  47   7  25  38   9  12  10  45  50  26   6  20  34  39  36  23  18
  20  47  45  21  41  11  19  18  49  49  43   7  11  45   7  20  44  17  17   1  19  18  38  12  11  36  47  48  16  42  32  11  29  20  26  17   2   8   9  38   5  49  24  44  15  43  20  14  10  41  37  25  24  13   6  15  47   1  27  31  38  30  41  19  25
  24  38  31  46  24  25  24  28  44  29  45  15  12  21  49  15  36  30   5  21   8  19   7  19  32  31   8  19  26  46  44  23  47   5  33  23  10  24  25   9  41   1  30  37  17  34   8  33  30   7  19  36   9   8   1  48   9  49   2  13  26  46  31  40
  21  14   1  32  14  27   6   6  37   4  37  15  31   3  20   4  27  28  47  32  40  25  30  40  30   6  34  20  36  41  44  39   9  38  26  41  18  39  25  23  12  24   7  50  35  14  21  21   1  44  41  27   5  29   3  28  14  30  48  37   8  39  17
  19  47  14  38  12  39  49  20  20  19  47   3  26  30  15  14  17  35   6   1   6  30  47  24  32  45  10  47  24  36  10   4  26  27  12  46  14  43  16   9  29  23   5  16  48   2  13  10  25   2  12  31  22  50  43  33  34  43   3   1  39  41
   6  13  36  10  22  14  38  10  26  50  11  11  24  42  22   9  46   2  14  19  16  14  37  15  45  10  46  40  32  50  23  46  30  43  46  35   2  30  32  13  32   9  10  33   4  46  42  23  15  17  48  15  30  47  29  14   6   8  25  26  33
  26   4  10  14  19  40  35  38  13  10  48   1   2  19  41  10  10   7  18  18  49  13  45  35  42  10  47  18   8  35  32  32  36  41  10  33  10  50  36  11  19  29   1   9   4  47  41  43   2  14   4   5  20   2  24  11   6  22  46  44
  30  44   3  23  14  17  30  32  17  30   9  41  15  30  43   8  36   2  34  48   1  23  45  23  31  40  36  13  50  31  27  32  41  37  35   7  32  27  16  42  15  28   8  14   1  25  25  14  37  42  23  29  18  46  12  35   3   6  24
  17  20  49  47  35  40  14  14  32   4  21  19  33  35  33   7  29  49  23  46  27  24  48  15  34  30  17  21  36  15  11   4  43  41  26   3   3  15  11  29  14  33   3  36   2  24  40  22  49  16  36  17  20  22  17  35   3   8
  49  38  49  34  14  38  11   9   8   9  23  15  40  40   7  12   2  44  23  46  49  18  45  35  16  25  38  48  13   2   2   4  49  30  36  46   4  42  18  14   8  18  20  34   7  14  46  32  29  28  46  37  35  33  14  16  16
   5  50   5  17  22  27   8  45  12  32   2  12  21  36  28  11   4   6  11   5  39  11  39  30  35   3  37  41  27  27  49  10  32  24  28  45  16  29  39  44  30  32   1  32  22   6  42  47  20   8  15  44  16  23  38  39
  44   7  10  10  39   4  38  40  47   6  27   7  11  50  26  34  42  40  47  46  19  35  43  49  11  39  23  27  38  41  39  13   1  30  10  30  45  19  27  44   6  27  47  26  49  16   3  41  22  37  17  28  11  21  12
  11  39  43  32  32  29  16  44   5  42  25  48  12  15  50  22  50  14  42  42  42  15  21  49  39  48  35  31  48  47  20  35  21  26  21  30  50  30  22  25  41  45  12  42  14  43   1  41  21  47  39  38   7   6
  21  50  22  17  27  43   9  20  32  20  31   8  41  37  17  41  37  32  47   7  16  23  25  27  18  44  43  14  31  29  41  35  18  16  14  37  33  41   9   9  15   5  27  48  40  11   6  26  19  25  39  47  42
  46  37  11   5  49  18  47  33  45  36  27  12  27  39   8  10  14  30  12  18  43  37  36  15  20  27  40  35  32  47  44   5   4   3  29  44   9   4  45  18  43  19   4   5  49  36  50  48  38   1   2   2
  20  23  24  12  15  22  18  47  20  16  25   2  10  44  32   6  21  35  12   7  18  25  32  50  37  43  40  23   8  15  45  41  47  40   7  31  47  30  35  48  48  22  37   3  50  12  36  48  34   9  16
  44   5  18  18  31  19  13  26  44  23   1  29  19  24  42  49  16  10  16  27  19  37   3  15  20  21  19  28  31  23  23  32  31  49  31  37   1  23  17  50  41  45  41  36  39  44  25  40  36  40
  36  35   7  26  47  42  36  18  37  29  13  10   7  45   6  21   9  35  22  33   5  26  43  14  48  50  36  35  41  38  46  12  11   4  17  29  46  32  34  29  46   2  45  29  28   7  19  26  23
  28  26  50   3  49  15  35  39  12   7   3  43  38  10   8  26   4  12  13  46  35  18   6  49  49   4  22  14  35  48  43  30  37  11  19  11  28  13  43  12  36   3  22  34  25   7  29  38
  25  23  22  11  12   5  20  49  16   3   2  10  33  23  16  50  41  49  11  29  12  29  39  27  17  13  29  33  13  14   1   9  11   4  26   8  35   3  17  38  14  11  49   2  27  41  37
  24  49   8  36   5  20  33  22  42   5  48   8  20  35  31  46  38   1  37  20  30  26  21  42  18  38  34  36  36  36   1  12  41   6  37  27  28  17  33  44  32   6  35  30  16  14
  39  10  48  38  27  31  30  12  36  14  19  24  36  37  46   2  35  44  39  21  11  19  27  28  47  15  12  16  45  49  22  30  38  21  47   1  50  22  18  28  10  42  47  41  49
   9  12  31  20  18  18  36  14  27  48  34  32  49  47  29  42  24   7   5   5  24  47  35  11   6  31  12  44  34  35  10  40  50  31  26  14  18  39   3   4  36   4  11  36
  39   1  34  16  43  35   8  18  16  15  16  27  11  40  12   5   6   6  41  43   3  39  41  14   3  41  27  47  38   8  37  41  17  35   5  49  50  22   1  43  30  23   4
  13   2  24  34  47  12  18  19  32  24  24  16  11  22   9  12  38  43   3  45   8  24  37  27  33  44  28  50  15   2   6   2  36  20  31  10  45  44  43  44  38  28
  40  47   9  14  18  11  20  19  31  26  37  27   4  35  14  32  16  16  22  27  49  35  21   2  32  38  16  22  45   2  32   6   7  44  40   6  34  17   4  27  15
  27   7   9  20  45  38   6  13  41  24  31  47  31  30   7   7  22  44  15  50  42  49  11  25  47  27  44  17  35  10  42  17  12  24  10  43  24  26  24  16
  39   1  26  49  40  26  23  34  49  20  18  23   3  46   7  31  43  32  23  22  30  13  47   3  41  35  41  23  42  41   5  50  31   2  11  15  40  33  30
  22  25  28  16  36  16  38  34  32  27  47  21  35  19  14  26  30   7  20  19  20  24  16  50  33   8  10  12   7  26   2  39  39  30  49  23  42  43
   8  16   5  15  44  34  11   5  31  21   5  28  49  31  29  30   6  16  16  21   3   4  48  37  34  20  46  23   3  11  48  12   4  46  12  14  43
  50  34   7  16  27   6  23  48  32  25  49  50  47  17  17  34   7  43  50  43  46  41  41  22  41   5  31  17  30  19  45  50  13  21  45   1
  12   3  11  45  37  34  41  36  32  14  31  42  34  15  32  18  28  12  14  29  16   7  49  39  12  46  46  12   4  30  15  38  30   6  11
  50  35   8  12  43  48  17   9   4   6   9  25  42  50  30   9  36  16  11   8  15   4   5  16  29  28  10  15  38  44  27  32  43  13
  42   9  40   7  21  35  28  36  28  23  13  49  37  39  18  33  19  45   2   9  47  11   8  34  20  42   6  38  40  25   8  26  34
   5  34  29  49   8  24  28  32  38  16  20   5  33  30  50  34  39  47  46  20  10   1  44  49  40  24  45  30  46  37  46   2
  23  44  38  42  35  14  20   5  19  36  24  17  10  14   3  27  28  10   8  22  11   4  46  24   4  32  39  31  25  14  37
  41   4  22   9  45  43  19  41   6  18  25  41  35  28   7  44  40  12  43  10  16   1  38   5  48  36  27  43  22  38
  28  20   8   3  22  23  15  50  41  16  48  43  49  41  36  20  26  40  10  12  24  17  34   5   8  19   6  40  41
   3  11  28   8  47  41   4  11  29  45   4  17  37  12  42  15  49  37  27  22  15   7  33   6  43  14  30  18
  38   8  20  25  20  48  16  34  38  13  48  22  34  23  19   1  10  38  22  37  26  32  13  16  29  34   6
   5  10  31  35  28  41  10  39  36  49  15  42  23  23  21  30  43   7  17  12  41  45   5  25  15   9
  32  44  44  35  11  23  10  26  32   4   5  11  20  49  46  24  36   5   2  47   9  40  43   5  17
  32  14   1  33  36  49  46  39  40  11  47  16  10  38  41  33  37  25   3  15  13  22  44  40
  24   7  16  37  30  18   7  38  50  35  20  33   4  28  20  40  40  24  50  33  28  46  49
  27  30  42  50  23  39  38  36  15  25  20  36  36  37  42   2  43  50  38  31  40  19
  34  32  43  11  16  13  41  18  20   5  22  40  21  41  23  31  26  18  18  48  40
  41  38  29  13  29  16  16   7  36   7  22  42  42  12  43  28  19  11  30   9
   1  46  40  30  22   2  48  18   3  39  31   1  30  17   3  32  49  49   4
   8  20   1   6  17   7  49  24  30  30   5   9   8  23  47  33  47  42
  27  12   4  41  35  44  40  13  15  45  49  30   8  45  25  15  32
   5  31   8  32  45   4  38  13  15  29  38  13  50  34   9  48
  14  46  26   9  37  34  18  48  15  45  22  37   1   4  24
  12  35  10   2   9   3  22  48   4   5  46  44  46  23
  14  43  39  38  23  42  44  47  32  11  29  11   7
  24  40  26  40  48  46  13  29  40   7  40  42
  47  14  22   1  14  49  13  10  23   3  43
  38  37  33   3  38  35  28  41  13  38
  23  14   6  46  50  47  12  19  29
   1  38  46  44  12  48   6  33
  15  33  24  50  42  31  45
  15  28  34  23  10   9
  20  48  49  28  41
   9   2   1  14
  23  18  15
  17  30
  44

 660
  16  13  25  22   1   2  22  25   1  17   6  16   8  25  18  22  10  16  12  25  18   5   7   6  13   6  10  10  19   5   8  23  14   1  25   2   2   2  12  24  15   2   9  17   7  21  22   8  17  16   2  23  24  13   7   6   6  24   6  11  24  24   4  23  15  14   6  10  24   8  14   9   9  25   2   2   6   5  19   7
