  80 
   0   0   0   0   0   0   0  14  43   0   0   0   0   0   0   0   0   0   0   0   0   0   0   0   0   0   0  38   0   0   0   0   0  23   0   0   0   0   0   0   0   0   0   0   0   0   0  41   0   0   0   3   0   0   0   0   0   0   0   0   0   0   0   0   0   0   0   6   0   0   0   0   0   0  24   0   0   0   0   0
   0   3   0   0   0   0   0   7   0   0   0  15   0   0   0   0   0   0   0   0   0   0   0   0   0   0   0   0   9  17   0   0   2   0   0  36   0   0   0   5   0   0  50   0   0   0   0   0   0  27   0   0   0   0   0   0   0   0   0  40   0   0   0   0   0   0  42   0   0   0  28   0   0   0  10   0   0   0   0
   0   0   0   0   0   0   0  40   0   0   0  38   0   0   0   0   0   0   0  34   0   0   0   0   0   0   0   0   0   0   0  25   0   0   0   0   0   0  32   0   0   0   0   0   0   0   0   0   0   0   0   0   0   0   0   0   0   0   0   0   0   0   0  22   0   0   0   0   0   0  30   0   0  25   0   0   0   0
  46   0   0   0   0   0   0   0   0   0   0   0   0   0   0   0  21   0   0   0   0   0   0   0   0  45   0  12   0   0   0   0   0  33   0   0   0   0   0  23   0   0   0   0   0   0  26   0   0   0   0   0   0   0   0   0   0   0   0   4  34   0   0  14   0   0   0   0  12   0   0  42   0   0   0  27   0
   0   0   0   0   0  32   0   0   0   0  26   0  10   0  33   0   0   0   0   0   0   0   0  36   0   0   0   0   0   0   0  45   0   0   0   0   0   0   0   0   0  28   0   0   0   0   0   0   0   0   0   0   0   0   0   0  42   0   0  41   0   0   0   0   0   0   0  25   0   0   0   0   0   0   0   0
   0   0   0   0   0   0   0   0   0   0   0   0   0   0   0   0   0   0   0   0   0   0   0   0   7   0   0   0   0   0   0   0   0   0   0   0   0   0   0   0  23   0   0  20   0   0   0   0   0   0   0   0   0  19   0   0   0   0  19   0   0  26   0   0   0   0   0   0   0   0   0   0   0  17   0
   0   0   0   0   0   0   0   0   0  35   0   0   0   0   0   0   0   0   0   0   0   0   0   7   0   0   0   0   0   0   0   0   0   0   0   0   0   0   0   0   0   0   0   0   0   0   0   0  24   0   7   0   0  31   0  17   0   0  50   0   0   0   0   0   0   0   0   0  49   0   0   0   0   0
   0   0   0   0   0   0  20   0   0  20   0   0   0   0   0   0  11   0   0   0   0   9   0   0   0  25   0   0   0   0   0  30   0   0   0   0   0   0   0   0   0   0   0   0   0   0   0   0   0   0   0   0   0   3   0   0   0   0   0   0   0   0   0   0   0   0   0   0   0   0   0   0   0
  50   0   0   0   0   0   0   0   0   0   0   0   0   0   0   0   0   0   0   0   0   0   0   0   0   0   0   0   0  22   0  22  39   0   0   0   0   0   0   0   0   0   0   0   0   0   0   0   0   0   2   0   0   0   0   0   0   0   0   0   0   0   0   0   0   0   0   0   0  12   0   0
   0   0   0   0   0   0   0   0   0   0   0   0   0   0   0   0   0   0   0   0   0   0   0   0   0   0   0   0   0   0   0   0   0   0   0   0   0   0   0   0   0   0   0   0   0  10   0   0   0  34   0   0   0   0   0   0   0   0   0   0   0   0   0   0   0   0   0  12   0   0  44
   0  19   0   0   0  38   0   0   0   0   0   0   0   0   0   0   0   0   0  41   0   0   0   0   0   0   0   0  20   0   0   0   0   0   0   0   0   0   0  27   0  19   0   0   0   0   0  38   0  28   0   0   0  16   0   0   0   0   0   0   0   0   0   0   0   0   0   0   0   0
  49   0   0   0  32   0   0   0   0   0   0   0   0   0   0   0   0   0   0   0   0   0   0  17   0   0  11   0   0   0   0   0   0   0   0  47   0   0   0   0   0   0  30   0   0   0   0   0   0   0   0   0   0   0   0   0   0   0   0   0   0   0   0  36   0   0   0   0   0
   0   0   0   0   0   0   0   0   0   0   0   0   0   0   0   0   0   0   0   0   0   0   0   0   0   0   0   0   0   3  30   0   0   0   0   0   0   0   0   0   0   0   0   0   0   0   0   0   0   0  33   0   0   0   0   0   0  39   0   0   0   0   0   0   0  42   0   0
   0   0   0   0   0   0   0   0   0   0   0   0   0   0   0   0   0   0   0   0   0   0   0   0   0   0   6   0   0   0   0   0  14   0   0   0   0   0   0   0   5   0   0   0   0   0   0   0   0   0   0   0   0  19   0   0   0   0   0   0   0   0   0  42   0   0   0
   0   0   0   0   0   0   0   0   0   0   0   0   0   0   0   0   0  33   0   0   0   0   0   0   0   0   0   0   0   0   0   0   0   0   0   0   0   0   0   0   0   0   0   0   0   0   0   0   0   0   0   0   0  34   0   0   0   0   0   0   0  50   0   0   0  33
   0   0   0   0   0   0   0   0   0   0  21   0   0   0   0   0   0   0   0   0   0   0   0   0   0   0   0   0   0   0   0   0   0   0   0   0   0   0   0   0   0   0   0   0   0   0   0   0   0   0  28   0   0   0   0   0   0   0   0   0   0  20  36   0   0
   0   0   0   0   0   0   0   0   0   0   0   0   0   0   0   0   0   0   0   0   0   0   0   0   0   0   0   0   0   0   0   0   0   0   0   0   0   0   0   0   0   0   0   0   0   0   0   0   0   0   0   0   0   0   0   0   0   0   0   0   0   0   0   0
   0   0   0   0   0   0   0   0   0   0   0   0   0   0   0   0   0   0   0   0   0   0  21   0   0   0   0   0   0   0   0   0  28   0   0   0  33   0   0   0   0   0   0  29   0   0  33   0   0   0   0   0   0  19   0   0   0   0   0   0   0   0  37
   0   0   0   0   0   0   0   0   0   0   0   0   0   0   0   0   0   0   0   0   0   0   0   0  44   0   0   0   0   0   0   0   0   0   0   0   0   0   0   0   0   0   0   0   0   0   0   0  18   0   0   0   0   0   0   0   0   0   0   0   0  11
   0   0   0  36   0   0   0   0  39   0   0   0   0   0   8  29   0   0  23  14   0   0   0   0   0   0   0   0   0  36   0   0   0   0   0  26   0   0   0   0   0   0   0   0   0   0   0   0   0   0   0   0  28   0   0   0  17  46   0   0   0
   0   0   3   0   0   0   0   0   0   0   0   0   0   0  34   0   0   0   0  11   0   0   0   0   0   0   0   0   0   0  24   0   0   0  27   0   0   0   0   0   0   0  13   0  37   0   0   0   0   0   7   0   0   0   0   0   0   0   0   0
   0   0  22   0   0   0   0   0  39   0   0   0   0   0   0   0   0   0   0   0  25   0   0   0   0   0   0   0   0   0   0   0   0   0   0   0   0   0  41   0  20   0   0   0   0   0   0   0   0   0   0   0   0   0   0   0   0   0   0
  39   0   0   0   0   0   0   0   0   0   0   0   0   0   0   0   0   0   0   0   0  23   0   0   0   0   0   0   0   0   0  30   0   0   0   0   0   0   0   0   0   0   0   0   0   0   0   0   0   0   0   0   0   0   0   0  17  49
   0  37   0   0   0  22   0   0   0   0   0   0   0   0   0   0   0   0   0  21   0   0  42   0   0   0   0  39   0   0  39   0   0   0   0   0   0   0   0   0  19   0   0   0   0   0  45   0   0   0   0   0   0   0   0   0   0
   0   0   9   0   0   0   0   0   0   0   0   0   0   0   0   0   0   0   0   0   0  45   0   0   0  48   0   0   0   0   0   0   0   0   0   0  36   0   0   5   0   0   0   0   0   0   0   0   0   0   0   0   0   0   0   0
   0   0   0  14  48   0   0   0  35   0   0   0   0   0   0   0   0   0   0   0   0   0   0   0   0   0   0   0   0   0   0   0   0   0   0   0  36   0   0   0   0   0   0   0  49   0   0   0   0   0   0   0   0   0   0
  27   0  20   0   0   0   0   0   7   0   0   0   0   0   0   0  36   0   0  19   0  23   0  38   0   0   0   0   0   0   0   0   0   0   0   0   0  40   0   0   0   0   0   0   0   0   0   0   0  48   0   0   0   0
   0   0  39   0   0   0   8   0   0  24   0   0   0   0   0   0   0   0   0   0   0   0   0   0   0   0   0  29   0   0   0   0   0   0   0   0   0   0   0   0   0   0   0   0   0  30   0   0   0   0   0   0   0
   0   0   0   0   0   0   0   0   0   0   0   0   0   0   0   0   0  18   0   0   0   0   0   0   0   0   0   0   0   0   0   0   0   0   0   0  43   0  12   0   0   0   0   0   0   0   0   0   0  15   7   0
   0   0   0   0   0   0   0   0   0   0   0   0   0   0   0   0   0   6   0   0   0   0   0   0   0   0   0   0   0   0   7   0   0   0   0   0  35   0   0   6   0   0   0   0   0   0   0   0   0   0   0
  20   0   0   0   0   0   0   0  50   0   4   0   0   0   0   0   0   0   0   0   0   0   0   0   0   0   0  39   0   0   0   0   0   0   0   0   0  37   0   0   0   0   0   0   0   0   0   0   0   0
   0   0   0   0   0  44   0   0   0   0   0   0   0   0   0   0  35   0   0   0   0   0   0  40   0   0   0   0  48   0   0   0   0  33   0   0   0   0   0   0   0   0   0   0   0   0  30   0  48
   0   4   0   0   0   0   0   0   0   0  46   0   0   0   0   0   0  36   0   0   0   0   0   0   0   0   0   0   0   0  47   0   0   0   0   0   0   0   0  34   0   0   0  20   0   0   0   0
   0   0   0   0   0   0   0   0   0   0   0   0   0   0   0   0   0   0   0   0   0   0  18   0   0   0   0   0   0   0   0   0   0   0   0   0   0  22   0   0   0   0   0   0   0   0   0
   0   3   0   4   1   0   0   0   0   0   0   0   0   0  11   2   0   0   0   0   0   0   0   0   0   0   0   0   0   0   0   0   0   0   0   0   0   0   0   0  39   0   0   7   0  43
   0   0   0  46   0   0   0   0   0   0   0   0   0   0   0  15   0   0   0   0   0   0   0   0   0   0   0   0   0   0   0   0   0   0   0   0   4   0   0   0   0   0   0   7   0
   0   0   0   0   0   0   0   0   0   0  15   0   0   0   0   0   0   0   0  26   0   0   0   0  24   0   0   0   0   0   0   0   0   0  15   0   0   0   0   0   0   7   0   0
   0   0   0   0   0  36   0   0   0   0  42   0   0   0   0   0   0   0   0   0  10   0   0   0   0   0   0   0   0   0   0   0   0   0   0   0   0   0   0   0   0   0  19
   0   0   0   0   0   0  44   0   0   0   0   0   0   0   0   0  45   0   0   0   0   7  34   0   0  24   0  45   0   0   0  34   0   0   0  16   0   0   0   0   0   0
   0   0   0  15   0   0   0   0   0   0   0   0   8   0   0   0   0  40  37   0   0   0   3   0   0   0   0  10   0   0   0   0   0   0   7   0   0   0   0   0   0
   0   0   0   0   0   0   0   0   0   0   0   0   0   0   0   0   0   0   0   7  22   0   0   0   0   0   0   0   0  17   0   0   0   0   0   0  46   0   0   0
   0   0   0   0   0  39   0   0   0   0   0  29   0   0   0   0   0   0   0   0   0   0   0   0   0   0   0  23   0   0   0   0   0   0   0   0   0   0   0
   0   0   0  26   0   0   0   0   0   0   0   0   0  40  10   0   0   0   0   0   0   0   0   0   0   0   0  17   0   0   0   0   0   0   0   0   0   0
   0   0   0   0   0   0   0   0   0  26   8   0   0   0   0   0   0   0   0   0   0   0   0   0   0   0   0   0   0   0   0   0   0   0  12  21   0
   0   0   0   0   0   0   0   0   0   0   2   0   0  19   0   0   0   0   0   0   0   0   0   0   0   0   0   0   0   0   0   0   0   0   0   0
   0   0   0   0   0   0   0   0   0   7   0   0   0   0   0   0   0   0   0   0   0   0   0   0   0   0   0   0   0   0   0   0   0   0   0
   0   0   0   0   0   0   0  35   0   0   0   0   0  27   0   0   0   0   0   0   0   0   0   0   0   0   0   0   0   0  24   0   0   0
   0   9   0   0   0   0   0   0   0   0   0   0   0   0   0   0   0   0   0   7   0   0   0   0   0   0   0   0   0   0   0   0   0
   0   2   0   0   0   0   0   0   0   0   0  47   0   0  30   0   0   0   0   0   0  37   0   0  18   0  25   0   0   0   0   0
   0   0   0   0   9   0   0  27   0   0   0   0   0   0   0   0   0  47   0   0   0   0   0   0   0   0   0   0   0   0   0
   0   0   0   0   0   0  17   0   0   0   0   0   0   0   0   0   0   0   0   0   0   0  21   0   0   0   0   0  17   0
   0   0   0   0   0   0   0   0   0   0   0   0   0   0  35   0   0   0  24   0   0   0   0   0   0   0   0   0   0
   0   0   0   0   0   0   0   0   0   0   0   0   0   0   2   0   0   0  36   0   0   0   0   0   0   0   0   0
   0   0   0   0   0   0   0   0   0   0   0   0   0   0   9   0   3   0   0   0   0  11   0   0   0   0   0
   0   0  35   0   0   0   6   0   0   0   3   0   0   0   0   0   0   0   4   0   0   0   0   0   0   0
   0   0   0   0   0   0   0   0   0  35   0   0   0   0   0   0   0   0   0   0   0   0   7   0   0
   0   0  44   0   0   0   0   0   0   0  34   0   0   0   0   0   0   0   0   0   0   0   0  24
  12  12   0   0   0   0  37   0   0   0   0   0   0   0   0   0   0   0   0   0   0   0   0
   0   0  30   0   0   0   0   0  10   9   0   0   0   0   0   0   0  29   0   0   0   0
  50  33   0   0   0   0  20   0   0   0   0   0   0   0   0   0   0   0   0   0   0
   0   0   0   0   0   0   0   0   0   0   0   0   0   0   0   0   0   0   0   0
   0   0   0   0   0   0   0   0   0   5   0   0   0   0  42   0   0   0   0
   0   0  30   0   0   0   0   0   0   0   0   0   0   0   0   0   0   0
   0   0   0   0   0   0   0  41   0   0   0   0   0   0   0   0  44
  42   0   0   0   0   0   0   0   0   0   0   0   0  10   0   0
   0   0   0   0   0   0   0   0   0   0   0   0   0   0   0
   0   0   0   0   0   0   0   0   0  43   0   0   0   0
   0   0   0   0   0   0   0   0   7   0   0   0   0
   0   0   0   0  15   0   0   0   0   0   0   0
   0   0   0   0   0   0   0   0   0   0   0
   0   0   0   0   0   0   0   0  25   0
   0   0   0  27   0   0   0   0   0
   0   0   0   0   0   0   0  16
   0   0   0  43   0   0   0
   0   0   0   0   0   0
   0  24   0   0   0
   0   0   0   0
   0  40  33
   0  41
   0

 841
  12  10  15  21   3  18  16   2  17  24  11  13   6  23  10  13   8  19  16  16   6  18  25  20  19   1  18   7  21  21  14  21  21  14   9  15  23   6  24   5  13  19  22  12  24  24  14  19  23   4  11  16  23   8   3   3  18  22  23  11   6  18  14  24   3  10  17  15  22  17  16  24  21  14   8  11   7  11   5  12

