  80 
   0   0   0   0   0   0   0   0   0   0   0   0  26   0   0   0   0   0   0   0   0   2   0   0   0   0   0   0   0  36   0   0  31   0   8   0   0   0   0   0   0   0   0   0   0   0   0   0   0   0   0   0   0   0  14   0   0   0   0   0   0   0   0   0   0   0   0   0   0  17   0   0  41   0   0   0   0   0  20   0
   0   0   0   0   0   0   0   0   0   0   0   0   0   0   0  13   0   0   0   0   1   0   0   0   0   0   0   0   0   0   0   0   0   0   0   0   0   0   0   0   0   0   0   0   0   0   0   0   0   0   0   0   0   0   0  35   0   0   0   0   3   0   0   0   6   0   0   0   0   0   0  40   0   0   0   0   0   0  13
  38   0   0   0   0   0  50   0   0  46   0   0   0   0   0   0   0   0   0   0   0   0   0   0   0   0   0   1   0   0   0   0   0   0   0   0   0   0   0   0   0   0   0   0   0   0   0   0   0   0   0   0   0   0  16   0   0  21   0   0   0   0   0   0   0   0   0  27   0   0   0   0   0   0   0   0   0   0
   0   0   0   0   0   0   0   0   0  28   0   0   0   0   8   0   0   0   0   0   0   0   0   0   0   0   0   0   0   0   0   0   0   0   0   0   0   0   0   0   0   0   0   0  38   0   0   0   0   0   0   0   0   0   0   0   1   0   0   0   0   0   0   0   0   0   0   0   0   0   0   0   0   0   0  31   0
   0   0   0   0   0   0  47   0   0   0   0   0   0   0   0   0   0   0  29   0   0   0   0   0   0   0   0   0  32   0   0   0   8   0   0   0   0   0   0   0   0   0   0   0  43   0   0   0   0   0   0   0   0   0  45   0  21   0   0   0   0   0   0   0   0   0   0   0  12   0   0   0   0   0   0   0
   0   0   0   0   0   0   0   0   0   0   0   0   0   0   0   0   0   0   0   0   0   0   0   0   0   0   0   0   0   0   0   0   6   0   0   0   0   0   0   0   0   0   0   0   0   0   0   0   0   0  35   0   0   0   0   0  36   0   0  23   0   0   0   0   0   0   0   0   0   0   0   0   3   0   0
   0   0   0   0   0   0   0   0   0   0   0   0   0   0   0   0   0   0   0   0   0   0   0   0   0   0   0   0   0   0   0   0   0   0   0   0   0   0  17   0  18   0   0   0   0   0   0  36   0   0   0   0   0   0   0   0  28  47   0   0   0   0   0   0   0   0   0   0   0   0   0   0   0  19
   9   0   0   0   0   0   0   0   0   0  33   0   0   0  27   0   0  30   0   0   0   0   0   0   0   0   0   0  19   0  41   0   0   0   2   0  26   0   0   0   0   0   0   0   0   0   0   0   0   0   0   0  19  19   0   0   0   0   0   0   0   0  44   0   0   0   0   0   0   0   0   0   0
   0  44   0   0   0   0   0   0   6  42   0   0   0   0   0   0   0   0   0   0   0   0   0   0  43   0   0   0   0   0  32   0   0  45   0  11   0   0  35  49   0   0   0   0   0   0   0   0   0   0   0   0   0   0   0   0   0   0   0   0   0   0   0   0   0   0   0   0   0   0   0   0
   0   0  33   0   0   0   0  45   0   0   0   0   0   0   0  19   0   0   0   0   0   0   0   0   0   0   0   0   0   0   0   0   0   0   0   0   0   0   0   0   0  32  12  37   0   0   0   0   0   0  32   0   0   0   0   0   0   0   0   0   0   0   1   0   0   0   0   0   0   0   0
   0   0   0   0   0   0   0   4   0   0   0   0   0   0   0  48   0   6   0   0   0  38   0  44   0  49   0  38   0   0   0   0   0   0   0   0   0   0   0   0   0   0   0   0   0   0   0   0   0   0   0   0   0   0   0   0  30   0   0   0   0   0   0   0   0   0   0   0  10   0
   0   0   3  19   0   0   0   0   0   0   0   0   0   0   0   0   0   0   0  50   0   0   0   0   0   0   0   1   0   0   0   0   0   0  36   0   0   0   0   0   0   0  11   0   0   4   0   0   0   0   0   0   0   0   0   0   0  28   0   0   0   0   0   0   0   0   0   0  32
   0   0   0   0   0   0   0   0   0  26   0   0   0   0  11   0   0   0   0   0   0   0   0   0   0   0   0   0   0   0   0   0   0   0  35   0   0   0   0   0   0   4   0   0   0   0   0   0   0   8  17   0   0   0   0   0   0   0   0   0   0   0  38   0   0   0   0   0
   0  39   0   0   0   0   0   0   0   0  22   0   0   0   0   0   0   0   0   0  37   0   0   0   4   0   0   0   0   0   0   0   0   0   0   0   0   0   0   0   0   0   0   0   0   0   0  30   0   0   0   0   0   0   0   0   0   0   0  20   0   0   0   0   0   0   0
   0   0   0   0   0  18   0   0   0   0   0   0   0  29   5   0   0   0  33   0   0   0   0   0  24   0   0   0   0   0   0   0   0   0   0   0   0   0   0   0   0   0   0   0   0   0   0  10   0   0   0  30   0   0   0   7   0   8   0   0   0   0  45   0  18  22
   0   0   0   0   0   0   0   3   0  21   0  50   0   0   0   0   0   0   0  14   0   0   0   0   0   0   0   0   0   0   0   0   0   0   0   0   0   0   0   0   0   0   0   0   0   0   0   0   0   0   5   0   0   0   0   0   0   0   0   0   0   0   0   0   0
   0   0   0   0   0   0  34   0   0   0   0   0   0   0   0   0   0   0   0   0  47   0   0   0   0   0   0   0   0   0   0   0   0   0   0   0   0   0   0   0   0   0   9  17   0   0   0  11   0   0   0   0   0   0   0   0   0   0   0   0   0   0   0   0
   0   0   0   0   0   0   0   0   0   0   0   0   0   0   0   0   0   0   0   0   0   0   0   0   0   0   0   0   0   0  10   0   0   0   0   0   0   0   0   0   0   0   0   0  16   0   0   0   0   0   0   0   0   0   0   0   0   0   0   0   0   3   0
   0  31   2   0   0  23   0   2   0   0  49   0  26   0   0   0  23   0   0   0   0   0   0   0   0   0   4   0   0   0   0   0   0   0   0   0   0   0   0   0   0   0  35  37   0   0   0   0   0   0   0   0   0  18   0   0   0   0   0  28   0  18
  17   1   0   0   0   0   0  43   0   0   0   0   0   0   0   0   0   0   0   0   0   0  26   0   0   0   0   0   0   0   0  35   0   0   0   0   0   0   0   0  13   0   0   0   0  36   0   0   0   0   0   0   0   0   0   0   0   0   0   0   0
   0   0   0   0   0   0   0  45   0   0   0  15   8   0   0   0   0   0   0   0   0   0   0  26   0   0   0   0   0   0   0   0   0   0   0   0   0   0   0   0   0   0   0   0   0   0   8   0   0   0   0   0   0  40   0   0   0   0   0   0
   0   0   0   0   0   0   0  47   0   0   0   0   0   0   0   0   0  21  50   2   0  50   0  41   0   0   0   0   0   0   0   0   0   0   0   0   0  21   0   0   0   0   0   0   0  30   0   0   0   0   0   0   0   1   0   0   0   0   0
   0   0  22   0  47   0   0   0   0   0   0   0   0   0   0   0   5   0   0   0   0   0   0   0   0   0   0   0   0   0   0   0   0   0   0   0   0   0   0   0   0   0   0  11   0   0   0   0   0   0   0   0   0  33   0  31   0  49
   0   0   0   0   0   0   0   9   0   0   0   0   0   0   0   0   0   0   0  39   0   0   0   0   0   0   0   0   0   0   0   0   0   0   0   0   0  31   0   0   0   0   0   0  15   0   0   0   0   0   0   0   0   4   0   0   0
   0   0   0   0   0   0   0   0   0   0  22   0  16   0   0   0   0   0   0   0   0  39   0   0   0   0   0   0   0   0   0   0   0   0   0   0   0   0   0   0   0   0   0   0   0   0   0   0   0   0   0   0   0   0   5   0
   0   0   0   0   0   0   0   0   0   0   0   0   0   0   0   0   0  23  38   0   0   0   0   0  27   0   0   0   0   0  31   0   0   0  25   0   0   0   0   0  48   0  43   0  22   0   0   0  17   0   0   0   0   0   0
   0   0   0   0  40   0   0   0   0   0  17   0   0   0   0   0   0   0   0   0   0   0   0   0   0   0   0   0   0   0   0   0   0   0   0   0   0   0   0   0   8   0   3  11   0   0   0   0   0   0   0   0  29   0
   0  44   0   0   0   0   6   0   0   0   0   0   0   0   0   0   0   0   0   0   0   0  30   0   0   0   0   0   0   0   0   0   0   0   0   0   0  19   0   0   0   0   0   0   0   0   0   0   0   0   0   0   0
   0   0   0   0   0  10   0   0   0   0   0   0   0   0   0   0   0   0   0   0   0   0   0   0   0   0   0   0   0   0   0   0   0   0   0   0   0   0   0   0   0   0   0   0   0  39   0   0   0   0   0   0
   0   0   0   0   0   0   0   0   0   0   0   0   0   0   0   0   0   0   0   0   0   0   0   0   0   0   0   0   0   0   0   0   0   0   0   0   0   0   0   0  12   0   0   0   0   0   0  16   0   0   0
   0   0   0   0   0   0   0   0   0   0   0   0   0   0   1   0   0   0   0   0  21   0   0   0   0   0   0   0   0   0   0   0   0   0   0   0   0   0   0   0   0   0   0   0   0   0   0   0   0   9
   0   0   0   0  21   0   0   0   0   0   0  38   0   0   0   0   0   0   0   0   0   0   0   0   0   0   0   0   0   0   0   0   0   0  46   0   0   9   0   0   0   0   0   0   0   0   0   0   0
   0   0   0  12   0   0   0   0   0   0   0   0   0  17   3   0   0   0   0  42   0   0   0   0   0   0   0   0   0   0   0   0   0   0   0   0   0   0   0   1   0   0   0   0   0   0   0   0
   0   0   0   0   0   0   0  15   0   0  34  33   0   0   0   0   0  46   0   0   0   0   0   0   0   0   0   0   0   0   0   0   0   0   0   0   0   0   0   0   0   0   0   0   0   0   0
   0   0   0   0  32   0   0   6   0   0   0   0   0   0   0   0   0   8  36   0   0  18  15   0   0   0   0   0   0   0   0   0   0   0   0   0   0   0   0   0   0   0  47   0   0  38
   0   0   0   0  22   0   0   0   0   0   7   0   0  43   0   0   0   0   0   0   0   0   0   0   0  49   0   0   0   0   0   0   0   0   0   0   0   0   0  17   0   0  14   0   0
   0   0   0   0   0   0   0   0   0   0   0   0   0   0   0   0   0   0   0   0   0   0   0   0   0   8   0  10   0   0   0   0   0   0  45   0   0   0   0   0   0  30   0   0
   0   0   0   0   0   0   0   0   0   0   0   0  50   0   0   0   0  29   0   0   0   0   0   0  17   0  33   0   0   0   0   0   0   0   0  19   0   0   0   0   0  16   0
   0   0   0  48   0   0   0   0   0   0   0   0   0   0   0  25   0   0   0  36   0   0   0   0   0   0   0   0   0   0   0   0  35   0   0   0   0   0   0   0   0   0
   0   0   0   0   0   0   0   0   0   0   0   0   0   0   0   0   0   0   0   0   0   0   0   0   0   0   0   0   0   0   0   0   0   0  47   0   4   0   0  26   0
   0   0   0   0   0  14   0   0   0   0   0   0   0   0   0   0   0   0   0   0   0   0   0   0   0   0   0  13   0   0   0   0   0   0   0   0   0   0   0   0
   0   0   0  30  46   0   0   0   0   0   0   0   0   0   0   0   0   0   0   0   0   0   0   0   0   0   0   0   0  45   0   0   0   0   0  35   1   0   0
   0   0   0   0   0   0   0   0   1   0   0   0   0   0   0   0   0   8   0   0  43   0   0   0   0   0   0   0   0   0  43   0   0   0   0   0   0   0
   0   0   0   0   0   0  21   0   0   0   0   0   0   0   0   0   0   0   0   0   0   0   0   0   0   0   0   0   0   0  16   0   0   0   0   0   0
   0   0   0   0   0   0   0  41   0   0   0   0   0   0   0   0   0   0   0   0   0   0   0   0   0   0   0   0   0   0   0   0   0   0  40   0
   0   0   0   0  28   0   0   0   0   0   0   0   0  32   0   0   0   0   0   0   0   0   0   0   0   0  49   0   0   0   0   0  40   0   0
   0   0   0   0   0   0   0   0  39   0   0   0   0   0  42   0   0   0   0   0   0   0   0   0   0   0   0   8   0   0   0   0   0   0
   0   0  48   0   0  11   0   0   0   0   0   0   0   0   0   0   0   0   0   0   0   0   0   0   3   0   0   0   0   0   0   0   0
   0   0   0   0   0   0   0   0  46   0   0   0   0   0   0   0   0   0   0   0   0   0   0   0   0   0   0   0   0   0   0   0
   0   0   0   0   0   0  29  21   0   0   0  35   0   0  39   0   0   0   0   0   0   0   0   0   0   0   0   0   0   0   0
   0   0   0   0   0   0   0   0   0   0   0   0  26   0   0   0   0  16   0   0   0   0   0   0   1   0   0   0   0   0
   0   0   0   0   0   0   0   0   0  29   0   0   0   0   0   0   0   0  34   0   0   0   0   0   0   0   0   0   0
   0   0   0   0   0   0  25   0   0   0   0   0   0   0   0   0   0   0   0   0   0   0   0   0   0   0   0   0
   0   0   0   0   0   0   0   0   0   0   0   0   0   0   0   0   0   0   0   0   9   0   0   0   0   0   0
  29   0   6   0   0   0   0   0   0   0   0  36   0   0   0   0   0   0   0   0   0   0   0   0   0   0
   0   0   0   0   0   0   0   0   0  33  49   0   0   0   0   0   0   0   0   0   0   0   0   0   0
   0   0   0   0   0   0   0   0   0   0   0  49   0   0   0   0   0   0   0  14   0   0   0   0
   0   0   0   0   0   0   0   0   0   0   0   6   0   0   0   0   0   0   0   0   0   0   0
   0   0   0   0   0   0   0   0   0   0   0   0   0  27   0   0  38   0   0   0   0   0
   0  28   0   0   0   0   0   0  12   0   0   0   0   0   0   0   0   0   0   0  21
   0   0   0   0   0   0   0   0   0   0  32   0   0   0   0   0   0   0   0   0
   0   0  19   0   0   0   0  41   0   0   0   0   0   0   0   0   0   0   0
   0   0   0  33   0   0   0   0   0   0   0   0   0   0  35  20   0   0
   0   0   0   0   0   0   0   0   0   0   0   0   0   0  10   0   0
   0   0   0   0   0   0   0   0   0   0   0   0   0   0  27   0
   0   0   0   0   0   0   0   0   0   0   0  14   0   0   0
   0   0   0   0   0   0   0   0   0  23   0   0   0   0
   0   0   0   0   0   0   0   0   0   0   0   0  42
   0   0   0   0   0   0   0   0   0   0   0   0
   0   0   0  26   0   0   0   0   0   0   0
   0   0   0   0   0   0   0   0   0   0
   0   0   0   0   0   0   0   0   0
   0   0   0   0   0  20   0   0
  31   0   0   0   0   0   0
   0   0   0   0   0   0
   0   0  22   0   0
   0   0   0   0
   0   0   0
   0  25
   0

 703
   1   6  20  15  12  16  17   9   3  11   4   3  14  21  16  16   4  17  14  23   9  11   5  20   8  23  15   9  11  21  24  25   9   4   8  16   9   3  22  12  15  24  24  15   4  12  15  18  18   9  23  23   6  12   8  18   3   8   2  14   9   1  20   6   4   3   9  15  16  15  20   1   5  16   1  15   3   8   3   3

