  80 
   0   0  22   0   0   0   0   0   0   0   0   0   0   0   0   0   0   0   0   0   0   0   0   0  37   0   0   0   0   0   0   0  11   0   8   0   0   0   0   0   0   0   0  41  49  39  48   0   0   0   0   0   0   0   0   0   0   0   0   0  37   0   0   0   0   0  26   0   0   0   0   0   0   0   0   0   0   0   0   0
   0   0   0   0   0   0   0   0   0   0  45   0   0   0   0   0   0   0   0   0   0   0   0   0   0   0   0   0   0   0   0   0   0   0   0   0   0  43   0   0   0   0   0   0   0   0   0   0   0   0   0   0   0   0   0   0   1   0   0  35   0   0   0   0  29   1   0   0   0   0   0   0   0   0   0   0   0   0   0
   0   0   0   0   0   0   0   0   0   0   0  28   0   0   0   0   0   0   0   0   0   0   0   0   0   0   0   0   0   0  11   0   0  28   0   0   0   0   0   0   0   0   0   0   0  40   0   0   0   0   9   0   0   0   0   0   0   0   0   0   0   0   0   0  43   0   0   0   0   0   0   0   0   0   0   0  44   0
   0   0   0   0   0   0   0   0   0  37   0   0   0   0   0   0   0   0   0   0   0   0   0   0   0   0   0   0  48   0   0   0   0   0   0   0   0   0   0   0   0   0   0   0   0   0   0   0   0   0   0   0   0   0   0   0   0   0   0   0   0   0   0   0   0   0   0   0   0   0   0   0   0   0   0   0   0
   0   0   3   0   0   0   0  21   0   0  27   0   0   0   0   8   0   0   0  44   0   0   0   0   0   0   0   0   0   0   0   0   0   0   0   0   0   0   0   0   0   0   0   0   0   0   0   0   0   0   0   0   0   0   0   0   0   4   0   0   0   0   0   0   0   0   0   0   0   0   0  19   0   0   0   0
   0   0   0   0   0   0   0   0   0   0  48   0   0   0   0   0   0   0   0   0   0   0   0   0   0   0   0   0  20  42   0   0   0   0   0   0   0   0   0   0   0   0   0   0   0   0   0   0   0   0   8   0   0  43   0   0   0  17   0   0   0   0   0   0   0   0   0   0   0   0   0   0  32   0  25
   0   0   0   0  29   0   0   0   0   0   0   0   0   0   0   0   0   0   0   0   0  31   0   0   0   0   0   0   0   0   0   0   0  13   0   0   0   0   0   0   0   0   0  22   0   0   0   0   0   0   0   0   0   0   0   0   0   0   0   0   0   0   0  29   0   0   0   0   0   0   0   0   0   0
   0   0   0   0   0   0   0   0   0   0  22   0  17   0  38   0   0   0   0   0  14   4   0   0   0   0  12   0   0   0   0   0   0   0   1   0   0   0   0   0   0   0   0   0   0   0   0   0   0   0   0   0   0   0   0   0   0   0  14   0   0   0   0   0   0   0   0   0   7   0   0   0   5
   0   0  30   0   0   0   0   0   0   0   0   0   0   0   0   0   0   0   0   0   0   0   8   0   0   0   0  40   0   0   0   0   0   0   0   0   0   1   0   0   0   0  32   0   0   0   0   0   0   0   0   0   0   0   0   0   0   0   0   0  26   0   0   0   0   0   0   0  40   0   0   0
   0  28  22   0   0   0   0   0   0   0   0   0  34   0   0   0   0   0   0   0   0   0  22   0   0   0   0   0   0   0   0   0   0   0   0  24   0   0   0   0   0   0   0   0   0   0   0   0   0   0   0   0   0   0   0   0   0   0   0   0   0   5   0   0   0   0   0  45   0   0   0
   0   0   0   0   0   0   0   0   0   0   0   8   0   0   0   0   0   0   0   0   0   0   0   0   0   0   0   0   0   0   0   6   0   0   0  10   0   0   0   0   0   0   0   0   0   0   0   0   0   0   0  27   0   0   0   0   0   0   0   0  31   0   0   0   0   0   0   0   0  39
   0   0   0   0   0   0   0  44   0   0   0   0   0  20   0   0   8  40   0   0   0   0   0   0   0   0   0   0   0   0   0   0   0   0   0   0   0   0   0   0   0   0   0   0   0   0   0   0   0   0   0   0  11   0   0   0   0   0  38   0   0  25   0   0  25  38   0   0   0
   0   0   0   0   0   0   0   0   0   0   0   0   0   0  23   0   0   0   0   0   8   0   0   0   0   0   0   0  42   0   0   0   0   0   0   0   0   0   0   0   0   0   2   0  21   0   0   0   0   0   0   0   0   0   0   0   0   0   0   0   0   0   0   0   0   0   0   0
   0   0   0  27   0  33   0   0   0   0   0   0   0   0   0   0   0   0   0   0   0   0   0  26   0   0  30   0   0   0   0   0   0   0   0   0   0   0   0   0  34   0   0   0   0   0   0   3   0   0   0   0   0   0   0  26   0   0   0   0   0   0   0   2   0   3   0
   0  45   0   0   0   0   0   0   0   0   0   0   0   0   0   0   0   0   0   0   0   0   0   0   0   0   0   0   0   0   0   0   0   0   0   0   0   0   0   0   0   0   0  25   0   0   0   0   0   0   0   0   0   0   0   0   0   0   0   0   0   0   0   0   0  19
   0   0   0   0   0   0   0   0   0   0   0   0   0   0   0  47   0   0   0   0   1   0   0   0   0   0   0   0   0  22   0   8   0   0   0  49   0  42  37   0   0   0   0   0   0   0   0   0   0   0   0   0  42   0   0   0   0  20  11   0   0   0   0   0   0
   0   0   0   0   0   0   0   0   0   0  40   0  43   0   0   0   0   0   0   0   0   0   0   0   0   0  17   0   0   0   0   0   0  45   0   0   0  27   0   0   0   0   0   0   5   0   0   0  19   0   0   0   0   0   0   0  26   0   0   0   0   0  17   0
   0   0   0   0   0   0   0   0   0   0   0   0  14   0   0   0   0   0   0   0   0   0  24   0   0   0   0   0   0   0   0   0   0   0   0   0   0   0  14   0   0   0   0   0   0   0   0   0   0  21  11  45   0  21  28   0   0   0  38   0   0   0   0
   0   0   0   0   0   0   0   0   1   0   8   0   0   0   0   0   0   0   0   0   0   0   0   0   0   0   0   0   0   0   0   0  35   0   0   0   0   0   0   0   0   0  28   0  10   0  49   0   0   0   0   0   0   0   0   0   0   0   0   0   0   0
   0   0   0   0   8   0   0   0   0   0   0   0   0   0   0   0   0   0   0   0   0   0   0   0  32   0   0   0   0   0   0   0   0   0   0   0   0   0   0   0   0   0   0   0   0   0   0   0   0   0   0   0   0  39   7   0   0  22   0   0   0
   0   0   0   0   0   0   0   0   0   0   0   0   0   0   0   0   0   0   0   0   0   0   0  36  49   0   0   0  17   0   0   0   0   9   0   0   0   0   0   0   0   0   0   0   0   0   0   0   0   0   0   0   0   0   0   0   0   0   0   0
   0   0   0   0   0   0   0   0   6   0   0   0   0  18   0   0   0   0   0   0   0   0   0   0   0  37   0   0   0   0   0   0   0   0   0   0   0   0   0   0   0   0   0   0   0   0   0   0   0   0   0   0   0   0   0   0   0   0   0
   0   0   0   0   0   0   0   0   0  28   0   0   0   0   0   0   0  13   0   0   0   0   0   0   0   0   0   0   0   0  34   0   0   0   0   0  33   0   0   0   0   0   0   0   0   0   0   0   0   0   0   0   8   0   0   0   0   0
   0   0   0   0   0   0   0   0   0   0   0   0   0   0   0  43   0   0   0  20   0   0   0  42   0   0   0   0   1   0   0   0   0   0   0   0  41   0   0   0  17   0   0   0   0   0  27   0  28   0  50   0   0   0   0   0   0
   0   0   0   0   0   0   0   0   0  30   0   0   0   0   0   0   4   0   0   0   0   0   0   0   0   0   0  36  29   0   0   0   0   0   0   0   0   0   0   0   0   0   0   0   0  18   0   0   0   0   0   0   0   0   0   0
   0   0   0   0  29   0  45   0   0   0   0   0   0   0   0   0  15   0  29   0   0   0   0   0   0   0   0   0   0   0  28   0   0   0   0   0   0   0   0   0   0   0   0   0   0   0   0   0   0   0  39   0   0   0   0
   0   0   0   0   0   0   0   0   0   0   0  28   0   0   0   0   0   0   0   0   0   0   0   0   0   0   0   0   0   0   0   0   0   0   8   0   0   0   0   0   0  39   0   0   0   0   0   0   0   0   0   0   0   0
   0   0   0   9   0   0   0   0   0   0   0   0   0  25   0   0   0   0   0  50   0   0   0   0   0   0   0   0   0   0   0   0   0   0   0   0   0   0   0   0   0   0   0   0   0   0   0   0   0   0   0   0   0
   6   0   0   0   0   0   0   0   0   0   0   0   0   0   0   0   0   0   0   0   0  44   0   0   0   0   0   0  49   0  24  37   0   0   0   0   0   0   0   0   0   0   0   0   0   0   0   0   0   0   0   0
   0   0  35  41   0   0  34   0   0   0   0   0   0   0   0   0   0   0   0   0  49   0   0   0  40   0   0   0   0   0   0   0  27   0   0   0   0  39  26   0   0  45   0   0   0   0   0   0   0   0   0
   0   0   0   0   0  22   0   0   0  13  41   0   0  33   0  11   0   0   4   0   0   0   0   0   0   0   0   0   0   0   7   0   0   0   0   0   0   0   0   0   0   0   0   0   0   0   1   0   0  39
   0   0   0   0   0   0   0   0   0   0   0   0   0   0   0   0   0   0   0   0   0   0   0   0   0   0   0   0   0   4  48  44   0   0   0   0   0  41   0   0   0   0   0   0   0   0   0   0   0
   0   0   2   0  16   0   0   0   1   0   0   0   0   0   0   0   0   0   0   0   0   0   0  27   0   0   0   0   0   0   0   0   0   0   0   0   0   0   0  15  44  31   0   0   0   0   0   0
   0   9  47   0   0   0   0   0   0   0   0   0   0   0   0   0   0   0   0   0   0   0   0   0   0   0   0   0   0   0   0   0   0   0   0   0   0  31   0   0   0   0   0   0   0   0   0
   0   0   0   0   0   0   0   0   0   0   0  30   0   0   0   0   0   0   0   0   0   0  19   0   0   0   0   0   0   0   0   0   0   0   0   0   0   0   0   0   0  49   0   0   0   0
   0   0   0  23   0   0   0   0   0   0   0   0   0   0  34   0   0   0   0   0   0   0   0   0  28  33   0   0   0   0   0   0   0   0  11   0   0   0   0   0   0   0   0   0   0
   0   0   0   0   0   0   0   0   0   0   0   0   0   0   0   0   0   0   0   0   0   0   7   0   0   0   0   0   0   0   7   0   0   0   0   0   0   0   0   0   0  37   0   0
   0   0   0   0   0   0   0   0   0  31   0   0   0   0   0   0   0   0   0   0   0   0   0   0   0   0   0   0  45   0   0   0   0   0   0   0   0   0   0   0   0   0   0
   0   0   0   0   0   0   0  35   0   0   0   0   0   0   0   0   0   0   0   0   0   0   0   0   0   0   0   0   0   0   0   0   0   0   0   0   0   0  27   0   0   0
   0   0   0   0   6   0  13   0   0   0   0   0   0   0   0   5   0   0   0   0   0   0   0   0   0   0   0   0   0   0   0   0  24   0   0   0   0   0   0   0   0
   0   0   0   0   0   0   0   0   0   3   0   0   0   0   0   3   0   0   0   0   0   0   0   8   0   0   0   0   0   0   0   0   0   3   0   0   0   0   1   0
  42  48   0  11   0   0   0  27  12   7   0   0   0   0  21   0   0   0   0   0   0   0   0   0   7   0  38   0   0   0   0   0   0   0   0   0  47   0   0
   0   0   0   0   0   0   0   0   0   0   0   0   0   0   0   0   0   0   0   0   0   0  20   0  20  27   0   0   0   0   0   0   0   0   0   0   0   0
   0   0  41   0   0   0   0   0   0   0   0   0   0   0  36   0   0   0   0   0   0   0   0   0   0   0   0   0  38   0   0   0   0   0   0   0   0
   0  31   0  17   0   0   0   0   0   0   0   0   0   0  12   0   0   0   0   0   0   0  47   0  36   0   0   0   0   0   0   0   0   0   0   0
   0   0  36   0  13   0   0   0   0  30   0   0   0   0   0   0   8   0   0   0   0   0  18   0   0   0  17   0   0   0   0   0   0   0  15
   0   0   0   0   0   0   0  27   0   0   0  34   0   0   0   0   0   0   0   0   0   0   0   0   0   0   0   0   0   0   6   0   0   0
   0   0   0   0   0   0   0   0   0  50   0   0   0   0   0   0   0   0   0   0   0   0   0   0   0   0   0  21   0   0   0   0   0
   0   0   0   0   0   0   0   0   0   0   0   0   0  22  19   0   0   0   0   0   0   0   0   0   0  21   0   0   0   0   0   0
   0   0   0   0   0   0  21   0   0   0  28   0   0   0   0   0   0   0   6   0   0   0   0   0   0   0   0   0   0   0  22
   0   0   0   0   0   0   0   0   0   0   0   0  49   0   0   0   0   0   0   0   0   0   0   0   0   0   0   0   0   0
   0   0   0   0   0   0   0   0   0   0   0   0   0   0  13   0   0   0   0   0   0   0  10   0   0   0   0  30   0
   0   0   0   0   0   0   0   0   0   0   0   0   0   0   0   0   0   0   0   0   0   0   0   0   0   0   0   0
   0  10   0   0   0   0   0   0   0   0   0   0   0   0   0   0   0   0   0   0   0   0   0   0   0   0   0
   0   0   0   0   0   0  17   0   0   0   0   0   0   0  12   0   0   0   0   0   0   0   0   0   0   0
  17  26   0   0   0   0   0   0   0   0   0  31  46   0   0   0   0   0  37   0   0   0  18   0   0
   0   0   0   0   0   0   0   0   0   0   0   0   0  21   4   0  44   0   0   0   0   0   0  32
   0   0   0   0   0   0   0   0   0   0   0   0   0   0   0   0   0   0   0   0   0   0   0
   0   0   0   0   0   0   0   0   0   0   0  42   0   0   0  13   0   0   0   0   0   0
   0   0   0   0   0   0   0   0   0   0   0   0   0   0  34   0   0   0   0   0   0
   0  17   0   0   0   0   0   0   0   0   0   0   0   0   0   0   0   0  19   0
   0   0   0   0   0   0   0   0   0   0   0   0   0  11   0   0   0   0   0
   0   0  21  43   0   0  50   0  10   0   0   0   0   0   0   0   0  44
   0  19   0   0   0   0   0   0   0   0   0   0   0   0   0  39   0
   0  11  10   0   0   0   0   0   0   0   0   0   0   0  24   0
  15   0   0   0   0  32   0   0   0   0   0   0   0   0   0
   0   0   0   0   0   0   0   0   0   0   0   0   0   0
   0  28   0   0   0   0   0   0   0   0   0   0   0
   0   0   0   0   0   0   0   0   0   0   0   0
   0   0   0   0   0   0   0   0   0   0   0
   0   0   0   0   0   0   0  18   0   0
   0   0   0   0  34   0   0   0   0
   0   0   0   0   0   0   0   0
   0   0   0   0   0   0   0
   0   0  27   0   0   0
   0   0   0   0   0
   0   0   0   0
   0   0  27
   0  22
   0

 375
  18   5  13  19  16  17  10  11   5  14  18   2  15  13  25   6  13  13  19   5  22  10  16  20   4  11   4  17  20  19  22   2  10  15  24   1  25  19  12   1  12   7  15   1   3   5  12   6  14  14  22  25  10   4  16  11  16   7  10  17   5  12  23   9   7  13  18   5  17  13  21  16  23  23  20   3  19  17   6  24

