  80 
  41  48   8  20  29   5  36  47  31  23  26  14   2  48  25  12   3  20  35  35  32  13   9   1   6   1  17   6   4  39  33  36  41  22   9  14  37   8  33  27  33  46  22  48  31  41  50  44   4  29  29  50   3   1  24  46  39   6  30  10  20  10  24  28  43  32  17  11  44  30  28  11  47  47  43  19  14  44  26  38
  13  10  26  26  46   8  18  33  31  23  41  16  11  24  19  23  43  32  45  32  16  39  43  23  33  10  35  22   7  44  27  40  28  29   3  25  24  13  30  48  24  10  28  24   9   2  29  30  20  13  31   1  12  31  46  23  23  17  17   9  33  13  43   4  30  31  44  35  46  41  30  26  41  28  36   8  30   8  32
  42  25  45  27  29  48  22  43  35  42   1  25  16  42  15  28  44  25  19  50  49  27  18  24  49  17   1  34  37   9  25  30  34   4  49  22  29   3  34  50   9   2  30   8  22   8  30  48  35  45   2  25   3  29  36  32  16  16   9  26  25  34  40  45  46  33  12  31  30  23  44  24  12  49  17   7   1  43
  36  32  10  41  47  46  26  30  42  21   6  33  40  36  48  30  37  22   5  48  27  41  24  42  35   9  49  28  15  37   5  22  33  49  42  45  23  47  29  17  26  36   7   5  15  11  30  37   4  14  20  25  48  42  26  29  17  38  16  34   6  49  29  35   2  36   1  42  46   5  37  48  21   4  12  22  16
  35  36  28  10  14  15   8  19  28  13  40  32  42  43  14  23  45  19  33  30  26  33  40  18  26   4  14  25   5  40  46   4   9  14  19  37  12  21  16  45  36  36  46  39  44  20  29  43  29  30  30  47  26  28  42  19   6   5  24  47   1  15  32   4  32   5  50  50  34  42   9   9  18  50  37  33
   9  13   1   9  21   3  29   3  43  18  35  39  41  38   7   5  22  14  27  36  20  41  42   4  29   2  47  27   4  11  28   8   1  44   1  49  20  21  10  40  36   5  25  32  39  26  48   6  45  48   9  25  46   5   7  25  16  31  27   3  40  24   5   6   7  47  35  32  40  14  32  24  45  21   1
  31  29  38  44  30  38  35  29   2  29  17   4  30  43  24   2  10  36  49  29  36  40  29  35  37  10   3  24  34  15   9   7  23  16  35  41  23  42  21  46  39   6  24  31  48  21  26  22  26  16  19  19  43  46  10  30   7  48  19  13  16  18  49  17  34  15  48  32  12   1  44  10   6  14
   7  41   6   4   1  19  30  29   7  21  40  22   3  33  47  18  41  22  39  37   7   1  27  44  37  34  46  37  12  42  45  14  39  12  44  14  24  13  26  30  39  29  36  19   5  34  35  14  13  47  35   6  13  24   9   7  44  18  31  46   3  10   1  20  19  26  32   1  27  25  22  42  17
  43  11  26  27  14  17   6  13  39  48   5  18  46  31   5  27   6  39   2  26   1  43  31  10   4   5  49  24  32  10  11  50  37   2  41  17  48  50  40   1  41  34  12   3  30  14   7   2  39  24  19  10   2   1  22  49  35  16  21  16  31  18   2  24   9  23  38   9  48   1  50  16
  37   1  18  50  34  32   8  14  37  22  28  29  45  45   1  19  12  41  25  38  26  26  45  42   3  23  50  50  19   3  46  18  16   1  40  21  36  44  12   5  17  33  45  38  20  47  40   5   6  33  12  41   5  30  43  29  12  49  17  44  42  47  16  37   6  19  32  39  15  11   3
  18  18  21  13  41  33  50  36   8  40   5  39  27  39  34  10  28  34   3  10  39  27  12  12   9  24  17   9  26  46  18  22  37  30   7  23   5  23  14  25   3  46  42  49  46  41  17  28  46  31  16  32  24  50  26  31  50  32   2  50  13  24  37  24  30  20  44  49  49  16
  17  29  43  43  32  19  37  37   3  45   1   8  18  16  12   7   4  45  30  30   9  37  44  49   6  13   8  33  17  46  15  16  30   6  13  18  44  33  41   1  47   8  47  15  15  16  27  25  32  16  18   4   2  27  44  48   5   2  15  45   5   8  42  47   6  38  19  32  41
  33   2  24  15   9  46  30  10  28  50  18   4   7  26  39  10  28  24  31   9  14   6  43   8  38  46  45  26  21  15   8  14  29  35  22  32  49  32  26  40  38  42  15  19  16  35  46  43  18  48  24  25  20  45  38   8  46  17   7  24  25  17   4  12  16  30  14  29
  25  14  24  12  39  28   1  47   6  15   9  25   3  22   7   7  12   4   1  45  15  16  32   9  17  19  49  16  14  20  28   3   4  26  37  24  16  40  42   2  13  16  19  27  35  24  30  36   9  45  15  19   4  19  47  16  16  40   4   4   2   8  47  46  42   4  47
   7  29   4  37  49  11  36   5  35  31  35  13  43  33   8   5  21   7  36  42  11  27  21  10  23  19   3  16   9  18   8  14  40  25   4   3  30  28  46   8  37  30  50  41  19  28  17  40   3  39  11  14  48  49   4  17   4  22  30  14  47   5  41  32  20   5
  46  48  27  17   4  26  41  20   2   4  45  37  32  10   9  34   3  50  36  18   7  45   5   7  36  31  48  41  11   4  11  31  46  39  41  50  28  20  18   2   4   3  14  32   3  45  26  22  26  31  47   9  35   9  30  10   3  17  28  32   7  18  26   5  50
  18  36  42  44  39  21  33  28  44  43   1  47  31  26  12  36  35   6  14  14  10  50  12  40   5  30  15  40  44  31   4   1  19  14  41  29  16  36   3   8  34  20   1  24  12  37   4   4  14  30   8  12  22  38  20  42  38  18  42  10  38  16   1  44
  31   3  45  13  42  46  22   6  45  28  37  35  41  29   7  21  48  48  37   7  36  11  23  22  18  32  47  17  20  22  45  37  29  15  35   2  26  35  13  39  32  47  18  29  20  17  40  38  26  48  26   1  10  21  16  34  36  45  40  15   9  23  30
  21  34  39  47   4   6  18  41  20  29  14  32  19  14  35  48   1  49  11   9  13  40  13  12  49  50   9  26   6  23  40   1  39  35  47  23  30  47  10  47   7  36  33   6  10  38  39   9  15  16  18   2  37  45   4  39   3  12  48  30  23  41
   4  12  38  18  34  18  20  41   5  19  13  34  49  47  33   1  44   7   2  41   3   1  12   7  22  41  20  26   7  39  27  39  44  17  17  20  41  31   4  42   3  14  32  12  19  24  21  36  27  32  20  27  44  12  22  10  35  24  44  36  43
  41  44  24  26  42  18  23  24  41  22  21  17  24   9  13  27  34  17  11  18   1  50   6   4  42  20   1  44  28   4  27  45  47  25  35  42  24  17   2  35  19  36  47  12  17  47  17   5  33  26  24   8   8  40  17  26   9  45  28  45
  33  29  38   5  49  22  45  41  19  49  21  14  45  47  40   3  50  42  45   4  43  33   7   3   2   8  11   6   8  43   3  17  12  40  41  49  34   3  31  41  36  17  50  15  18  27  11  15  40  40   5  41  47  44  31  20  13  34  27
   1  50  37  43   3  11   6  41  41  45  27   8  28  11  50  45  48  18  38  44  49  22   5  35  18   6  34   7  33   2  24  19  47  20  40  21   3  26  29  24   2   3  32  14  10  44  18  49  50  47  43   3  32   3  33   5  19  48
  24  35  16   9   6  18   1  41  43  28   5  23  13   7  48  33  23  42  49  30  44   1  24   8  23   8  33  16  49  33  21   6  27  26  36  16  37  19  29  48   9   5  31   9   8  32  20  22  34  26   8  29  22  27  11  17   4
  20  45   5  49  45  26  23  28  44  15  47  32   6  30  22  42  21   4  10  15  50  39  44   3  47  32  40  44  25  36  24  26  50  24  29  12   5  36  38  24  41   2  40   6  26  45  36  46  16  37  45  33  18  13  37  18
  37  37  31   6  42   1  12  46   7  21  26  25  36  45  35   8   6  25   8  50  28  37  15   4  27  38  10  33  25  22  28   9  18   8  18  34  47   2  40  15  39  16  18  26   8   6  37  24  47  29  49  19   8  16   8
  44   7   9  10   8  31  18  20   8  14  45  31  34  50  45  33   1  39  39   4  14  40  24  28   2  33   6  41   4  25  20  33  21   4  41  23  31  10  37  24  10  38  27  20  17  42  27  32   9  38  20  31  34   7
  29  23  39  11  24  27  39  26  47  16  46  17  26  13  23  31  48  10  28  28  34  50  50  23  33   7  20  38  28  35   9  46  30  34  22  41   8  50  36  25   8  37  34  32  38   1  18   3  42  39  11  42  25
  22  19  41  16  21  34  26  41   9  34  46  29  43   2  28  39  12  41  25  14  21  35  25  31  37  48   7   8   8   1  42  45  18   8  45   2  47  24   3   6  23  45  10  49  38   9  18  20  18   8  48  31
  23  34   4  17  30  36  28  49   9  45   3  43  35   8   4  49   5  15  44  15   4   5  50  20  44  18  10  45  17  24  47  28  33  34  20   4   5   8  47  43  12  15  13  28  23  50  10   4  26  37   9
   2  27  12  26  31   6  44   4   2  11   6  39  19  17  18   7  32  28  12  20  13  11  39  42  41  22  28  13  10  47  36  20  43  10  32  41  18  48  31  19  14   3  50  16  11   1  45  11   9  30
  11  36  38   7  39  33  42   1  24   7  47   1  50   4  26  44  16  12  10  36   7  22  38  14   6  36  48  37  40   5   1  40  25   1  19  48  40   9  17  13  30  43  41  35  11   1   5  37  39
  26   6  20  49  19  15  32  17  23   9  25   7  18   3  29  41  25  21   5  41  49  27   6  40  23  39  44  16  18  35  28  31   9  19  39  26  16  28  41  22  44  38   3  16  17  18   1  32
  19  42  11  41  45  41   8  34  22  49  21   5   6  23   5  15  45  14  39  18  13  36  19   2  23   9  40  30  24  45  27  11   2   9  25   5  11  18  48   2   8  26  35   1  11  37  46
   7  12  28  18   7  13  21  34  24  20  17  47  45  26  13  35  48  35  50  16   7  38  30  50  10  45  16  29  34  21  39  18  28  16  46   5  24  46   2  34  13   5  18   3   8  27
  12  49   6  33  21  35   4  49  50   2   7  48  32  50  32  34  33  31  31  34   8  48  33  19  37  48  18  23   2  29  46   1  46  28  48  38  39  48  32   7  40  33  15  34  19
  13  26  37  18  17   3  25  27  41  19  11  20   7  13  40  20  45  45  30   8  49  47  46  36  45  18   9  29  14  39  21  28  19  19  27  50  43  16  48  14  27  41  23  36
  35  48  22  48  41   7  48  25   5  22  16  17   3   6   5   6  34  15  43  31  39   2  12  29  23   9  43  23  39  12  13  50  38  28  25   4   3  40  25  15  17  22  20
  42  14  41  44  28  50  47  21   1  38  11  10  48  22  30  42   6  29  25  48  26  46  21  43  16  45  15  35  32  12   8  28   5  20  45  30   2  36   5  15  36  34
  28  35   5  47  35  20  11  24  44  23  26  12   6  27  25  31  23  50  38  49  24  48  41  14  21  15  43  16  48   4  29  16  42  49   8   7  40   5  35  34  13
  18  42  19  13  30  39  18   1  49   8  36  16  11  12  16  15  31   7  23  40  40  24  17  22  32  15   6   2  41  14  21  49  36  27  18  20  37  27  43   1
  35  50  25  31  22  40  45  13  14  12  13   9  12  47  40  42   6  49  35  27  49  39   9  28   9  27  40  17  34  45  23  44   9  20  46  36  13  17  12
  24  33   4  18  13  23  46  35  20  42   9  15  20  28  30  33   9   2  32  20   9  14   4  46  30  47  31  24   5  40  48  37  26  44  17  48   1   2
  44  10  12   1  47  48   8  18  43  42   2   3  41  10  41  28   6  49   4  44   2  26  49  44  21  21  26  33  14  28  26  15  17  20  16  42   5
   7  10  32  19  48  30   3  30  32  33  24  17  37  41  34  43  47  25  30   6   2  31   9   5  15  32  21  42  49  44  43  12   3  19  23  17
  50  48  10  16  29  41  28  33  48  38  31  39  48  32   5  36  13  20  18  20   3   4  10  40  22  23  32  44  49  46  27  20  28  42  38
  42  20  38  47  31  36  29  50   2  10  23  14  45  11  15  50  48  42  38  10   6  16  49  42  35  34  33  33  37  12  48  29   7  19
  25  16  28  35  44   4  43  16  42  38  31  10  18  43  42  41  44  49  32  36  43  18  38   7  36  37  28  38  40  27  14  37  32
  46  42  30  12  19  18  20  45  16  40  26  30  14   3  40  17  44  31  32  38  17  48  46  45  14  21  17   8  43  30  31  13
  38   4  26  16   8  42   6  32   3  14   3  34  15   3  37  49  42  36  34  15  12   2  39  38  37  34  30  38  38   7   9
  47  46   3  24  32  36  18  29  21   6  26  47  31  36  44  24   2  35  15  37   1   7  45  30   9  47   5  24   6  23
   8  30  20  24  21  46   2  36   2   1  35  32  15   8   6   1  14  42   9   6  36  12   6   4  15  24  46  25  33
  13  39  37  32  35  49  46   4  24  44  39   2  44  23  15  19  24  18  21  10  24   9  50  39  28  20  15  28
  12  20  47  36  16  22  22  48  36  15  40  29  25   1  29  15  49  25  37  11  24  43  45  15   6  16  16
  13  28  44  24  43  11  50  11  50   3  21  19  42  20  43   1   2  17  46  15  14  41  12   2  29   8
  34  11  23  10  44  36  29  13   4  45  36  48  41  28   2  19  17  47   9   2   4   9   5  21  36
  47  40  16  26  38  38  46  15   1  31  15  46  17   6  37  45  49  29  14  36  30  50  12   8
  14  26  23  46   6  13  31  43   2   7  30  22  45  36  14  29   8  31  39  43  50  18  33
  20  10  19  17  29  43  23  20  38  14  19  48  27  46  32  21   4  19   8  27  40  13
  34  28  32  38  10   2  20  10  40  27  25  32  32   8   6   2  29   4   3  29  40
  49  15  32  32  26  44   7  47  42  46  33   9  36  48  29   4  34  20   6  44
   2  13  41  24   5  33  44  14  38  47  31  18   2  50  20  22   7  50  45
  48   4  44  30  29   4  40  45  49   8   6  37  17  18  19  50   5   4
  33  48  32   6  44  15  28  35  38  45  16  14   7  29   2  37  35
  50  46  10  46  44   6  17  48  36  22  18  31  26  20   3  39
  17  18  11  26  16   7  43   3  23   3  43  12  17  21   9
  22  34  30  40   4  35  14   5  36  45  49  13  35   5
  46  19  41  30   6  49  18  47  11  25  23  35  42
   6  20  44   3   4   6  43  19  32  23  10  38
  13  22  42  14  45  31  39  20  26  10  36
  37  22  10  32   5  24   3  44  20  31
  31  39  38  50  29  12   3  32  49
  37  20  33  27   7  35  27  23
  17  36  47  48  46   4  49
  10  22  11  25  47  34
  19  10  43  34  34
   3  36  49  46
  11   8  24
  31  19
  37

 342
  19   5  14  11  12  13   1   4   7  18   9  24  10  17  24  14  25  13  21   9  21  13   6  24  15   1  12  21   7   7   6   4  22   4   9   3  21   7  16   6   1  22   3  13   3  20   6   7  13  16   3  14  17   5   3   1  20   4  14  17  15  11  19   6  20  22  16  19   4  15  25  10   2   4  15   6  16  14  11  14
