  80 
   0   0   0  30   0   0   0   0  31   0   0  20   0   0   0   0  15   0  19   0   0   0   0   0   0   0   0   0   7   0   0   0   0  29   0  37   0   0   0   0  31   0   0   0   0   0   0   0   0   0   0  17   0   0   0   0   0   0   0   0   0   0   0  20   0   0   0   0   0   0   0   0   0   0   0   0   0   0   0   0
   3   0   0   0   0   0   0   0   0   0  44   0   0   1  10   0   0   0   0   0   0   0   0  15   0   0   0   0  13   0   0   0   0   0  49   0  39   0   0   0   0  33   0   0   0   0   0   0   0   0   0   0   0   0   0  34   0   0   0   0   0   0   0  31   2   0  45   0   0  10   0   0   0  32   0   0   0   0   0
   0   0  10   0   0  16   0   0   0   0   0   0   0   0   0   0   0   0   0   0   0   0   0   0   0   0   0   0  30   0   0   0  38   0   0   0   0   0   0   0   0   0   0   0   0   0   0   0   0   0   0  40   0   0   0   0   0   0   0   0   0   0   0   0   0  10   0   0   0   0  41   0   0   0  21   0   0   0
   0  40   0   0   0   0  26   0   0   0   0   0   0   0   0   0   0   0   0   0   0   0   8   0   0   0   0   0   0   0  22  31   0   0   0   0   0   0   0   0   0   0   0   0   0   0   0   0   0   0   0   0   0   0   0   0   0   0   0   0   0   0   0   0   0   0   0  33   0   0   0   0   0   0   0  14  15
   0   0   0   0   0   0   0   0   0   0   0   0   0   0   0   0   0   0   0  30   0   0   0  15   0   0   4   0   0   0   0   5   0   0   0   0   0   0   0   0   0   9   0   0   0   0   0   0   0   0   7   0   0   0   0   0   0   0  49   0   0  37   0   0   0   0   0   0   0  32   0   0   0   0   0   0
   0   0   0   0   0   0   0   0   0   0   0   0   0   0   0   0   0   0  15   0   7  42   0  24   0   0  20   0   0   0   0   0   0   0   0   0   0   0   0   0   0  23  39   0   7   0  41   7   0   0   0  29   7  26   0   0   0   0   0  15   0  35   0   3   0  27   0   0   0   0   0   0   0   0   0
   0   0   0   0   0   0  17   0   0   0  36   0   0   0   0   0   0   0   0   0   0   0   0   0   0   0  50   0  32   0   0  35  15   0  29   0   0   0   0   0   0   0   0   0  49   8   0   0   0   0   0   0   0   0   0   0   0   0   0   0   0  27   0   0   0   0   0   0   0   0   0   0   0   0
   0   0   0   0   0   0   0   0   0   0   0   0   0   0   0   0  26   0   0   0   0  46   0   0   0  23   0   0   0   0   0   9   0   0   0   0   0   0   0   0   0   3   0   0   0   0   0   0   0   0   0   0   0   0   0   0   0  29   0   0   0   0   0  44   0   0   0   0   0   0   0   0   0
  18   0   0   0   0  50   0   7   0   0  24   0   0   0   0   0   0   0   0   4   0  46   0   0  16   0   0  40   0  18   0   0   0   0  50   0   0   0   0   0   9   0   0   0   0   0   0   0   0   0   0   0   0   0   0   0   0   0   0   0   0   0  28   0   0   0   0   0   0   0  38   0
   0   0  33   0   0  13   0   0   0   0   0   0   0   0   0   0  37   0   0   0   0   0   0   0   0   0   0  33   0   0   0   0   0  26  41   0  42   0  38  40   0   0   0   0   0   0   0   0   0  19   0   0   0   0  17   0   0   0   0  13   0   0  44   0   0   0   0   0   0  39   0
   0   0   0   0   0   0   0  34   0   0   0   1   0   0   0   0   0   0   0   0   0  28   0   0   0   0   0  27   0   0   0   7   0   0   0   0   0   0   0   0   0   0   0   0   0   0   0   0   0   0  11   0   0   0   0   0   0   0  20   0   0   0   0   0   0   0   0   0   0   0
   0   0   0   0   0   0   0   0  10   0   0   0   0   5   0   0   0   0   0  37  27   0   0   0   0   0   0   0   0   0   0   0   0   0   0   0   0   0  18   0   0   0   0   0   0   0   0   0  38   0  50   0   0   0   0   0   0  24   0   0   0   0   3   0   0   0   0   0   0
  13   0   0   0  19   0   0   0   0   0   0   0   0   0   0  44   0   0   0   0   0   0   0  27   0   0   0   0  12   0   0   0   0  47   0   0   0  30   0   0   0  16   0   0   0   0   0   0   0   0  24   0   0   0   0   0   0   0   0  49   0   0   0   0   0   0   0   0
   0   0   0   0   0   0   0   0   0   0   0   0   0   0   0   0   0   0   0   0   0   0   0   0   0   0   0   0   0   0   0   0  29  35   0   0   0   0   0  46   0  40   0   0   0   0   0  12   0   0   0   0   0  17   0  12   0  50   0   0   0   0   0   0   0   0   0
  49   0   0   0   0   0   0   0   0   0   0   0  21   0   0   0   6  44   0   0   3   0   0   0   0   0   0  30   0   0   0  38   0   0  24   0   0   0   0   0   0   0   0   0   0  23   0   0   0   0  35   0  33   0   0   0   0   0   0   0   0   0  28  39   0   0
   0   0  11  14   0  12   0   0   0   0   0   4   0   0   0   0   0  13   0   0   0   0   0   0   0   0   0   0   0   0   0  18   0   0   0   0  20   0   3   0   0  34  39   0   0   0   0   0   0   0   0   0  14   0   0  48   0   0   0   0   0   0   0   0   0
   0   0   5   0   0   0   0   0   0   0   0   0   0   0   0   0  45   0   0  18   0   0   0   0  13   0   0   0   0   0   0  40   0   0   0   0   0   0   0   0  40   0   0   0   0  37   0  17   0   0   0   0   0  32   0   0   0   0   3   0   0   0   0   0
   0  47   0   0   0   0   0   0   7   0   0   0   0   0   0   0   0   0   0   0   0   0   0   0  47   0   0   8   0   0   0   0   0   0   0   0   0   0   0   0  38   0   0  20   0   0  48   0   0   0   0   0  18  32   0   0   0   0   0   0   0   0   0
   0   0   0   0   0   0   0   0   0   0   0   0   0   0  23   0   0   0  30   0   5   0  24   0   0   0   0   0   0   0   0   0  49   0   0   0   0   0  25   0   0  48   0   0   0   0   0   0   0   0   0  36   0   0   0   0   0   0   0   0   0   0
   0   0   0   9   0  49   0   0   0   0   0   0   0   0   0   0   0   0   0   0   0  13   0   0   0   0   0   0   0  34   0   1   0  26   0   0   0   0  45  17   0   0   0  26   0   0   3   0   0  45   0   0   0   0   0   0   0   0   0   7   0
   0   0   0   0   0   0   0   0   0  17   0  39   0   0   3   0   0   0   0   0  32   0   0   0   0   0   0   0   0   0   0   0  28   0   0  14   0   0   0   0   0   0  33   0   0   0   0   0   0   0   0   0   0   0   0   0   0  29   0   0
  30   0   0   0   0   0   0   0   0   0   0   0   0   0   0   0   0  24   0   0   0   3   0   0   0   0   0   0   0   0  24   0   0   0   0   0   0   0   0   0  14   0   0   0  40   0  40   0  15   0   0   0   0  29   0  33   0   0   0
   0   0   0   0   0   0   0   0  32   0  48   1   0   0   0   0   0   0   0   0   0   0   0   0  14   0   0   0   0   0  18   0   0   0   0   0   3   0   0   0   0   0   0   0   0   0   0   0   0   0   0   0   0   0   0   0   0  34
   0   4  35  16   0   0   0   0   0   0   0   0   0  32   0   0  10   0   0   0   0   0  20   0   0   0   0  19   0   0   0   0   0   0   0  40   0   0   0   0   0   0   0   0   4   0   0   0   0   0   0   0   0   0   0   0   0
   0   0   0   0   0   0   0   0   0   0   0   0   0   0  42   0   0  29   0  19  37   0   0   0   0   0   0  26   0  14  36   0   0   0  17   0   0   0   0  49   0  33   0  10   0  20   0   0   0   0   0   0   0   0   0   0
  29   0   0   0   0   0   0   0  22   0   0   0   0   0   0   0   0   0   0   0   0   0   9   0  21   0   0   0   0   0   0   0   0   0   0  11   9   0   3   0   0   0   0   0   0   0   0   0   0   0   0   0  33   0   0
   0   0   0   6   0   0   0   0  18   0   0   0   0   0   0   0   0   0   0   0   0   0   0   0   0   0   0   0   0   0   0   0  30   0   0   0   0   0   0   0   0  50   0   0   0   0   3   0   0   0   0   0  46   0
   0   0   0   0   0  28   0   0   0   0   0   0   0   0   0   0  29   0   0   0   0   0   0  46   0   0   0   2   0   0   7   0  28   0   0   0   0   0   0   0   0   0   0  38   0   0   7   0  14   0   0   0   0
   0   0   0   0   2   0   0   0   0  14   0   0   0   0   0   0   0   0  15   0   0   0   0   0   0   0   0  45   0   0   0   0   0   0   0   0   0   0   0   0  28   0   0   0   0   0   0   0   0   0   0  42
   0   0   0   0  21   0   0   0   0   0   0   0   0   0   0   0  16  18   0   0  39   0   0  47   0   0   0  12   0   0   0   0   0   0  24   0   0   0   0  46   0   0   0   0   0   0   0   0   0   0   0
   0   0  33   0   0   0   0  15   0   0  46   0   0   0   0   0   7   0  15   0   0   0   0   8   0   0   0   0   0   0   0   0  32   0   0   0   0   0   0   0   0   0  26   0   0  48   0   0   0  36
   0   0   0   0   0   0   0   0   0  48   0   0   0   0   0   0   0   0   0   0   0   0   0   0   0   0   0   0   0   0   0   0   0   0   0   0  33   0   0   0   0   0   0   0   0   0   6   0   0
   0   0   0   0   0   0   0  34   0   0   0   0  10   0   0   0   0   3   0  17   0   0   0   0   0  47  17   0   0   0   0  37   0   0   0   2   0   0   0   0   0   0   0   0   0   0   0   0
   0   0   0  16   0   0   0   0   0   0   0   0   0  24   0   0  18   0   0   3   0  17   0   0   0   0   0  29   0   0   0  41   0   0   0   0   0   0   0   0   0   0   0  47   0   0   0
   0   0   0   0   0  31  15   0  42   0   0   0   0   0   0   0   0   0   0   0   0   0   0   0   0   0   0  16   0   0  40   0   0   0   0   0   0   0   0   0   0   0  33   0   0   0
   0   0   0   0   0   0   0   0  40  20   0   0  22   0  23   0   9   0   0   0   0   0   0   0   0   0   0   0   0   0   0   0   0   0   0  37   0   0  18   0   0   0   0  31   0
   0   0   0   0  22   0   0   0   0  23   0   0   0   0   0   0  43   0   0   0   0   0   0   0   0   0   0   0   0  10   0   0   0  26  31   0   0   0  20   0   0   0   0   0
   0   0   0   0   0   0   0   0  23   0  34   0   0   0   0   0   0   0   0   0   0  23   0   0   0   0   0   0   0   0   0   0   0   0   0   0   0   0   0   0   0   0   0
   0   0   0   0   0   0   0   0   0   0   0   0   0   0   0   0   0  13  41  32   0   0   0   0  31   0   0   0   0  29   0   0   0   0   0   0  36   0   0   0   2   0
   8   0   0   0   0   0   0   0   0   0   0   0   0   0   0   0   0   0   0   0   0   0   0   0  50   0   0   8   0   0  31   0   0   5   0   0   0   0   0   8  29
   0  46   0   0   0  23   0   0   7   0   0   0   0  23   0   0   0   0   0   0  47   0   0  30   0   0   0   0  48   0   0   0   0   0   0   0   0   0   0   0
   0   0   4  23  44   0  23   0   0   0   0   0   0   0   0   0   0   0   0   0   0   0  29   0   5   0   0  37   0   0   0   0   0   0   0   8   0   0   0
   0   0   0   0   0   0   0   0   0   0   0   0   0   0   0   0   0   0   0   0   0   0   2   0   0   3   0   0   0   0   0  11   0   0   0   0   0   0
   0   0   0  19   0   0   0   0   0   0   0   4   0   4   0  27   0   0   1  27   0   0   0   0   0   0   0   0   0   0   0   0  34   0   0  11   0
   0   0   0   0   0   0   0   0  29   0   0   0   0   0   0   0   0   0   0   0   0   0   0   0   0   0   0   0   0   5   0   0   0   0   0  11
   0   0   0   0  49   0   0   0   0   3   0   0   7   5   0   0   0   0   0   0   0  44   0   0   0   0   0   0  23   0   0  39   0   0   0
   0   4   0   0   0   0   0   0   0   0   0   0   0  17   0   0   0   0  25   0   0   0   0   0   0   0   0   0   0   4   5   0   0   0
   0   0   0   0   0   0   0   0   0   0   0   0   0  31   8   0   0   0   0   0   0  27   0  23  12   0   0   0  41   0   0   0   0
   0   0  18   0   0   0   0  32   0   0   0   0   0   0   0  31   0   0   0   0   0   0  47   0   0   0  26   0   0   0   0   0
   0   0   0   0   0   0  17   0   0   0   0   0   0   0   0   0   0   0   0   0   0   0   0   0   0   0   0  11  25   0   0
   0   0   0   0   0   0   0   0   0   0   0  21   0   0   0   0   0   0   0   0   0   0   0   0   0  36   0   0  25   0
   0   0   0   0   0   0  41  28   0   0   0   0   0   0   0  25   0   0   0   0   0   0   0   0   0   0  40  35  25
   0  46   0   0  34   0  13   0   0   0   0   0   0   0   0   0   0   0   0   0   0   0   0   0   0  22  26   0
   0   0   0   0   0   0   0   0   0   0   0   0   0   0   0   0   0   0   0   0   0   0   0   0  22   0   0
   0  17   0   8   0   0   0   0  27   0   0   0   0   0   0   0   0   0   0   0   9   0  21   0   0   0
   0   0   0   0  39  39   0   0   0   0   0   0   0   0   0   0   0   0  15  18   0   0   0   0   0
  26   0   0   0   0   0   0  10  19  46   0   0   0   0   0   0   0  47   0   0   0   0  32   0
   0   0   0   0  44   0   0   0   0   0   0  19   0  45   0   0  22   0   0   0   0   0   0
   0   0   0   0   0  14   0   0   0   0   0   0   0   0   0   0   0  48   0   0   0   0
  50   0   0   0  42   0   0   0   0   0   0   0   0   0   0   0   0   3   0   0   0
   0   0   0   0  33   0   0   0   0   0  36   0  16   0   0   0   0   0   0   0
   0   0   0   0   0   0   0   0  20   0   3   0   0   0   0  40   0   0   0
   0   0   0  42   0   0   0  41   0   0   0  44   0  45   0   0   0   0
   0   0   0  48   0   0   0   8   3   0   0   0   0   0   0   0   0
   0   0  29   0  30   2   0   0   0   0  24   0   0   0   0   0
   0  49   0   0   0   0   0   0  15   0   0  14   0   0   0
   0   0   0   0   0   0   0   0   0  46   0   0   0  10
   0   0   0   0   0  39   0   0   0  28  22  40   0
   0   0   0   0   0   0   0   0   0  11  48   0
   0   0   0   0   0   0   0   0   0   0   0
   0   0   0   0   0   0   0  19   0   0
   0  38   0   0   0   0  38   0   0
   0   0   0   0   0   0   0  15
  13  37   0   0   0   0  22
   0   0  33  36   6   0
   0   0  35   8   0
   0   0  13   0
   0   0   0
   0   0
   0

 665
  20   5  22   1   5   1  10  25   4   3  20  25   5   1   5  16  15   3   8   8  12   7  22   8  19  24  17  11  17  22   2   8  13  12  11  12   5   6  20  13  18   1  10   5  12  17   5  11  14   4  24  18  20   4   9  20   7  20  19  14   5  22   8   6  17   6   9   6  12  25   5  22  22   3   7  10   6   5  20  25

  80 
   0   0   0  30   0   0   0   0  31   0   0  20   0   0   0   0  15   0  19   0   0   0   0   0   0   0   0   0   7   0   0   0   0  29   0  37   0   0   0   0  31   0   0   0   0   0   0   0   0   0   0  17   0   0   0   0   0   0   0   0   0   0   0  20   0   0   0   0   0   0   0   0   0   0   0   0   0   0   0   0
   3   0   0   0   0   0   0   0   0   0  44   0   0   1  10   0   0   0   0   0   0   0   0  15   0   0   0   0  13   0   0   0   0   0  49   0  39   0   0   0   0  33   0   0   0   0   0   0   0   0   0   0   0   0   0  34   0   0   0   0   0   0   0  31   2   0  45   0   0  10   0   0   0  32   0   0   0   0   0
   0   0  10   0   0  16   0   0   0   0   0   0   0   0   0   0   0   0   0   0   0   0   0   0   0   0   0   0  30   0   0   0  38   0   0   0   0   0   0   0   0   0   0   0   0   0   0   0   0   0   0  40   0   0   0   0   0   0   0   0   0   0   0   0   0  10   0   0   0   0  41   0   0   0  21   0   0   0
   0  40   0   0   0   0  26   0   0   0   0   0   0   0   0   0   0   0   0   0   0   0   8   0   0   0   0   0   0   0  22  31   0   0   0   0   0   0   0   0   0   0   0   0   0   0   0   0   0   0   0   0   0   0   0   0   0   0   0   0   0   0   0   0   0   0   0  33   0   0   0   0   0   0   0  14  15
   0   0   0   0   0   0   0   0   0   0   0   0   0   0   0   0   0   0   0  30   0   0   0  15   0   0   4   0   0   0   0   5   0   0   0   0   0   0   0   0   0   9   0   0   0   0   0   0   0   0   7   0   0   0   0   0   0   0  49   0   0  37   0   0   0   0   0   0   0  32   0   0   0   0   0   0
   0   0   0   0   0   0   0   0   0   0   0   0   0   0   0   0   0   0  15   0   7  42   0  24   0   0  20   0   0   0   0   0   0   0   0   0   0   0   0   0   0  23  39   0   7   0  41   7   0   0   0  29   7  26   0   0   0   0   0  15   0  35   0   3   0  27   0   0   0   0   0   0   0   0   0
   0   0   0   0   0   0  17   0   0   0  36   0   0   0   0   0   0   0   0   0   0   0   0   0   0   0  50   0  32   0   0  35  15   0  29   0   0   0   0   0   0   0   0   0  49   8   0   0   0   0   0   0   0   0   0   0   0   0   0   0   0  27   0   0   0   0   0   0   0   0   0   0   0   0
   0   0   0   0   0   0   0   0   0   0   0   0   0   0   0   0  26   0   0   0   0  46   0   0   0  23   0   0   0   0   0   9   0   0   0   0   0   0   0   0   0   3   0   0   0   0   0   0   0   0   0   0   0   0   0   0   0  29   0   0   0   0   0  44   0   0   0   0   0   0   0   0   0
  18   0   0   0   0  50   0   7   0   0  24   0   0   0   0   0   0   0   0   4   0  46   0   0  16   0   0  40   0  18   0   0   0   0  50   0   0   0   0   0   9   0   0   0   0   0   0   0   0   0   0   0   0   0   0   0   0   0   0   0   0   0  28   0   0   0   0   0   0   0  38   0
   0   0  33   0   0  13   0   0   0   0   0   0   0   0   0   0  37   0   0   0   0   0   0   0   0   0   0  33   0   0   0   0   0  26  41   0  42   0  38  40   0   0   0   0   0   0   0   0   0  19   0   0   0   0  17   0   0   0   0  13   0   0  44   0   0   0   0   0   0  39   0
   0   0   0   0   0   0   0  34   0   0   0   1   0   0   0   0   0   0   0   0   0  28   0   0   0   0   0  27   0   0   0   7   0   0   0   0   0   0   0   0   0   0   0   0   0   0   0   0   0   0  11   0   0   0   0   0   0   0  20   0   0   0   0   0   0   0   0   0   0   0
   0   0   0   0   0   0   0   0  10   0   0   0   0   5   0   0   0   0   0  37  27   0   0   0   0   0   0   0   0   0   0   0   0   0   0   0   0   0  18   0   0   0   0   0   0   0   0   0  38   0  50   0   0   0   0   0   0  24   0   0   0   0   3   0   0   0   0   0   0
  13   0   0   0  19   0   0   0   0   0   0   0   0   0   0  44   0   0   0   0   0   0   0  27   0   0   0   0  12   0   0   0   0  47   0   0   0  30   0   0   0  16   0   0   0   0   0   0   0   0  24   0   0   0   0   0   0   0   0  49   0   0   0   0   0   0   0   0
   0   0   0   0   0   0   0   0   0   0   0   0   0   0   0   0   0   0   0   0   0   0   0   0   0   0   0   0   0   0   0   0  29  35   0   0   0   0   0  46   0  40   0   0   0   0   0  12   0   0   0   0   0  17   0  12   0  50   0   0   0   0   0   0   0   0   0
  49   0   0   0   0   0   0   0   0   0   0   0  21   0   0   0   6  44   0   0   3   0   0   0   0   0   0  30   0   0   0  38   0   0  24   0   0   0   0   0   0   0   0   0   0  23   0   0   0   0  35   0  33   0   0   0   0   0   0   0   0   0  28  39   0   0
   0   0  11  14   0  12   0   0   0   0   0   4   0   0   0   0   0  13   0   0   0   0   0   0   0   0   0   0   0   0   0  18   0   0   0   0  20   0   3   0   0  34  39   0   0   0   0   0   0   0   0   0  14   0   0  48   0   0   0   0   0   0   0   0   0
   0   0   5   0   0   0   0   0   0   0   0   0   0   0   0   0  45   0   0  18   0   0   0   0  13   0   0   0   0   0   0  40   0   0   0   0   0   0   0   0  40   0   0   0   0  37   0  17   0   0   0   0   0  32   0   0   0   0   3   0   0   0   0   0
   0  47   0   0   0   0   0   0   7   0   0   0   0   0   0   0   0   0   0   0   0   0   0   0  47   0   0   8   0   0   0   0   0   0   0   0   0   0   0   0  38   0   0  20   0   0  48   0   0   0   0   0  18  32   0   0   0   0   0   0   0   0   0
   0   0   0   0   0   0   0   0   0   0   0   0   0   0  23   0   0   0  30   0   5   0  24   0   0   0   0   0   0   0   0   0  49   0   0   0   0   0  25   0   0  48   0   0   0   0   0   0   0   0   0  36   0   0   0   0   0   0   0   0   0   0
   0   0   0   9   0  49   0   0   0   0   0   0   0   0   0   0   0   0   0   0   0  13   0   0   0   0   0   0   0  34   0   1   0  26   0   0   0   0  45  17   0   0   0  26   0   0   3   0   0  45   0   0   0   0   0   0   0   0   0   7   0
   0   0   0   0   0   0   0   0   0  17   0  39   0   0   3   0   0   0   0   0  32   0   0   0   0   0   0   0   0   0   0   0  28   0   0  14   0   0   0   0   0   0  33   0   0   0   0   0   0   0   0   0   0   0   0   0   0  29   0   0
  30   0   0   0   0   0   0   0   0   0   0   0   0   0   0   0   0  24   0   0   0   3   0   0   0   0   0   0   0   0  24   0   0   0   0   0   0   0   0   0  14   0   0   0  40   0  40   0  15   0   0   0   0  29   0  33   0   0   0
   0   0   0   0   0   0   0   0  32   0  48   1   0   0   0   0   0   0   0   0   0   0   0   0  14   0   0   0   0   0  18   0   0   0   0   0   3   0   0   0   0   0   0   0   0   0   0   0   0   0   0   0   0   0   0   0   0  34
   0   4  35  16   0   0   0   0   0   0   0   0   0  32   0   0  10   0   0   0   0   0  20   0   0   0   0  19   0   0   0   0   0   0   0  40   0   0   0   0   0   0   0   0   4   0   0   0   0   0   0   0   0   0   0   0   0
   0   0   0   0   0   0   0   0   0   0   0   0   0   0  42   0   0  29   0  19  37   0   0   0   0   0   0  26   0  14  36   0   0   0  17   0   0   0   0  49   0  33   0  10   0  20   0   0   0   0   0   0   0   0   0   0
  29   0   0   0   0   0   0   0  22   0   0   0   0   0   0   0   0   0   0   0   0   0   9   0  21   0   0   0   0   0   0   0   0   0   0  11   9   0   3   0   0   0   0   0   0   0   0   0   0   0   0   0  33   0   0
   0   0   0   6   0   0   0   0  18   0   0   0   0   0   0   0   0   0   0   0   0   0   0   0   0   0   0   0   0   0   0   0  30   0   0   0   0   0   0   0   0  50   0   0   0   0   3   0   0   0   0   0  46   0
   0   0   0   0   0  28   0   0   0   0   0   0   0   0   0   0  29   0   0   0   0   0   0  46   0   0   0   2   0   0   7   0  28   0   0   0   0   0   0   0   0   0   0  38   0   0   7   0  14   0   0   0   0
   0   0   0   0   2   0   0   0   0  14   0   0   0   0   0   0   0   0  15   0   0   0   0   0   0   0   0  45   0   0   0   0   0   0   0   0   0   0   0   0  28   0   0   0   0   0   0   0   0   0   0  42
   0   0   0   0  21   0   0   0   0   0   0   0   0   0   0   0  16  18   0   0  39   0   0  47   0   0   0  12   0   0   0   0   0   0  24   0   0   0   0  46   0   0   0   0   0   0   0   0   0   0   0
   0   0  33   0   0   0   0  15   0   0  46   0   0   0   0   0   7   0  15   0   0   0   0   8   0   0   0   0   0   0   0   0  32   0   0   0   0   0   0   0   0   0  26   0   0  48   0   0   0  36
   0   0   0   0   0   0   0   0   0  48   0   0   0   0   0   0   0   0   0   0   0   0   0   0   0   0   0   0   0   0   0   0   0   0   0   0  33   0   0   0   0   0   0   0   0   0   6   0   0
   0   0   0   0   0   0   0  34   0   0   0   0  10   0   0   0   0   3   0  17   0   0   0   0   0  47  17   0   0   0   0  37   0   0   0   2   0   0   0   0   0   0   0   0   0   0   0   0
   0   0   0  16   0   0   0   0   0   0   0   0   0  24   0   0  18   0   0   3   0  17   0   0   0   0   0  29   0   0   0  41   0   0   0   0   0   0   0   0   0   0   0  47   0   0   0
   0   0   0   0   0  31  15   0  42   0   0   0   0   0   0   0   0   0   0   0   0   0   0   0   0   0   0  16   0   0  40   0   0   0   0   0   0   0   0   0   0   0  33   0   0   0
   0   0   0   0   0   0   0   0  40  20   0   0  22   0  23   0   9   0   0   0   0   0   0   0   0   0   0   0   0   0   0   0   0   0   0  37   0   0  18   0   0   0   0  31   0
   0   0   0   0  22   0   0   0   0  23   0   0   0   0   0   0  43   0   0   0   0   0   0   0   0   0   0   0   0  10   0   0   0  26  31   0   0   0  20   0   0   0   0   0
   0   0   0   0   0   0   0   0  23   0  34   0   0   0   0   0   0   0   0   0   0  23   0   0   0   0   0   0   0   0   0   0   0   0   0   0   0   0   0   0   0   0   0
   0   0   0   0   0   0   0   0   0   0   0   0   0   0   0   0   0  13  41  32   0   0   0   0  31   0   0   0   0  29   0   0   0   0   0   0  36   0   0   0   2   0
   8   0   0   0   0   0   0   0   0   0   0   0   0   0   0   0   0   0   0   0   0   0   0   0  50   0   0   8   0   0  31   0   0   5   0   0   0   0   0   8  29
   0  46   0   0   0  23   0   0   7   0   0   0   0  23   0   0   0   0   0   0  47   0   0  30   0   0   0   0  48   0   0   0   0   0   0   0   0   0   0   0
   0   0   4  23  44   0  23   0   0   0   0   0   0   0   0   0   0   0   0   0   0   0  29   0   5   0   0  37   0   0   0   0   0   0   0   8   0   0   0
   0   0   0   0   0   0   0   0   0   0   0   0   0   0   0   0   0   0   0   0   0   0   2   0   0   3   0   0   0   0   0  11   0   0   0   0   0   0
   0   0   0  19   0   0   0   0   0   0   0   4   0   4   0  27   0   0   1  27   0   0   0   0   0   0   0   0   0   0   0   0  34   0   0  11   0
   0   0   0   0   0   0   0   0  29   0   0   0   0   0   0   0   0   0   0   0   0   0   0   0   0   0   0   0   0   5   0   0   0   0   0  11
   0   0   0   0  49   0   0   0   0   3   0   0   7   5   0   0   0   0   0   0   0  44   0   0   0   0   0   0  23   0   0  39   0   0   0
   0   4   0   0   0   0   0   0   0   0   0   0   0  17   0   0   0   0  25   0   0   0   0   0   0   0   0   0   0   4   5   0   0   0
   0   0   0   0   0   0   0   0   0   0   0   0   0  31   8   0   0   0   0   0   0  27   0  23  12   0   0   0  41   0   0   0   0
   0   0  18   0   0   0   0  32   0   0   0   0   0   0   0  31   0   0   0   0   0   0  47   0   0   0  26   0   0   0   0   0
   0   0   0   0   0   0  17   0   0   0   0   0   0   0   0   0   0   0   0   0   0   0   0   0   0   0   0  11  25   0   0
   0   0   0   0   0   0   0   0   0   0   0  21   0   0   0   0   0   0   0   0   0   0   0   0   0  36   0   0  25   0
   0   0   0   0   0   0  41  28   0   0   0   0   0   0   0  25   0   0   0   0   0   0   0   0   0   0  40  35  25
   0  46   0   0  34   0  13   0   0   0   0   0   0   0   0   0   0   0   0   0   0   0   0   0   0  22  26   0
   0   0   0   0   0   0   0   0   0   0   0   0   0   0   0   0   0   0   0   0   0   0   0   0  22   0   0
   0  17   0   8   0   0   0   0  27   0   0   0   0   0   0   0   0   0   0   0   9   0  21   0   0   0
   0   0   0   0  39  39   0   0   0   0   0   0   0   0   0   0   0   0  15  18   0   0   0   0   0
  26   0   0   0   0   0   0  10  19  46   0   0   0   0   0   0   0  47   0   0   0   0  32   0
   0   0   0   0  44   0   0   0   0   0   0  19   0  45   0   0  22   0   0   0   0   0   0
   0   0   0   0   0  14   0   0   0   0   0   0   0   0   0   0   0  48   0   0   0   0
  50   0   0   0  42   0   0   0   0   0   0   0   0   0   0   0   0   3   0   0   0
   0   0   0   0  33   0   0   0   0   0  36   0  16   0   0   0   0   0   0   0
   0   0   0   0   0   0   0   0  20   0   3   0   0   0   0  40   0   0   0
   0   0   0  42   0   0   0  41   0   0   0  44   0  45   0   0   0   0
   0   0   0  48   0   0   0   8   3   0   0   0   0   0   0   0   0
   0   0  29   0  30   2   0   0   0   0  24   0   0   0   0   0
   0  49   0   0   0   0   0   0  15   0   0  14   0   0   0
   0   0   0   0   0   0   0   0   0  46   0   0   0  10
   0   0   0   0   0  39   0   0   0  28  22  40   0
   0   0   0   0   0   0   0   0   0  11  48   0
   0   0   0   0   0   0   0   0   0   0   0
   0   0   0   0   0   0   0  19   0   0
   0  38   0   0   0   0  38   0   0
   0   0   0   0   0   0   0  15
  13  37   0   0   0   0  22
   0   0  33  36   6   0
   0   0  35   8   0
   0   0  13   0
   0   0   0
   0   0
   0

 665
  20   5  22   1   5   1  10  25   4   3  20  25   5   1   5  16  15   3   8   8  12   7  22   8  19  24  17  11  17  22   2   8  13  12  11  12   5   6  20  13  18   1  10   5  12  17   5  11  14   4  24  18  20   4   9  20   7  20  19  14   5  22   8   6  17   6   9   6  12  25   5  22  22   3   7  10   6   5  20  25

