  80 
   0   0   0   0   0   0   0   0   0   0   0   0   0   3   0   0   0   0   0   0   0   0   0   0   0   0   0   0   0  24   0   7   0   0  48   0   0   0   0   0   0   0   0   0   0   0   0   0  38   0  43   0   0   0   0   0   0   0   0   0   0   0  28   0  28   0   0   0   0   0   0   0   0   0   0   0   0   0   0   0
   0   0   0   0   0  20   0   0   0  38   0  16  23   0   0   0   0   0   0   0   0   0   0   0   0   0   0   0   0   0   0   0   0   0  28   0  31   0   0   0   0   0   0   0   0   0   0   0   0   0  33   0   2   0   0   0   0   0   0   0   0   0   0   0   0   0   0   0  10   0   0   0   0   0   0   0   0   0   0
   0   0   0   0   0   0  11   0   0   0   0   0   0   0   0   0   0   0   0   0   0   0   0  10   0   0   0   0   0   0   0  42   0  16   0  34  36   0   0   0   0   0   0   6   0   0   0   0   0   0  30  50   0   0   0   0  14   0   0   0   0   0   0   0   0  25   0   0   0  18   0   0   0   0   0   0   0   0
   0   0   0   0   0   0   0   0   0   0   0   0  29   0   0  49  45   0   0   0   0   0  27   0   0   2   0   0   0   0  23   0   0   0   0   0   0   0   0   0  26   0   0  33   0   0   0   0   0   0   0   0  30  15   0   0   0   0   0   0   0   0   0   0   0   0  16   0  26   0   0   0   0   0   0   0  26
   0   0   0  32   0   0   0   0   0   0   0   0   0   2   0  26   0   0   0   0  18  35   0   0   5   0  21   0   0   7   0   0   0   1   0   0   0   0   0   0   0   0   0   0   0   0   0   1   0   0   0   0  22  22   0   0  46   0   0  19   0   0  17   0   0   0   0   0   0   0   0   0   0   0   0   0
  18   0  19   0   0   0   0  16   0   0   0   0   9   0   0   0   0   0   0   0   0   0   0  29   0   0   0   0   0   0   0   0   0   0   0   0  19   0  26   0   0   0   0  45   0   0   0   0   0   0   0   0   0   0   0   0   0   0   0   0  10   0   0   0   0   0   0   0   0   0   0   0   0   0   0
   9   0   0   0   0   0   0   0   0   0   0   0   0  17   0   0   0   0   0   0   0   0   0   0   0   0   0   0   0   0   0   0   0  18   0   0   8   0  30   0   0   0   0   0  22   0   0   0   0   0   0   0  27   0   0   0   0   0   0   0   0   0   0  26   0  41   0   0   0  18   0   0  13   0
   0   0   0   0   0   0   0   0   0   0   0   0   0  46   0  40   0   0   0   0   0   0   0   0   0   0   0   0   0   0  46   5   0  17   0   0  47   0   0   0   0   0   0   0   0   0   0   0  34   0   0  13   0  32   0  22  18   0  23  45   0   0   0  15   0   0   0   0   0   0  35   0   0
   0  33   0   0   5   0   0   0   0  27   0  43   0  23   0   0   4   0   0   0   0  46   0   0   0  48   0   0   0  13  26   0   0   0   0   1   0   0   0   0   0   0   5   0   0   0   0   0   0   0   0   0   0   0   0  47   0   0   0   0   0   0   0   0   0   0   0   0   0   0   0   0
   0   0   0   0   0   0   0   0   0  46   0   0   0   0   0   0   0   0   0   0   0   0   0  48   0   0   0   0   0   0   0   0   0   0  38   0   0  18   0   0   0   0   0  16   0   0   0   0  17   0   0   8   0   0   0   0   0   0   0   0   0   0   0  40   0   0   0   0   0   0   0
   0   0   0   0   0   0   0   0   0  12  44   0  12   0   0   0   0   0   0   0   0   0   0   0   0   0  11   0   0   0   0   0   0   0   0  38   0   0   0  26   0  33   3   0   0   0   0   0   0   0   0   0   0   0   0   0   0   0   0  16   0   1   4   0  50   0   0   0   0  26
   0   0   0  38   0  25   0   4   0   0   0   0   0   8  17   0   0   0   0   0  11   0   0   0   0   0   0  24  12  21   0   0   0   0   0   0   0   0   0   0   0   0   0  18   0   0   0   0  13   0   0   0   0   0   0   0   0   0   0   0   0   0   0   0   0   0   0   0   0
   0   0   0   0   0   0   0  44   0   0   0   0   0   0   0   0   8   0   0   0   0   0   0   0   0  13  27   0  33   0   0   0   0   0  34   0   0   0   0   0   0   0   0  37  34   0  29   0   0   0   0   0   0   0   0   0   0   0   0   0   0  48   0   0   0   0   0   0
   0   0   0   0   0   0   0   0   0  46   0   0   0   0   0  44   0   0   0   0   0   9   5  46   0   0   0   0   0   0  11   0   0  37  32   0   0   0   0   0   0   0   0   0   0   0   0   0  42   0   0   0   0   0   0   0   0   0   0  27   0   0   0   0  45   0   0
   0  29   0   0  30  47   0   0   0   0   0   0  15   0  27   0   0   0   0   0   0   0   0   0   0   0   0   0   0   0  30  24  23   0   0  25   0   0   0   0   0   0   0   0   0  11   0   0  22   0   0   0   0   0   0   0   0   0   0   0   8   0   0   0   0   0
   0  13  49   0   0   0   0   0   0   0   0   0   0   0  31   0   0   0   0   0   0   0  46   0   0  31   0   0   0   0   0   0   0   0  41   0   0   0   9  20   0   0   0   0   0   0   0   0   0   0   0   0   0  46   0   0   0   0   0   0   0   2   0   0   0
   0   0   0   4   0   0   0   0   0   0   0   0   0   0   0   0   0   0   0   0   0   0   0  17  12   0   0   0  42   0   0  40   0   0   0   0   0   0   0   0   0   4   0   5   0   0   0   0   0   0   0   0   0   0   1   0   0   0  45   0   0  27   0  11
   0   0   0   0   0   0   0  36   0   0   0   0  20   4  43   0   0   0   0  40   0   0  28   0   0  34   8   0   0  27   0   0   2   0   0   0   0   0   0   0   0   0   0  16   0   0   0   0   0   0   0   0   0   7   0   0   0   0  46   8   0   0   0
   0   0   0   0  16   0  15  32   0   0   0   0   0  33   0   0   0   0   0   0   0   0   0   0   0   0   0   0   0  25   0   0  48   0   0  40   0   0   0   0   0   0   0   0   0   0   0   0   0   0   0  37   0   0   0   0   0   0   0   0  43   0
   0   0   0   0   0   0   0   0   0   0   0   0   0   0   0   0   0  13   0  17   0   0   0   0   0   0   0   0   0   0   0  26   0   0   0   0   0   0   0   0   0   0   0   0   0   0   0   0   0   0   0   0   0   0   0   0   0   0   0   0   0
   0   0   0   0   0   0   0  17  27   9   0   0   0   0   0  41   0   0   0   0   0   0   0   0   0  28   0   0   0   0   0   0   0   0   0  14  14   0  36  29   0   0   0   0   0   0  22   0  34   0   0   0   0   0   3   0   0   0   0   0
   0   0   0   0   0  36   0   0   0   0   0   0   0  15   0   0  41   0   0   0   0   0   0   0   0   0   0   0   0   0   0   0   0   0   0   0   0   0   0   0  28   0   0   0   0   0   0   0   0   0   0   0   0   0   0   0   0  12   0
   0   0   0   0  30   0  16  25  27   0   0   0   0   0   0  48   0  49   0   0   0   0   0   0   0   0   0   0   0   0  48   0   0   0   0   0   0  50  29   0   0   0   0   0   0   0  47   5   0   0   0   0   0   0   0   0  24   0
   0   0   0   0  44   0   0   0   7  14  15   0   0   0   0   0   0   0   0   0   0   0   0   0  44   0   0  25   0   0   0   0  19   0   0   0   0  27   0   0   0   0   0   0   0   0   0  29   0   0   0   0   0   0   0   0  30
   0   0   0  35   0   0   0   0  24   0  38  17   0   0  45   0   0   0   0   0   0   0   0   0   0   0  22   0   0   0   0   0   0   0   0   0   0   3  46   0  11   0   0   0  39   0   0   0   0   0  11  25   0   0   0   0
   0   0   0   0   0   7   0   0   0   0   0   0  14   0   0   0   0   0   0   0  44  49   0   0   0   0   0   0   8   0   0   0   0   0   0   0   0   0   0   0   0  41   0   0   0  12   0   0  23   0   0   0   0   0   0
   0   0   0   0   0   0   0   0  36   0   0   0   0   0   0   0   0   0   0   0   0   0  13   0  12   6   0   0  24   0   0   0   0   0   0   0   0   0   0  30   0   0   0   0   0   0   0  15   0   0   0   0   0   1
   0  43   0   0   0  33   0   0   0  32   0   0   0  17   0   0   0   0   0  37   0   0   0   5   0   0   0   0   0   0   0  31   0  36  50   0   0   0  17   0   0   0   0   0   0   0   0   0   0   0   0   0   0
   0   0   0  23   0  46   0   0  23   0   0   0   0   0   0   0  26   0   0   0   0   0   0   0   0  38   0   0   0   0   0   0   0   0   0   0   0   0   0   0   0   0   0   0  29   0   0   0   0  24   0   0
   0   0  15   0   0   0  14   0  39   0   0   0   0   0   0   0  37   0   0   0   0  12   8   0   0   0   0   0   0   0   0   0   0   0  48   0   0   0   0   0   0   0   0  10   2   0   5   0  12  26   0
  48   0   0   0   0   0   0   0   0   0  49   6   0   0   0   0  22   0  33   0   0   0   0   0   0   0   0   0   0   0   0  13  22   0   0   0  23   0   0  44   0   0   0   0   0   0   0   3   0   0
   0   0   0   0   0  14   0   0   0   0   0   0   0   0   0   0  21   0  36  31   3   0  43   0   0   0   0   0   0   0   0   0   0   0   0   0   0   0   0   0   0   0   4   0   0  49   0   0   0
   0  24   0  29   0   0   3   0   0   0   0   0   0   0   0   0   0   0   0  38   0   0  49   0   0  38   0  34   0   0   0   0   0   0  49   0   0   0   0   0   0   0   0  37   0   0   0   0
   0   0   0   0   0   0   0   0  44   0   0   0   0   0   0  11   0   0   0   0   0   0   0   0   0   0   0  10   0   0   0   0   0   0   0   0   0   0   0   0   0   0   0   0   0   0   0
   0   0   0   0   0   0   0   0   0   0  10   0   0   0   0   0   0   0   0   0   0   0   0   0   0   0   0  46   0   0   0   0  12   0  20   0   0   0   0   0   0   0   0   0   0   0
   0   0   5   0  41  23   0   0  40   0   0   0   0   0   0   0   0   0   0   0   0  18   0   0   0   0   0   0   0   0   0   0  11   0   0   0   0   0   0   0   0   6   0   0  47
   0   0   0   0   0   0   0   0   0   0   0   0   0   0   0   0   0   0   0   0  34   0   0   0   0  14   0   0   0   0   0   0   0   0  28   0   0  46   0   0   0   0   0   0
   0   0   0   0   0   0   0  19   0   4  47   0   0   0   0   0   0   0   0   0   0   0   0   0   0   0   0   0   0   0   0   0   0   0   0   0   0   0   0   0   0   0   0
   0   0   0   0   0  32   0   0  18   0  24   0   0   0   0   0   0   0   0  17   0  32   0   0   0   0   0   0   0   0   0   0   0  35   0   0  37   0   0  16   0   0
   0   0   0   0   0  12   0   0   0  49   0   0   0   0   0   0   0   0   0   0   0   0   0   0   0   0   8   0   0   0  35   1   0   0   0   0   2   0   0   0   0
   0   0   0   0   0  19   8   0   0   0   0   0  15   0   0   0  12   0   0   0   0   0   0   0   0   0   0   0   0   0   0   0  43   0   0   0   0   4   0   0
  27   0   0   0   0   0   0   0   0   0   0   0  10   0   0   0  28   0   0   0   0   0   0   0   0   0   0   0   0   0   0   0   0   5   0   0   2   0   0
   0   0   0   0   0   0  25   0   0   0   0   0   0   0  15   0   0   0   0   0   0   0   0   0   0  34   0   0  30   0   0   0   0   0   0   0   0   0
   0   0   7  25   0   0   0   0  43   0   0  18   0   0   0   0   0   0   0   0   0   0   0   0   0   0   0   0  13   0   0   0   0   4   0   0   0
  12   0   0   0   0   0   0  18   0  36   0   0   0   0   0   0   9   0  14  12   0   0   0   0  20   0   0   0   0   0   0   0   0   0   0   0
   0  36   0   0   0   0   0   0   0   0   0   0   0  50   0   0   0   0   0   0   0  12   0   0   0   0   0   0   0   0   0   0   0   0   0
   0   3   0   0   0   0  29   0   0   0  45   0   0   0   0   5   0   0   0   6   0   0   0   0   0   0   0   1   0  27   0   0   0  18
   0   0   0   0   0   0   0  10   0   5   0   2   0   0  38   0   0   0  15   0   0  34   0   0   4   0   0   0   0   0  10   0   0
   0   0   0   0   0   0   0   0   0  26   0   0   0  49   0   0   0   0   0  11   0   0   0   0   0  27   0   0   0   0   0   0
   0   0   0   7   0   0   0   0   0   0   3   0   0   0   0   0   0   0   0  18   0   0   0   0   0   0   0   0   0  45  44
   0   0   0   0   0   0   0   0   0   0   0   0   0   0  21   0   0   0   0   0  15   0  18   0   0   0  47   0  21   0
   0   0   0   6   0  49   0   7   0   0   0   0  31   0   0  44   0   0   0   0   0  10   0   0   0   0   0   0  19
  39   0   0   0   0   3  21   0   0   8   0   0   0   0   0  33   9   0   0   0   0  37   0   0   0   0   0  44
  19   0   0   0   0  29   0   0   0   0   0   0   0   0   0   0   0   0   0   0   0   0   0  32   0  17   0
   0   0   0  13   0   0   0   0   0  25   0   0   0   0   0   0   0   0   0   0   0  22   0   0   0   0
   0   0   0   0   0   0   0   0   0   0   0   0   0   0   0  34   0  35   0   0  29   0  18   0   0
   0   0   0   0   0   0   0   0   0   0   0   0   0   0   0   0   0   0   0   0   0  13   0   0
   0   0   0   0   0   0   0  41   0   0   0   0   6   0  14   0   0   0   0   0   0  44   0
   0   0  38   0   0   0   0   0   0   0   0   0   0   0   0   0   0   0   0   0   0   0
   0   0   0  40   0   0  33   0   0   0   0   0   0   0   0   0   0   0   0   0   0
   0   0   0   0   0   0   0   0   0   0   9   0   0  46   0   0   0   0  21   0
  21  22   0   0   0  29  26   0  40   0   0   0   0   0   0   0   0   0   0
   0   0   0   0   0  25   0  24   0   0   0   0   0   0   0   0   0   0
   0   0   0   0   0   0   0   0   0   0   0   0   0   0   0  36   0
   0  20   0   0   0   0  35   0   0   0   0   0  32   0   0   0
   0   0   0   0   0  22   0   0   0   0   0   0   0  45   0
  49  28   0   0   0   0   0   0   0   0   0   0   0   0
   0   0   0   0   0   0   0   0   0   0  36   0  13
  15   0   0   0  50   0  28   0   0   0   0   0
   0   0   0   0   0  13   0   0   0   0   0
   0   0   0  31   0   0   0   0   0   0
   0   0   0   0   5  20   0   0   0
   0   0   7   0   0   0   0   0
   0   0   2   0   0  17  14
   0   0   0   0   0   0
  46   0   0   0   0
   0   0   0   0
   0  10   0
   0   0
   0

 493
  23  18  10  16  21   4   6  17  20  25   4  12  21  23  23  14  23  25   8  23  11  24  25   3  12  14  20   9   3   2  22  21   4   7   3   9   8   6   3   6  12  22  13  19  23  23  15  21  13  12  14  14   8  11  22  12  22   1  14  24  20  22  22  25   5   8  22  15  15  15   3   3  16  12  19  16  22   4  25  16

  80 
   0   0   0   0   0   0   0   0   0   0   0   0   0   3   0   0   0   0   0   0   0   0   0   0   0   0   0   0   0  24   0   7   0   0  48   0   0   0   0   0   0   0   0   0   0   0   0   0  38   0  43   0   0   0   0   0   0   0   0   0   0   0  28   0  28   0   0   0   0   0   0   0   0   0   0   0   0   0   0   0
   0   0   0   0   0  20   0   0   0  38   0  16  23   0   0   0   0   0   0   0   0   0   0   0   0   0   0   0   0   0   0   0   0   0  28   0  31   0   0   0   0   0   0   0   0   0   0   0   0   0  33   0   2   0   0   0   0   0   0   0   0   0   0   0   0   0   0   0  10   0   0   0   0   0   0   0   0   0   0
   0   0   0   0   0   0  11   0   0   0   0   0   0   0   0   0   0   0   0   0   0   0   0  10   0   0   0   0   0   0   0  42   0  16   0  34  36   0   0   0   0   0   0   6   0   0   0   0   0   0  30  50   0   0   0   0  14   0   0   0   0   0   0   0   0  25   0   0   0  18   0   0   0   0   0   0   0   0
   0   0   0   0   0   0   0   0   0   0   0   0  29   0   0  49  45   0   0   0   0   0  27   0   0   2   0   0   0   0  23   0   0   0   0   0   0   0   0   0  26   0   0  33   0   0   0   0   0   0   0   0  30  15   0   0   0   0   0   0   0   0   0   0   0   0  16   0  26   0   0   0   0   0   0   0  26
   0   0   0  32   0   0   0   0   0   0   0   0   0   2   0  26   0   0   0   0  18  35   0   0   5   0  21   0   0   7   0   0   0   1   0   0   0   0   0   0   0   0   0   0   0   0   0   1   0   0   0   0  22  22   0   0  46   0   0  19   0   0  17   0   0   0   0   0   0   0   0   0   0   0   0   0
  18   0  19   0   0   0   0  16   0   0   0   0   9   0   0   0   0   0   0   0   0   0   0  29   0   0   0   0   0   0   0   0   0   0   0   0  19   0  26   0   0   0   0  45   0   0   0   0   0   0   0   0   0   0   0   0   0   0   0   0  10   0   0   0   0   0   0   0   0   0   0   0   0   0   0
   9   0   0   0   0   0   0   0   0   0   0   0   0  17   0   0   0   0   0   0   0   0   0   0   0   0   0   0   0   0   0   0   0  18   0   0   8   0  30   0   0   0   0   0  22   0   0   0   0   0   0   0  27   0   0   0   0   0   0   0   0   0   0  26   0  41   0   0   0  18   0   0  13   0
   0   0   0   0   0   0   0   0   0   0   0   0   0  46   0  40   0   0   0   0   0   0   0   0   0   0   0   0   0   0  46   5   0  17   0   0  47   0   0   0   0   0   0   0   0   0   0   0  34   0   0  13   0  32   0  22  18   0  23  45   0   0   0  15   0   0   0   0   0   0  35   0   0
   0  33   0   0   5   0   0   0   0  27   0  43   0  23   0   0   4   0   0   0   0  46   0   0   0  48   0   0   0  13  26   0   0   0   0   1   0   0   0   0   0   0   5   0   0   0   0   0   0   0   0   0   0   0   0  47   0   0   0   0   0   0   0   0   0   0   0   0   0   0   0   0
   0   0   0   0   0   0   0   0   0  46   0   0   0   0   0   0   0   0   0   0   0   0   0  48   0   0   0   0   0   0   0   0   0   0  38   0   0  18   0   0   0   0   0  16   0   0   0   0  17   0   0   8   0   0   0   0   0   0   0   0   0   0   0  40   0   0   0   0   0   0   0
   0   0   0   0   0   0   0   0   0  12  44   0  12   0   0   0   0   0   0   0   0   0   0   0   0   0  11   0   0   0   0   0   0   0   0  38   0   0   0  26   0  33   3   0   0   0   0   0   0   0   0   0   0   0   0   0   0   0   0  16   0   1   4   0  50   0   0   0   0  26
   0   0   0  38   0  25   0   4   0   0   0   0   0   8  17   0   0   0   0   0  11   0   0   0   0   0   0  24  12  21   0   0   0   0   0   0   0   0   0   0   0   0   0  18   0   0   0   0  13   0   0   0   0   0   0   0   0   0   0   0   0   0   0   0   0   0   0   0   0
   0   0   0   0   0   0   0  44   0   0   0   0   0   0   0   0   8   0   0   0   0   0   0   0   0  13  27   0  33   0   0   0   0   0  34   0   0   0   0   0   0   0   0  37  34   0  29   0   0   0   0   0   0   0   0   0   0   0   0   0   0  48   0   0   0   0   0   0
   0   0   0   0   0   0   0   0   0  46   0   0   0   0   0  44   0   0   0   0   0   9   5  46   0   0   0   0   0   0  11   0   0  37  32   0   0   0   0   0   0   0   0   0   0   0   0   0  42   0   0   0   0   0   0   0   0   0   0  27   0   0   0   0  45   0   0
   0  29   0   0  30  47   0   0   0   0   0   0  15   0  27   0   0   0   0   0   0   0   0   0   0   0   0   0   0   0  30  24  23   0   0  25   0   0   0   0   0   0   0   0   0  11   0   0  22   0   0   0   0   0   0   0   0   0   0   0   8   0   0   0   0   0
   0  13  49   0   0   0   0   0   0   0   0   0   0   0  31   0   0   0   0   0   0   0  46   0   0  31   0   0   0   0   0   0   0   0  41   0   0   0   9  20   0   0   0   0   0   0   0   0   0   0   0   0   0  46   0   0   0   0   0   0   0   2   0   0   0
   0   0   0   4   0   0   0   0   0   0   0   0   0   0   0   0   0   0   0   0   0   0   0  17  12   0   0   0  42   0   0  40   0   0   0   0   0   0   0   0   0   4   0   5   0   0   0   0   0   0   0   0   0   0   1   0   0   0  45   0   0  27   0  11
   0   0   0   0   0   0   0  36   0   0   0   0  20   4  43   0   0   0   0  40   0   0  28   0   0  34   8   0   0  27   0   0   2   0   0   0   0   0   0   0   0   0   0  16   0   0   0   0   0   0   0   0   0   7   0   0   0   0  46   8   0   0   0
   0   0   0   0  16   0  15  32   0   0   0   0   0  33   0   0   0   0   0   0   0   0   0   0   0   0   0   0   0  25   0   0  48   0   0  40   0   0   0   0   0   0   0   0   0   0   0   0   0   0   0  37   0   0   0   0   0   0   0   0  43   0
   0   0   0   0   0   0   0   0   0   0   0   0   0   0   0   0   0  13   0  17   0   0   0   0   0   0   0   0   0   0   0  26   0   0   0   0   0   0   0   0   0   0   0   0   0   0   0   0   0   0   0   0   0   0   0   0   0   0   0   0   0
   0   0   0   0   0   0   0  17  27   9   0   0   0   0   0  41   0   0   0   0   0   0   0   0   0  28   0   0   0   0   0   0   0   0   0  14  14   0  36  29   0   0   0   0   0   0  22   0  34   0   0   0   0   0   3   0   0   0   0   0
   0   0   0   0   0  36   0   0   0   0   0   0   0  15   0   0  41   0   0   0   0   0   0   0   0   0   0   0   0   0   0   0   0   0   0   0   0   0   0   0  28   0   0   0   0   0   0   0   0   0   0   0   0   0   0   0   0  12   0
   0   0   0   0  30   0  16  25  27   0   0   0   0   0   0  48   0  49   0   0   0   0   0   0   0   0   0   0   0   0  48   0   0   0   0   0   0  50  29   0   0   0   0   0   0   0  47   5   0   0   0   0   0   0   0   0  24   0
   0   0   0   0  44   0   0   0   7  14  15   0   0   0   0   0   0   0   0   0   0   0   0   0  44   0   0  25   0   0   0   0  19   0   0   0   0  27   0   0   0   0   0   0   0   0   0  29   0   0   0   0   0   0   0   0  30
   0   0   0  35   0   0   0   0  24   0  38  17   0   0  45   0   0   0   0   0   0   0   0   0   0   0  22   0   0   0   0   0   0   0   0   0   0   3  46   0  11   0   0   0  39   0   0   0   0   0  11  25   0   0   0   0
   0   0   0   0   0   7   0   0   0   0   0   0  14   0   0   0   0   0   0   0  44  49   0   0   0   0   0   0   8   0   0   0   0   0   0   0   0   0   0   0   0  41   0   0   0  12   0   0  23   0   0   0   0   0   0
   0   0   0   0   0   0   0   0  36   0   0   0   0   0   0   0   0   0   0   0   0   0  13   0  12   6   0   0  24   0   0   0   0   0   0   0   0   0   0  30   0   0   0   0   0   0   0  15   0   0   0   0   0   1
   0  43   0   0   0  33   0   0   0  32   0   0   0  17   0   0   0   0   0  37   0   0   0   5   0   0   0   0   0   0   0  31   0  36  50   0   0   0  17   0   0   0   0   0   0   0   0   0   0   0   0   0   0
   0   0   0  23   0  46   0   0  23   0   0   0   0   0   0   0  26   0   0   0   0   0   0   0   0  38   0   0   0   0   0   0   0   0   0   0   0   0   0   0   0   0   0   0  29   0   0   0   0  24   0   0
   0   0  15   0   0   0  14   0  39   0   0   0   0   0   0   0  37   0   0   0   0  12   8   0   0   0   0   0   0   0   0   0   0   0  48   0   0   0   0   0   0   0   0  10   2   0   5   0  12  26   0
  48   0   0   0   0   0   0   0   0   0  49   6   0   0   0   0  22   0  33   0   0   0   0   0   0   0   0   0   0   0   0  13  22   0   0   0  23   0   0  44   0   0   0   0   0   0   0   3   0   0
   0   0   0   0   0  14   0   0   0   0   0   0   0   0   0   0  21   0  36  31   3   0  43   0   0   0   0   0   0   0   0   0   0   0   0   0   0   0   0   0   0   0   4   0   0  49   0   0   0
   0  24   0  29   0   0   3   0   0   0   0   0   0   0   0   0   0   0   0  38   0   0  49   0   0  38   0  34   0   0   0   0   0   0  49   0   0   0   0   0   0   0   0  37   0   0   0   0
   0   0   0   0   0   0   0   0  44   0   0   0   0   0   0  11   0   0   0   0   0   0   0   0   0   0   0  10   0   0   0   0   0   0   0   0   0   0   0   0   0   0   0   0   0   0   0
   0   0   0   0   0   0   0   0   0   0  10   0   0   0   0   0   0   0   0   0   0   0   0   0   0   0   0  46   0   0   0   0  12   0  20   0   0   0   0   0   0   0   0   0   0   0
   0   0   5   0  41  23   0   0  40   0   0   0   0   0   0   0   0   0   0   0   0  18   0   0   0   0   0   0   0   0   0   0  11   0   0   0   0   0   0   0   0   6   0   0  47
   0   0   0   0   0   0   0   0   0   0   0   0   0   0   0   0   0   0   0   0  34   0   0   0   0  14   0   0   0   0   0   0   0   0  28   0   0  46   0   0   0   0   0   0
   0   0   0   0   0   0   0  19   0   4  47   0   0   0   0   0   0   0   0   0   0   0   0   0   0   0   0   0   0   0   0   0   0   0   0   0   0   0   0   0   0   0   0
   0   0   0   0   0  32   0   0  18   0  24   0   0   0   0   0   0   0   0  17   0  32   0   0   0   0   0   0   0   0   0   0   0  35   0   0  37   0   0  16   0   0
   0   0   0   0   0  12   0   0   0  49   0   0   0   0   0   0   0   0   0   0   0   0   0   0   0   0   8   0   0   0  35   1   0   0   0   0   2   0   0   0   0
   0   0   0   0   0  19   8   0   0   0   0   0  15   0   0   0  12   0   0   0   0   0   0   0   0   0   0   0   0   0   0   0  43   0   0   0   0   4   0   0
  27   0   0   0   0   0   0   0   0   0   0   0  10   0   0   0  28   0   0   0   0   0   0   0   0   0   0   0   0   0   0   0   0   5   0   0   2   0   0
   0   0   0   0   0   0  25   0   0   0   0   0   0   0  15   0   0   0   0   0   0   0   0   0   0  34   0   0  30   0   0   0   0   0   0   0   0   0
   0   0   7  25   0   0   0   0  43   0   0  18   0   0   0   0   0   0   0   0   0   0   0   0   0   0   0   0  13   0   0   0   0   4   0   0   0
  12   0   0   0   0   0   0  18   0  36   0   0   0   0   0   0   9   0  14  12   0   0   0   0  20   0   0   0   0   0   0   0   0   0   0   0
   0  36   0   0   0   0   0   0   0   0   0   0   0  50   0   0   0   0   0   0   0  12   0   0   0   0   0   0   0   0   0   0   0   0   0
   0   3   0   0   0   0  29   0   0   0  45   0   0   0   0   5   0   0   0   6   0   0   0   0   0   0   0   1   0  27   0   0   0  18
   0   0   0   0   0   0   0  10   0   5   0   2   0   0  38   0   0   0  15   0   0  34   0   0   4   0   0   0   0   0  10   0   0
   0   0   0   0   0   0   0   0   0  26   0   0   0  49   0   0   0   0   0  11   0   0   0   0   0  27   0   0   0   0   0   0
   0   0   0   7   0   0   0   0   0   0   3   0   0   0   0   0   0   0   0  18   0   0   0   0   0   0   0   0   0  45  44
   0   0   0   0   0   0   0   0   0   0   0   0   0   0  21   0   0   0   0   0  15   0  18   0   0   0  47   0  21   0
   0   0   0   6   0  49   0   7   0   0   0   0  31   0   0  44   0   0   0   0   0  10   0   0   0   0   0   0  19
  39   0   0   0   0   3  21   0   0   8   0   0   0   0   0  33   9   0   0   0   0  37   0   0   0   0   0  44
  19   0   0   0   0  29   0   0   0   0   0   0   0   0   0   0   0   0   0   0   0   0   0  32   0  17   0
   0   0   0  13   0   0   0   0   0  25   0   0   0   0   0   0   0   0   0   0   0  22   0   0   0   0
   0   0   0   0   0   0   0   0   0   0   0   0   0   0   0  34   0  35   0   0  29   0  18   0   0
   0   0   0   0   0   0   0   0   0   0   0   0   0   0   0   0   0   0   0   0   0  13   0   0
   0   0   0   0   0   0   0  41   0   0   0   0   6   0  14   0   0   0   0   0   0  44   0
   0   0  38   0   0   0   0   0   0   0   0   0   0   0   0   0   0   0   0   0   0   0
   0   0   0  40   0   0  33   0   0   0   0   0   0   0   0   0   0   0   0   0   0
   0   0   0   0   0   0   0   0   0   0   9   0   0  46   0   0   0   0  21   0
  21  22   0   0   0  29  26   0  40   0   0   0   0   0   0   0   0   0   0
   0   0   0   0   0  25   0  24   0   0   0   0   0   0   0   0   0   0
   0   0   0   0   0   0   0   0   0   0   0   0   0   0   0  36   0
   0  20   0   0   0   0  35   0   0   0   0   0  32   0   0   0
   0   0   0   0   0  22   0   0   0   0   0   0   0  45   0
  49  28   0   0   0   0   0   0   0   0   0   0   0   0
   0   0   0   0   0   0   0   0   0   0  36   0  13
  15   0   0   0  50   0  28   0   0   0   0   0
   0   0   0   0   0  13   0   0   0   0   0
   0   0   0  31   0   0   0   0   0   0
   0   0   0   0   5  20   0   0   0
   0   0   7   0   0   0   0   0
   0   0   2   0   0  17  14
   0   0   0   0   0   0
  46   0   0   0   0
   0   0   0   0
   0  10   0
   0   0
   0

 493
  23  18  10  16  21   4   6  17  20  25   4  12  21  23  23  14  23  25   8  23  11  24  25   3  12  14  20   9   3   2  22  21   4   7   3   9   8   6   3   6  12  22  13  19  23  23  15  21  13  12  14  14   8  11  22  12  22   1  14  24  20  22  22  25   5   8  22  15  15  15   3   3  16  12  19  16  22   4  25  16

