  80 
   0   0   0   0   0   0   0   0   0   0   0   0   0   0   0   0   0   0   0   0   0   0   0   0   0   0   0   0   0   0   0   0   0   2   0   0   0   0   0   0   0  18   0   0   0   0   0   0   0   0   0   0  16  16   0   0   0   0   0   0   0   0  50   0   0   0   0   0   0  25   0   0   0   0   0   0   0   0   0   0
  36   0  29   0   0   0   0   0   0   0   0   0   0  16   0   0   0   0   0   0  10   0   0   0   0   0   0   0   0   0   0   0   0   0   0   0   0   2   0   0   0   0   0  19   0   0   0  22   0  37   0  10   0   0   0  14   0   0   0   0   0   0   0   0  11   0  20   0  19   0   0   0   0   2   0   0   0   0   0
   0   0   0   0   0   0   0   0   0   0   0   0   0   0   0   0   0   0   0   0   0   0   0   0   0   0   0   0   0   0   0   0   0   0  29   0   0   0   0   0   0   0   0   0   0   0   0   0   0   0   0  44   0   0  15   0   0   0   0   0   0  13   0   0   7   0   0   0   0   0   0   0   0   0   0   0   0   0
   0   0   0   0   0   0   0   0  31   0   0  30   0   0   0   0  33   8   0   0   0   0   0   0   0   0   0  41   0   0   0   0   0   0   0   0   0   0   0   0  11   0   0   0   0   0   0   0   0   0   0   0   0   0  45   0  46   0   4   0   0   0   0  22  41   0   0   0   0   0   0   0   0   0   0   0   0
  45   0   0   0   0   0   0   0   0   0   0   0   0   0   0   0   0   0   0   0   0   3   0   0   0   0   0   0   0   0   0   0   0   0   0   0   0   0   0   0   0   0   0   0   0   0   0   0   0   0   0   0   0   0   0   0   0   0   2   0   0   2   3   0   0   0   0   0   0   0   0   0   0   0   0   0
   0   0   0   0  13   0   0   0   0   0   0   0   0  25   0   0   0   0   0   0   0   0   0   0   0   0   0   0   0  17   0   0  24  22   0   6   0   0   0   0   0   0   0   0   0   0  33   0   0   0   0   0   0   0   0   0  30   0   0  20   0   0   0  38   0   0   0  27   0   0   0   0   0   0   0
   0  30   0   0   0   0   0   0   0   0   0  50  19   0   0   0   0   0   0   0   0   0   0   0   0   0   0  31   0   0   0   0   0   0   0   0   0  38   0   0   0   0   0   0   0   0  49   0   0   0   0  25   0  20   0   0   0   0   0   0   0   0   0   0  43   0   0   5   0  20   0   0   0   0
   0   0   0   0   0   0   0   0   0   0   0   0   0   1   0   0   0   0   0   0   0   0   0   0   0   0   0   0   3   0   0   0   0   0   0   0   0   0   0   0   0   0   0   0   0   0   0   0   0   0   0  33   0   0   5   0   0   0  47   0   0   0   0   0   0  32   0  23   0   0   0   0   0
  35  26   0   0   0   0   0   0   0   0   3   0   0   0   8   0   0  10   0   0   0   0   0   0  14   0   0   0   0   0   0   0   0   0   6   0   0   0   0   0   0   0   0   0   0   0  44   0   0   0   0   0   0  23  13  46   0   0   0   0   0   0   0   0   0   0   0   0   0   0   0   0
   0   0   0   0   0   0   0   0   0  12   0  21   0  26   0   0   0   0   0   0   0   0   0   0   0   0   0   0   0   0   0   0   0   0   0   0  46   0   0   0   0   0   0   0   0   0   0   0  36   0   0  44   0   0   0   0   0   0   0   0   0   0   0   0   0   0   0   0   0   0   0
   0   0   0   0   0  24   0   0  32   0   0   0   0   0   0   0   0   0   0   0   0   0   0   0   0   0   0   9   0   0   0   0   0   0   0   0   0   0  24   0   0   0   0   0  29   0   0   0  12   0   0   0  21   0   0   0   0   0   0   0   0   0   0   0   0   0   0   0   0   0
   0   0   0   0   0   0   0   0   0   0   0   0   0   0   0  33   0   0   0   0   0   0   0   0   0   0   0   0   0   0   4   0   0   0  25   0   0   0   0   0   5   0   0   0   0   0   0   0   0   0   0   0   0   0   0   4   0   0   0   0   0   0   0   0   0   0   0   0   0
  35   0   0   0   0   0   0   0   0   0   0   0  21   0   0   0   0   0   0   0   0   0   0   0   0   0   0   0   0   0   0   0   0   0   0   0   0   0   0   0   0   0   0   0   0   0   0   0   0   0   0   0   0   0   0   0   0   0  33   0   0   0   0   0   0   0   0   0
   0   0   0   0   0  38   0   0  14   0  50   0   2   0  24   0   0   0   0   0   0   0   0   0   0   0   0   0   0   0   0   0   0   0   0   0   0   0   0   0   0   0   0   0   0   0   0   0   0   0   0   0   0   0   0  12   0   0   0   0   0   1   0   0  40   0  16
   0   0   0   0   0  36   0   0   0   0   0   0  40   0   0   0   0   0   0   0   0   0   0   0   0   0   0   0   0   0   0   0   0   0   0   0   0   0   0   0   0   0   0   0   0   0   0   9   0   0   0   0   0   0   0   0   0   0   0   0   0   0   0   0   0   0
   0   0   0   0   0   0   0   0   0   0   0   0   0   0   0   0   0  40   0   0   0   0   0   0   0   0   0   0   0   0  26   3   0   0   0   0   0   0   0   0   0   0   0   0   0   0  29   0   0   0   0   0   0   0   0   0   0   0   0   0   0   0   0   0   0
   0   0   0   0   0   0   0   0   0   0   0   0   0   0  16   0   0   0   0   0   0   0   0   0   0   0   0  45   0   0   0   0   0   0   0   0   0   0   0   0   0   0  13   0  16   0   0   0   0   0   0   0   0   0   0   0   0   0   0   0   0   0   0   0
   0   0   0   0   0   0  21   0   0   0  24   0   0   0   0   0   0   0   0   8   0   0   0   0   0   0   0   0   0   0   0   0   0   0   0   0   0   0   0   0   0   0   0   0   0   0   0   0   0   0   0   0   0  47   0   0   0   0   0   0   0   0  49
   0   0   0   0   0   0   0  22   0   0   6   0   0   0   0   0   0   0   0   0   0   0   0   0   0   5   0   0   0   0   0   0   0  10   0   0   0   0   0   0   0   0   0   0   0   0   0   0   0   0   0  15   0   0   0   0   0   0   0   0   0   0
  45   0   0   0   0  10   0   0   0   0   0   0   0   0   0   0   0   0   0   0   0   0   0   0   0   0   0   0   0   0   0   0   0  32  19   0  14   0   0   0   0   0   0   0   0   0   0   0   0  41   0   0   0   0   0   0   0   0   0   0   0
   0   0   0   0   0   2   0   0  23   0   0   0   8   0   0   0   0   0  17   0   0   0   0   0  28   0   0  35   0   0   0   0   0   0   0   4  42   0   9   0   0   0   0   0   0   0   0   0   0   0   0   0   0  13   0   0   0   0   0   0
   0   0   0   0   0   0   0   0  49   0   0   0   0  17   0   0  48  50   0   0   0   0   0   0   0   0   0   0   0   0  45   0   0   0   0   0   0   0   0  45   0   0   0   0   0   0   0   0  38   1   0   0   0   0   0   0   0   0   0
   0   0   0   0   0   0   0   0   0   0   0   2   0   0   0   0   0   0   0   0   0   0   0   0   0   0   0   0   0   0   0   0   0  39   0   0   5   0   0   0   0   0   0   0   0   0   0   0   0   0  26   0   0   0   0   0   0   0
   0  42   0   0   0  41   0   0  14   0   0   0   0   0   0   0   0  32   0   0   0   0   0   0   0   0  14   0   0   0   0   0   0   0   0   0   0   0   0   0   0  35   0   0   0   0   0   0   0   0   0   0   0   0   0   0   0
   0   0   0  29   0   0   0   0   0   0   0   0   0   0  48   0   0   0   0  41   0   0   0   0   0  28   0   0   0   0  20   0  45   0   0   0   0   0  13   0   0   0   0   0   0   0   0   0   0   0   0   0   0   0  10   0
   0   0   0   0   0   0   0   0   0   0   0  38   0  29  18   0   0  40   0   0   0   0   0   0   0   0   0   0   0   0   0   0  32   0   0   0   0   0  37   0   0   0   0   0  17   0   0   0   0   0   0   0   0   9  39
   0   0   0   0   0   0   0   0   0  15   0   0   0   0   0   0   0   0   0   0   0  21   0   0   0   0   0   0   0   0   0   0   0   0   0   0   0   0   0   0   0   0   0   0   0   0   0   0   0   0   0   0   0   0
   0   0  21   0   0   0   0   0  10   0   0   0  13   0   0   0   0   0   0   0   0   0   2   0   0   0   0   0   0   0   0   0   0   0   0   0   0   0   0   0   0   0   0   0   0   0   0   3   0   0   0   0   0
  36   0   0   0   0   0   0   0   0   0  39   0   0   0   0   0   0   0   0   0  22   0   0   0   0   0   0   0   0   0  38  43   0   0   0   0   0   0   0   2   0   0   0   0   0  34   0   0   0   0   0   0
   0   0   0  11   0   0   0   0   0   0   0   0   6   0   0  28   0   0   0   0   0   0   0   0   0   0   0   0   0   0   0   0   0  21   0  29   0   0   0   0   0   0   0   0   0   4   0   0   0   0   0
   0   0   0   0  34   0   0   0   0   0   0   0   0   0   0   0  32   0   0   0   0   0   0   0   0   0   0   4   0   0   0   0   0  37  16  13   0   0   0   0   0   0   0   0   0   0   0  15   0   0
   0   0  45   0  45   0   0   0   0   0   0   0   0   0   0   0   0   0   0   0   0   0   0   0   0   0   0   0   0   0   0   0  39   0  13   0   0   0   0   0   0   0   0   0   0   0   0   0   0
   0   0   0   0   0   0  40   0   0   0   0   0   0   0   0   0   0   0   0   0   0   0   0   0   0   0   0   0   0   0   0   0   0   0  43   0   0   0  34   0   0  22   0   0   0   0  48   0
   0   0   0   0  15   0   0   0   0   0   0   0   0   0   0   0   0   0   1   0   0   0  15   0   0   0   0   0   0   0   0  46   9   0   0   0   0   0   0   0   0   0   0   0   0   0   0
   0   0   0   0   0   0   0   0   0   0   0   0   0   0   0   0   0   0   0   0   0   0   0   0   0   0   0   0   0   7   0   0  12   0  45   0   0   0  11   0   0   0   0  23   0   0
   0   0   0   0  30   0   0   0   0   0  19   0   0   0   0   0   0   0   0   0   0  27   0   0  50   0   0   0   0   0   0   0   0   0  27  50  32   0   0   0   0   0   0   0   0
   0   0   0   0   0   0   0   0   0   0   0   0  21   0   0   0   0   0   0   0   0   0   0   0   0   0   0   0   0   0   0   9   0   0   0   0   0   0   0   0   0   0   0   0
   0  32   0   0  44   0   0   0   0   0  19   0   0   0   0   0   0   0   0   0   0   0   0   0   0   0   0   0   0   0   0   0   0   0   0   0   0   0   0  22   0   0   0
   0   0   0   0   0   0   0   0   0   0   0   9   0   0   0  12   0  41   0   0   0   0   0  28   0   0   0   0   0   0   0   0   0  39   0   0   0   0   0   0   0  15
   0   0   0   0   0   0   0   0   0  29   0   0  38   0   0   0   0   0   0  10   0   0   0   0  33   0   0   0   0   0   0   0  21  13   0   0   0   0   0  15   0
   0   0   0   0   0   0   0   0   0   0   0  22   0   0   0   0   0   0   0   0   0   0   0   0   0  46   0   0   0   0   0   0   0   0   0   0   0   0   0   0
   0   0   0   0   0   0   0   0   0   0   0   0   0   0   0   0   0   0   0   0   0   0   0   0   0   0   0   0   0   0   0   0   0   0   0   0   0   0   0
   0   0   0   0   0   0   0   0   0   0   0   0   0   0   0   0   0  50   0   0   0   0   0   0   0   0   0   0   0   0   0   0   0   0   0   0   0   0
   0   0   0   0  28   0   0   0  14   0   0   0   0   0   0   0   0   0   0   0   0   0   0   0  45   0  18   0   0   0   0   0   0   0   0   0   0
   0   0   0   0  31   0   0  20   0   0   0   0   0   0   0   0  14   0   0   0   0   0   0   0   0   0   0   0   0   0   0   0   0  18   0   0
   0   0   0   0   0   0   0   0   0   0   0   0   0   0   0   0   0   0   0   0  13   0   0   0   0   0   0   0   0   0   0   0   0   0   0
   0   0  24   0   0   0   0   0   0   0   0   0   0   0   0   0   7   0   0   0   0   0   0   0   0   0   0   0   0   0   0   0   0   0
   0   0   0   0   0   0   0   0   0   0   0   0  22   0   0   0   0   0   0  37   0   0   0   0   0   0   0   0   0  26   0   0   0
   0   0   0   0   0   0   0   0   0   0   0   0   0   0   0   0   0   0   0   0   0   0   0   0   0   0   0   0   0   0   0   0
   0   0   0   0   0   0   0   0   0   0   0   0   0   0   0   0   0   0   0   0   0   0   0   0   0   0  39   0   0   0   0
   0   0   0   0   0   0   0   0   0   0   0   0   0   0   0   0   0  18   0   0   0   0   0  16   0   0   0   0   0   0
   0   0  47   0   0   0   0   0   0   0   0   0   0   0   0   0   0   0   0   0   0   0   0   0   0   0   0   0   0
   0   0   0   0   0   0   0   0   0   0   0   0   0   0   0   0   8   0   0   0   0   0   0   0   0   0   0   0
   0   0   0   0   0   0   0   0   0   0   0   0   0   0   9   0   0   0   0   0   0   0   0   0   0   0   0
   0   0   0   0   0   0   0   0   0   0   0   0   0   0   0  32   0   0   0   0   0   0   0   0  39   0
   0   0  26   0   0   0  34   0   0   0   0   0   0   0   0   0  32   0   0   0   0   0   0   0   0
   0   0   0   0   0   0   0   0   0   0   0   0   0   0   0   0   0   0   0   0   0   0   0   0
   0   0   0   0   0   0   0   0   0   0  32   0   0   0  40   0   0   0  30   0  18   0   0
   0   0   0   0   0   0  11   0   0   0   0   0   0   0   2   0   0   0   0   0   0   0
   0   0   0   0   0   0   0   0   0  31   0   0   0   0  47   0   0   0  19   0   0
   0   0   0   0   0   0   0   0   0   0   0   0   0   0   0   0   0   0  34   0
   0   0   0   0   0   0   0   0   0   0   0   0   0   0   0  28   0   0   0
  10   0   0   0   0   0   0   0   0   0   0   0   1   0   0   0   0   0
   0   0  45   0   0   0   0   0   0   0   0   0   0   0  42   0   0
   0   0   0   0   0   0   0  46   0   0   0   0   0   0   0   0
   0   0  47   0   0   0   0   0   0   0   0   0   0   0   0
   0   0   0   3   0   0  47   0   0   0  49   0   0   0
  27   0   0   0  50   0   0   0   0   0   0   0   0
   0   0   0  50   0   0   0   0   0  28  13   0
   0   0   0   0   0  44   0   0   0   0   7
   0   0   0   0   0   0   0   0   0   0
   0   0   0   0   0  44   0   0   0
   0   0   0   0   0   0   0   0
   0   0   0  15  47   0   0
   0   0   0   0   0   0
  46   0   0   0   0
   0   0   0  23
   0   0   7
   0  11
   0

 674
  12   6   8  24   4  12   7  17   1  22  14   5  18   7  22   3   8   2  11   4   8  20  25  17   7  21   2  24   2  13   4  23  23  13  15   7  24   1  24  12   9   7  24   8  18   5  22  24  13   7   9  10  18   7   4   9  22  19   9  21  16  16  12  12  20  19  20  22   6  12   4   8   8   5   9  24   6  25  24   4

