  80 
   0   0   0   0   0   0   0   0   9   0   0   0   1   0   0   0  28   0   0   0  20   0   0   0   0   0   0   0   0   0   0  38   0   0   0   0  34   0  15   0   0   0  28   0   0   0  40   0   0   0   0  47   0   0   0   0   0   0   0   0   0   4   0   0   0  46   0   5   0   0   0   0   0   0  13   0  41   0   0  18
   0   0  31  16   0   0   0  10   0  30   0   0   0   0   0   0   0   0   0   0   0  20   0   0   0   0   0   0   0  35   0   6   0   0   0  12   0   0   0   0   0   0   0   0   0   0   8  46   0   0   0   0   0   0   0   0   0   0   0   0   0   0  14  50   0   0   0   0  17   0   0   0   0   0  35   0   7   0   0
   0  43   0   0   0   0   0   0   0   0   0   0   0   0  45  49   0   0  26   0   0   0   0   0   0  32   0   0   0   0   0   0   0   0   0   0  35   0   0  28   0  46  42  48   0   0  13   0   0   0   0   0  40   0   0   0   0  14  36   0   0   0   0   0   0   0  44   0  14  12   6   0   0  49   0  34   0   0
   7   0  12   0   0   0  39  30   0   0  42   0   0   0   0   0  37   0  12   0   0   0   0   0   0   0   0   0  27   0   0   0   0   0   0   0  16   0   8   0   0   0   0  19   0  39   0   0   0   0   0   0   0  27   0   0   0   0   0  13   0   0   0   0   0   0  43  28   0   0   0   0  22   0   0   0   0
   0   0   3   0   9   0   0   0   0   0   0   0   0  35  11   0  47   0   0   0   0   7  40   0   0  25   0   0   0   0   0  14  49   0   0   0  45   0   0  31   7   0   0   0   0   0   0   0   0   0   0   0   0   0   0   0  27  39   0  27  26  38   0   0   0   0   0   0   0  24   0   0  47   0   0   0
   0   0   0   0   0  16  18   0   0   0  23   2   0   0   0   0   0   0   0   0  50   0  10   0  20   0   0   0   0   0  35  26   0   0  47   0   0  34  30   0   9   0   0   0   0   0   9  44   0   0  34   0  28   0   0   4   0   0   0   0   0   0   0   4   0   0   0   0   0   0  24  49   0   0   0
   0   0   0   0   5  14   0  44   0   0   0   0   0   0   0   0   0   0   0   0  43   0  23   0   0   0   0   0   0   0   0  37  49   0   0   0   6   0   0   0   0   0   0   0  21   0   0  10   0   0   0   0   0  47   0   0   0   1  17   0   6   0   0   0   0  35   0   0   0   0   0   0  10   0
   0   2   8   0   0   0   0   0   0   0   0   0   0   0   0   0   0   0   5   0   0   8   0   0   9   0   0   0  16   0   0   0   0  13   0   0   0   0   6   0   0   0   0   0  29   0   0   0   0   0   0  19   0   0   0  46   0   0   0   0   0   0   0   0   0   0   0   9   0  26   0   0  31
   0   0   8   0  49   0   0   0  47   0  35   0   0   0   4   0   0   0   0   0   9   0   0   0   0   0   0   0   0  16   0   0   0  20   0   0  19  39   0   0   0   0   0   0   5   0   0   0  41  45  48   0   0   0   0   0   0   0   0   0   0   0   0  23   0   0   0  21  27   0   0   0
   0   0  26   0   0   0   0   0  45  11   0   0   0   2   0   0   0  10   0   0   2   0   0  33  47   0   0   0   0   0  48   0   0   0   0   0   0   0   0   0   0  47   0  26   0   0   0   0  39   0   0   0   6   0   0   0   0   0   0   2  32   0   0   0  22   0  34   0   0   0   0
  33   0   0   0   0   0   0   0   0   0   0   0   0  49   0   0   0   0   0   0   0   3   0   0   0   0   0   0   6   0   0   0  16   0  41   0   0   0   0  28   0   0   0  39   0   0   0   0  34   0   0   0  24  19   0   0   0  35  11   0   0  50   0   0   0   0   0   0   0   0
   0   0   9   0   0  48   0   0   0  21   0   0   0   0   0   0   0   0   9   0   0   0   0   0   0   0   0   0   0  35   0   0   0   0   0  42   0   0  11   0   0  18   0   0   0   0   0   7   0   0   0   0   0   0   0   0   0  38   0   0   0   0   0   0   0  48   0   0   0
   0   0   0  30   0   0   0   0   9   0  38   0   0   0  12   0   0   0   0   0   0   0   0   0   0   0  47   0  30   0   0   0   0   2   0   0   0   0  32   0   0   0   0   0   0   0   0   0   0   0   0  23   0   0   0  41   0   0   0   0   0  21  45   0   0   1  38   0
  39   5   0   0   0  38   0   0   0   9   0   0   0   0  26  45   0   0   0  37   0   0   0   0   0   0   4   0   0   0   0   0   8   0   0   0  20   0  12   0  42   0   0   0   0  18  45  34   0   0  25   0   0   0   0   0   0   6   0   0   0   0   0   0  31  31   0
   0  18   0   0   0  12   0  39  48   0   0   0   0   0   0   0   0  49   0   0  13   0   0  31   0  40  12  27   0  21  49   0  34  35   0   0   0   0  38   0   0   0   0   0   7   0   0   0   0   0   0   0   0  44   0   0   0   0   0  29   0   0  37  12   0   0
   0   2   1  41   0  40   0   0   0  45  39   0   0   0   0   0  32   0   0   0   0   0   0   0   0  14   0  46   0   0   0  22   9   0   0   6   0  27   0   0   5  16  11   0   0  45   0   0   0  30   0   0   0   0   0  46  13   0   0  26   0   0  26   7   0
   0   0   0  32   0  23   0   0   0   0   0   0  31   0   0   0   0  35   0   0   0   0   0   0   0   0   0  13   0   0  18   0   0   0   0   0  35   0  20   0   0   0   0   0   0   9   0  30  10   0   0   0   0   0  29   0   0   0  40  35  49   0   0  24
   0   0  15   0   0  46  40  43   0   0   0   0  19  49   4   0   0   0   0   0   0   0   0   0   0   0   0   0   0   0   0   0   0   0   0   0  41   0   0   0   0   0   0   0   0   9   0   0   0   0   0   0   0  16   0   4  50  29   0   0  20   0   0
   0   0   0   0   0   0   0  37   0   0   0   0   0   0   0  13   0  15  42   0   0   0  26  23   0   3   0  16   0   0  18   5  46   0   0  42   0   0   0   0   0   0  32   0   0   0   0  29  44   0  30   0  42   0   0   0   0  14  14   0   3  23
   0   0   0  34   0   0   0   0   0  18  32   0   0   0   0   0   0  21   0  29   0   0   0   0   0   0   0   0   0   4  15   0   0   0  23   0  32   0   0   0   0  25   0  20   0  34  36   0   0   0   0  43   0   0   0   0   0   0  21   0   0
   0  19   0  15   0   0  33   0   0   0   0   0   0   0   0   0   0   0   0   0   0   0  27   9   0   0  34  49   0   0   0  34  23   0   0   0   0   0   0   0   0   0   0   0   0   0  47   0   0   0   0   0   0   0   0  31   0  27   0   0
   7   0  39   0  17   0  12   0  42   0  48   0  10   0   0   0   0   0  47   0   0  45   0   0   0  25   0   0   0   0   0   0   0   0   0   0   0   0  21   0   0   0   0   0   0   0   0   0   0   0   0  10   0   0  40   0   0   0  29
   0   0   0   0   0   0  48   0  35   4  29   0  13   0   0   0   0   0   0   0  33   0   0   0   0   0   0   0   0   0   0   0   0   0  10   0   0   0   0   0  29   0   0   0   0   0   0   0   0   0   0   0   0   0   0   0   0   0
  18   0   0  42   0   0  39   0   0   0   0   0  18   0   0   0   0  25   0   0   0   0   0   0   0   0   0  48   0   0   0   0   0   0   0  27  50   4   0   0   0   0   0   0   0   0   0   0  27   0  31   0   0   0  22   0   0
   0   0   0   0  22   0  18   0   0   0   0   0   0   0   0   0  30   0   0  25   0   0   0   0   0   0   0   0   0   0   0   0   0   0  20   0   0   0  23   0   0   0   0   0   0  48  15   0   7   0  50   0  18  25   0   0
  26   0   0  43   0   0  21   0   0   0   0   0  48   0   0   0   0   0  13   0   0  12   0   9  11   0   0  33   0   0   0   0  14   0   0  38   0   0   0   0   0   0   0   0  33   0  18   0   0   0   0   0  28   0   0
   0   0   0  24   0   0   0   0   0   0   0   0   0   0   0   0  33   0   0   0   0   0  30   0   0   0   0   0   0   0   6   0  31   0   0   0   0   0   0   0   0   0   0   0   0   0  45   0   0  19   0   0  40   0
  19  17   0   0   0   0   0  46  38  45   0   0   0   0   0   0   0   0  42   0   0   0   0   0   0   0   0   0   0   0   0   0   0   0   0   3  23   0   0  39   0   0   0   0  18   0   0   0   0   0   5   0  14
   0   0   0   0   0   2   0   0   0   0   0   0   0   0  49   0   0   0  42  27  42   0  12  41   0  42   0   0   0   0   0  43  30  15   0  46  26   0   0   0   0   0   0   0  38  29   0   0   0   0  12   0
  33   0   0   0   0   0  14   0   0  26   0   0   0   0   0  44  49  47  14   0   0   0   0   0   3   0   0  43   0   0  28   0   0   0  16   0  45   0   0   0   0   0   0   0   0   0   0  45   0   6  39
   0   0  12  15   0   0  19   0   0   0   0   0   0   0   0   0   0   0   0  30  42  47   0   0   0  20   0   0   0   0   0   0   0   0   1   0  45   0  30   0   9   0   0   0   0   0   0   0  30   0
   0   0   0   0  10   0   0   0   0   0   0  10   0   0   0   0   0   0   2   0   0   0   0   0   0   0   0  37  11   1   0   0  32   0   0   0   0   0   0  28   0   0   0   0   0   0   0  46   0
   0   0   0   0   8   0   0   0   0   0   0   0  41  34  16   0   0   0   0   0   0   0   0  20  46   0   5   0   0   0   4  18  45   0  30   0   0   0   0   0  34  38   0   0   0  38  29  22
   0   0   0  38   0   0  48   0   0   0   0   0   0   0  36  30   0   0   0   0   0   0  17  24   0   0   5   0   0   0   0   0   4   0   0   0   3   0   0  14   0   0   0   8   0  23   0
   0   0   0   5   0   0   0  25   0  12   0  50   0  39  48  21  37   0   0   0  39  22  48  49   0  10  32   0   0  48   0   8   0   0   0   0   0   0   0   0   0   0   0   0   0   0
   0   0   0   0  31  11   0   0  10  15  38   0   6   0   0   0   0   0   0   0   0   0   0   0   1   0   0   0   0   0  10   0   0   0   0   0  43   0  26   0   0   0  47   0   0
   0   0   0   0   0   0   0   0  12  17   0   0   0   0  23   0   0   0   0  13   3   0   0   0   0   0   0   1   0   0   0   0   0  28   0  14   0  19  38   0  26   0   0   0
   0   0   0   0   0   0   0   0   0   0   0   0   0   0   0   0   0  34   0   0   0   0   0   0   7  13   2   0  24   0   0   0   0   0   0   0  41   0   0   0   0   0   0
   0   0   0   0   0  40   0   0   0  16  30   0   0   0   0   6   0   0   0   0   0   0   0   0   0   0  47   0   0  24  17  47   0   0   0  28   6  36   0   0   3   0
   9  39   0   0  43  48   2  33  27  20  10  44   0   0   0   0   0   0   0   0   0   0   0  40   0  27  46   0   5   0   6   0   0   0   0   0   0   0  29  17   0
   0   0   0   0   0  34   0  38   2   0   0   0   0   0   0   0   0   0   0  43   0   0  50   0   0   0   0   0   0   0   0  24   0  32  11   0   0   0   0   0
   0   0  22  41   0   0   0   0  27   0   0   0   0   0   0   0  25   0  37  34   0   0  28   0  36   0  48   0   0  22   7  43   0   0  38   0   0   0   0
   0   0  11   0   0   0   0  11   0   0   0   0   5   0  19   4  15   0   0   0   0  34   0   0   0   0   0   0   0  44   0  23   0  49  19   0   0   0
   0   0   0   0   0   0   0   0   0   0   0  48   0   0   0   0   0   0   0   0   0   0   0  24   0   0  25   0   0   0   0   0   5   0  25  44   0
   0   0   0  36   0  48   0   0   0   0   0  41   0   0   0   0   0   0   0   0   6   0   0   0   0   0   0  36   0   0  39   0   0   0   0  28
   0   0   0   0   2   0  37   0  31  35   0  46   7   0   0   0   0   0   0  36   0   0   0   0   0   0   0   0   0   0  18   0   0  45   0
   0   0   0  47  18   0   0   0   0   0   3   0   0   0  33   0   0  23   0   0   0  46   0  23   0   0   0   0   0   0   0   6   0  46
   0   0   0   0   0   0   0   0  10   0   0   0   0   0   0   0   0   0   0   0   0   0   0  29   0   0   0   0   0  33   0   0   0
   0   0   0   0   0  38   0   0   0   0   8  47  37   0   0   0   0   0  41   0   0   0   0   0  44   0   0  11   0   0   0   0
   0  32  47   0   0   0   0   0  33   0   0   0   0   0   0  36  17  42   0   6   0   0  33  47   1   0   0   0   0   0  26
   0   0   0   0   0  27   0   0   0   0   0  19   0  35   0   0  10   0   0   0   0   0   0  47   0   0   0  49   0   0
   0   0  41   0   0   0   0   0  33   5   0   0   0  42   0   0   0  14   0   0   0   0   0   0  46   0   0   0   0
   0  34   0   0   0  27  50   0   0   0   8   8   0  20  17   0  27  36   0   0   0  21   0   0   0   0   0  41
   0   0  16   9   0   0  20  22   0   0   5   0   3  22   0   0  19  10   0   0   0   0   0   0  27  15   0
   0   0  25   0   0   1   0   0   0   0  30   0   0   7   0   0   0   0  12   0   0   0  22   0   0  13
   0   0   0   0   0  40   0   0   0   0   0   0  42   0   0   0   0   0  48  40   0  42   0   0   0
   0   0   0   0   0   0   0   0   0   0   0   0  49   0   0   0  45   0   0   0   0   0   0  48
   0   0   0   0   0  16  33   0   0   0   0   0   0   0   0  37   0   0   0   0  30   0  46
   0   0   0   0   0   0   0   0   0   0   0   0   0   0   0   0   0   0   0   0   6   0
   0   0  41   0   0   0   0   8   0   0   0   0   0   0   0   0   0   0   0  50  22
   0  23   0   0   0   0   0   0  46   0  49   0  20   0   0   0   0  42   5   0
  14  18  25  48   7  40   0   0   0   0   2   0   0  34   0   5   0   0   0
  30   6  16   0   0   0  22   0   0   0   0  35   0   0   0   0   0   0
   0   0   0  24  20   0   0   0   0   0   0   0  38   0   0  19   0
   0   0   0   0   0   0   0   0   0  13   0   0   0  43   0   0
  20  17   0  42   0   0   0   0  34   0   0   0  31  27  15
  30   0   0   0   0  50  37   0   0   0   0   0   0   0
  14   0   0   0   0   0   0   0   0  36   0   0   3
  30   0   0   0   0   0   0   0   0   0   0   0
   0   2  32   1   0   8  44   0   0   4   0
  42   0   0  22   0  10   0   0   0   0
   0   0   0   0  10  15   0   0   0
   0   0   0   0  39  12   0   0
   0   0   0  46   0  31   0
  39   0  23  30  25   0
   0   0   0   0   0
   0   0   0   0
  27  43   0
   0   0
   0

 323
  17   8  23  10  11   4  23   4   9  11   2   6   3  15  17  24  15  10  22   4   2  14  15   3   8  16   6  22  22  14  21   9  25  11   2  16  25   1   5  15   8  25  13  18   2   5  18   7  10  13  20  18  20   5  21  13  13   9  13  19  18  22   7  20  24  22  19   8  18   5   6  12  13   4  25  14  21  14   6  21
