  80 
   8   0  17   0  32  42   0   0   0   0   0   0   0   0  17   0   0   0   0   0  32  25  13   0   0   0   0   0  37  29   0   0   0   6   0   0   0   0   0   0   0   0   0   0   0   0  28   0   0   0   0  33   0   0   0   0   0   0  43  37   0   0  11   0   0   0  29   0   0  32   0   0   0   0   0   0   0   0   0   0
  10   0  19   0   0  49   0   0   0   0  35   0  19   0   0   0   0   0   0   0   0  27   0   0  31  50   0   0   0   0   0   0   0   0   0   0   0   0   0   0   0  29   0   0   0   0  36   1   0   0   0   0   0  27  29   0   0   0  13   0   0   0   0   0   0   0   6   0  20   0   0   0  19   0  34   0   0   0   3
   0   0  17   0   0   0   0   0  50   0   5   0  23   0   0   0   0   0  29  21   0   0   0   0   0   0   0   0   0   0   0   0   0   0   0  20   0   0   0   0   0   3   5  14  39   0   0   0   0   0   0  21   0   0   0   0   0   0   0   0   0   0  44   0   0   0   0   0   0   0   0   9   0   0   0   0   0   0
   0   0  17   0   0   0   0   0   0   0   0   0   0   0   0  21   0   0   0  37   0   6   0   0   0   0   0   0  27   0   0   0  29   0  35   0   0   0   0   0   0   0   0   0   0   0   0   0   0  49   0   7   0  30   0   0   0   0   0   0   0  20   0  19   0  11   0   0   0   7  13  40  15  15   0   0   0
   0   0   0   0   0   3   0   0   0  28   0   0   0   0   0  13   0   0   0   0  13   0   9   0   0   0   0   0   0   0   0   0   0   0   0   0   0   0   0   0   0   0   0   1   0  28  29   0   0   0   0   0  40   0   0   0   0   0   0  24   0  27   0   0  24   0   0   0   0   0   0   0   0   0   0   0
   0   0   0   0   0   0   2   0   0   0   0  45   0   0   0  40  41   0   0  32   0  35  20   0   0   0   0  15   0   0   0   0  16   0   0   0   0   0   0   0   0   0   0   0   0   0   0  27   0   0   0  33   0  26   0   7   0  35  29  42   0   0  49   0   0  20  47   0   0   0   0   0   0   0  28
   0   0   0   0  35   0   0   0   0  36   0   0   0   0   0   0   9   0   0   0   0   0   0   0   0   0   0  34   0   0   0  28   0   0   0   0   0   0   0   0   0  49   0   0  34   0  24  37  48  33   0   0   0   0   8   3  25   0   0   0   1   0   0   0  22   0   0  16   0  12   0   0   0   1
   0   0  13   0   0   0   0   0   0   0   0   0   0   0   0  14   1   0   0   0  34   0  46   0   0  14   0   0   0   1   0  31  42  36   0   0   0   0   0   0   0   0   0  41   0   0   0   0  17   0   0  29   0  12   0   0   0   0  42   0   0  30   0  19  20   0  30   0   0   5  39   0   0
   0   0   0  33   0   0   0   0   0   0   0   0  41   7   0  31   6  30   0   0   0   0   0   0  38   0   0   0   0   0   0   0  18   0   0  27  35   0   0   0   7   0   0  38   0  30   0   0   0   0   0  15   0   0   0   0  39   0   0   0   0   0   0   0   0  47   0   0   0  21   0   0
   0  19   0   0  35   0   0   0  15   0   0   0   0   0  19  30  21   0   0   0   0   0   0   0   0   0   0   8  27   0  45   0   0   0   0   0   0   0  15  41   0   0   0   0   0   0   5  40  11   0   0   0   0   0   0   0   0   0   0  29   0   0   0  44  24   0   0   0   0   0   0
   0   0   0   0   0   0   0   0  25   0   7   0   0   0   0   0   6   0   0  50   0   0   0   0   0  32   0   0   0   0   0   0   0   0   0  50   0   0  15   0   0   0   0   0   0   0   0   0   0   0   0  31   0  33  46   0   0  44   0   0   0   0   0   0   0   0   8   0   8  50
  13  38   0   0   0   0   0   0   0  22  26   0   0   0   0   0   0   0  17   0   0   0   0   0   0   7   0   0   0  20  39   0   0   0   0   0   0   0   0   5  40   0   0   0   0   1   0   0   0   0  45  12  47   0  33   0  40  48   0   0  19   0   0  43   0   0   0  46   0
   0  21   0   0  11   0   0   0   0   0   0   0   0   0  26   0   0  38   0  15   0  24   0   0   0   0   0   0   8   0   8  39   0   0   0   0  47   0   0   0   0   0  20  28   0   3   0   0   0  16   0   0   0   0   0   0   0   0   0  14   0   0   0   0   0   0   0   0
   0   0  23   0   0   0   0   0   0   0   1  30   0   0   0   0   0   4   0  39   0   0   0  19  42  47   0   0   0   0  31  38   0   0   0   0   0   0   0   0  13   0   0   0  17   0  38  41  15   0   0   0   0   0   0  13   0   0   0   0   7   2   0   0   0   0   0
   0   0   0   0  26   0   0  33  32   0  43  29  29   0  33  19   0   0   0   0   0   0   0   0  23  48  18   3  31  17   0  44   0   0   0   0   0   0   0  26   0  25   0   0  37   0  29   0   0   0   0   0   1   0  41   0   5   0   0  46   0  28  21   0   0  48
   0   0   0   0   0   5   3   0   0   0   0  43   0   0   0   0   0   0  30   0   0   0   0   0   0   0  27  32   0   0   2   0   0   0   0  14   8  41   0   0   0  32   0   0   0   0  25   0   0   0   0   0   0   0  20  15   0   4   0   0   9   0  43   0   0
   0   0   0   0   0   0   0   0   0   0   0  24   0   0   5  33   0   0   0   0   0   0   0   9   0  46   0  45  17   0   0   0   0   0  11  34   0   0   2  20  50   0   0   0  35   0   0   0   0   0   0   0   0   0   6  47   0  34   0   0   0  30   0   0
  37  15   0  22  46  18  43   0  47   0   0   0  44   0   0  48   0   0   0   0   0   0   0   6   0   0   0   0  30   0   0   0   0   0   0   0   0   6   0   0  44  18   0   0   0   0  27   0  46   0   0   0   0   0   0   0  29   0   0   0   0   0   0
   0   0   0   0  35   0   0   7   0  29  30   0   0   0   0  21   0   0  22   0   0   0   0   0  13   0   0   0  29  14   0   0   0   0   0   0   0   0   0   4  49   0   0   0  40   0   0   0   0   0   0   0   0   0  22   0   0   1   0   0   0   0
   0   3   0   0   0   0   0   0   0   0   0  44   0   0   0   0   0  39   0   0   0  35  38   0   0  18   0   0   0  34   0   0   0   0   0   0   0   0   0  27   0   0  17  40   0   0   0   0   0   0   0   0   0   0  13   0   0   6   0   0   1
   0   0   0   6   0   0   0  50   0   0  49   0   0   0  13  30   0   0   0  18   0   0   0  10   0  11  36  29  30   0  38   0   0   0   0  43   0   4   0   0   0  15   0   0   0   0   0   0   0   0   0   0  29   0   0   0  31   0   8   0
  39   0   0   7  19   0   0  34   0   0   0   0   0   0   0  31   0  49   0   0  30   0   0   0   0  21   0   0   0   5   0   0   0   0   0  37   0  15   0   0   0   0   0   5   0   0   0   0   0  43   0  41   0  18   0   0   0   0  48
   0   0  45   0   0   0   0   5   0   0   0   0   0   0  21  43   0   0   0  16   0   0   0  18   0   0   3   0  28   0  38   0   6   0   0   0   0   0   0   0  29   3   0  17   0   0   0   0   0   2   0   0   0   7   0   0   0   0
   0  17   0   0   0   0   0  26   4   0   0   9   0   0   0   0   0   0   0   0   0   0   0   1   0   0   0   0   0  23   0   0   0   0   0  30  35  11   0  26  13   0  50   0   0   8   0   0   0   0   0   0   0   6   0   0   0
   0   0  23  37   0   0   0   0   0   0   0   0   0   0   0   0  32   0   0   0   0   0   0  46   0  39   0   0   0  21   0   0   0   0  34   0  40   0  36   0  44  41   0   0   0   0   0  26   0  19   0   0   0   0   0  26
   0   0  35   0  37   0   0   0   0   0   0   0  48   0   0   0   0   0  30   0   0  18   0   0  35   0   0   0   0   0   0  41   0  41   0   0   0   0   0   0   0   0  41  34  26   0   0   0   0  31   0   0   0   0   0
   0   0   0   0   0  47   5  19   0   0   0   1   0   0   0   0   0   0   0   0   0   0  14   0   0   0   0   0   0   0   3   0   0   0   0  10   0   0   0   0   0   0   0  13  41   0   0   0   0   0  29   0   2  31
   0   0   7   0   0  50   2   7   0   0  12   0   0   0  42  13   0   0   0   0   0   0   0  15   3   0   0  31  28   0   0   0   0   0   0   0   0   0  33   0  23  30   0   0   0   0  49  41   0   0   0   0  46
   0  39  29   0   0   0   0   0   0   0   0   0   0   0  44   0   0   0  26   0  42  48  24   0   0   0   0   0  25  47  13   0   0  38  18   0   0  35   0   0  48   0   0   0   0   0  33   0   0   0   0   0
   0   0   0   0  42   0   0   0   0   0   0  43  45  37   8   0   0  29   0  21  10   0   0   0   0  50   0   0  23   0   7   0   0   0   0  28  31   0  41   0   0   0   0   0   0   0   0   0   0  48   0
  48   0  28   0   0   0   0   0   0  21   0   0  15   0   0  36   0   0   0   0  42   0  45   0   6   0   0   0   0  17   0   0   0   0   0  17   0   0   0   0   0   0   0   0   0   9   0  48   0   0
  20   0   0   0   0   0   0   0   0   0   0   0   0   0   0  10   0   0   0   0  22  19   0   0   0   0   0  25  50   0   0  12   0   0  15   0   0   0   0   0   0  34   0   0   0   0  43   0   6
  35   0   0   0  14   0   0  38   0  26  19   0   0   0   0   0   0   0   0  30  41   0   0   4  42  49   0   0  42   0   0  21   0   4   0  15   0   0  50   0   0   0   0   0   0   0   0  33
   0   0   0   0   0   9   0   0   0   0   0  14   0   0  42   2   0  43   0   0   0   0   0   7  48   5   0   0   0  43  41   0   0   0   0  17   0   0  39   0   0   7   0   0   0   0   0
   0   2   0   0   0   0   0  24  22   0   0  31   0   0   0   0   0  37   0   0   0   0  41   0   0   0   0   0  20   0   0   0   0  13  29   0   0   0   0   0   0   0   0   0   0   0
   4   0   0   0   0   0   0   0   0   0   0   0   0   0   0   0   0  50   0   0   0   0   0   0   8   0   0   0   0   0   0   0   0   0   0   0   0   0   0  45   0   0   0   0  17
   0   0   0   0   0   0  32   0   0   0   0   0   0   0  19   0   0  22  50   0   0   0  40   0   0   0   0  39   0   0   0  41   0   0   0   0   0   0   0   0   0  48   0   0
   0  42   0   0  38   0   0   0   0   0   0   0   0   0   0   0   0  23   0  10   0   0   0  20   0   0   0   0   0  13   0   0   0   0   0   0   0   0   0   0   0   0   0
   0   0  28   0   0   0   0   0   0   0   3   2   0   0   0   0   0   0   0   0   0   0   0   7   0   0   0   5   0   0   0   0   0  20   0   0   0   0   8   0  43  18
   0  14  11   0   0   2  15   0  19   0   0   0   0   0   0  45  22   0   0   0   0  18  10   0   0  43   5   0   0   0   0   0   0   2  29   0   0   0   0   0  43
  14  12   0   0   0   0   0   0   0   0   0   0   0   0  12   0   0  37   0   0  10   0   0   0   0   0   0   0   0   0   0   0   0  44   0   0  25   0  50   0
   0   0  28   0   8   0   0   0  18  14   0  23   0   0   0   0   0   0   0   0   0   0   0   0   0  22  34   0   0   0  50  37   0   0   0   0  39   0   0
   0   0  36   0  48   0  46   0  23   0   0   0   0  36   0   0   0   0   0   0   0   0   0   0   0  13   0  24   0   0   0   0   0   0   0   0   0   0
   0   0   0  44   0   0   0   0   0   0   0   7   0   0   0   0  49   0   0  23   0   0  37   0  16  20   0   0   0   0   0  38   9  10   0   0   0
   0   0  17   0   0  43   0  10   0   0   0   0  16   0  47  10   0   0   0   1   0  14   0   0   0   0   0   0  16   0   0   0   0   0  20   0
   0   0  42   0   0   0  36   0   0  23   0  14   0   0   0   0   0   0   0  50   0   0   0   0   0   0   0   0  26   0  44   0   0   0  13
   0   0   0   0  29   0   0   0   0  29  21   0   0  47  37   6   0   6   0   0   0   0   4   0   0   0   0   0   0   0  15   0   0   0
   7   0   4   0   0   0   0   0   0   0   0  19   0  50   0   0   0   0  36  48   0  28   0   0   0   8   0   0   0   0  20  49   0
   0   0  24   7   0   0  50  10   0   0   0   0   0   0   0   0   0   0  48   0   0   0  42   0   0   0   0   0   0   0   0   0
   0   0   0   0   0   0   0  24   0   0   0   0   0   0  34   0   0  35   0   6   0   0   0  14  39   0   0   0  44   0   0
   0   0   0   0   0   3   0   0  19   0   0   0   0   0   0   0   0   0  29   0   0   0   0  24  49   0   0  47   0   0
   0   0   0  15   0   0  28  21  18   0   0   0  48   0   0   0   0   0  28  36   0   0   0   0   0   0   0   0   0
  48   0  38   0   0   0   0   0   0   0   0   0   0   0   0   0   0   0   0   0  42   0   9   0   0   0   0   0
  46   0  29   0   0  31   1   0   0   0   0   0   0   0   0   0  16   0   0   0   0   0   0   0  13  19   0
  43   0   0   0  47  38   0   0   0  16  38   0   0  39   0   0   0   0  33   6   0   0   0  43   0   0
   0  26   0   0   0   0   0   0   0   0   0   0   0   0  18   0   0  19  45   0   0  19   0  24   0
   0   0   0   0   0   0   0   0  45   0   0  26   0  12   0   0   0  14   0   0   0   0   0   0
   0   0   0   0   0   0   0  35   0   0   0   8   0   0  25   0  28  10   0  15   0  16  26
   0   0  45   0   0   0  36   6   0   0   0   5   0   0  42   0   0  22   0  11  22   0
   0   0   0   0   0   0   0   0   0  33   6   0   0   0   0   0   0   0   0   0   0
   0   0   0   0  11   0   0  24   0   0   0   0   0  33   8  33   0   0   0   0
   0   0   0   0   0   0  28  27   0   0   0  39  35   0   0   0   0  49   0
   0   0  30   0   0   0   0   8   0  27   0   0   0   0   4   0   0   0
  36  29   0  12   0   0   0  23   0   0   0   0  29   0   0   7  37
   0   0   0   0  15   0   0   0   0   0   0   0  43  14   0   0
   0   0  22   0   0   0  20   0  42   3   0  24  13   3   0
   0  48   0   0   0   0  21   0   0   0   0   0  26  31
   7  19   0   8   0   0   0   0   0   0   0   0   0
   0  39   0   0   0   0   0   0   0   0   0   0
   0   0   0   0   0   2   0   0   0   0  29
   0   0   0   0   0   0   0   0   0  29
   4   0   0   0   0  38   0  47   0
   0   0   0   0   0   0   0  20
   0   0   0  22   0   0  47
   0   0  50   0   0   0
   0   0   0   0   0
  32   0  25   0
   0   0   4
   0   0
   0

  77
   5   3  22  10  17  18   5   7   6   4  22  16   2   8   6   7  24   6  10  16  20  10   6   4  20   3  19   9   1   8  15  24  14  10   8  16  18  23  11  16  19  24  15   7   3  24   4  11  20  11   8  12  18   5  21  17   8   1  13  16   8  22  10   4  13  10   6   9   3   4   3  16  23  14  10   1   1  14   9  14
