  80 
   0  40   0   0   0  44   0  26  27   0   0   0   0  20   0  17   0   0   0   0   0   0   0  16   0  37  11   8   0   0   1   0   7   1   0   0   0   0   0   0   0   0   0   0   0   0   0   9   0   0   0  31   0   0   0   0  39  16   0   0   0   0   0   0   0   0   0   0   0   0   0   0   0  47  50   0  12   0   0   0
   0   0   0   0   0   0  50   0   0   0   0  39   0   3   0   0  27  22  29   0   0   0   0   0   0   0   0   0   0  34   1   0  10   0   0   0   0  37   0   0   0  44   0   0  48  20   0  49   0   0  39  33   0   0   0   0   0   0   0   9   0   0  44  11   0   0  26   3  36   0   0   0   0   0   2  16  46   0   0
   0   0  11  25   4   0  17  11   0   0   0   5   0   0  47   0   0   0  15   0   0   0   0   0   0   0   0  24   0  36   0   0   0   0   0  22   0   0   0   0   0   0   0   0   0   0   0  29   0  40   0   0   0  36  14   0   0   0   0   0   0   0   5  22   0  28   0  36   0  27  34  27   0   0   0  10   0   5
   0  31  28   7   0   0   0   0   0   0  27   0   0   0   0   0   0  12   0  35   0   0   0   0   0   0   0   0  22   0   0   0   0   0   0   0   0   0   0   0   0   0   0   0   0   0  40   0   0   0   0  46  33   0   0   0   0   0  47   0   0  46   0   0   0   0  25  38   0  32   0   0   0   2  21   0   0
   0   0   0   0   0   0   0  18   0  42   0   0   0  31   0   1   0  28   0   0   0   0   0   0   0   0  26   0   0   0   0   0   0   0   1   0  34   0  35  39  13   0   0  43   0   0   0   0   0   0  35   0  21   0  42   0   0   0   0   0  38   0   0   0  33  12   0   0  13   0  35   0   6   7  31   0
   0   0   0   0   0   0   5  48  46   0   0   0  20   0   0   0   0  50   0   0   0   0   0   0   0   0   0   0   0   0  43   0   0   1   0   0  28   0   0   0   0   0   0   0   0   6   7   0   0   0   0   0   0  49   0  22   0  47   0   0   0  10   0   0   0   0   0   0   0   0  49  49   0   0   0
  38   0   0   0   0   2   0   0   0   0   0   0  11   0   0   0  44  45   0  32   0   0   0   0   0   0   0   0   0   0   0   0   0   0   0   0   0   0  34   0  40   0   0   0   0  35   7   0   0   0   1   0   0   0   0   0  36   0   0   0   0   0   0   0   0  40   0   0   0  20   0   0  43   0
  42   0   0   0   0   0  31  45   0   0   0   0   0   0   0   0   0   0   0   0   0  38   0   0  19   0   0   0   0   0   0   0   0  21   0   0   0   0  40   0  27   0   0   0   0   2   0   0   0  33  18   0   0   0   0   0   0  24   0   0   0  24  16   0   0   0   0   0  25   0  37   0   1
  48   0   0  29   0   0   0  47   0   0   6   0   0  49  25   0   0   0  31   0   0   0   0   0   0  16   0   0   0   0   0  30   0   0   0   0   0   0   0   0   0   8   0  27   0   0   0   0  19   8  23   0  46   0  35   0   0   0  29   0   0  37   0   0   0   0   0   0   0   0   1  35
  14   0  27   0   0   0   0  36   0   0   0   0   0   0   0   0  11   0   0   0   0   0   0  15   0   0   0   0   0   0  42  24  28   0   0   0   0   0  12   0   0  40   0   0   0  34   0  13   0   0   0  16   0   0   0   0   0   0   0   0  45   0   0   0   0   0   0   0   0   0   5
   0   0   0   0   0   0   8   0  10   2   2  39   0   0   0   0   0  35   0   0  43   0   0   0  26   0   7   0   0  15   0   0   0   0   0   0  19   0   0   0   8   0   0   0   0  18   0   0   0  26   0   0   0   0   0  12   0   0   0   0   0   0   0   6  50   0   0   0   0  21
   0  38  33   0   0   0  43   0  16   0  12   0   0   0   0   0  21  14   0   0   0   0   0   0   2  36   0  28   0  39   0  22   8   0   0  46   0   0   0   1   0   0   0   0   0   0   8   0   0   0   0  36  30   0  39   0   0   0  39   0   1   0   0   0   0   4   0  39  14
  18   0   0   0   0  37   0   0  17  22  34   0   0   0   0  43   0   0   0   0   0   0   0  32  48   0   0   0   0   0   0  34   0   3   0   3  49   0   0   0   0  21   0   0   0  33   0   0   0   0   0   0   0  11   0  15   0  42   0   0   0   0   0   0   0   0   0   0
  37   0   0   0   0   7  25   0   0   3  15   0   0   0   0  48   0   0   0   0   0   0   0   0   0   0   0   0   0   0   9   0   0   5   0   0   0   6   0   0   0   0  46  37  50   0   0   0   0   0  27   0   0   0   0  31   0   0   0   0   0   0   0   0   0   0  45
  29   0   0  43  27  15   0  17   0   0  36   0   0   0   0  12   0   0   0   0   0   0   0   0  36   0   0   0   0   0   0   0   0   0  48   0   0   0   0  15  36  39   0   0  48   0   3   0   0   0  10   0  26   0   0   0   0   0   0   0   0   0  32   0   0   0
  50   0   0   0   0   0   0   0  12  21   0  16   0   0   0  41  34   0   0  35  11   0   0   0   0   0   0   0   0   0   0   0  16   0   0   0   0  28   0  30   0   0   0   6   0   8   0   0   0   0   0   0  49   0   0   0   0   0  48   0   0   0   0   0   0
  17   0   1   0   0   0   0  22   0  35  32   0   0  40   0  15  26   0   0   0   0   0   0   0   0   0  17   0   0   0   0   0  12   0   0   0   0   0  41   0   0   0   0   0   0   0   0   0   4   0   0   0   0   0   5   0   0   0   0   0   0   0   0   0
   0  15   0   0   0   0   0   0   0   0   0  23  49  27  20   0   0   0   0   0   0   0   0   0   0   0   7   0  19   0   0   0   7  13   0  32   0   0  14   0   0   0  14   0   0   0   0   0  38   0   0   0   0   0   0   0  18  25   0   0   0   0   1
   0   0   0   0   1   0   0   1   0   0   0   0   0   0   0  22   0   0   0   0   9   0   0  19  47   0   0  50   0   0   0   0  29   0   0   0   0  14   0  18   0   0   0   0   0   0   0   0   0   0  25   0  32   0   0   0  18   0   0  22   0   0
   0   0   0   0  48   0  42   0  12   0   0   0   0   0   0   0   0   0   0   0  15   0  10   0   0   0   9   0   0   3   0   0   0   6   0  12  41  11  32   0   0   0  13   0   7  17   0   0   0   0   0  25   0   0  31   0  47   0   0   0  31
   0   0   0  14   0   0   0  20   0   0   0   0   0   0   0   0   0   0   0   0   0   0  46   0   0   0   0   0   4   0   0   0   0  41   0   0   0   0   0   0   0   0   0   0   0   0  14  11   0   0  36   0   0   0  32   0   0   0   0   0
  46  17   0   0   0  40   0  48  11   0   0   0   0   0   0   0   0   0   0  44  39   0   0   0  31   0   0  31   0   8   0   0   0   0   0  42  38   0   0  27   0   0   0   0   0   0   0  15  15   0   0   0   0   0   0  46   0  24   0
   0   0   0   0   0   0   0   0   0   0   0   0   0   0  13   0   0   0   0   0   0   0   0   0  41   0   0  22   0   0  24   0   0   0   0   0   0   0  42   0  15   0  17   0   0   0   0   0   0   0   0   0  30   0   0   0   0   0
   0   0   0   1  39   0   0   0   0   0   0   0  26   0  46   0   0   0   3   0   0  36   0  34   0   0   0   0  46  14   0   0  47   0   0  33   0   0   0  24   0   0   0   0   0   0   0   0   0   0   0   0   0  17  28  24   0
   0   0  39   0  43   0   0   0   0   0  14   0  11   0   0   0   0   0   0   0   0   0   0   0   0  41   0   0  31  26   0   0   0   0   0  25   0   0   0   0  12   0   0   0   0   0   0   0  23   0   0   0   0   7   0   0
   0   0   0   0  43   0   0   0   0   0   0   0   0   0   0   0   0   0   0   0   0   0  16   0  42   0   0   0   0   0   0   0   0  34   0   0   0   0   0   0   0  24   0   0  38   0   0   0  46   0   0   0   0   0   0
   0   0  49   0   0   0   0  45  10   0   0   0   0   0   0   0  27   0   0   0   0   0   0  26   0   0   0   0   0  30  32   0   0  25  37   0   0  33   0   0   0   0   0  48   0   0   0   0   0   6   5   0   1   0
   0   0   8  40   0   0  25   0  36   0   0  45  26   0  44  30  31   0   0   0   0  28   0   0   0   0  12   0   0   0   0  21   0  29   0   0   0   0   6   0  23   0   0   0   0   0   0   0   0  48   0   0  33
   0   0   0   0   0   0  26   0   0   0   0   0   0  43   0   0   0   0   0   0   9   0   0   0   0   0  46   0   0   0  17   0   0   0   0   0   0   0   0  19   0  15   0   0   0   0   0   0  47   0   0   0
   0   0  37   0  35   0   0   0  15   0   0   0   0   0   0   0  33   0   0   1   0   0  21   0  27   0   0   0   0   0  34   0   0   0   0   0   0   0   7   0   0   0   0   0   0   0  15  16   0  37  34
   0   0   0   0  26   0   0   0  27   7   0   0   0   0   0   0   0   0  25   0   0   0   0   0  30   0  20   0  18   0   0   0   0   0   0   0   0   0  18  42   0   0   0   0   0   0   0   0   0   0
   0   0  36   0   0   0   0   0   0   0   0  40   0   0   0  16  23   0   0   0   0   0   0  11   0   0   0   0   5   0  46   0  24   9   0   0   0   0   0   0   0  27   0   0   0   0  18   0   0
  21   0   0   0   0   0   0   0   0   0   0   0   0   0   0   0   0  48   0   0   0  10   0   0  46   0   0   0   0   0   0   0   0   0   0   0   0   0  39  40  18  42   0   0   0  11   0   0
   0   0  19   0   0   6  10   0   0   0   0   0   0   0   0   0   0   0   0   0  33   0  41   1   0   0   0   0   0  30   0  26   0   0   0   0   0   0   0  24  37   0   0   0   0   0   0
   0   0   0  28   0  13   0   0   0  28   0  18   0   0   0   0  19   0   0   0   0   0   0   0   0   0   0   0   0   0   0   0   9   0   0   0   0   0   0   0   0  38  47   0   0   0
   0   0   0   0   0   0   0   0   0  35   0  16   0   0  47  22   0   0   0   0   0   1   0  44   0   0   0   0   1   0   0   0   0   0   8   0   0   0  29   0  33   0   0  22  39
   0   0   1  25   0   0   0   0   0   0   9   0  15   0   0   0   0   0   0   0   0  43   0   0   0   0   0   0   0  29   0   0   0   0   0   0   0   0   0   1   0   0   0  21
  45  28   0   0  21  10   0   0   0  38  44   0   0  13  34   0   0   0   0   0   0   0   0  20   0   0  30   0   0   0  41  21  49  28  25   0   0   0   0   0   0   0   0
  25  22  35   0   0  30   0   0  14   0   0   0   0  15   0   0   0   0   0   0  29  50  50   0   0   0  49  16   0  31   6   0  34   0   0  11   0   0   0   0   0   7
   0   0   0   0   0   0   0   0   0   0   0  47   0   0   0   0   0   0  14   0   0   0   0   0   7   0   0   0   0   0  50   0   0   0   0   0   0   0   0   0   0
  11   0   0   0   0   0   0   0   0   0   0  14   0   0   0   0   0   6   0   0   0   0  49   0   0   0  45  43   0   0   0  25   0   0  11   0   0  28  16   0
   0   0   0   0  30  18   0   0   0   0   0   0  16   0  13  18   0   0   0  11   0   0   0   0   0   0   0  21   0   0   0   0   0   0   0   0   0   0  39
   0  48   0  21   0  48   0   0  15   0   0   0   0   3   1   0   0   0   0   5   0   0  23   0   0   0   0   0   0  39   0  38   0   0   0   0  11   0
  45   0   0   0   0  10   8   0  19   0   0   0   0   0   6   0   0   0   0  25  25   0   0  22   0   0   0   0   0  40   0   7   0   0   0   0   0
  30   0   0   0   0   0   0   0   0   0  12   0   0  32   6   0   0   0   0   0  25  11  48   0   0   0  44  13   0   0   0   0   0   0   0   0
   0   0   0   0  25   0   0  44  21   0   0   0  23   0   0   0   5  15   0   0   0  39   0   0   8   0   0   0   0   0   0   0   0   0  10
   0   0   0   0   0   0   0   0   0  33   0   0   0   0   0  31   0   0   0   0   0   0  24   0   0   0  16  42   0   0   0   0   0   0
   0   0   7   0  32   0  47   0   0   0  10   8   0  47   0   0   9   0  42  20  13   0   0  45   0   0  49   0   0   2   0   0  37
   0   0   0   0   0   0  21   0   0  43  49   0   0   0   0   0   0   0   0   0   0   0  33   0   0  26   0   0   0   0   0   0
  21   0   0   0   0   0   0   0   0  19   0  10   0   0   8   0   0   0   0   0   0  49   0   0   0   0   0  14   0   5  33
   0   0   0   3   0   0  39   0   0   0   0   0   0   0   0   0   0   0   0   0   0   0   0   0   0   0   0   0  10   0
  49  32   0   0   0   0   0   0   0   0  28   0  12  24   0   0   0   0  30   0   0   0   0   8   0   0   0   0   0
  21   0  24   0   0   7   0   0   0   0   0  39  12   9   0  32   0   0   0   0   0   0   0   0   0   0   0   0
  40   0   0   0   0   0   0   0   0   0   0  46   0   0   0   0  13   0  27  12  43   5   0   0  19  13   0
   0   0   0  24   0  34   0   0   0   0   0   0   0   0   0   0   0  10   0   0   0   0   0   0  12   0
   0   0   0   0   9   9   0   0   0   0   0   0  13   4   0   0  18   0  17   0   6   0   0   0   0
  13   0   2  38   0  43   0  22   0  13  49   0   0   0   0   0   0   0   0   0   0   0   0   0
   0   0   0   0   0   0   0   0   0   0  10   0   0   0   0  22   0   0   0   0   0   0   0
   0   0  22   0   0   0   0   0   7   0  10  24   6   0   0  26   0  29   0   7   0   0
  20   0   0   0   5  13   0   0   0   0  35  28   0   0  11   0   0   0   0  30  19
   0   0   0   4   0  47  24  12   0   0   0   0   0   0   0   0   0  15   0   0
  43   0   0   0   0   0   5  30   0   0   0  20   0  31   0   0   0   0   0
   0   0   0   0   4   0   0   0   0  34   0   0   0   0   0   0   0   0
   0   0   0   0   0   0   0  43   4   0   0  40   0   0   0   0  35
   0   0   0   0   0   0   0   0   0   0   0   0   0   0   0   0
   0   0  38   0   0   0  25   0   0   0   0   9   0   0   0
   0   0   0  50   0  38   0   0   0   0   0   0   0  47
   0   0   0   0   0   0   0   0   0  46  36   0   0
   0   0   0  49   0  19   0  19   0   0   0   0
   0   0   0   0  31   0   0   0   0   0   0
   0   0   0   0   0   0   0  31  20  22
   0  42   0   0   0  37  33   0  49
   0  45   0  20  20   0   0   0
   0   0   0   0   0   0   6
   0  42   0   0   0   0
   0   0  50   0  37
   0  25   0   0
   0   0   0
   0   0
   0

 142
  25   8  21  16   6   5   6  10   2  12  14   8   8  11  23   1  13  14  20  15   4  10  12   7  24  21   6  19   2  12  21  20   5  23   7  18  21   3   5   8  18  22  10  19  12  14  13  22   7  18   6   5  23  12  17  24  11  17   2   4   5   6  19  20  11  25  15  18   2  17   4  25  15   2  18  23   1  11   5  24
