  80 
  47   0   0  28  30  44   0   0   0  44   0   0   0   0   0  48  24  20  17   0  40   0   0   7  11   0   0  17  32   0   0   0   0   7   0   0   0   0   0  31   0   0   0  10   7   0   0   0   0  12  17  22   0   0   0  22   0   0   0   0  21  38   0   0   0   0  14   0  36   0   0   0   0  15   0   0   0   0   0   0
   0   0   0   0   0  19   0   0   0  28   2   0   0  41   0   0  36   0   0   0  21   0  36  32   0   0   5   0  44  45   0   0   0  32  38   0   0   9   0   0   0   0   0   0   0   0  33   0   0   0   2   0  11   0   0   4   0   0   0   0   0  31   0   0   0   0   0   0   0  47  31   0  17   0   0   0  47   0   0
  17  49  25  48   0   0   0   0   0   0  24   0   0   0   0   0   0  10  34   0   0   0   0   0   0  16  15   0   0   0   0   0   0  11  47   0   0   0   0   5   0   0   0  21   0   0   0   0  19  15   0   0   0   0   0   3   0   0  30  17  32   0   0  35   0  35   0   0   0   1   0  43   0   0   0   0   0   0
   0   0  29  15  37  17   0   0   0   0   0   0  41   0   0  48   0   0   0   0   0  33   0   0   0   0   0   0   2  14   0  13   0   0  17   0   0   0  20   0  20  43   0   0   0   0  35  17   0   0   0  44   0  21   0   0   0   0   3   0   0   0   0   0   0   0   0   0   0   0   0   0   0  37   0   9   0
  20   0   0   0  12   0   0   0   0   0   0   0   0   0   0  40   0   0   0   0   0  36   0  30   0   0  11   0   0   0  49  42  11  49   0  49   0   2   0   0   0   0   0   0  19   0   0   0   0  47  19   0   0   0  24   0   0   0   0   0   0  46   0   0   8  15   8  41   0   0   0   0   0   0   0  40
  45   1  13   0  25   0   0   0   7   0   0  42   0   0  29   0   0  28   0  28   0   0   0   0   0   0   0   0   0   0  32  32   0   0   0   0  22   0   0   0   0   0   0  14   0   0  30   0  46   0   0  28  31  30   0   0   1   0   8   0   0   0  44   7   0  10   0   0  10   0  37   0   0   0   0
  19  34   0   0   0   0   0   0   0   0   0   0   0   0   2   0   0   0   0   0   6   0   0   0   0   0   0   0   0   0   0   0   0   0  11  26  10   4  25   0   0   0   0  17  37  24  12   0   0  32   0  30  34  15   0   8   0   0   0   0   0   0   0   0  10   0   0   0   0   0   0   0   0   0
   0   0  37   0   0  33  20   0   0   0   0   0   0  47   0   0   0   0   0   0   0  32   0   0  45   5   0   0   0   0   0  44   0   0  44   0  46   0  34   0   0   0  37   0  50   0   0  46   0   0   0   0   0   0   0   0   0   0   0   9   0  34   0  27   0   0  41   0   0   0   0   0   0
   0  41   0   0   0  14  22  36   0   0   0  34   0   0   0   0   0   0   0   0   0   0  37   0   0  35   0   0   0   0   0   0   0   1   0   0  32   0  32  32  33   0   0   0   0   0   9   0  22  38   0  37   0   1  22  36   0   0   0   0   0   0   0   0  38   0   0   0   0   0   0   0
   0   0   0   0   0   0   0  41   0   0   0   0  29   0   0   0   0  40   0   0   0   0   0   0  48   0   0   0   0  32   0   0   0   0   0   0   0   0   0   0  39   0   0   0   0  31   0   0  47   0   0   0  33   0   0   0   0   0   7  37   0  28  16   0   0   0   0   0   0   0  36
   0   0   0  46   0  34   0   0   2   0   2   0   0   0   0   0   0  36   0   6   0   0   0  38   0   0  46  13   0  36   0  23   0  39  35  50   0   0   0   0   0  35   0   0  14   0   0   0   0   0  15   0   0   0  18   0  40   0   0  12   0   0  36  45   4   0   0   0  36   0
  24   0   0   0   0   4   0  49   0   0   0  45   0   0   0   0   0  26   0  10  28  20   0  27   0   0   0   0  14   0   0   0   0  45  21   0   0   0  16   0   0  40  12  24   0   0   0   0   0   0   0   0  35   0  11   0   0   8   0   0   0   0   0   0   0   0   0   0   0
   0   0   0   0   0   0   0  25   0  49   0   0   0   0   0   0   0  47   0  20   0   0   0   0   0   0   0   0   0   0  39  43   0   0   0  45   0   0   0   0   0   0   0   0   0   0   0   0   0  19   0   0   0  44  28   0  47  17   0  24   0  22  44   0   0   0   0   0
   0   0   0   0   0  11   0   0   0   1   0   4  39  45   0   0   0   0   0   0  43   0   8   0   0   0   0   0   0  21   0  26   0   0   4   0   0   0   0  31  12  39   0   0   0  29   0   0   0  46   0   0   0   0   0  18   0   0   0  29   0  13   8   0   0   0  22
   0   0   0  35   0   0   0  24  18  30   0   0   0   0   0   0   0   0   0   0   0   0   0  24  26   0   0   0   0   0   0   0   0  32  49   0   0  21   0   0   0   1   0   0  34   0  32  36   0   0   0   0  36   0   0  19   0   0   0   0   0   0  19   0   0   9
  37   0   0   0  20   0   0  30   0   0   0   0  50   0  13   0   0  17   0   0   0   0   0   0   0   3  47  40   0   0   0  37   0   0   0   0   0   0  49   0   0   0   0   0  31   0   0   0   0  21   0  21  45   0  34   5  44   0   0   0   3  13   0   0   0
   0   0   0   0   0   0   5   0  10   0  13   0   0   0  27   0   0   0  44   0  26   0   0   6  48   0   0  14  44   0   0  33   0   0   0   0   0   0   0   0  36   6   0   0   1   0   0   0   0   0   0   0   0   0   0   0   0   0   0   0   8   0   0   0
   0   7   0   0   0   0   0   0   0   0   0  44   0   0   0   0   0   0   0   0  42   0   0   0   0   0   0  37   0   0   0  35   0   0   0   0   0   0   0   0   0  37  38   0   0   0   0  34  24  17   0   0  49   0   0   1   0  34   0   0   0   0   0
   0   0   0   0   0   0   0  28   0   0   0  16   0  24   0   0   0   0   0   0   0  13   0   0   0   0   0   0  19   0   0   0   0   0   0   0  30   4   0   0   0   0   0   0   0   0   0  30   0   0   0  48  37  49   0   0  10   0   0   0   0   0
   0   0   0   0   0   0   0   0  38   0   0   0   0   0   0  36  41   0  35   0  33  30  50  18   0   0   0   0   0   0   0   0   0   0   0   0  22   0   0   0   0   0   0   0  32   0   0   0   0   0   0   3   0  13   0   0   0   0  16   0   0
   0   0   0  11  13  27   0   0   0   0   0  41  18   0   0  39   0   0  27   0   0   0   0   0   0   0   0  42  10  20   0   0   0   0   0  18   0  40   0   6   0   0   0  38   0   0   0   0   0  45   0   1   0  20   0   0   0  42   0  11
   0   0  22   0   0   0   0  27  34   0   0   0   0   0   0   0   0   0   0   0   0   0   0   0   0   0   0   0   0   0   0   0   0   0   0  34  48   0  45  19  42   3   0  29  36   0   0   0   0  35   0  18   0   0   1  24   0   0   0
   0   0  22  19   0   0   0  42   0  33   0   0   0   0   0   0  12   0   0   0   0   0  13  14   0   3   0   0   0   0   0  22   0   0   0   0   0   0   0   0  36   0  10   0  35   0   0   0  25   0   0  14  26   0   0   0   0   0
   0  36  35   0  11   0  29   0   0   0   6   0   6  24   0   0   4   0   0   0   0   0  34   0   0   0   0   0   0   0   0   0   0   0   0   0   0   0   0   0   0   0  11  41   0  20   0  40   2   0   0   0   0   0   0   0   0
  48  33   0   0   0  42   0   0   0   0   0  23   0  30   0   0   0   0   0   0   0   0   0   0   0  14   0   2   0   0   0   0   0   0   0   0   0   0   0   0   0   0   0   0   0   0  27   0   0  38   0   0   0  41   0  22
   0   0   0   0   0   0   0   0   0  41   0   0   0   0  44   0   0   0   0   0   0   0   0  36  35   0   0  48   0   0   0   0   0   0   0  20   0   0  24   0   0  24   0   0   0   0   9   0   0   0  26   0   0   0   0
   0   0   0  38   0   0   0   0   0   0  42   0  36  20   0   0   0   0   0   0   0   0   0   0  48   0  30   0   0   0   0  43   0  40   0   0   0   0  41   0   3   0   4   0  20   0  31   0   0   0   0   0   0   0
  22  18   0   0   0  42   0   0  30   0  46   0   0  44   0   0   0   0  16   0   0   0   0  44   0   0   0   0   0   0   0   0  42   0   0  21   0   0   0   5   0   0   0   0   0   0   0   0   0   0   0   0  34
   0   0   0   0   0   0   0   0   0  16   0   0   0   0   0   0   0   0  39   0   0   0   0   0   0  19   0   0   0  49   5   0   0  37   0   8   0   0   0  32   0   7  45   0   0   0   0  11  50   0   0   0
   0   0   0   0   0   0   0   0   0   0   0   0  17   0   0  19   0   0   0   0   0   0   0   0   0   0   0  32   0   0  31   0   0   0   0   0   0   0   0  24  38   0   0   0   0   0  20   0   0  45   5
  33   0   0  45   0   0   7   0   0   0   0   0   0   0   0  48   0   0   0  29   0   0  49   0   0   0   0   0   0   0   0   0   0   0  20   0   0   0   0  28  46   0   0  35   0  28   0   0   0   0
  31   0   0  17   0   0   0   0  11  48   0   0   0  46   0   0   0   0   0  33   0  14   0  34  12   0   0   0   0   0  12  42   0   0   0   0  45   0   0   0   0   0  32   0  30   0  44   0   0
  36   0   0   0   0   0  22  47   0   0   0  31   6   0   0   0   0   0   0   0  45   0   0   0   0  19   0   0   0   0   0   0   0   0   0   0   0   0   0   0   0  22   0   0   6   0   0  46
   0   0   0   0   0   0   0   0   0   0   0   0   0   0   0   0   0   0   0   0  27   0   0  36  40   0   0   0  27  41  36   0   0   1  41  18  14   0   0  22   0   0   0   0  29  14   0
   0   0   0  27   0   0  47  15   0   0  47   0   0   0   0   6   0   0   0   0   0   0   0   0  48   0   0   0  43   0  10   0  23   0   0   0  38   0   0   0   0   0   0   0   0   0
   0  26   1  37   0   0   0   0   0   0   0   0   0   0   0  23   0   0   0   0  10   0   0  27   0   0   0  17   0  17   0   0   8   0   0  24   0   0   2  15   0   0   0   0  19
  18   0  15  23   0   0   0   0   0   0  10   2   0   0   0   0   0   0   0   0  31  11   0   0   0   0   0   0  36   0   0   0  22   0   0   0   0   0   0   0   0  14   0   0
   0  26   0   0  14  35   0  24   0   0  11   0   0   0   0   0   0   0   0   0  46   4   0   0   0   0  43   0  47   0   0   0   0   1   0   0   0   0   0  49   0   2   9
   0   0   0   0  31   0   0   0   0   0   1   0   8   0   0   0   0   0   0   0   0   0   0   0   0   0   0  20   0   0   0   0   0  20   0  37  12   0   0   0  13  39
   0   0   0  46  48  28   0   0   5   0   0   0   0  24   0  11  45   0   0   0   0   0   0   0   0   0   0  45   0   0   0  42   0   0   0   0   0   0   0   0  36
   0   0   0   0   0   0  14  36   0  50   0   0   0   0   0   0   0   0   0   0   0   0   0   0   0  39  49   0   0   0   0   0   0   0   0   0  40   0   0   7
   2   0   0  28   0   0  18  20  46   0  36   0   0   0   0   0  41   0   0   0   0   0   0  10   0   0   0   0  17   7   0   0   0   0   0   0   0  42   0
  30   0   0   0  45  47   0   0   0   0   0   0   0   0   0  42  47   4   0   0   0   0   0   0   0   0   0   0   0   0   0   0   0  22   0   0   0  44
   0  34   0  14   0   0   0   0   0  21   0   0   0  43   0   0   0   0   0   0  18   0   0   0   0   0   0   0   0   0   0   0   0   0   0  48   0
  30   0   0   0   0  17   0  39   0   0   0  20   0   0   0  47   0   0   0   0   0   0  30   0   0   0   0   0   0   0   0   0   0   0   0  15
   0   0   0   0  40  30   0   0   0   0  44   0   0   0   3   0   0   0  46   0   0  43   0   0   0   0   0   0   0   0   0   0   0  14  47
  50   0   0   0   0   0   0  10  49   0   0   0  48   0   8   0   0   0   0   0   0   0   0  18   0   0   0   0   0   0  35   0   0   0
   0   0   1   8   0   0   0   0   0   0   0   0   0  39   0   3   8  24   0  21   0   0   0  25  18   0   0  38   5  14   0   0   0
   0  35   0   0   0   0   0   0   9  45   0   0   0   0   0   0   0   0   0   0   0   0  46  32  15   0   0  30   0   6   0  31
   0   0   0   0   0   0   0   0   0  15   0   0   0   0   0   0  20   0   0   0   0   0   0   3   0  48   0  48   0   0   0
   0   0  47   0   0   0   0   0  48  43  21   0   0   0   0   0   0   0   0   0   0  21   0   0  19   9   0   0   0   4
   0  15   0   0  32   0   0   0   8   0   0   0   0   0   0   0  34  49   0   0   0   0   7   0  28   0   0   0   0
   0   0   0  47  20   0   0   0  20   0   0   0   0  19   0   0   0   0   0   0   0   0  26   0   0   0   0   0
  25   0  12   0  36   0  22   0   0   0   0   0   0   0   0   0  38   0   0  23   0   0   0   0  24   0   0
   0  47   0   0   0   0   0   0  13   0   0   0   0   0   0   0   0   0   0  28   0  42   0   0  26   0
   0   0   0  34   0   0   0   0  21   0   0   0   0  14   0   0   0  11   0   0   0  36   0   0   0
   0   0   7   0   0  32   0  32   0   0  30  49   0  14  30  13  17   0   0   0   0   0   0   0
   0   0   0   0   0   0   0   0  25   0  41  29   0   0   0   0   0   0   0  29   0   0   0
   0   0   0   0  27   0   0  38   0   0   0   0   0   0   0   0   0   0   0  24   0  42
  46   0   0   0   0   0  40   0   2   0   0   0  40   0   0   7   0   0   0   0   0
   0   0   0   0   0   0   0   0   8   0   0   0   0   0  25   0  44   0  37   0
   0  32   0   0   8   0   0   0   0   0   0   0  14   0  23   0   0   0   0
   0   0   0  40   0   0  26   0  30  21   0   0   0   0   0   0   0   0
   0   0   1  21   0   0   0   0   0   0   0   0  20   0   0   0   0
   0  16   0   0   0   0  34   0   0   0   0   0   0   0   0   0
   0   0   5   0   0   5  12   0  28   0   0  30   0   0   0
   0  41   0  26   0   0   0   0   0   0   0  23   0  40
   0   0   0  14  45   0   0   0   0   0   5   0   0
   0   0   0   0   0   0   0   0   0   0   0  30
  43   0   0  40   0   0   0   0  34   0   8
   0   0   0   0  22   0  12   0   0   0
  17  25   0   0   0   0   0  35   0
  32   0  45   0  50   0   0   0
   0  40   0   0  38   0   0
   0   0   0   0   0   0
   0   0  46  44   2
   0   0   0   7
   0   0   0
   0  43
   0

 768
  21  24   2  12   4  24   6  21  19   4  21   4  16   3   5  16   7  13  22  10   2   2   3   9   3  13   2  18  13  15   2   1   5   6  22   8   9   8   5  16  15  14  18   5  12   3  14   7  15   8   8  20  19  13  24  17   9   6  11  20  22  10   8  20  14   4   5  14  16  10  22  22  23  23   4  15  16  12   6  21
