  80 
   0   0   0   5   0   0   0   0   0   0   0   0   0   0  26   0   0   0   0   0   0   0   0   0   0  50   0   0   0  14   0   0   0   0   0   0  34   0   0   0   0   0   0  39   0   0   0  27  22  48   0   0   0   0  37   0  32   0   0  49   0  30   0  22   0   0   0   0   0   8  33   0   0   4   0   0  39   0   0  33
   0  29   0   0  40   0   0   0   0   0   0   0   0   0   0   0   0   0  35   0   0   0   0   0  11   0   0   0   0   6  35   0   0   0   0   0   0   0  14   0  23   0   0   0   0   0  28   0   0   0  38   0   0   0   0   0   0   0   0   0  13   0   0   0   0  13   0   0   0   0   0   0   0   0   0   0   0   0   0
   0   0  42   0   0   7   0   0   0   0   0   0   0  20   0   0   0  19  17   0   0   0   0   0   0   0  11   0   0   0  20   0   0   0  32   0  38   0   0   0  23   0   0   0  12   0   0  31  45   0   0   0   0   0   0   0   0   0   0   0   0  10   0   0   0  26   0   0   0   0   0   8   0   0   8   0   0   0
   0   0  36  38   0   0   0   0   0   0   4   0   0   0   0  35   0   0  47  15  41   0   0   0   0   0   0   0   0   0   0   0   0   9   0   8   8   0   0   0  44   0   0   0   0   0   0  15   0   0   6   0   0   0   0   0   0   0   0   0  22   0  26   0   0   0   0   0   0  47   0   0   0  27   0   0  33
   0   0   0   0   0   0   0   0   0  45   0   0   8   0   0   0   0   0  26   0   0   0   0   0   0  11   0   0   0   0  15   0  35   0   0   0   0   0  39   0   0   0   0   0  47  47  29  11   0   0   0   0  35   0   0   0   0  49   0   0   0   0   0   0   0   0   0  27  47  10   0   0   0   0   0   0
   0   0   0   0  21   0   0  32  48   0  20   0   5   0   0   0   0   0   0   0   0   0   0   0  43   9  29   0   0   2   9  42   0   0   0   0  29   0   0   0   0   0   0  46   0  12   0  35   0   0   0  11  17   0   0   0   0   0   7   0   0   0   0  50   0   0   0  44   0  39  14   0   0   0   0
   0   0   0  25  23  49   4   0   0  28   0  20   0   0   0   0   0   0   0   0  10   0   0  46   0   0   0   0  10   8   0  50   0   0   0   0   0   0   0  15   0   0   0   0  47   0  26  42  20   0   0   0   8  37   0  47   0   0   0  38  10   0   0   0  41   0   0   0   0   0   0   0   0   0
   0   0   0   0   0   0  27   0   0   0   0   0  13   0   0   0   0   0  12   0  19   7  34   0   0   0   0  16   0   0   0   0  47  33  25   0   0   0   0   0  24  29   0   0   0   0   0  16  20   0   0   0   0   0   0   0  45   0   0   0  47   0   0   0   0  15   0   0   0   0   0   0   0
  16   0   0   0  22   0   0   0   0   0   0   0   0   0   0   0  45  49  44   0   0   0   1   0  47   0   0   0   0   2  31   0   0   0   0  44   0   0   0   5   0   0   0  45   0   0   0   0   0   0   0  45   0   0   0   0  22   0   0  16   0   0  37   0   0   0   0  33  12   0   0  12
  49   3  38   0  44  27   0   0   0   0  11   0   0  42   0   0   0   0  43   0   0   0   0   0  49  20  29   0   3   2   0  36   9   0   0   0   0   0   0   0   9   0   0   0   0   0   0  18   0  32   0   0   0   0   1   0   0   0   0   0  26  32   0   0  11   0   0   0   0  38   0
   0   0   0  27   2   0   0   0   0   0   0   0   0   0  14   0   0   0   0   0   0   0  17   0   0  32   0   0   0   0   0   0   0  48   0  10   0   0   0   0   0   0   0  37   0   0   0   0   0   0   0   0   0   0   0  22   0   0   0   7   0   0   0   0   0   0   0   5   8  48
  46   0   0   0  24  12   0   0   0   0   0   0   5   0   0   0   0   0   0   0   7   0   0   0   0   0  21   0   0   0   2   0   0   0   4   0  49   0  15   0   0   0   0   0   0  28   0  26   0   0   0   0   0   0   3   0   9   0  33  30   8   0   0  44   0  25   0   0   0
   0  27   0   8   0   0   0  50   0   5   0   0   0   0   0  50   0   0   0   0   0   0   5   0   0  16  25   0   0  15   0   0   0   0   0  33   0   0  48  34   0  48   0   0   0   0   4  16   4   0   0   0   0   0   0   0   0   0   0   0   0   0   0   0   0   0   0   0
   0   7   0   0   0   0   0   0  19   0   0   0  15   0   0  41  40  39   3   0   7   0   0   3   0   0  36   0   0   0   0   0   0   0  10   0  36   0  19   0   0   5   0   0   0   0  39  43   0   0   0   0  15   0  50  12   0   0   0  40   0   0   0   0   0   0   0
   0   0   0   0   0   0   0  25  28  19   0   0  46  44   0   0   0   3  25   0   0   0   0   0   0  13   0   0   0   0   0   0   0   0   0   0   0   0   0   0   0   1   0   0   0   0   0  13   0   0   0  48   0   0   0  36   0  11   0  16   0   0   0   0   0   0
   0   0   0   0   0   0   0   0   0   0  49   0   0   0   8  43   0   0   0   0   0   0   0   0   0  48   0   0  41   0   0   0   0   0   0   0  48   0   0   0   0   0   0   0   0  39   0  35   0  43   0  45   0   0   0  41   0   0  48   8  15   0  38   0   0
   0  43   0  13  37   4   0  27   0   0   0   0   0  33   0   0   0   0   0   0   0   0   0   0   0   0   0   0  10   0   0  49  30   0   0   0   0  11   0   0   8   0   0   0  48  10   0   5   0  26   0   0  13   0   0   0   0   0   0   0  15   0   0   0
   0   0   0   0   0   0   0   0   0   0  15   0   0  43  18   0   0  20   0   0   0   0   0   0   0   0   3   0   0   0  14   0   0   0   0  41   0   0   0   0   0   0   0   0  12   0   0  29   0   1   0   0  32   0   0   0   0   0   0  25   0   0   0
   5   0   0   0   0   0   0   0   0   0   0  43   0  41   0   0   0  50   0   0  48   0   0  12   0   0   0   0  33   0   0   0   0  24   0   0   0   0  32   0   0   0   0   0   0   0  43   0   0   0   0  42   0   0  43  30   0   0   0  42   0   0
   0   0   0   0  34   0  30   0   0   0   0   0   0   0   0   0  10   0   0   0   0   0   0   0   0   0   0   0   0  21   0   0   0   0  13   0   0   0   0   0   0   0  27   0  48   0   0   0   0   0   0   0   0   0   0   0   0   0   0   0   0
   0   0   0   3   0   0   0   0  29   0  16   0   0   0   7   0   0  29  43   0   0   0   0  48   0   0   0   0   0   2  24   0   0  29   0   0   0   0   0  27   0   0   0   0   0   0   0   0   0   0   0   0   0   0   0   0   0   0   9  36
   0   0   0   0  13   0   0  14   0   4   0   0   0   0   0   0   0   0   0   9  43   0   0   0  31   0   0   0   0   0   0   0   0   0   0   0   0   0   3   0   0  25   0  41   0   0   0   0   0   0   1   0  44   0   0   0   0   0   0
   0  32   0   0   0  40   0   0   0   0   0   0   0   0  43   0  36   0   0  33   0   0   0   0   0   0   0   0   0  38  13  38   0   0   0   0   0   0   0  46   0   0   0  24   0   0   0   0   0   0  10   0   0   0  13   0  21   0
   0   0   0   9   0   0   0   0  42   0   0   0   0   0  31   0  36   0   0   0   0   0   0  36   0  26  10   0   0   0   0   0   0   0   0   5   0  44   0   0   0   0   0  41   0   0   0   0  18   1   0   0   0   0   0   0   0
   0  48   0  42   0   0   0   0   0   0   0   0   0   0   0   0   0   0   0  42   0   0   0   0   0   0   0   0  32   0  21   0   0   0  39   0   0   0   0   0  35   0   0   0  33  39  38  23   0   0  27   8   0   0   0   0
  17   0   0   0   0   0   0  35   0   0   0  35   0   0   0   0   0   0  17  19   0   0   0   0   0   0   0   0  22   0  43   6   0   0   0  25   0   0   0   0  26   0  22   0   0  42   0   0  11   0   0   0   0   0  14
   0  37   0  16   0   0   0   0  49   0   0   0   0   1   0   0  25   0   0   0   0  37  37  38   8   0  12  11   0   0   0  23  26  30   0   0   0   0   0   0   0  48   0   4   0   0   0  40   0   0  34  47   0   0
  13  25   0   0   0   0   8  22  22   0   0   0   0   0   0  14  16   0   0  47   0   0   0  38   0   0   0   0   0   6  45   0   0   0   0  16   0  39   0   0   0   0   0   0   0   0   0   0   0  42  32   0   0
   0  37   0  13   0   0   0  33   0   0   0  24   0   0   1   0   0   7   0   0   0   0   0   0  32  12   0   0  47   0   0  26   0   0  18   0   0   0   0   0   0   0   6   0   0   0   0  34   0  11   0  43
  44   0   0  27   0   0   0   0   0   8   0   0   0   0   0   0   0   0   0   0   0   0   0   0  28   0   0   0   0   0   0  17  17   0   0   0   0   0   0   0  25   0  31   0   7  12   0   0   9   0  47
   0   0   0   0   0   0   0   0   0   0   0  46   0  44   0   0   0   0   0  15   0   0   0   0   0   0   0  30   0  21   0   0   7   0   0  47   0   0   0   0   0   0   0   0   0  11   0   0   0   0
   0   0   0   0   0   0   0  31   0   0  23   0   0   9  16   0   0   0  44   0   0   0   0  18   0   0   0   0  14   0   0   0   0   0   0   0   0   6  34  16   0   0   0   0   0  31  19   0   0
   0   0   0   0   0   0  16   0   0   0   0  18  43  44  24   0  15  32   0   0   0   0   0   0   0   0  37   0   1   0   0   0   0   0   0   0   0   0   0  37   0   0  28   0   6   0  10   0
  17   0  32   0   0   0   0   0   2   0   0   0   0   0   0   0   0   0   1   0   0   0   0  41   0  20   0   4  47  48   0   0   0   0   0  41   0   9  36   0  26   0   0  36   0   0   0
  35   0   0   0   0   0   0  32   0   0   0  32   0   0   0  18  18   0  43   0  42  26   0   0   0   3   0  17   0   0   0  46   0   0   0   0   0   0   0   0   0   0   0   0   0   0
   0  28   0   0   0   0  37   9   0   0  39   0   0   0   0   0   0   0  26   0   8   0   0   0   0   0  11   2  33   0   0   0   0   0  22  38   0   0   0   7   0  29  41   0  15
   0   0   0   0   0   0   0  21   0   0  37  24   0   0   0   0   0   4   0   0   0   4   0   0  15  16   0  14   0   0   0  21   0  48  40   0   0   1   0   0  40   0   0   0
   0   0   0  50   0   0   0  27   0   0   0   0   0  33   0   0   0  11   0   0   0   0  40   0   0   0   0  22   0   0   0  22  37   0   0   0   0  10  43   0   0   0   0
   0   0  22   0   0   0   0   0   0   0   0   0  49   0   0   0   0   0  50   0   0   0   0   0  29   0   0   0   0   0   0   0   0   0   8   0   0   0   0   0   0   0
   0   0   0   0   0   0   0   0   0   0   0   0  25   0   0  21   0   0   0   0  15   0  29  14   0   0   0   0   0   0   0   0   0   0   2  38   0   0   0   0   0
   0   0   0  15   0   2   0  42   0  10  46   0   0   0   0  16   0  20   0   0   0  21   0   0   0   0   0  33  22   0   0   0   0   0   0   3  14   0   0   0
  16  22  35   0   0   0   0   0   0   0   0   0  28   0   0   0   9   0   0   0  20  23   0   0   0   0   0   0   0  31   3   0  34   0   0   0   0   0   0
   0  25   0   0   0   0   0   0   0   0   0   0   0   0   0   0  40   0   0  22  18   0   0  43   0   0   0   0   0   0   0   0  29  14   0   0   0   0
   0   0   0   0   0  12   0   0   0   0  14   0   0   0   0   4   0   0   0  46   0   0   0  30   0   0   0   0  11   0   0   0   0  33   0   0   0
   0   0   9   0  50  10   0   0  30   0  14  30  20   0   0   0   0  26   0   0   0   0  19  12   0   0   0  13   0   0   0   0   0  49   0   0
   0   0   0  36   0   0   0   0  48  12   0   0  36   0   0   0  44   0   0  12   0   0   0  46   0   0  24   0   0  16   0   0   0   0   0
  20   0   0   0   0   0   0   0   0   0  20   0  38   0   0   6   0   0   0   0   0   8   0   0   0  31   0   0  21   0  45  46   0  20
   0   0   0   0  39  24  18   0   0  18   0   0   0   0   0   0   0   0   0   0   0   0   3   5  48  17  41   0   0  39   0   0   0
   0  21   0  12   1   0   0   0   0   0   0   0   0  13   0   0   4   0   0   0   0   0   0   0  44   0   0   0   0   5   0  36
   0   0   0   0   0   0   0   0   0   0   0   0   0   0   0  13   0   0   0  10   0   0   2   0   0   0   0   0   0   0   0
   0   0  16   0   0   0   0   0  21   0  37   0   0   0   0   0   0   0   0   0   0   0   0  42   0  33   9   0   0   0
   0   0   0   5   0  12   0   0  41  21   0  14   3   0   0  32  19   0   0   0  27   0   0   0  11   0   0   0   0
   0   4  39   0   0  20   0  21   2   0   0   0   0   0   0  14   0   0   0   0   0   0   0   0   0   0   0   0
   0   0   0   0   0  37  38   0   0   0   0   0   0   0   0  15   0   0  44  10   0  15   0   0   0  37   0
   0   0   0   0   0  35   0  40   0   0   0   0   0  14  49   0   0   0   0  27   0  23  43  28  25   0
   0   0   0   0  18   0  40   0  36   0  41   0   0   0   0   0   0   0   0  31  19   0   0   0   0
  46   0   0  22  45  20   0  18   0   0   0   0   0  28  35   0   0   0   0   0  45  34   0   0
   0   0  13   0   0   0   0   0  41  50   0   0   0   0  41   0   5   0   0  27   0   0   0
   0   0   0   0  12  49   0  21   0   0   0   4   0   0   0   0   0   0   0   0   0  46
   0   0   0   0   0   0   0  44   0   0  11   0   0   0   0   0   8  45   0   0  48
  40   0   0   0   0  32   0   0   0   0  17   0  46   0   0  42  40  37  10   0
   0   0   0   0   0   0   0   0   0   0   0  23   0   0   0   0   0  33   0
   0   0   0   0   0   0   0   0   0   0   1  41   0   0   0   0  31   0
   7   0   0   0   0   0   0   0  23   0   0   0   0   0   0  37  35
   9   0   0  22  30   0   0   0   0   0  21   0  19   0  41  23
   0   0  15   7   0  24   0   0   0   0   0   0   0   0   0
   0   0   0   0   9   0   0   0   0   0   0   0   0   0
   0   9   0  28   0   0   0   0   0  29   0   0   0
   0   0   0   1  32   0  22   0   0   0   0   0
   0  27   0   0  43  10   5   0   0   0   0
  42  15   0   0   0   0   0   0   9   0
   0   0   0   0   0  26  48   4   0
  45  22   0   4  18   0   0   0
  11   0   0   3   0   0   0
   0   0   0   0   0   0
   0   0   0  33   0
   0   0   0  23
   0   0   0
  14   0
  42

 606
  25   9  12   5  22  13  25   7  18   5  20  17  25   1  11   5  13   2  23  18  25   3  20   9  16  10  10  21   7   6  13  17  20  11   5  18  18   5   5   4  24  13   9   9   8   1  17   4   4  16  13  12  20   2   2  23  15  14  20  20  21  10  13  24   8  25  21  24  17  13  19  20  18  18  19  13   7   4  21  24
