  80 
   3   0   0   0   0   0   0   0   0  33   0   0   0   0   0   0   0   0   0   0   0  45   0   0   0   9  34   0   9  36  35   0  50   0   0   0   0   0   0   0   0   0   0   0   0  28   0   0   0   0   0   0  14   4   0   0   0   0   0   0   0   0   0   0   0   0   0   3   0  38   0  23   0   0   0  17   0   0   0   0
   0   0  38  11   0  39   0   0   0   0   0   0   0   0  35   0  22   0   0   0   0  13   0  29  24   0  30   0   0   6   0   0   0   0   0   0   0   0   0   0   0  10  45   0   0   0  16  12   0   0  17   0   0   0   0   0   0   0   0   0   0  31   0   0   0   0   0   0   4  43  14   0  31   0   0   0  29   0   0
   0   0   0   0   0   0   0   0   0   0   0   0   0  48   0  37   0  15   0   0   0   0   0   0   0   0   0   0  19   0   0   0   0  12   0   0   0  18   0  47   0  47   5   0   0   0   0   0   0   0   0  44  12   0   0  42  14  38  41   0   0   0   0  10   0  13  15   0   0   0  45   4  44   0   0  30   0   0
   0   0  47   0   0   0   0   0   0   0  17   0   0   0  16   0  20   0   0   0   0  25   8  15   3   0   0   4   0   0  13   0   0   0   0   0   0   0  16  15   0   3  31   0   0   0   0   0  15   0   0   0   0   4  37   0   0   0  35   0   0   0  38   0   0   0   0   0  26   0   0   0  28   9   0  34  43
   0  21   0  41   0  36   0   0   0  24   0   8   0  15   0   0   0  18   0  33   0   0   0   0   0   0   0  10  16   0   4   0   0   0  46  23   0   0   0  12   0   0   0   0   0   0   3   0   0   0   0  48  31   0   0   0   0   2   0   0   0   0   0  24   0   0  47  35  39   0   0   0   5   0  36  50
   0   0  33   0  46   0   0   0  25  12   0   0   0   0   0   0   8   0  36   7   0   0   0  50  42   0   0   0  11  35   0   0   0   0   0   0   0   0   0   0  15  12  18   0   0   0   0   0  27   0   0   0   0   0  19   0  32  24   0   0   0   0   0  33   0   0  30   0   0   0   0   0   0  47   0
   4   0   0   0  22  13   0   0   7   0   0   0   2  21   0   0   0  30   0   0   0   0   0  26   8   0  50   0   0  48   0   0  29   0   0  41   0   0   0   5   0   0   0  39   0   0   0   0  32   0  19   0   0  10   0   0   0  14   0   0  23   0   0   0   0   0   0   0  18   0  15   0   0   0
   0   0   0   0   0   0   0   5   0   0  26  31   0  44   0  17   0  27   0   0   0   1  36   0  35   0   0   0   0  31  36   0   0   0   0   0   0   0   0   0  50  16   0   0   0   0   0   8   9   0   0  49   0   0   0   0   0  14   0   0  15  29  26   0   0  24   0   0   0   0   0   0   3
   0   8   0   0   0   0   0   0   0   0   0   0   0   0   0  10   0   0   0   0   0   9   0  21   0   0   0   0   0  22  31   0   0   0   0  10  27   0   0  29  49   0   0   0   0   0   0   0  44   0   0  37   0   0   0   0   0   0   0   0   0   0  19   0   0   0   0   0   0   6  24   0
  16   0   1  17   0   0   0  32  42   0   0   0  34   0   0   0   0   0   0   0   0   7   0   0   2   0   0   6   0   0   0   0   0  50   2   0   0   0   0   0   0   0   0   0   0   0   0   0  22   0   0   0   0   3   0  27   0   2  20  18   0   0   0  23   0   0   0   0  38   0   0
   0   0   0   0   0   0  39  45   0  40  41   0  23   0  20  50   0   0  10   0   0   0   0   3  13   0  39   0   0   0   1  40   0   0   0  10   0  28   0   0   0   0   0   0   0   0  30   0   0   0   0   0   0   0   0   0   0  18   0   0   0   0   4   0   0   0   0  49   0   0
  40   0   0   0   0  37   0   0   0   0   0   0   0   0   0  50   0   0   0   0   0   0   0  12   0  50  27   0   0   0   4   0  12   0   0  29   0   0  24   0   0   0   0   0   0  26  28   0  42   0   0   0   0  32   0  13   0   0   0   0   0   0   0   0   0   0   0   0   0
   0   0  19  27   0   0   8   0   0   0   0  45   0   0  34  19   0  16  24   0   0  14   0   0  49   0   0  41   0   0  41   0   0  11   0   0   0   0  29  49   3   0   0   0   0   0  14   0   0   0   0   0   0  18   0   0   0  10   0   8   0   0   0   0   0   0   0   0
  42   0   0   0  14   0   0   0   0   0   0  48   0   0   0   0  36  19   0   0  42   0   8   0   0   0   0   0   0   0   0   0   0   0   0  11   0   0   0   0   0   0   0   0  21   0   0   0   0   0   0   0   0   0   0   0   2   0   0   1  39  44  31   0  26   2  49
   0  29  45  11   0  42   0   0   0   0  33  21   0   0   3   0   0   0   0   0   0   1   0  33   5   0   0   0  35  48   0  23   0  37   0   4   0  30  15   0   0   0  48  30   0   0   0  26   0   0   0   0  22   0  45   0   0   0  41   0  32   0   0   0   0   5
   0   0   0   0   0   3   0   0   0   0   0   0   0   0   0   0  14   0   0   0  46   0   0   5   0   0   0   0   0  15  50  39   0   8   0   1   0   0   0   0   0   0   0  13  30  17   0   0   0  28   0   0   0   0   0   0   0   0   0  19   0   0   0   0   0
  35   0   0   0   0   0  38   0   2   0  47   0   0   0  22  37  48  41   0   0   0  34   0   0  49   0   0  27   0   0  41   0   0  50   0   0  39   0   0   0  23  38   0   0   0   0   0   0  41   0   0  16   8   0   0   0   0   0  14   0   0   0  23   0
   0  37   0   0   0  14   0   0   0  46   0   0  18   0  23   0   0   0  35   0   0   0   0   0   0   0   0   0   8   3   0  13  38  20   0   9   0   0   0   0   0   0   1   0   0   0   0   0   1   0   0   0   0   0   0   0   0   0   0   0   0   0   0
   0  11   0   0   0   0  23   0   0   0  28   0   0   7   5   0   0   0   0  33   0   0   0  42   0   0   0   0   0   6  22   0   0   0   0   0  46   0   0  15   0  22  41   0   0   0   0   0   0   0   0  43   6   0   0   0  34   0   0   0   0  16
   0  28   0   0   0  22   0  38  42  24   0   0   0   0   9   0   0   0   0   0  16  38   0   0   0   0  46   0   0   0  34  17   0   0   0   0  40  24   0  50  50   0  45   0  20   0  24   0  49   0   0  39  26  28   0   0   0   0   0  25   0
   0   0   0   0   0   0  20   0   0   0   0   6   1   0   0  13   0   0   0  23   0   0   0   0   0   0   0   0  50   0   0  39   0   0   0  26   0  45   0   0   0   7   0  25   0   0   0   0   0  41   0   0  10   0   0   0   0   4   0   0
   0   0   0   0   0   0   0   0   0   0   0   0   0  21   0   4  26   0   0   0  48   0   0   0   0  40  43   0   0   0   0   0   0   0  48   0   0   0   0   0   0  42   0   0   0   0   0   1   0  14   0   0   0   0   0   0   0   0   0
   0   7   0   0   0   0   0   0  12  46   0   0   0  13   0   0   0   0   0   0  20  11   0   0  11   0   0  10   0   0   0   0   0   0  36   0   0   0   0  47  41   0   7   0   0   0   0  43   0   0  47   0   0   0   0  20   0   0
  13   0   0   0   0  17   0   0   0   0   0  34   0   0   0  49   0   0   0  38   0   0   0   0   0   0  19   0   0   0  11   0  31   0  19   0   0   0   0   0  41  31   0   0   0   0  44   0   0   0   0   0   0   0  46   0   6
   0   0   0   2  35   0   8  43   0   0   0   7   0   0   0   0   0   0   0   0   0   0   0  18  42   0   0   0   0  49  16   0  24   0   0   0  18   0   0   0  40  42   0  20   0   0   0   0  23  23   6   0   8   0  29   8
   0   0   0  14   0   0   0  12   0   0  23   0   0   0  29   0   0   0   0   0   0   0   0   0   0   0  31   4  31   0   0   0   0   0  48   0   9   0   0   0  44   0   0   0   0   0   0   0  20   0   0   0   1   0   3
  49   0  21  15  27   0   0   0   8  18   0  31   0   0  12   0   0   0   0  25   0   0   0   0   0  11   0   0  30   0   0   0   0   0   0  34   0  37   0  42   0   0   0   0   0   0   0   0  30   0   0   0   0   0
   0   0   0   0  44   0   0   0  41   0   0   0   0   0   0   0   0   0  14   0   0   0   0  10   0  25   0   0  34   0   0   0   0  16   0   0   0   0   0   0   0   0   0  18   4   0   0   0   0   0   0   0   0
   0  20   0   0   4   0   0   0  17   0   0  26   0   0   2   0   0   0  43   0   0   0   0   0   0   0   0   0   0   0   0  15   0   0   0   0   0   0   0   0   0   0   0   0   0   0   0   0   0   4   0   0
   8   0   0   0   0   0   4   0   0   0  16   0   0   0   0   0   1   3   0   0   0   0   0  22   0   0   0   0   0  15   0   0  32   0   0   0   0  22  49  45   0   0   0   0   0   0   0   0   0   0  19
   0   0   0   0   0   0   0   0  31   0   0   8  45   0   1   0   0   0   0   0  37   0   0  22   0   0   0  25   0   0   0  44   0   0   4   0   0   0   0   0   0   0  46   0   0   0   0   0   0   0
   0   0   0   0  12   0   0   0   0   0   0   0   0   0  48   0   0   0  40   0   0   0   0   0   0  16   0   0   0   0   0   0  38  28   0  13   0  29  36  38   0  11   0   0   0   0   0   0   0
   0   0   0  32  42   0   0   0  25   0   0  37   0  48   0   0   0   0   0  20   0  33   0   0  15   0   0   0   0  40   0   0   0   0   0   0   0   0   0  37   0   0   0   0   0  33   0   0
   0  35  23   0   0   0   0   0   0   0   0   0   0   0   0   0   0   0   0   0   0   0  35  22   0   0   0   0   0   0   0   9   0   0   0   0  29   0   0   0   0   4   0   0   0   0  27
   0   0  20  38  13  22   0   0   0   0  45   9  17   3   0   0  33  30   6   0   0   0   0   0   0   0   0  18  39  38   0   0   0   0   0  20  30   0   0  18  17  34  50   0   0   0
   0   0  35   0   0  48   0   0   0   0   0  17   0   0   0   0   0   0  37   0   0   0  10   1   0   0   0   0   0   0  29   0   0  48  48   0  10  39  23   0   0   0  20  31   0
   0   0   0   0   0   0  37  31   0   0   0   0   0   0   0   0   0   0   0   0  28  26   0   0   0   0  48   0   0  49   0  35  15  31   0   0  49   0   0  11   6   0   0   0
   0   0   1   0   0   0   0  48   0   0  45   0   0  37   0   0   0   0   0   0   0   0   0  17  39  18  29   0   0   0   0   0   0  26   0   0  37   4   0   3   0   0   0
   0   0   0   0   0   0   0   0   0   0   0   0   0  49   0   0   0   0   0   3   0  25   0   0   0   0  22   0   0   0   0  49   0   0  43   0   0   4  45   0   2   0
   0  34   0   0   0   0   0   0   0  35  49   0  29   0   0  50   0   0   0   0   0   0  50   0   0   0  36  47   0   0  14   0   0   0  47  45   0   0   0   0   0
   0   0   3   0   0   0   0  12  30   0   0   0   0   0  13   0   0  20   0  39   0   0   0  13   0   0   0  38   0  19   0   0   6  32   0   0   0   0  28   9
   0   0   0   0   0  12   1   0  37   0   0   0  42   0   0   0   0   0   5   0   0   0   3   0  12   0   0   0   0  24   0   0  43   0  23   0   0  20   0
   0   0   0   0   0   0  45   1  34  20   0   0   0   0   0   0   0   0   0   0   0   0   0   0   0   0   0   0   0   0   0   0   7   0   0   0   0   0
  43  23   0   0   0   0   0  26   0   0   0   0   0   0   0   1   0   0   0   0  39   0   0   0   0   0  40   0   0   0   0   0   0  37   0   0   0
   0   0  18   0  41  31   0   0   0   0   0  29   0  47   0  49   0  19   0   0   0   0   0   0   0   0   0   0   0  16   0   0   0   0   0   9
  41   0  41   0  44   4   0   0   0   0   0   0   0   0   0   0   0   0  10   0   0   0   0   0   0   0   0   0   0   0   0   0   0   0   0
   0  35   0  29   0   0   0   0   0   0  49   0   0   0   0   0  44   0   0  10   0   6   0   0  45   0   0   0   0   0   6  38   0   0
   6   0   0   0   0  25  37   9   0   0   0   0  40   0   0   0   0   0   0   0  15   0   0   0   0  22   0   6  42  30   0   0   0
   0  32   0  48  44  28  42  30  16   0   2  40   0  14   0   0   0   0   4   0   3   0  28  17   0   0   0   0   0   0   0  44
   0   0   0   0   0   0  33  42   0   0   0  24  20   0   0   0   0   0   0   0   0   0  21   0   0  12   9  15   0   0   0
   0  42   0  27   0   0   0   0   0   0   0   0  38   0   0   0   0   0   0   0   0   0   0   0  38   0   0   0  31   0
   0  25   0   0   0   0   0   0   0   0   5   0   9  33  22   0   0   0   0   0   0   0   0   0   0   0   0   0   0
  31   0   9   0   0   0   0   0   0   0   0   0   0  28   0  21   0   0   0   7   3   0   0   0   0   0   0  48
   0   0  10   0   0  35   0   0  45   0   0   0   0   0  20   0   0  40   0   0   0   0   0   0   0   0   0
   0   0  46   0   0  32   0   0   0   0   0   0   0   0   0   0   0  33  27   0   0   0   0   0   0  13
  10   6   0   0   0   0   0   0  14   0   0   0   0   0  28   0  33   0   0   0   0   0   0   0  23
   0   0   0   0   1   0   0   0   0   0   0  47   4   0  13   0  45   0   0  50   0  45  28  40
   0   0  40   0   5   0   0   0  21   0  37   0   0   0   0   0   0   0   0  44  39   0  27
   0   0   0   0   7   0  45   0  48   0   0   0   0   0   0   0  17   0   0   0   0   0
   0   0   0   0  20   0   0   0  17   0  33   0   0  33   6   0  34  47   0  46   0
   0   0   0  21   0   0   0   0   0   0   0  34   0   0  44   0   0   0   0   4
   0  11   0   0   0   0   2   0   0   0   0   0   0  44  31   0   0   0   0
   0   0   0   0   0   0   0  38   0  42   0   0   8   0   0   0  19   0
   0  49  42   0   0   0   0   0   0   0   0   0   0   0   0  24   0
   0   0   0   0  11  10  50   0  39   0   0   0   0  15   0   0
   0   0   0  30   0   1   0   0   0   0   0  42  39  28   0
   0   0   0   0   0   0   0   0   0  15   0   0   0   0
   0   0   0   0   5   0   0  39   0   0   8   0   0
   0   0  29  21   0   0   0   3  40   0   0   0
  24  14   0   0   0   0  21  14  44   0   0
   0   0   0   0   0  38   0   0  37   0
   0   0   0   0  47  15   0  35   0
   0   0   0   0  28   0   0   0
   0   0   0   0   0   0  42
  30   4   0   0   0  14
   0   0  23  35   0
  16   0   0   0
  45  26   0
  33   0
   0

 565
  12  13   2  21  14   3  24   5  13   6   8  16  20  11   8   9  10   7   6  21   1  15  13  20  15   1   8   6  25   6  14  25  10  24   6  11  11  15  11  16  22  24  10   8  11   3   5  14  16   1   6   6   8  16  20  15  21   8   5   6  13   3   3  14   2  25   7  21  19   9   1  14  22  24  24   9  21  22  24  21
