  80 
   0   0   0   0   0   0   0   0  19   0  29  31   0   0   0   7   0   0   0   0   0   0  15   0   0   6   3   0   0  14  34   0   0   0  19   0   0   0   0   0  26   0   0  32   0   0   0  48  33   0   0  20   0   0   0   0   0   0  10   0   0   0   0  50  17   0  11   0   0  31   0  40   0  12  28   0  20  42  48  21
   0   0   0   0   0   0   0   0  32   0   0   0   0   0   0   0   0  10   0   0   0   0   0   0   0   0   0   0   0  26   0   0   0  25  48  38   0  46   0   0   0   0   0   0  26   0   0   0  28   0   0   0  14  18  45   0   0   0   0  12   8  43   0  26   0   0   0   0   0   0   0   3   0   0  34   0   0   0   0
   0   0   0   0  21   0   0   0   0   0   0   0  13   0   0   0  18   0   0   0   0   8   0   0   0  42   7   0  25   3   0   0   0   0  18   0  49   0   0   0   0   0   0   0   0  45   0   0  38   0   0   0   0   0   0   0   0   0   0   0  34   0  40   0   0   0  41   0   0  38   0  18  21  36   0   0   0   0
   0   0   0   0   0   0   0   0   0  16   0   0   0   0  14   0   0  48   0   0   0   0   0  18  46   0   0   0   0   1   0   0   6  16   0   3   0   0   0   0   0   0  24   0   0   0   0   0  33   0   0  30  36  49   0  14   0   0  40   0   0   0   0  35  45  23  13   0   0   0   0   0   0   0   0  40   0
   0   0   0   0  48   0  39  13   0   0   0   0  46   0   0   0  19  47   0   0   0   0   0   0   0   0   0  35   0  40   0   0   0  46   0  23   0   0   0   0   0   0   0   0   0  36   0   0   0   0  12   0   0   0  14   0   0   0   0   0  43   0   0   0   0   0   0  40   7   0   0   1   0   0   0   0
   0   0  46  40  45   0   0   0   0  22   0   0  45   0   0   0   0   0   0   0   0   0   0  47  13   0   5   0   0   6  19   0   0  30   0  10   0   0  13   0   0   0   0   0   0   0   0  34   0  39   0   0   0   0   0   0   0   0   0   0   0   7   0   0   0   0   0   0   0   7   0  15   0   0   0
   0   0  14   0  26   0   0   7   3   0   0   5   0   0   0   0   0   0  42   0   0   0   0   0   0   0   0   0   0   0   0   0   0  42  36   0   0  19   0   0   0   0   0   0   1   0   0   0   0   0   0  21   0   0   0   0   0   0   0   0   0   0  38   0   0   0   0   0   0  46   0   0   0   0
   0  34   0  46   0   0   0   0   0  24   0   0  12  20   0   0   0   0   0   0   0  11  33   0   0   9  17   0  31  20   0  37   0  28   6   0   0   3  23  30   0   0   0  12   0   0   0   0   0  38   0   0   0   0   0   7   0   0   0   0   0   0   0   0   5   0   0   0   0  16  40   2   0
   0   0  44   0   0  29   0  33   0  27   0   0  25   0   0   0  22   0   3  30   0   3   0   0   0   0  16   0   0   0   0   0   0   0   0   0   0   0  27   0  15   0   0   0   0   0   0   0   0   0  47  40   0   0   6   0   0   6   0   0  32   0   0   0  48   0   0   0   0   0  39  10
   0   0   0   0   0   0   0   0   0   0  15   0  31   0   0   0   1   0   0   0   0   0  49   6  46  28   0  37   0   0   0   0   0   0   0   0   0  27  50   0   0   0   0   0   0  15   0   0  43   0   0  23  25   0  37   0  25   0   0   0   0   0   0   0  29  50   0   0   0   0   0
  19   0   0  22  43   8   0   0   0   0   0   0   0   0   0   0   0   0  29   0  17   0   0   0   0   0  20   0   9   0   0  35   0  29   0   0   0  38  27  14   0  31  39   0   0   0   0   0   0   0   0  47   0   0  16   0   0   0   0   0   0   0  19   0   0   0   0   0   0   0
   0   0   0   0   0   7   0   0   0   0  18  29   0   0   0   0   0   0   0   0   1   0   0   0   0  49   0   0   0  28   0   0   0   0   9   0   0  36   0   0   0   0  25   0  46   0   0   0   0   6  23  15   0   0   0   0  30   0   0  17   0   0   0   0   0  15  50   0   0
   5   0   0   0   0   0   0   0   0  43   0   0   0   0   0   0   0  21   0  30   0   0   0   0  13   0   0  18   0   0   0   0   0   0   0   0   0  14   0  17   0   0   0   0   0   0   0  25   0   0   0   0   0   0   0   0   0   0   0   0   0  12   0   0   0   0   0   0
   0   0   0   0   0   0   0   0   0   0   0   0   0   0  28   0   0   6  49   0  12   0   0   0   0   0   9  10   0   0   0   0  10  10   0   0   0   0   0   0  25   0   0  23   0   0   0  24   0   0   0   0  36   0   0  46   0  34   0   0   0  47   0   0   0   0   0
   0   0   0   0   0   0   8   0   0  26   0   0   0   0   0   0   0   0   0   0  24   0   0   0   0  25  28   0   0   0   0   0   8   0   0   0   0   0   0   4   0   0   0   0   0   0   0   0  29   0  10  16   0   0  45   0   0   0  28   0   0   0   0   0   0   0
   0  41   0   0   0   0   0   0   0   0  19   0   0  22   0   0  48   0   0   0   0  45   0  39   4   0   0   3   0   0   0   0   0  11   0  24   0   0   0  40   0  27  26   0   0   0   0  35   0   0   0  49   0   0  44   0  40   0   9   0   0   0   0   0  31
   0   0   0  24   0   0   0  19   0   1   0  18   0  22   0   0   0   0   6   0   0  24   0  42   0   0   0   0   0  28   0   0   0   0   0   0   0   0   0   0   0   0  38  27   0   0   0   0   0   0  10   2   0   0   0   0   3   0   0   0   0   0   0   0
   0   0   0   0   0   0   0   3   0   0   0  38   0  14   0  22   0  18   0   0   0   0  36   9   0   0   0   0   0   0   0   0   0   0   0   0   0  16   0  49   0   1   0   0   0   2   0   0   0   0   0   8  26  39   0   0   0  47  20   0  14   0   0
   0   0   0   1   0  44   0  45  50   0   0   0   0   0   0   0   0   0   0   0   0   0   0  48   0   0   0  24   0   0  16   0   0   0   0   0   0   0   0   0  43   0   0  42   0   0   0   0   0   0   0   0   9   0   0   0   0   0  17  38   0   0
   0   0   0   7   0   0   0   0   5  37   0  48  11   0   0  40  49   0  43   0   0  11   0   0   0   0   0   0   0   0   0   0   0   0   0  31   0   0   0   6   0   0  16   0   0   0   0   0   0  19   4   0   0   0   0   0  46   0   0   0   0
   0   0   0   0   0  31   9  47   0   4   0   0  25   0   0  25   0  50   0   0   0   0   0   0   0  40   0   0   0   0   0  16   0   0   6  47   0   0   0  19   0  44   0   0  16   0   0   0   0   0   0   0   0   0   0   0   0   0  50   0
  34   0   0   0   0   0   0   0   0   0  47   0   0   0   0   0   0  46   0   0   0   0   0   0   0  22   0   0   0   0   0   0   9   0   0   0   0   0   0   0   0   0   0   0  45   0   0   0   0  43   0   0   0   0   0   0   0   0   0
  36   0  45   0   0  38   0   0   0  27   0   0   0  50  21   0   0  12  45   0  16   0   0   0   0   0   0   0   0   0   0   0   0   0   0   0   0   0  29   0   0   0   0   0   0   0   0  11   0   0   0   0  43   0   0   0   0   0
   0   0   1   0   0   0  11   6   0  39   0   0   0   0   0   0   0   0   0   0   0   7   9   0   0   0  40   0  49   0   0   0   0   0   0   0   0   0  50  23   0  18   0   0  49   0   0   0   0  39   0   0   0   0   0   0   0
   0   0   0  26   0   0  40   0   0  23   7   0   0  28   0   0   0  34  42   0   0   0   0   0   0   0   0   0   0   0   0   0   0   0   0   0   0   0  16   0   0   0   0   0   0   0   0   0   0   0   0   0  34   0   0   0
  18   0   0   0   0  27   0  31   0   0   0  12   0   0   0   2  13   0   0   0   5   0   0   0  29   0   0   0   0   0   0   0   0   0   0   0   0  27   0   0   0   0  32   0  34   0   0   0   0   0   0   0   0   0   0
   0   0   0  48   0   0   0   0   0   0  40   0   0   0   0   0  23   8   0  15  40   0   0   0   9  18   0  10  16   0  50   0  30   0   0   0   0   0   0   0   0   0   0   0  41   0   0   0   0   0  28  17  25   0
  31   0  24   0   0  17   0   0   0   0   0  41  12   0   0   0  30   0  37   0   0   0   0   0   0   0   0   7   0  45  18   0   0  42   0   0   0   0   0   0   0   0   0   0   0  39   0   0  28   0   0   0  19
   0   0   0   0   0   0   0  10   0   0   0  45   0   0   0   0   0   0   0  36   0   0   0   0   0   2   0   0  35   0  37  13  20   0   0   0   0   0   0   0   0  26   0   0  25  49   0   0   0   0  31  23
   0   3  34   0   0   0   4   4   0   0   0   0   0  21   0   4   0   0   0   0   0   0   0   0  45   0   0   0  46   0   0   0   0   0   0   0   0   0   0   8   0   0  36   0   0   0  32   0   0   0   0
   0   0   0  11   0   0   0  13   0   0   0  14   0   0   0   0   0   0  32   0  47   0  22  37   0   0  49  41   0   0   0   0   0   0   0  35   0   0  50  49   0   0   0   0  42   0   0   0   0   0
   0   0   0   0   0  46   0   0   0   0   0  18  33   0   0   0  17  25  13   0   0   0  17   0   0   5   0  43   0   0   0  35   0   0   0   0   0   0   0   0   0   0   0   0   0   0  12   0   0
   0   0   0   0   0   0  19   0   0  41   0  26   0  21   0   0  24   0   0   0   0   0  42   0   0   0   0   0   0   0   0   0  11  34   0   0   0  42   0   0  36   0   0   0   0   0  41   0
   0   0   8   0   3   0   0  22   0   0   0   0   0   4   0   0   0   0  32  43   0   0   0   0   0  17   3   0   0   0   0   0  27  37   0   0   0   0   0   0   0  13   0   0   0   0  12
   0   0   0  27  43   0   3   0   0   0  11  30   0   0   0   0  25  26   0   0   0  47   0   0   0   0   0   0   0  43   0   0   0   0   0   0   0   0   0  41  26  43   0   0   0  17
   0   0   0   0   0   0   0   0   0  20   0   0  39   0   0   0   0   0  19   0   0   0   0   0  43   0   0   0   4  23   0   0   9   0  44   0   0   1  25   0   0   0  13   0   0
  32   0   0   0   0   0   0  41   0   0   0   0  13   0  50   0   0  38   0   0   0   0   0   0   0   0   0  20   0  46   0   0   0   0   0   0   0   0  50   0   0   0   8  20
  23  16   0   1   8  28   0   0   0   0  35   0  16  30  43   0   0  34   0  36   0   0   0   0   0   0   0   0   0   0   0   0   0   0   0  48   0   0   0   0  34   0  27
   0   0   0   0   0   0   0   0  32   0  27   0   0   0   0   0   0   0   0  37   0  30   0   0   0   0   0   0   0   0  23  44   0   0   0  39   0   0   0   0   0   0
   0  21   0   0   0   0   0   0  15   0  38   0   0  30   4   0   0  21   0   0  46   0  13  46   0   0   0   0  31   0   0  30  31  33   0  13   4   0   0   0   0
   0   0  41   0   0   2   0  46   0  36   0   0   0   0  36   0   0   0   0   0  11  16  49  29   0   0  36   0   0   0   0   0  28   0   0  26   0   0   0   0
   0   8   0   0   0   0   0   1   0  32   0   0   0   0   0   0   0   0   0   0  23   0   0   0   0   0   0   0   6   0  17   0   0  30   0  48   0   0   0
   0   0   0   0   0   0   0   0  43   6   0  27  47   8  50   0   0   0   0   0   0   8   0   9   0   8   0   0   0   0  38  18   0   0   0   0   0   0
  35   9   0  14   0  12   0  30  31   0   0   2   5   0   0   0   0   0   0   0   0   0  33   0  23   0   0   5   0   0   0   0   2   2   0   0   0
   0   0  37   0   0  34   0   0  15   0   0   0  13   0   0   0   0   0  29   0   0  25   0   0   0   0   0   0   0   0   0   0   0  23   0   0
   0   0   0   0  12   0   0  29   0   0  38  17  16  16   0   0   0   0   0   0   0   0   0   0   0   0   0  29   0   0  25   0   0   0   0
   0   0   0   0  37   0   0  36   0   0   0   0  30  15  28   0   0  48   0   5  24   0   0   0  38   0   0   0   0  32  27   0  34   0
  13   0   0  10   0   0  45  28  40   0   0   0   0  37   0   8   0  34   0   0   0   0   0   0  44   0   0   0   0   8   0   0   0
   0   0   0  49   7   0   0   0  44   1   0   0   9   3   0   7   0   0  48   0   1   0  32   0  11  27   0  35   6   9   0  49
   0  15   0   0   0   0   0  47   0   0  38   7   0   0   0   0   0  46   2  21   0   0   0   0   8   0  49   0   0   0   0
   0  30   0   0   0  11  22   0   0   0  22   0   0   0   1   0   0   0  50   6   0   0   0  19   0   0   0   0  31   0
   6   0   0   0  40   0   0   0   0   0   0   0   0   0   0   0   0   0   0   0   0   0   0   0  39   0   0   0   0
   0   0   0   0   0   0   0   0   0   0   0  13  29   0   0   0   0   0   0  47   0   3   0   1  11   1  39   0
   0   0   0   0   0  31   0   0   0  40  27   0  15   0   0   0   0   0   0   0  44  44   0   0  45  47   0
   0   0  45   0   0   0   0  15   0  49   0   0   0   0   0  50   0   6  19   0   6  41   0   0   0   0
  24   0   0   0   0   0  10   0   0  42   0   0   0   0   0   0   0   0  33   0   0   0   0   0   0
  49   0   0   0   0   0   0   0   0  43   0  18  29   0  13   0  13   0   0   0  30   0   0  28
   0   9   0   0   0   0   0   0   0   0   0   0   0  49   0   0   0   0   0   0  36   0   8
   0   0  36   0   0   8   6   0  14   0  22   0   0  25   0   0   0   0   0  15   0   0
   0   0   0   0   0   0   0   0   0   0   0   0   0   0   0   0   0   0  50  11   0
   0   0   0   0  23   0   0   0   0   0   0   0   0   0   0   0  17  26   0   0
   0   0   0   0   0   0   0   0   0  28  19   0   5   0   0   0   0   0   0
  43   0   0   0   0   0   0   0   0  36   0   0   0   0  10   0   0   0
   0   0   0   0   0   0   0   0   0   0   8   0   0   0   7   0   0
   0   0   0   0   0   0   0  33   0   0   0  19   1   0  45   0
   0  20   4   0   0   0   0   0   0   0   0   0   0   0  41
   5   0   8   0   0   0  27   0   0  35   0   0  14   0
  24   0   0   0   0   0   0   0   0   0   0   7   0
   0   0  31   0  24   0  27   0   0  47  12   0
   0   0   0   0   0   0   0   0   0  36  32
   0  19   0   0   0   0   0   0   0   0
   0  50   0   0   0   0  37  48  47
   0  12   2   0   0  32  17   5
   2   0   0   7   0   0  45
   0  37   0  30   0   6
  35   0   0   0   0
   0   0   0   0
   0   0  22
   0   9
   0

 561
  19  14   4  22  14   9  15   4  13  10  22  19  11   8  13  17  23  25  21  17   7   3   5   2   3  21  17   7   6  25  14   9   6   7  16  18  11  14  24   7  24  24   6   6  17  15   6   4   3  22   6   4  20  10  16   6   9   8   9  17  13   4   9   3  22  12   2  11  25  10  18  11   4   1  12   7  23  14  17   6
