  80 
   0  27  38   3   0  11   0   0  27   0   8  37   7  39  15  14  22   0   0  31  27  35   0  22   0   0   5  27   7  17   0  46  24  10   7  16  37   0  12   0   0  27   0   0   0   0   0  31   0   0   0   0   0   0   0   0   0   3  31  12   0   0  35  29   0   0   0  28   0   0  45  16   0   9   0   0  49   0  33   0
   0   3  24   0   0  40   0   3  28  36  13   5   0   0   0  14  32   0   0   0   0   0   0  40   0  47   0   0  38   0  31  37  42   9  30   0  33  32  20   0   0  50   0  17   0   2   0  20   0  33  33  16   0  18  17  18   0   0   0  21   0  30   0  37  50   0   0   0  44  33  13   0  29  22   0   0  36   0  49
   0   0  32  15   0  15   0   0  49  43  14   0  46   0   0   0   6  16   0  38   0   0   0  18  31   0  41   6   0   0  27  28   0   0   0  19  47   0  49  24   0  25   0   0   0   0   0  41   0  11   4  48  28   0   0  39   9   7  49   0   0  24   0   0   0  15   8  44  19  46   3  11  38   0  41  12   2  45
  50   1  13   3  20   0  50  21   6  44  33  17  41  38   0   0   0  27  31  38   0   0   0   0  38   3  37   0   0  12   0  44  25  10  20   0  44  41  24   7  45   5   1  35  29   0   0  16  49  42   0   0   0  23  32   0  50   0   0  26   0  22   0   0  44   0  14  22  47   0   0   5   0   3   4  33  22
  49   0   0   0  46  39   0   7  40   0   0   0   0   5   0  34  23   0  38  37   0   0  30  28   0   4  35   3   3   9   0   0  17   8   0  18  20  13  46  28   0   8   0   0  26   0   0  44   0  26   0  42   0   0   9   0   0   0   0  39  29  43   0   0  18  40  36   0  37  12  20   0  40  21   0  19
  50   0   0  18  22   0   0   0  28   0   0  49  12  16   6   0   0   0   0   0  44   0   0   0   0   0   0   0   0  44   0  35  18   0   0   0  13   0   1   0  40   0   0   0  41  35   0  47   0  28   0  12  41  31   0  16   0   0   1  29  42   0   0   0  21  31  39   0   0  43   0   0   0  12   8
   0   0   0   0  18  32  24   0   0   0  10  47  37   0   0  14   0  34   0   0  35  42  49   6  38  35  34   4   0  19  48  40   7   0   8  32   0   0   0   0   0   0   9  32  40   0   0   0   0   0   0   0  47   0  11   0   0  34   0  18   0   0   0  50  33   0   0   0   0  14  30   0   0   0
  13  23   9  39   0  16  12  42  45   0   0  17   0  38   0  13   0   0  39   0   0   0   0   0  12   0  49   0  35  38  43   0  30   0   0  13   0  43   0  27  29   0   0   0  18   0   9   0   0   0   0   0  34  26   0  39  48   0   0   0   0   0   0   0   1   0   0  23  20   0   0   0  24
   9  46   7   0   9  39   0   0   0  45   0   0   0  36  36   6  47   0  12   0  45  41   5   0   0   0  26   8   8   6  14   0  39  35  16   0   0   0  24   0  24  19   0  44   0  34   7   5   0  10  21   0   0   0   0  33  48   0   0   2  29  10   0   0  22   4   0  23   0   0   0   0
   0   0  16   0   0  27   0   0   0  20   0   0  28   0   0   0   0  36  34   0   0   0   0  26  30   5  13   0   7   0  40   0  49   5   0   0  34  30   3   0   0  44   0   0   0   0  42   0  16   0  35   0  34  50  20   0   0   0  23  10   0   0   0   0   0  14   0   0   0   0   0
   0   3  17  33   0   5   0   0  45   0   0   0  36   5   0   0  40   0   0   0  39  13   0  43   0   0   0   0  14   3  33   0   0   0  18  35   0   0  14   1  45  12   7  47  14   0  17   0   2  49  18   0  42   9  27   0  26   0   3   0  12  50   0   0   0   0  27  35   0   0
  27  34   0  17   0  47   8  33  24   0   9   0   0  48   0   3   0   6   0   0   0   0  30  47  42  27   0  28   0   0   0   0  48  30   0   0   8   0   0  10   0  21   0   0  47  47   0  14  33   0   0   5  25  48   0   0   0  35  32  46  14   0   2   0   0  41  43   0   0
   0   3  32  36   0   0  13  18  44  19   4  21  44   0  15   0   0   0   0   0  44   0   0   0  17   0  37   0   6  30  30   4  11  32  27   0   0   0   0   0  50   0  47  48   8  39   0   0   0   0   0  32   0   0   0  46  33  29  22   9  37   0  34  31   0   7   0   0
  41   0   0   0   0   0  43  31   0   0   0  37   0   0   0  20   0   0  14   0   0   0   1  45   0  21  45   0   0   1  23   0   0   0   0   0  50  33  27  14   0  15  45   0   9   0   5  32   0   0  30  11   0  28   0  36   0   0   0  49  40  16  28   0  21   0   0
  28   0   0   0   0   5   0  18  11   0   9   0  23   6  27   3   0  40  32  33  32   0  41   0  32   3  36   0  10  50   0   0   9   0   6  29  33   0   0   8   0   0   0   0   0  46  22   0   8  37   0  20   0   0  12  30  13  36   0  34  37   0   0   0   0   0
   8  27   0   0  46  40  37   0   0   0   0   0  26  32  29  34   0   4   0   0   0   9   0   0   0  18  50   7  44  47   0   0  40   0   0  27   0  11   0   0  20   0   0   7   0  42  30  18  49   0   0   0  22   0  13   0  11  50  22  43  36   0   0  32   0
  20  17  15  40  32   0   0   0   0  10   0  10   0   0   0   2   0  41  39   0   0  17   0   0   0   0   0   0  32  23  17  32   0  41   0  12   0   0  21   0   0   0   0  10   0   0  36   0   6  41   0  39  27   0   0   0  21   0   0   0   0   0  20  34
   0  16   0  36   0   0   0   0  43   0   0  48   0   0   0   0  25   0  25  13   0   0  27   0  47   0  38   0  42  35   0   0   2  18  47  14   0  27  33  31   0   0  29  36   0   0  18  50  33  30   0  34   0  33   2  34   0  19   0  36   0   0   0
   0  40  22   0  46   0   0  48   0   0   5  47   0   0   0  17  33   0  49   1   0  31   0   0   0  30   9  29   0   0   0  49   0   0   0   0  20  48  34  11   0  34  32  13   0   0   0   0   0   0   0  24  28   0   4   0   0  43  11   0   0   0
  37   0   0   0  12   0   0   0   0   0  28  21   0   0  24   0   6   9  43  16  41   0  17   9   0  48   0  37   0  17  29   9   1   0   0  33  32   0   0  18   0   0  17   0  17   5   0   0  43  15   0   0  48  31  18  47   0   0   0   0   1
   0   0  20   0  31  14   3  36   0   0  50   0   0   0   0   0   0   0   0   0  32   0   1  30   9  45  24   0  40  20  23   5  46  39  28   8  34  50   0  39   0   4   0  30  28  46  16   0   0  37  29   0   0   0   0   0  32   0  24   0
  27  32  26  11   0  22  17  45   0  42   0   0   0   0  20  32   0  26  45  32  27   0   0  16  13  21   9  41   0  16   0  27  25  50   1  26   0  48   0   0   0  29   2  10  18   0  35   0  14   0  31   0  44   0   0   0  27   0  47
   0   0   0  45   2  22   0   0   0  38  28  42   0   0  11   0  22  49   0  44  20  38   0   0   0   0   0   0   0   0   0  39   1   0  50   0   0   0   0  49  34   0   0   4  43   0   0   0   0  48   0   0  21   0  17  42  38  22
  39  45   0   0  23   0   0   0  44   0  13  17   0   6   0   0  17   4   0   0   6   6   0   0   0   0  10  11   0  24  36  31   0   0   5   0  41   0  49  43   0  44   0   0   3  45   0   0   0   0   5   3  25  39  46   0   5
   0  11  13   0  28  17   0  38   0   0  38   0  49   0  36   0   0   0   0   0  17   0   0   0  44   0   0   0   6  15   0  21  14  26   0   0   0   0   0   0  45   0   0  13   0  46   0  49  11   0   0  42   0   6   0   0
  40  41   0  29   0   0  33   0  19  27   3   0   0   0  16   0   0  22  29   0   0   0   0   0   0  21  34  50  48  12   0  25  27   0   0   0   0   0  23  27  25   0   0  46   0   2   0   0   0  21   0   8   0   0   0
   5  20  15   0  34   0  19   0   0  19   0  41   0   0   0   0  20   0  37   0  14  44   0  32   0  36   3  44   0  10   0   0   0  11   0   1   0  16   0   0   0   0  42  15  48   0  37  10   0  44   0   6  12  27
   0  30  39   1  25  29   0   0  12  18  14  38  12   0   6  45  45  22   0   4   0   3   0   0   0  12   2  41   0   0  20  42   4  46   0  10  31   0   0   0   0   0  15  33   0   0  15   8   0   0  22  16   0
   0   0   4  44   0   0  48   9   0   0   0  38   0   0  45   0   0   0  38  36   0   0   0   0   0  44  37  49   0   0   2   0   0   0  16   0  40   0   0  50  33   0   0  29   0   0  12  37   0  28  17   8
   0   0  40   0  30  26   0   0  46   0  32   0  20   0  42  40   0  49   0   0  24   0   0   0   1   0   0  38   0   2  45  48   0   6  29   0  14   0  32   0   0   0   0   0  44  43   0   0   0   0   0
  12  42  11  12  24   0   0  35  37  17  18   0  21  37  10   0   5   0   0  26  30   0  38  22   0   0  46   0   0  11   1   0  10   0   0   0  40  29   0   0  22   0   0  24  23   0  24  25  41  14
   7   0   0   1  27  42  13  46  24  29  15  37  26   0  36   0  16  29  17   0  32  43   6   0   0  43   0  24   0   0   0  21   0  26  22   0  47   7   4  14  18   0   6   0   3   0  15   0   0
   0   5   0   0   0   0   0   0  34  24   0   0   0   7  35  48  28  13  12   0  44  20   0   0   0   0   0  35   0   0  47  13   0   0  29   9   0   0  34   0   9  21  44  43  38  20   0  13
   0  27  27   0   8  40   0   0   9   0   0  17  34   0  44  13   6   0   4  23  18   0   0  23  25   0   0  17   0   0   0  35  49  16   7  33  39   0   0   0   0  16  40   0   0   1   0
   0   2   0  23   0   9   7   5  11   0   9   0  45   0   0   0   0   0   0   0   4   0   6   0  12   0   0  14  29  39  42   0   0   0   0   0   0  50   0   0  16   0  38  10  25   3
   0  23   5  25   0  16  11  23   0   4   0   0  50   5   0   0   0   0   0  35   0   0  48   0   8   0   0   0   0  41  32  43   0  38  50   3  38  21  47   0  13   5  25   0  14
   0  13  45   0   0   0  40   0   0  35   0   0   0   0   0   0   0  50   0   0  46   0   0   0  29   0  27   3  46   0   0   0   0  45   0   4  15  43   0   0   0  50   0  39
   1  47   0  10  34  32  37   0  38   0   0  15  20   8  45   0   0   5   0   0  15  41   0  48  14   0  42  50  30   0   0   0   0  32   0  37   0  34   2  50  45   0  26
   0   0   0  15  39  44  31   0   0   0  20  26  42   0  37  10   0   0   7   5  46   2   0  23   0   0  32  12   0   3   0   0   0  17  42   0  44  18   0  48   0   0
  32  23   0  50   0  42   0   4  46  35  34  41   1   0  45  19   2   0  29  14   4   2   0  39  39   0   0   4   0  15   0   0  23  24   2  24   0   0   0   3  40
  19   1  36   0   7  36  10   1   0   0  41   0   0   0   0   0   0  19   9   0  33  47   0   0   0  17   0  38   0  28   0   0   0   3  15  42  30  35   0  50
   0   1  47   0   2  46   8   0  22   0   0   0   0  16   0  40   5   0  19  20  37  35  16   0  25   8   0   0   0  14  37   0  10   0   0   0  24   9  34
   0   0   0   0  48   0   0  30   0   0   0   5   0   4  30   0   8   0   0   0   0   0   0   5  43   0  12   0   1  21  14  36   0   0   0   2  15   0
   0   0  22   0   0   3   0  29  35  44   0  43  10   0  18  16   0   0   0   0  24  37   0   1   8   0  37   0  33  41   0   0  16   0   0   0   0
   0   8   2  29   0   0   0   0   0  17  26   0   0   0   3  19  37   0  21   0  46   0  20   0  27   0   3  28  42  40   0   0   4   0  22  14
  32   0  30   0  44  27  43   0   0   0  50   0   0   0   0   0  47   7  21  32   0  41  48  12  21  48  28  30  37   0  15   0   0   0  31
  43  19   0   0  10   0   0   8  26  26  44  18   0   0  29   0   2   0  34  43   0  30  30  13  28   0   0   0   9  50   0  18   0  46
   0  11   0  31  20   8   0   0   0  17   0   0   0  21  12   0   0   0   0   0  15   0  44   0  15   0   4  33   0  28  22   2  20
   0   0  39   0  44   0  19   0  35  35  47  20  40   0   0  34   0   0  37  32  28  11  21   0   0  37   0  17   0   2  13   0
  30   0   0   0  26  24  41   0   7  27   0   6   5  41   0  39   0  18  27  49   6  33   2   0  50  21   0   0   0   2   0
   5   8   0   0  11   5   9   0  32   0  22   0   0   0   0   7   0   0   0  50   7   0   0   0   0   0  19  17   0  21
   0  23   0  12   0   0   0   0  26   0   2  12   0   3  31  14   0   0  38  36   0   0  15   0   0   0   0   0  22
   0  20   0  25   0  14   0  13  27   0   0  16   0  48  15   0  20  26   0   0  28   0   0   0   1   7   0  21
   0   0   0   6   0   0   0  20   0   0   0  22   0  31  44   8  43  32   0   7  42   0   0  21   0  39   0
  38   0  47   0   0   0  22   9   0   0  33  35  18   0   0   0  35   0   0   0   0   0   0  24  13  42
   0   0  10   0  29   0  23   0  46   6  14   9  14  30   0   0  38   0   0   0  11  45   0   0   0
   0  34   3   0  30  30   0   0  35   0  20  13   0   0   0  46   0   0   0   9   1   4  34  25
   0   0  12   0   0   0  50  35  19   0   0   1  48  50   0   0  25   0   0  28   0  34  19
  17  42  12   0   0   0  17  41   0  10   0   0   0  20   0  50  49   0   0   0  12  49
   0   1  39   0   0   0  40   5  32   0   0  23  43  37   0   0   0   0   0   0  41
   0   0   0   0  15  32  46  47   0   0   6  22   0   0   0  46   0  47   0   0
  24  15   0  14   0  30  24   0  11   0   9   0  47   0   8   0   0  18   5
   0   0   0  30  16   0   0  27  21  13   0  37  49   3  32   4   0   0
  33  29   0  45   0   0   0   0  46  13   0   5   0   0  15  34  28
  11  27  47   0  43  46  16   0   0  49   0  44   0  10   0   0
   0   3   6  25   1   0   3  10   0   0   6   0   0   0   0
  40   0  25  50  33  15   0   0   0   3   4  49   0   0
  14   0   0   0   0   0  23   0   0   0   0  35   0
  46  12   0  20  46  19   0   0   0   1   0  33
   0   0   0  13   0   0   0   0   0   8  42
  19  12   0   0   0  45   0   9  26   5
   0   0   0  41   0   8  39   0   0
   0  21  16   3   0  31  44   0
   0   0  10   0  16  36   0
  35   0  45  29   0   7
   0   0   0   0  31
   0   0   0   0
   0   0   0
   0   0
   8

 518
  16  13  11   3  25   9   4  16   6  10  18  19  17   5  19  10  12  20   4  12   1   1   6   9  18   3  23   8  14  10  17  14  25  13  18   3  22  10   2   6   3  18  19  16   1   2   5  20  24  18  21  25   4  18   7   2   7  10   6  16   7  11  21   9  25  18  14  22  20  21   1  25   9   3   1   4  22  19  12  21
