  80 
   4  39   0  40  11   0   0   0  24  32  36  42  15   0  37  19   0   0   0   0  40   0   0   0  24   0   0   9  30  15   0   0   0   0  27  15   0  40   0   0   0   0  21  27  50  42   0  42   0   0  20  45   0  12   0   0   0   9   0  29  24  28   0  10  49  12   0  30   8  24  44   0   0  27   0   0   0   0  20  45
  22   0  42  27  21   0   4  40   0  42  44   0   0   0  50   0   0  43   0   0   0   0   0  25   0  14   0  44  16  35   2  31   0  16  21   0   0  23   3   0  41   1  13   7   0  22   0   0   4   0  48   0   0   0  34   0   0   0  30  29  33  10  12   5   0  44  35  37   0  36   0   9  49   7   0  21  29  29  46
  26  47   0  32   0   0   1  38  23  12   0  39   0   0  37  42  15  20   0   0   0  37   7  25  47  39  17   0  29   0  27   4  12   0  28  19   0   0   0   0  20   0   0  14   5  20  49   0   0  30   2  11   7   0   0   0   4   0   1  34  28  31  25   0   0   0   0   0   0  23   0  32   0  21   5  28  42   0
  32   6   0   0  18  46   0   0   2   0  38   0   0  35  22   3  27  37   0   0  45   0  31   0   0   1  21  46   0   0   0   0  41  45   0   0   0  14   0  33  16   0   0  49   0   0   0   0   0   0   0   0   0   0   0  14  22   0  29  35   0  29  29  23  19   0  13  14   0   0  22   0  46   5  18  44  29
   0  25   0   0  45  31  43   0   0   0  18  38  45   0   0   0   0   0   0   0   0   0  23   0   0   0   0   0   0  27  38  29  25  23  14  50   0   0   0   0  41   0   0   0   0  16  41  41   0  43   0   0  10  50   0   7   1   0  43   4   8  12   0   5   0  43   0  33   0   0  22  20   0  28  48  29
  14   0  21  29  45   0  18   0   0   0   0  29   0  32   0  34   0  13  27   0  13   0   0   0   0   3   0   0  44   0  26  18   0   0   0  35   3   0   0   0  49  35   0  34  16   6  40   3  39   0   0   0  33   0   0   0   0   0  15   0  41   0  37   0   0   4   5  25   0   0   0  35  23   0  20
  11  46  29   6   8   0   0   0   0   0   0   0   0  45   0  20   0   0   0   0  48  16  35  21   0  33  22   5   0  35  30  36  12   5   0   0   0   0  18   0   0  35  28  41   0  19  12   0   0   0  40  40  19  14   0   0   0   0  41  33   0  35  38  23   0  45   3   0  34  37  43   0  22   0
   0  17  20   0   0   0  42  48   0  20   0  12   9   0   0  38   0   0   0   5   0   0  37   0   0   0  21   0   0  31   6   0   0   0  19   0   0   0   0  39   0   0   0   0   0   5   0   0  23   6   0   0  12  50  31   0   0   0  29   0   0   0  20  13   8  46  41  33  47   0   0   0   0
  16  37  43   0   0   0   3   5  21   0   0   0   4   0  35  28   6   0  17  48   0  47  48   0   0   0   4   0  34   0  50  21   9   0  19  44  39  33   5  41  47  23  32  45   0  36   0   0   0   0  44  13   0   0  50  18  42   0   0   0   0  18   7   0   0   0  34   0  10   0  26  25
   0  40   0  36   0  32  28   0   0   7   0   0  12  39   6   0   0   0   0  30   1   0   0  11  46  49  14   0  23  39   0  40   0   2   0   0  41  43  27   0   0   0   0   0   0  27   0   0   1   0   0  33   0  36   0  28   0  36   0  34  37   0  32   0   8  46   9  24   0  11  49
   0   0   0   5   3  19  25  44   0  24   0   0   0   0   0  22   0  10   0  28   0   0  32   0  38  22   0   0  36   0  16   0   0   0   0   0   0   0  11  50   0  33   0  42  42   7   0  36   0   0   0  20   5   0   0   0  25   0   0  27   0   2   7  36  16  49   0  33   0   7
   0  11   0  13  50   0  13   0   0  10   0  15   0   0   0  27   0  40   0   0   3   0  11   0   0  46   0  30  24   0   0   0   0  38   0  38  43  13  26   0  39   0   0   0  43   0   9   0   0   0   0   0   0   0   0   0  20  42   8   0  42   0   2   0   0   0   0  14   0
  33  22   0   0  42  34  45  41  40   0   0   0   0   6   9  13   0   8  14   0  47  28  18   0   0  49  36   0   0   0   0   0  43   0  30  34  18   0  13  19  46   4  49  36   0  36  44  11   0   9  22   0   0   0  50   0  13  16  21  24   0  11  45   0  47   0  46  44
  48  26  21  21   0   3  25  17   0   0  45   0  14  25  31  18   0   0   0   0   0  32   0  17  16   0  21   0  32  15  33   0   0  40   0   0   0   1   9   0  21  35  28  49  18   1  30   0   0   0  10  15  24   0  37   0   5   0   0   0   0   0   0  48   0   0  23
   0   0   0  27   0   3   0  30  47  47   0  48   0  47   0   3   4  36   0  19  50   0   0   0  22   0   0   1   0  22   0   0   0  32   0  16   0   0  30  43  25  42   0  44   9   0  25   9   0  25   2  48   0  29   0  34  14  14  11  22  40  28  34  34   0   2
   0   0  21   0   0  39   0  31  32   5  19  37  40   0  38  25   0  43   0   3   0   7   0  26  11   0  40   0   0   0  39   2   0   0   0   0   0   0  50  20   0   0  40   0  37   0   9   0  37   0   3  22   0   0   0  13  19  11  43   0   0  43   0   0   1
   0  14  12   8  16  27   0   0   0   0  28   0   0   1   0   0   0  33   0   0   0   0   1   0  18   0   0   0  16  41  42   0  43  10   2   0   0  31   0  43  26  10   9  50  50   8  48   0   0   0  19   0   9   0   0   0   0   0   0   0   0   1   0   0
  50   0   0  28   6   0   0  33   0  49   0   0   0   0  45   0  48  30   0  20   0  18  47  48   0   6  32   0   0   0   0   0  34  36   0  15   0   0   0   0   0  11   0   0  39   2  43  48   0  14  33   0   0   0   0   0   0  41   0   5   0   0  46
   0   0   0  47   0  20  23   0   0  32   0   0   6  42   8   0   4  13   0   0   9   0  15   0   0   8  44  50   0   8   0   0   0   0   0   0   1  31   9  27   0   0  27   0   0   0  16  36  48  47  48  30   0  31   0   0  38   8   0   0  32  47
  11   0   8  10  47   0   0   2   2   0  33  10  47  27   0   0   9  11  22   7  37  31  11   0   0  31  30  22  14   9  28   0  19  17   0  21   8   1   0  27   0  12   0  40  45   0   0   0   6  28  38  20   5  33  24   0   0   0   0  41   0
  27  26  26  30   0   7  42   0  12  27   0  34   0   7   0   0   9  23  25   0  20   2   0   0   0  20   0   0   9  36   0  18   0  38  33   0  22  45   0   0   0   0   0  28   0  50   0   0   0   0   0   0  13   0   0  47  27   0  44   4
   2  23  49   0  50  29  16  21   0  45  35  24  18   2   0  14   7  25   8   0  27   0   0   0   0  30  41   0  29  11   0  46  32   2  47  41  15  24   7  23  14   0  12   0  22  17  44   0  47   2  10   0   0  39   0   0   0   2   0
   0  27  41  17   0  30  36   0  37   0   0   0  23   2   0   0   0   0   0   3  21  23   6  44  46  28  22   0   0  43   0  43   0   0   0   0   0  21   0   0   0  16  13   8   0  18  40   0   0   5  12   8  29  15   0  21   0   0
  31   0  47  37   0   0  18   0   0  10   0   0   0  14   0   2   0  32   0   0  39   0   0  32  10   4  28  16  49  33   0  29   0   0   0   0   0   0   0  41   6   1   0  30  11   0   0  49  47  25   0   0  33   0  47  37   0
  33   0   0  11   0  29   5   0   4  15   0  15  10   0  12   0  18  36   0   0   0   0  43   0   0   0   0  17   7   0   0  47   3   0   0   0   0  41  10  12  46  15   2  20   4   0  42  29   0  47   0   4  46   1   7  18
   0   0   0   0   0  24   0  35  10  18   0   8   0  16   6   1  14  30  21   0   9   0   0   0  40   0   0  14  39   0   0   0   0  38   0   0  35  43   0  31   0  25  12   0   0   9   4  25  10   0  34  17   0   0   0
   0   0   0  23   0  26  14   0   0   0  39  42   0  26   0   0  17  45  30  19  27   0  15   0  36  34   0  14   0   0  13   0   0  25   0  15  24  25   0  40   7   0   0  28  37   0   0   0  14  48   0   0  43   0
   0   0   0   0   0   0  44   0   0  13  17  33   0  37  15   0   5  14   0  20  42   0  18   0   0  50   0   0   0   5   0  32   0   0   0  13   0  44   0   0   0   0  32   0  10   0   0  15   0   0   0   0   0
   0   0  42  45   0   0   0  13   0   0  18  46   0   3   0   0  38   0  39   0   0   0   4  35  10  31  42  17   6  10   0   2  36   0  29   8  37   0   0   0  47  25  16   0  43   0  11   0   0   0   4   0
   0  47  14  45   0   0  17  41  35  34   2  50   0  17   0   0   3  11   0  11   0   0   0   0  46   0   0   0   0   1  12  14   0   1  29   9   0   0   0   0  41  11  33   0   0  46  16   0  18  49  48
   0   0   0   0  29   0   0  44  41   0   0   0   0  32   0   6  46   0   0  23   0  50   0   0   0   2   0  15  30  37  46  25   0   0  33  13   0   0   0   0   0  22   0  49   0   0   0   0  34   0
  15   0  21  24  50   0   0   0   0  16  50   0   5   0   0  25   0   0   0   0   0  30   0   6   0  19   0   0  19   0   9  20   0   0  20  38  31   0   0  47  39   0  28   0  18   0   0   0  31
   0  50  20   0   0  22  27   0   0   0   0  25   0  48   0   0   0   0   0  49   0   0   0  10   0   0  41   0  48  25   0  16   0  11  17  44   0   0  41   0   0  41  44   0   0   0   1   0
  36   0   0  48   0  46   0  12  39  14   0  17  23   0  44   0   0  29  17   2   0   1  33  35  42   0   0   0   0   0  49  38  28  38   5  26   0   0   6  42   0   0   0   0  12  37  10
  25  28  31  28   0   0   0  35   0   0  33   0  49   0   0   0  17   0   1   0   0  46  25   1   0  41  23   0  49   0  33   0   0   0   0   0   0  41   0  47   0   0   0  19  25   0
  36   6   0   0   5  19   0   0   0  12  40  28   6   0  40  43   0  30  40   0   0  50  11  18   0   0   0   0  44  35   0   0   0   0  10  27   0   0   4  16   0   0  11   0   6
   0  34   0  41   0   0  34  15  29   0   0   0  43  41  49   0  40  34   0   0  14   0   0   0   0   0   0  42   0   0  48  25   0  46   0   8  42  15  13   0   0   0   8   2
  37   0  44  24   0   9  50  16   0  17  35   0  13  49  43   0   0  35   0   0   4   1   0  20  25  41  44   0  22  34   0  20  45  14  39  36   0  18   7   0  35  31   0
  29  47   0  21   5   0   0   0  37  38  25   0   0   0   0   0   0   0   7  45  10   0   4   0   7   0  29  48  37   0  14   0   9  34   0   0   0   0   0   0  28   0
  43   0   0   0   5  35   0  48   0   0  42   0  25  49  35  22   0  50  26   0   0   0  44   0  40   0   0   0  10  48   0  42   0   0   0   0  14   0   0   0   0
   0   0  22  46  48   0   0   0   0  46   5   0  44  13   0   0   0   0  48  13   0   0  31   0   0   3   0   0   0   0   0  41   0  48   0   0   0   0  13   0
   0   0  39   0  12   0   0   0   0   0   2   0   0  45  12   0   9   1   0   0   0  30  45  34   0   0  10  14  12  15  37  33   0   0   0   0  38   0   0
   0  41   0   0  11  35  41   0  39   0   0   0  39   0   0  37   9   0  46   0   0   0   0   0   0  45  39   6  24  21   0   0   0   0  10  13   9   0
   2   0   0   0  49   0   0   0  24   8  11  15  16  24  38  30   0   0  23   0  35   6  40   0   0  28   0   0   0   0  49   0  20  17  11   0  36
   0   6  46   4  41  50  43  17  39   0   0  14   0  14   0   0  41  12  40   0   0   0   8   0   0   0   0   0   0   0   0  30   0  41  35   0
  19  24   0   0   0  40   0  43   0  14  19   0   0   0   0  17  45  13   4   2  48  29   0   0   0   0   0   0   0   0   0  12   0   0   0
   0  11   0   0  36   0  46   0   0  28   0   0  21   0   9  27   0   0   0   0   0  29   0  22   0  19  21   0   7   0  18   0  21   0
   1   0  35   0  41   0   3   6   8   0   0   0   0   0  30   4   0  27  39   0   0   0   0   2  28  34  42  30   0   0  26   0  40
  45   5   0   0  47  44   0   0  41  17  45   0  33   0   0  12   0   0  17   0   0  48   4  39   0   0  48   0  36   0  32   0
   4   0  18   0  21   0   0   0   0   0   0   0   0  21   0  33  25  40   0  43   0  19  17   0   0   0   0   0  27  46  46
  20   0  41   0   0   5   0   8   0  43   0  30   0  32   0   0   0  48   0   0  36   0  30   0   0   0   0   0   0   0
   0  31   8  10   0   0   0   0   0  39   0   0   0  22   0   0  40  35   0   0   0  41  20  46  22   0  35   0  42
   0   0  13  36   0   0   0   0  34   0  17  37   0  39   0  19   0   0   0   0  17   0  29  50   0  50  45   0
   0   0   0   9   0  29  44  38  24   0  20  15   0  34   0   0  33  37  44   0  19  33   0   0  45   0   0
   0  34   0  26  49   9  34  33   0   0   0   0   0   0  48   8   0  49   0  47  46   0  46   0   0   0
   0   0   7  45   0  31   0  14  14  17   0  49   0  18  41  33   0   0   8   0  37   0   0   0  13
   0   2   0   0   0   6   0   0  40   0  35   0   4   0   0  48   0   0   8   9   0   0   0  40
  43   0  42  28  10   0   0   0  17  18   0   0   0   0  42   0  10  30  42   0  26   0  21
  26  45   0  14   0  32   0  12  42   0  37   0  46   0   1   0   0  37  17   0  40  37
  36   0   0  34  25   0   0   0   0   0   0   0  35  28   0   0   0   7   0   0  38
   0   9  41  32  11   0  49  18   0   0  41  37   0   0   0   0   0  15   0   0
  47   0  42   0   1  21   0   7   0   1   0  33   0  28   0   0   0   5   0
  15   0  18   0   0   0  12   0  37  38   0   0   3   5   0   0  25  48
   0   0  39   0  32   0  31   2   0   0   0   3   0   0   0   9   0
  37   0  35   0   0   7  30   0  49   0  16   0   0   0  48   0
  17   0   0  17   0   0  49   0   0   7  50   0   0   0   5
   0   0  28  45   0  11  16   0  21   0   0   0   0   0
   0   0  27  17   0   0  18  10  47   0  34   0   4
   5  15   9   0   0   0   0   0   0  41  43   0
  21  31   0  29   0   0   0   9  16  43   0
   0  49   0  40   0   0   0   5   6   6
   4   4   0   0   0   0  25   0   0
  20   0  12   0  35   0   0  49
  28   0   0   0   0  33  43
   4   0   8   0  25   0
  24   0   0  22   0
   1   0   7   0
   5  47   0
  33  26
   3

 783
   5   6  24   4  22  15  18  10  23  20   6  17   4  21   1  23  15  16   7  22  12  25  18  19  16  14   4  22   3  15  16  23  16  22   9  23  11   9   2  14  24   2  19   8   3  18   5  19   8  25   7   2  21  11   1   5  11  10  20  19  12  11   4  23  11  13   4  19  12  11  17  20   5  24   8  25  16  19  19  24
