  80 
  43   0  35  21   0   0   0   3   0  32  36  19   9  42   0   0   0   0  43   0  40   0   0  16  50  20   0   0   0   0  29   0  25  16  46   0   0   0   0  27   4   0  49   0  16   0  40  41   0  31   1  42  20  26   0   0  13   0  33  18   0   0  14   9  24  13   0  44  45  16  16   0   0   0   0  35  46   0  46   0
  33   0  39  50  28   0   0   0   0   0  28   0  24  27   0   0   0   4   0   0  34  24  38   4   0   0  32  23  27   0  23   0   0   0   1   0   0  18   0  45   0  42  33   0   0   0   0  44  50   3  44   5   0  11  19   0  42   0   0   0   0   0   0  21   0  25  26  49  31  45  21   0   0  30   0  44   0  18   0
   0   0   0  23   6   0  45  42  18   0  25  50  15   0   7  17  15   0   0   0   0  31   0   0   0  42   4   9   0   0   6  36   0  34   0   0  47   0  23   0   0   9   0  43   0   0  15  26   0   0   0  19  43   2   0   1  49   5  43   0   1  24   0   0   3  34  13   0  40  28   0   7   0   0   0   8   0   0
  12   0  39  13   0   0   0   0  19  32   2  12  28   0   8  43  35  46   0   0   0   0   0   2  10   0   0   0   8   0   0  21   0  35   0  18  20   0   0   0   3  25   0   0   0   0  20  30  22  15   0  29  13  47   0  20  45  27   0   0  23   0  22   0   0  13   0  49   0  36   7   0  32   0   0   0  35
  16   0   0   0   4   0  13   0   8   0  12   0   0   0   4   0   0  35  16   0   8  23   3   2   0   0   0   0   0   0  23  40   9   0   0  35   0   0  28   7  16   0  25   0  49  47  28  14   0   0  22  29   0   3  16  49  35   0   1  10   0   8  15   0   0  36   0  26   0   0   0   0  12   0  18   0
   0  37  17  29   0  14   0   0   3  10  33  43   0   0  40  43  26  35   0  18   0  40   0  32   0   0   0   0   0   0   0   0  49   0   0   0  31   0  48  48   0   0   0  47  12   0  20   0   0   0   5  26  48  49  19   0   0   0   0  39  38   4  18   2   0   7  30  39   0   0  21   0   0   0  14
  19  31   0  35  43   0   0  19   0   8   0   0   0   1   0  32  17  35   0  32  28   8  38  14  12   0  49  14  39   0   0   0   0  37  11   0  30  26   0   9   0  10   0  28   0   0   0   1   0  29  22   9  33   1   0   0   0  18   2  43   0  41   0   0  49  46   2   0   0  12  40  46  38  40
   0   0   0   0   5  39   6  47  37   0   0   5   0   0   0   0   3   0   0  18  39   1   0  16   0   0   0  47  14   0   0  20  22   0  42   0   0   0   0  29   0  50   0   8   1   0   0  25   0   0   0   8  13   0  31  30  13   0  12   0   0   0   0  29   9   0  11   8   0  16   0   0  23
   0   0   0   0  14   0   0  34   0   9   0   0  19   0   0   0  42  38   0   0  16  17   0   0   0   0   0   3   0   0   0   0  46  28   0  44  18   0  44  16   0   0  41  44  40  11   2  21   0   6   0   0   0   0   1  43   0  37   0  46  24  17  12  17   0   0   0   0   8  46   0   0
   0   5   0   3  46   0  36   0  36  45  40  34  17   0   0  31  17   0  31   0  46  19  11   6   0  35  20   0   0   0   0  27   4  46   0  41   4   6   0   0  40  32  20   0   0  43   0  21   0   0  41  38   0  27  42   0   0   0   0   0  27  17  10  11   0  36   0  20   0   0   4
   0   4  50  21   0   0  44  20   9   0  19   7   0   0   0  35   0  47   0   0   0   0  33  24   0   8  37  12  41   0   0   0  20  19  17  22  39   0  39  41  11   0  14  13   0   0   0  17   0  48  44   1   0  14   0  49   9  14   0  41   0   0   0   9  17  17   0   0   0   0
   0  16   0   0  22  45  16  50   0   0   0   0  43  15   0  24  26   3  37   0  42   0   0   0  15   2   2  50  30   0   0   0  17  40   0   0   4  10   0  26   0  41   0   0  46  19  21  46   0   9   0  39  19  36   0   0   0  41  39   0  20   0  16   5   0   0   0   0  25
  50   0  46   0  46  17   0  29  40  23  36  15   0   0   0  20  46  26   0   7   0   0  34  49  23  48   0  50   0  38  42   0   0  10   9   0   0  25   0   0  50   0   0   0  16   0   0   0  46  16  23   0   0   0   0   0   0   0   0  45   0   0   1  29   0   0  40   0
   0   0   1  41  48  36  27  49   0  42   2   0   2  26  22  38  46  41   0   4   0   0   0  46   4  19  33   0  11  13   0   0  12   0  41   0   0   0  44  45   0  27  12  41  49   0  11   0   0   0   0   0  12   0  34   0   2   0   0   0   0   0   0   0   0   6   0
  40  32   0  13  34   0  11  20   0  16   8  16  18  26   0   0   0  33  34   0   0  27   0  36   4   0  10  48   0   0   0   0   0  29  33  41   0  22   0  48   0   0  30  20  29   0   0   0  42   0   0  43  22  18   7  16  25  15  34   0   0   0   0  12   0   0
   0   0   0   4   2   0  17  12   0   0   0  31   0  41   0  29   0   0  40   0   0  42   0   0   0   0   0   0   0  32   0   0   0  33  34  23   0   0   0   0   0  10   0   0   0  41  34   9   0   0   0  24   0   0   0   0   5  18  41   0  33   0   0   0  24
   0  46   0   0  46   0   0  11   0   0   0  45   0  36   0  14  47   0   0  22  28  26  43   0   0  30  22  28   0  21  14   0  32  39  47  35   0  40   0  41   0  17   0  31  34   0   3   5   0   0   0  39   0  41  14   0  34   0   0   0  40  46   1   0
   0   0  22  15   0  37   0   0   0   0   0   0   0   0  11  41   8   7   0   0  47  11  23   0   4   0   0   0   0   0  49   9   0  16   0   0  43   0   0   0  26   0   5   2   0   0  23  44   0  27  42   0   0   0   0  23  13  26   0   0  14   0  12
   0   0   0   0  14   0  38   0  24   0   0  26   2   0   4   0   0   9   6   0  21   0  41   0   0  38  22  28   0   0   0  32  50  48   0  48  46  11   0   0  39  27   0   0  35   0  18   0   0  34  26   0   0   0  18   0   0  43  34  47   7  13
   0  11   0   0  29   0   0  32   0   0  46  41   0  43   0  27   0  33   0  20   0   0   0   0  49   0   0   0  43  31   0  26   0   0  20  30  46   0   0   0   0   7   0   0  20  48   0   8  23   0   4   0  10  40   0   0  49  15  28  40  17
  50   0   0   0   0   0   0  23  29  32   0  23  19   0   0  43   0   0   0  28   0   0   0   0   0   0  50  33  48  37  40   3   0  22   2   0  35   0  16   0  30   0   0   4   4  39   0   3   0  35  16   9   0  48  29  11  11   0   6  31
  32   0   0   0   0  21   0   1   0   0   0   0   0  28  12   0   0   0  14   0   0   0   0   0  44   0  41   0   0   0   0   0  26   0  27  15   2   0   0   0   0   0  18   0   4  26   0   0   7  21   0   7  23   0   3   0  37  21  35
   0  27   0  41   5   0  44  37   0   4   0   0   0  46   0   0  24  40   0  47   0   0  30  16  34   0   0   0  18   0   0   0  31   0  30   0  15   0  17   0  24   0   0   0   0   0   0   0   0   0  33  19  35   0   0  35   0  34
   0  11   0   0  41   0  30  46  44  13   0  13  44  23   0   0   0  43   0   0  13  17   0  42  42   0   6  33  23  36  34   0   0  12   0   0  13   0   0   0   0   0  19   0   0   6   0  11  38  43   0   0   0   0  42  34   0
   0   0  19   0  12   0   0   0   6   7   0  17   1  33   0  20   0  37  39   0   0   0  50   0  43   0   0  48  14   5   0  39  41  19  45   0   1  38  40   0   1  22  40   0   0   0  39  43   5  29  25  48  34   0   1   0
  45  36   0   4  44   6   0   0   0  26   0  20   0  41   0   0  43   0  49  36   0   0  28   0  37  44   0   0   0   0   0   0  47   0   0   0  37   0   9   0   0  23   0  23   5   0   0   8   0  26  21   5   0   0  14
  19   0  37  18  44  49   0   3  15  34   0  49  22  48   0   0   0   0  21   3  44  26   0   1   0   0  16   5   0  40  31   0   0  48   0  27  15  38  44   0   0  42   0  49   0  23   0   0   0  49   0  34   0  25
   0  37   0   0   0  19  17   0   0   0   3   0   0   0   0  33   5  44  36   0  43   6  12  28  22  35   0   0   0   0   0   0   0  17  27  30   0  39  46   0  15   1   0   5   0   0   0  28   0   0   0   0   0
   0   0   4   7  46   0   0  24   0  36  32   0   0  26  31   0  28   0   0   0   0   0  41  43   0   0   0   0   0  20   0   0  14   0   2   4  29   0   0   0   0   0  12   0   0   0  14   0   0  42  19   0
   0   2   5   0   0   2   0  17   0   0  49   0   0   5  22  13   0   0  20  17  16   0   0   0   0  34   0   0   0  48  43  50   0   8  21   0  46  17  28   0   0  25   0   0   0  11   0  21  41   0   8
  18  34   0   5   0  11   0   0  10   0   0   0   0   0  38   0   0   0  29  12   0   0  14  49   0   0  35   0   0  13   0  10  24  50   0  43  11   0   0   0  29  30  30  47   0  45   9   4  32   0
   0  14  10  35  37  36   6   0   0   0  18   0   6   2   0  20  30   0   0  46   0  43   0   0   0   0  42   0   0  26   0   0   0   0   0   3   0  11   0  38   0   7   0   0   0  31   0   0  39
  19   0   0   3   0  20   0  19   6   0   0   0  50  47   0  34   0  14   1  34   0  40  28   0   0  44   0   0  33   5   0  11  42   0   0   2   0  29   2   6   7  25  26   1  11   0   0   0
   0   0   0  27  26  37   0  10  19   0   0   0   0  23   0   0  16   0   0  41   0   0   0  46   0   0  22  14   3  18  39   0   2   0   0  18   0  18  16   0   0   8   9   0   0   0   0
   0  26  48  15   0  35   0   0   9  22  11  10   0   0   0   0  39   3   5   0  45  46   0   0   0   0   0  32   0  50  11   0   0   0  36   0   8   5  44   0   0  37  48  44  19   0
  25  33   0  21   0  35  36  16  38   0   0   0  21  23  14   0   0  45   0   0   0   6   0   6   0   0   0   0   0  45   0   0  39  17  19  24   0  10   0  22   0  16   0  18  39
  45   0   0   0   6  28   0  35   0   0  47   0  19  21  18  26   0   0  17  18   2  44  33   0  41  21   0   0  37  41   0  40  37   5  29   0  10  10   0   0   0  37   4   0
   0   4  43   0  32  20   0  41  23  14   0   0   0  46   0  10  15  40   5  29  23   0  49  33   0  12   0  10   0  23   0  49  14   0  18   0   5   0   0   0   0   0   0
  49   0   3  24   0  37   4   0   9   0   0  38  44   0  37   0   0  14  33  24   4   0   0   0   2   0  26  32   0  46  40  47  32   0   0  18   0   4   0   0   0   0
   0   0  34  35   8   0   0   0  42   0  39   6   0  18   0   0   0   0  48  29  46  32   2   0   0   8  36   0   0  38   5  50   0   0   0  11  40   0   0  47  17
  17   0  29   7  24   0   0  41   0  29   0  50  27  32   4  48  48  28   0  10   0  30  16   5  21   0   0   0   0  15   0  31   0  41   7   0   0  50   0  50
  41  37   0   9   0  47  42   0   0  30  22   0  20  21  36   0   0  39  36  48   0  27  43   0   0   0  49   0   0   2  18   0  13  35  26   0   0   0   0
  43   0   0   0   0  29   0  41   0   0  30   0   0   0  41   0  48  11  25   0  39  39   0  16  45   0  35  47  13   0  45  29   0  29  43   0  16   0
   0  39   0  41  43   5   1   0   0   0  19  19  25  48   0  34   0   0  12   0  26   0   6  24   0   0   2   0   0   2  16   0  48   0   0  33   0
   0   0   0   0  38   0   0   0   0   0  30   0  37  15   0   0   0  10  17   0   0   0   0   0  19  46  46  38   0   7  25   0   0  30  46   6
  40   0  26   0   0  37  45  35   0   0  14  46  10   0   0   0   0   6   0  23  47  37   1   3   7   0   8  22  17   0  19   0   0   0   0
  21   0   0  46  21  17   5   0   0  11   0   0   0   6   0  32   0   0   0  26   0   0  11   0  33   0   0  40   0  22   0   0   5  21
   0  16   0  30   0   0  28   1  25  33   0  31   0   0  16   7  45  28  46  40   0   0  43   0   0  32   0  14   0   0   5   0   0
   0   0  23  34  35   2  38  44   0  31  30  20   4   0   0   0   0  18   0  28   0  38   0   0  15  39   0  27  37   7   0   0
   0  49   0  18  23   0   0   1   0   0   0  36   0   0   0  12   7   0   0   1   0   0   7   0  24   0   0  32  16   0  35
   0   0   0   0  28  25   0   0  25   5  19  10  47   0   0   0  43   0  38   8   0  11  45   0  46  31  32   0   0   0
   0   0   6   0   2  28  22   0  24  27   0  18  19  43  32  33  15  21   0  50   0  38   0   4   0  11  11   0  44
   0   0  11   0   0  22  16   0   0  42  39  35   0   0   1   0   0   0  27   0   3   0   8   0  23   0  26   0
   0  47  48  34  10   0   5   0   0  37  19  40  45   0  27  37   0   0  17  41   0   0   0   0  24   0   4
  22   0  23  40   0  34   0  35   0   6   0  14   1   0  44   0   0   0  36   0  32  32   0  17  40   0
   0   0   0  34  48  21   9   5   0  24   0  19   0   1   0   0  17  30   1   1   0   0  50   0   0
   0   0  44   0   3  27  23   6   8  49   0   0   8  49   0  33   0   0  34   0   0   0   0   0
   0   0  12   0  49   0   0   0  12  22   0   0   0   0  20  39   0  44  24   0   2   0  43
   0  15  45   0  16  29   0  27   0   0  29   9   0  32   0  20   7  14  39  42   7   0
   0   0   0   0  40  40  34   0   0  41  17  19  42   0   0   0  44   0  25   0   0
   0  20  25   0  16   0  34   4   0   0   0  43  30   0  37  41  45   0  34  27
   0   0  17  18   0  29   4  26   0  42   0   0   2   6  17   0  48   0  28
   7  36  32  43  10   0  30   0  27  14   0   0   0  45  49   0   6   0
  45  42  29   0   3   0   0   0  39   0  31  10  12  22   0   0   0
  21   0   0  48   0   4  24  30  21  34  40   0   0  15   0   0
   0   0   5  35   0  25  22   0  29  16   2   0   0  48  26
  38  48   0  35  40  10   9   0  14  24   0   0   0  21
   6   0  36  12  19   0   0   0  42   2   0   0  35
   5  44   9  27  46  32   3  18  43   0   0  36
  50  13   0   0  34   0  15   0   0   0   0
   0   0   5  46   0   4   0  39  19   5
  27  20  36   0  50  39   0  23   2
  29   0   0  19   0   0  14  50
   0   0  43   0  13   0   0
   6   0  21  38   0  10
   0   0   3   0   0
   2  30   6  20
  12   0   0
   0   0
   0

 851
  22   3  15  14   8  24   5  12  17   1   9  15   5  12  10   3  10   6  17   6   6  11  21  23   5   1   7  15  21  17  11   8   3  11  25  21  17   4  12  15   1   9  16  10   3  18  12  22   5  19   6   5  23  18  16  15  15  18  15  25  21   6  24   1   4  23   3  13   6   9  18  19  13  22  21  23  23  11   2  11
