  80 
  45   4   0  28  43  40  48  10   0   0  22   0   1  47   5  21  41   0   0   0  16   0  42  48  14   5  46  34   0  38  33   0  45   3   0  47  14  33   8  38   0  20  24  40  21   0  16  44  50  13   0  48   9  10  17  10   0   0  11   0  23  26  27   0  23  15  47   3  11  12  12   4  22  30  38  48  31  35  25   0
   9  24  18   0   0  48   7   9  23   0   0  46  42   0  11  34   0   0  44  28  31  50  23   9  28   1   0  36  24   0  11  45   0  37  32  27  18   0   6  38  39  48   0  12   0   3  32  47  45  21  38  15   0   6   0   8   0  39   0  23  32   0   0   0   0   0  11  25  31  31  11   0  33  50  15  47  36  36  31
  24  49  42   0  45   3  43   2   0  24   0  38  49  12   3   0   0  37  24  26  12  50  37   6  45  15   0   1  26   2  32   0   0   0  17  37  22   0   0  33  34   4   0  29  18   0   0   0   0  10   0  10  25   3  27  47  10  15  11  12  26  26  41  25  19  15   0  11   8  16   9  10  42   9  30  35  50  43
   1   0   9  13  18  41   0  17   0  21   0   0  32  12   6  50  43  16  22  15   2   5  21  48   8   8   9   0   0   4  18   0  50  30  19   0   1   0  21  44  17  19  45  15  27  50  32  50  36  22   5   9  39  33  30   0  26   6   0  46   0   0  26  26  18   0   0  50  18   0  50  25  16   0   0   2   6
  13   1   0  31   0  13  11   0  25  34  47  27  46  29  25  13  13  43  43  25  45   2  48   4   0  42  14   1  19  25   0   0   0   0  39  46  35  27  43  15   0   0  19  27   0  37  34  45   8  33  25  11  29   0   4  47   0  50  21  21  32  41   9  10   0   0   0  26  37   0   0  36  23  41  12  45
   0  49  21   0   0  47   9   0  11   0   2  10   0   9  40   0  36   0   1  47  44   0  40   0  47  25   0   6   0  19   9   0   8  43   5   0  16  14  15  22   0   0  10   0  32   0   0   1  24   9  25  12   0  26  40   0  32  28  36  34  22  32  27  35  12   7  14  38  24   0  23  37  47  35  38
  27  20  40  43  19  33  36  41   0   0  49  49  30  42  19   8   3  11   0  10  29   0  43   6  43  49  34   0  41  45  23   0  38   0  21  22  22  24   4  14  36  41  38  14   0  44  41  30  44  40  13   9  22   7  24   8   3   1  49  36   9  18   0   8  23  48  27  42   0   0  41  12  50  42
  26  31  11  47   7  19   9  35   6   0  32   8  26  29  33  45   6  12  15  10  41  41  47  22   0  50   0  46  34  25   0  10   5  16   0   0   1  19  47  42   0  28  36  10  30  19   0  27   0  41  30   0   8   1  27   7   0   3   5  19  18  28  12  16  30   0  49  30  12  28  24  41  35
  14  47  12  18  29  38  14  20  37  11  39  22   0  42  34   1   4  33   2  25   0  14   9  10  49  25  31  39   9  28  12  13  34   0  14  43  12  50   0  43  22  23  31   0  26   0  46  27  30   0   2  50  35   0  43   0  42  36   0  28  25  19   0  23  35  37  19  32   0  44   7   7
   0  11   0   0  48  18  39   8  33  29  10  33   0  42  48   0   0  11  36   0   0   6  41  14  27  42   1  19   0   1   0  32  50  39  26   6  47   2   0   0   0   3   5  31  11  34  19  29   0  14   0   0  33  26  14  25  28  30  27  30  30  26   0  30   0  20  13  29  47   0  27
   0   0  26   9  20  28   0  38  42   0   0   0   0   0   0  20  45  34  14  47   0   0  49   0   0   3   2   0  39  42   0   4  42   0  40  23  14  15  42  38  10   4  26  46  50  15  48   3  45  18  10  37   0   0   0  16   0   0   0  16   0  48   0   0  20  32  49  48   0   0
  36  21  47   9  33  36  31  46  41  27   0   0  34  39   0   4   3  45   0   0   0  22  25  23  31  29  38  30   0  23  14  33  11  36  44  45   9  39   0   0  38   0  32  44   0  39  47  50   0  24  37   2  20   8  40   0  22  32  45   0  44  47   0  18  13  49   0  33  18
  44   0  37  50  49   2  28  32  41  28   6  40  41   0   0  39   0  49  39   0   9  16  13  12  36  17  46   0  23  18  20  16  36  27  50  40  40   0   6  33   0  14  24   0  38   0  19  42  42   7   0   0  10  50   0  37   2  23   0  27   0   2   6  20  11   5  13  35
  22  49   0   0  17  29   2  23   5   0   0  45  35   2  40   6   0   0  12  50  17  19  12   6   0   3   0  11   7   5  14   3  13   1  28   0  24   0   0  44  30  24   0  12  50  48  30  33  50   0   0   0   9  31   1   0  17  47   0  28  41  48   0  26  41   0  43
   0  50  14  20  28  24   8  31  14  48   8   1  12   0   0  50  28   6  49  30  21   0   3  32  33  28  11  31   0  20  22  50  31   0  24  19  35   1  35   0  14  16  11  49  18  26  40  12  33   0  21  38  43   0   0  27  19  13  33   0   8  38   5  36  37  32
  44  50  25  33   0   0  46  43  21   9  14   0  25  25   0   4   0   0   0  30  49   1   0  15  31  50   0   0  41  49  50  25   0   0   6   2   0  21   0   0   0   0  37  42  44   1  22  43   0  43  26   6   0   0  37  24   5   0   7  48   0   0  34  24   1
   0  39  50   0  32  29  35   0  29  18  47   0  43  27   0   0   0  19  38   4   0  20  20   9  46  43   0  24   0   1   1  49  20  36  19   2   0  18  40  34  33   6  17   6  22   0  32  43   0   3  24  44   0   0   0  26   4   7  30   3  28  19  46  25
   8   0  25  42  42   0  32  50   0   8  15   9   6  37  37   1  45   0   9   6   0  50  29   8   2  24  35   6  33   0  13  25   0   0   9   0  33  42  12   0  33  48   0   0   0   0  19   5   8  14  45  25  19  13  30  42  16   0  19   3  22   0  18
   2  35   0  27   7  44   6   4  26  22   9  49   0  24  50  12   3  32  29  43  46  20   2   0  31  19  37   0  44  47  40   1   0   0  36   3   7   8  30  43   2  21  31   7   0   0  38   0  12   0  13   0  26  37   0   3   0  39   0   1  47  49
  31   0  17  45  44  30  36   0  40   0   0  15  29  42  48  10   2  43   4   0  41  16  20   1   7   0  39  48  20   0   0  38   8   4  50   0   0   0  28  31  34  15   6  41  35   1  14  40  36  11   6  34   7  22   0  46  47  40  23   4  11
   0  45  15   0  16  19  47   9  31   1  12  12  23   0  48   0  36  15  19   3   9   0  39   0  11  39   0  45   0  37  17   0   0  50  41   0  32   0   0   0  37  11  27  20  49  41  43  47  25  21  32   5  32  30   3  33  38  29   0   2
  16  13   7   9  42   0   0   8  25   0   0   0   0   0   0  17   4   0  39  50   7  30  31  35  49   0   0   0   0   0  48  33  20   0   0  14  33  38  22   3   0  17   5  28  36  35   7  20  43  29  14  10  45  39   7   0  18  15   1
  45  35  19   0  31   8  35   1   0  42  45   5  15  36  41  49  27  26  28  13  33   0  12  20  22  48   4  35   0  20  10   0   4  23  19  42  19  21  49   0  27  40  17  12  12  40  15  31  36  26   0  29  26  22  18   0   8   1
   6  41   5  17  37  49  22  30   0   0  23  26  27   0  35  50  49   0   0  36  27   0   0  15  30  14  44   0   0   0  50   5   7   0  20  21   0   2  28  12   0  31  22  16  47  31  10   2  20  39  38  27  18  36  29   2  27
   0  21  11   8   0  26  34   9   0  15   0  25  27   3  28   0  31  28  19   1  17  44   0   4   3   0  13  45  36  12  17   1  12   0  34  40  42  42  10   0   1  26  11   0  30   0  14   0  45  15   0  11  26   0   7  17
  50   0  23  12   7   0  39  21  29   3   6  21  36  49  48   0  38   0  12  19  38  32  39   0   6  24   0  30   0  10  46   4   1  38  46   8   1  17  22   0   0  26   0   0  24   0  42   5   0  10   0  20  13  39  19
  30  24  12   0  27  21  21  23  17   4  47  15  10  10   0   0   8  25  26   0  16  32   0   5  30   7  49   5   0  38  29   2   7   0   0  49  24  48  24  41   0  44  29  40   0  50  50  37  10  41  35  15  33  34
  29  23  39  48  30   8  17  44   0  19  28  22  49  45  16   0  21  16   0  16  39   3  22   0   0   0  45  15  40   9  41   7  16  41  33  26  41  38  10  40   9   0   0   0   0   0  10  18  27  35  29  10  37
  42   4   0   0   0  41   0   0   6  19   0   5  38  33   0  45  40  31   0  29  26   0   0  27   0   0  17  17  42  18   0  26   6  12  11  29   1  34  36   8  29  30  34  30   0  10  18   0  25  10  14  30
   0  39   3  17   0   0   0   0   0  48   0  47  41   0  38  11   7  30  25  40   6   5  29   0  30   8  35  11  12  40   0  17  42   0  41  24   0  25  11   7  27  24  27  41  34  34  34   0   0  39  35
   0   6   1  39   0   0  41  46  31  45   0   0  27  15   3   0  31  27  10   0  27   6  20   0  13   9  10  19  42   0  18   6  42  24  24  37  16  43  47   6  18  29  33   0  11  27  19   5  27   3
  41  38   5  48   0  45   0   0  13  33   0  41   0   0  25   3  37  13  24   0  50  12  17  50  18  29  30  32   0   0  42  20   0   0   0  27   7  28  39  24   2  18   2   0   3  12   0  14  50
  23  44  22  18   5   5  14   0  44  26   0  22  18  25   0   2  41  45   1  35  24  42  30  37   0  36  50   0  11  45   0  25  10   4   5  48   0  32  35   0   0  37  38  24  34  11  19   0
  30   1  40  46  50  37  29  49  36  21  29  43   7  27  32  35  26   8  31  29  48   0  19  24  42  12   0  48  27   9  26   2  11  32  11  18   8   0   0  39  46  17   0   0  34   0   3
   0   3   0  32  50   8   0  31   0  43  40   2  19  16   0   4  39   0   0  37   0  30  32   4  30  35   0  16  16  33  15  47  36  39   7   0   9  15   5   0   0  21  33  29   0  38
  39   0   5  34  22   3  10  32  28   0  29  13   0  50  21   0  46   0  46   0  28  42  15   0   1   0  43  21   0   8   8  17  44   6  38  13  19   9  10   0  50   0   0  50  47
  30  10  20  29  32  43  19   4  30   7   2  15   0  15  43   0  30  19  25   7   2   0  41   0   2   4   0   0   0  41  16   0   0   9  25  47  37   0   0  23  34   0   4  18
  11  12   4   0  27  14  21  47  10  23  11  32   0   2   7   0  19  21  36  15  23   0   9   0   5   0  18   0  13   2  20   0  21  49  12   4  49   8  19   2   0   9  32
  19  41  15   1  41  47   0   0   0   5  13  15  15  28   3   0   5  38  30  25   5  24  16   4  44   0  38  22   0   4  50   4   0   0   0  26   2  10  28   3   0   9
  46  23   1  35   8  23   7  45  44  13   7   0  44   0  19   3  14   6   0  38   4  42  34   0   0   0  23   0  10   6   0  40  43   0  36   3  35   0  19  44   2
   0   0  14   0   0   1  11  44   0  13  26  34  38  49  24  40  31  35   0  27  42  37  12   0  25  24   0   8   0  13   0   0   0  37   0  49  27  24  45   8
  29   0  24  16  22  37   1  12  10   0   2  21  20  45  22   0  45  28   0  30  20  41  26  40  12  24  26  43  22  40  32  29  20  50   0  27  16  39  18
  21   6  12   0  30   0  35  20  31   0  15   0   2  24   3  27  49  27  16  13   0   4   0   0   0   1   0  50  37   0  14  38  15  48  36  22  12  29
   0  27  22   0   7  14  37  23   0  24   0  14   0  33   6  50  19  21  16  36  15  35   0  22   0  23  19  18  37   3  49  30   0   0  12  42   0
  41  50  32  32   7   0   0  50   0  48  28  26  44  44  39   0  32  10  28  30  46   7  17   0  21  22   0   3  14   6  10  22  35  22   6   0
  20  32  37  16   0  22  24  24   1  20   4   5  22  11  14  50   5  28  44  18  50  11  31  41   0   4  42  30   4  42  34  40   0   0   0
  50  32  37   0   6   4  40   5  47   0  40  20  28  40  19   0   5  39   3  35   4  45   0   0   5  28   2  13  38   3   2   0  20   0
  49   9   9  35  19   3  49  49  38  22   0  17  11   0  29  48  29  24  25   0  16  32  22  35   6  10  15   0  26  24   0  26  47
   0  16  27   0  41  48  41   0  33   5  42  47  19  42   7   7  33  29   4  43  48  50  24   0  50  37   0   0  21   2  21  38
   0  12  35  50   0  22   6  27  32   0   1  23  18  38  16   0   0  18  35  27  20  49  19  26  23   9   8  48   0  28  43
  20   0  23   0  29   0   7   7  48   2  23   0   5  38  11  20  37  45   5   0  16  10  41  45   7   1  48  36  26   0
   0   0  24   5   0  16  47   0  30   8  19  12  15   0  49  39  19  13  19  36   0  16  44   6  28  29  39   0   0
  34  30  32   0  32  30   1  32   0   5  26  24   0   0   1  20   7  44  30  30   0  23   0   0   0  44  43  14
   9   0   0   4  49  17  50  47  46  40  48   0  27   6  11  33  16   7   2  24   0  28  48   0  16   0  23
  26   5   0  28   0  19  40  49   0  24   7   0  38  22  26  36  21   6  19  23  35  45  16  22  22  18
  19  35  33  49  24  40  22  48  46  14  32   8  38   9  38   0  36   1   8   5  43   6   0   4   7
  49   5  47  26   0  49   0  27  42   9  24  44  39   0  27  32   0  12   0   0   0  10   7   0
  22   0   4  29  49  27   4  26  33   0  24  23   0   0  42  23  32   0  40  28   0  16   0
  34   9   8   0  22   0   3  11  35   0   0  13  32   6   0  12  11  32   8  39  12   0
  32  26  18   0  36  26  31  17   1   0  15   3  33  50  46  38   9  10  49  16   0
   6   0   4   5  46  24  47  23  22   0   0  26   0  44  50   0   8   0   0  15
   1  29  18  30   4  39  45  32  41  49  42   4  38  48   0  16  18   0   0
  39  39  34  47  40   2  34   1  20   0   4  17   0  17  21  23  45  47
   0  40  15   0   0   0  41   0  33   0   6   1  21  47  20  43   8
  34  16  27  41   0  45  29  14   0  19  26   0   4   0  32  50
   0   0  24  50  34   0   0   0  20   0  10  48  49   9   0
  33  14  50   1  38   8  35   0  43  37  49  18  29  27
   0  25   0  37  50   3  26  26  44  36   7  40  45
  18  40  32  11  28   0  36   8   0  49  24  32
  26  14   0   3  41  24  15  18  49   0  14
  48   0  35   0  48   0  49   8  37  38
  26  26  10  46   8  28   5   4  17
  10  49   0   0  42  22  11  31
   0  10  23  12   2   0   0
   0   7  28  31  43  15
   6  46   0  22   0
  39  34  26  48
  20  22   0
   1  26
  40

 648
  16  19  18  18  16  15  22  14  25   4   1  19   5  19   5  25  21   3   1  24  17  17   4  17  19   6  15  12  10  25  15   4  24   1   6  10  16  11  21   3  11   1  20  24  24   5  20  25   2   5   1  20  19  22  19  17   8   6  22  12   1  19   6  14  16   2  16   4  24   9  18   8   2   4   2   5  24   5  14  23
