  80 
  47  46  33  32  20   0  39  17   3   0  46  17  30   0   0   0   0   0  17   0  40   0  27  47  31   0  31  14   0  36   4  37  15   3  38  33  23  44   0  15   0  35  11   5  34  46   0  22   0  19   0  50  23   0   4  45  39  34  12  46  20  12  26  37  30  10   7  23  50  31  42   0  41  36  40  39  31   0  49   3
  15  33   4   0   0  22  23  28   6  11   3  21  37   1   0  25   8   0  40  29  32  38  38  39  11   0   0  14   0   2  16   6   0  18  46   0  32   0   2   0  22  38  39  21   2   0   0   0   0  46  18  18  21   0   0  37  10  32  49  23  26   0   0   0  27  24   0  24  32   1  10  39   0  41   0  42  36  41  44
  28   0  38   3  19  47  26  32   0   0  42  41  12  32   0  31  11   4   3   0   0  35   0  26   7  31  34  22  29  26  38  46  34  31  24  34   0  47  17  45  46   0  10  50   0  44   0  48  18  46   0   6  22  39   2   4   2   7   0   1   0  19   0  18   0  12   0  43   0   0   1   0   0   3  35   0  41  28
  12  47  40   0  20   0  38   1  39   9   0  30  48  23  39  22  47   0  26   6   0   0  28   0   0  27   0   0  18  48   0   0  31  29  47  40   0  10  25  19   0  47  27  35   0  20  43  44   7   5  11   6  18  32   0  27   0   0   0   3  29  21  31   3  17  39   0   0  17   0   0  34   5  31  50   0   0
   0   0   0  14   5   0  35   3  41   0  38  24  21  45  28  20  21  12  27  44   8  10  33   0  15  43  35  34  12   0  14  48  48   0  37  38  49  34   0  40  19   3   0   7   9  49  25   5   0  46  15  46  45  40  14   0  15  28   0  42  16  34  44   0  33  44   0  26  15   8  23   3   5   4   0   9
  17  10   0  50   0   0   0  44  22  43  22  36  42   0  41  23  13  47   0  21  18   0   2   9  29  18  46  24   0  39  30  47  44  30   0  26   0   1  38  10   5   0  11   0  41   0  11   0  24   0   9  46  24  13   0   6  48   0  40  21  38  25  22  22  14   0   1   1  12  28   0  19   7  32   0
   0  39  42  28  32   8  15   0  28  12   0   0  29   0   0  24  47  17  38   0  14  14   0  26  25   4  47  27  49  35   0   3  43  21  33   0   0  50  41   0  12  33  21   0  37   0   0   7   0   3  35  29  16  22  36  13  44   1   3  19   8   5  34  26  48  33   3  40   0   5   0   5  31   0
  34  25   0   3  45   7   0  31  26  16   2  39  16  13  49  50  37   0   5   0   8  23   0  19  43   8  43   0   0   0  34   0   8  25  36   4  22   0  44   0  40  38  46   0  30   0   0  21  15   0  41  23  39  50   0   4   0   0  38  25   0   0   0   0  19  23  18  34  40   0  31   0   0
  39  30  21   4  38  22  12  36  38  18   0  26  42  49  14  22  28  38  15  11  41   7   0  25  28   2  34  32  21  17  34  21  40  20   4  37  35   0  25  22   7  46  40   2  50  39  17  20  24   0  43  35  42  40  10  23  22  25  44   0  40  28  44   6  23   0  32  30  47   3   0  35
  43   0  33   1   0  24   6   7  15   6  33   3  10  36  44  18  37   4  11  18   4   0   0  35  15  39  46   0   8  31   8   9  19  14   2  14  22  19  24   2   6   0   7  49  43  29  41   2  19  41  23   2  45  50   0  40   0   0   6  15  30   0  48  11  49  11  44   0  23  10  16
   0   0  17   0  23   9  14   0   0  22   0   7  21  34   0  14  24  30   0   3   0  49   1   0   0  20  25  12  20   7  50  29  28   9  18   0   0  49  15   0  22   0   0  39  28  31   8   0  48  41  12  17  12  31  26   0  31   0  40  33  18  44  22  44  32  12  43  19  26   0
  33  41   0  34   0   0   0   0  34   0  25  14  16  14  30  43  14   5  40   7  47  26  40  41  15  24   0   9   0   1   0  21  10   0   0  26   0   0  49  33  20  29  16   0  10   0  47  11  28   0  49  16  20   2  32   0   7   0  39   4   0  18  32  21  10   0  21  10  32
  36  19  31   0  11   6  44  34   0  10  28   0   3   0  28  13  25  20  32   2  40  50   0   0   5   3   0  13  26   8  12  49  43  42   6  16   9  45   5  15   0  32  31  30  12  18   1  17  27   9  15  27  39  17  10   0   0  18  47  11  43  18  15   0  15   3  16  18
  46   0  49  38  23   1   0  48   0  26  25  30   0   0  42  50  25   0  48  16  45   0  17  14   8  23   0  22  14  37   0  43   4  11   0   0  11  48   2   0  11  24  24   0  45  41  43   6   0  15   0  11  24  39  20   2  32  46  43  12   0  28  18  31  46   8   0
   0  38  31  43   0   0  10   0  47  23  12  12  24  23  10   0  45  39  42  25  15   0  50  25   0  15  44   6  46  33   2  39   8  39  35   0  50  23  36   0  20   0   0   0  44  11  12   0  48  11   0  50  42   0  26   7  18   0   0   2  34  28  35   0   5  42
   4  38  35  15   4  16   0  17   0  19  32   3  42   4  13   6  31  36  25   6  46  37  29  26   0   4   9   0  24  30   5  47   0  43  46  32  44  32  39  35  31   0   0   0  31   0   0  14   2   0  23  45  41   6  34   0  31  23  10   0   4   0  38   3  39
  35   0  36  49   0  26  15   0  46   0   8  26   7  45   0  11   2  34   0   3   3  23   7  40  25  14  38   0   0  17   0  28   3  46   0   0   0   6   8  29  49   5  38  42  37  50   0   0  40   4   9  12   0   6  30  46  19  13  24  12  26  49  27  45
  13  48  13  18  24  37   0  30  28  25  45  10   0  21   9  40  19  23  14  10   0  27  39  18   0  25  40  26   0   0  27  26   0   0  32  18   0  35  24  47  46  28  11  50  44  46  38   2  32  42  25  34  43  12  40  41  29  39  30   1  13  15  24
  31  14  20  33   0   0  28  27  35  33  24  31   0   0   0   9  27  41  15  13   0  49  36  30  26  43  40   0   5  16  49   0   1  30  13  26  29  44  46  46  27   0  44   2   0  27  31   0  44   0   0  12   0   0  20  26  38   0   1   8  28  38
  40  11  39   1  47   0  33  17  28   0   0   3   0  29  46  18  19  38   7   0  50  48  15   7  43  24   0  17  24   2  33  40   9  29   0  45  34   8   0  48  28  46   0  32   9   0   5   0   0  21   0  20  22  24  32   0   7   0  27  36  14
   0   1  15  26   8  25  50  47   0  14  25   5  47  12  21   0  50  35  10   0  50  28  49   0  11   0   3   2  36  34  25  48   0  23   2   8  29   0  48   5   8   3  34   0  19   9  32  30  45  14  45  18  40   0   5  26   0   0   0   0
   0   5   0  29   9  37   0  12   0  43  41  12  33  36  10  42   0  17  40  49  31   0  46  45  42  39  14  36   3  35  49  29   0  34   0  33   3  18  21   0   3  15   0  39  36  45  47  27   4  11  40   5  27   0  23   0   4  15   8
   0  48  44  47  46   0  31  25  44  23   0  40   1  11  16   6  16  24   0  32  27   5   0  47  46   0  32   7   0   2  11   0   0  49  10   5  33  14  38  40  47  33  22   0  36   0   0   0   0  46  22  42   6  21   0   9  46   0
   0   0   0  36   0  21  20  15  47  45   0   0   0  23   0  18   4   5  34  32   0  14  43   0  45  49  36   6  26   0  44  15  38  22  25  40  19  45   0   0  13  37   0   0   0  11  21  43   1  39  28  46  17  36  47  29  23
  43  15  37   0  27  40  39   0   0  14   0   0  36   0  39   3  23   0  26   0  35   0  12  33  17   8  27   0   0  44  15   0  47   3  35   0   0   0   0   0   0  24  24  10  24   0   8  39   0   0   7   0  27  24  27  42
  42  33   6   4  47   0   7  28   0  24  18   0  10   7  50  36   0  43   0   0  46  28  35   5  36   5   0  24  47  22   0   0  25  27   0   0  16   0   3  37  14  30  28  46  14  17   0  50  15  25  12  11   1  36  34
  50   2   6   0   0  14  20  47  40   0  15   1   0  45   7   3  10  25   0  21  47  24   0   0   0  47  31  37   0  28  37   0   0  15   5   0   7   0   9   6  37   6  21  49  19  21   0   0  46  39  33  47  36  25
  32  34   7  17  29  13  23  13  13  42  41  42   6   0   0   2  37   4  38   9  37  43  10  13   0  36  30   0   0  33   8   3  23  45   3  11   0  15  41  12  35  25  14   0  50  22  47  45  44  44  50   3  24
  17  43   0  29   0  13   0   0  20  44   0  35   0  21   0   0  34  29   0   0  33  20   0  49   0   0  41  25   0   0  10  35  18  26  15  50   2  44  39  30  28   0   0   0  38  29  26  12  50   3   0  14
  47   6  49   4   0  25  38   0  27   5  19   0   9  26   5  20   0  28  50  21   1  13   0   0  35  50  26  13  13  24   0   5   4  12  38   0   0  31  27  35   1  10   3   0  50  26   0  43   0  12  10
  27   0   4  20   0  18  47  50  26  47   0   5  45  29  43   6   0  18  25   4  32   5   0  41   8  23  12   0  15  19  13  34   6   7   0  20  31  27   3   3  19   0   9  26  40  30   3   8  37  25
   8  36  11  49  38  33  47  30   0   5  33  16  14  38  49   0   0   0  12  21  45  13   6   8  11   0   7   3   0   5  28  13  31  25  36   3   0  48  14   7   0  32  35   0   0  12  42  15   4
   0   6  45   0  48   0  22  31  38   0  34   8  38  33  38   0  13   0  21  21   0  20  48  42   0   7  38  38  43   7   8  47  37   3  27  11  31   8  29  46  33   0  20   5  18  30  40   4
  49  19   0  15  29   0  21  20  18   9  22  23   0  39  44  28  19  14   0  40  40   0  20  13  31  27   0  38   0   0  34  17  17  35  38  11  24   0  26  37   0  50  11   9  25  31   0
   0   0  45   0   0  48  32  25  35  42  28  35   0  16   0  49  27   2  45   0   8  40  35   2   0  48   9  38   0  28  10   6  30   0  33  44  29   0   0   5  47   0  46  12   0  30
  17  45  11  28   2   0   0  19   9  36  19  37  38   2   5  49   0  45   0  45   0   0   0   0  37  19   7  24   0  31  36  47  32  35   4   5  36  22  31   0  43  45  14   0   0
  22   0  15  35  41  12   0   0  48   0   0  47   9  46   0   4  36   0  26  21  36   3  35  31  22   0   0  38   2  20  13  40  20  28   0  19  21   5   0  24  19   0   0  41
   0  23  31   3   0  47  50   2   0  45  12  27  38  30  33  38  20  29  36  48  11   0  19   8  37   9   1   0  31   0  20   0   1   0   0  22   9  26   0  45  36   8   0
   8  23   0   4  17  33  10  49   8  26   0  47  21  44  13   0  39   0  50  37  14  43   0   0  14  25  16  45  27   5   1  39  21  48  39   0  40  34   2   3  41  35
   0   0  18   0   0  19   9  32   0   0   4  49   3   0   2  36  17  15  49  40  32  23  35   7  17  26  45   0  49   1  44   9   0  24  29   0   0  25  17  39  47
   8  42  17  28  38  16   8  30  48   4  46  39  27   0   2   0   0   0  22   0  46   0  24  23  47  20   0   0  38   9   0   4  43  37   0   1  43  29   2  30
   0   0  32  23  36  28   0  11  13  42  10  19   0   4   0  26  42  25  47   7  34  20  44  42   0  22  39  49   0  47   0   0  32  38  17   0   8  22  46
  47  21  26  41  22   1  24   0   0   0  22   3   0  30  42  39   0   5  32   3   0  43  18  22  38   0   3  45   0  46  43   0   4   0  33  10  46  50
  50   5   0   2   4  25   0  41   0  11   0  10   0  35  16  18  48   0   0  44  24  23  16  45  21   7  27  42   0  46   0  14  10  12   0  21   0
   9   0  12  26  14   9  33  31   0  48  28  40   3   0  47   2  29  29  34   9  37   3  27  24   0  45  22   4  43  37  36  17   5  10  12  41
  45  31  35  46  45   0  43   0  14  18  42  42  35   0   0   1   0   9   0  48  25   0  38   0  14  38   0  37   0  16  14  33   0   0  44
  42   9   9  49   0   0  19   0   0  29  20  48  47   9  14   0   4  37  27  14   0  29  23   8   0   8  36  11  32  25   0   0   0  25
  19   2  26  35  47  32  45  21  10  32  10   0   0  15  32  12  30   0  44   7  16   0  24   7  40  23  14  48  34  19   0  32  29
  34   0  16  46  26  44   9  40  25   0  30   0  33  10  43   0  13   0   7  35   0   9  38  32  39  47  49   5  22   5   0  12
   0  32   0   0  42  25  46   7   0   0  44  43  21  23   3  13  42  44  32  44  27  42   9  10  11   3  16   0  33   7   0
  10   0   0  10   0  36   0  38   3  36  33  26   4   0   0   0  31   8  30  28   0   0   0  28  46  50  17   0  24   9
  22  35  36   0  43  40  17  47  12  19   6  20  34  36  26   0   0  10   3  21  21  33   0   0  22   0   0  26  12
  35   3  15  43  48  24   0  12  37   2  25   9  32   2   5   1  11  10  42  40  35   5  32  18  35  34   0  49
  46   0  28  12   0  41  41   0   6  25  16   0   0   0  24   8  13   0  33   0   0  21  31   0   2  39  24
   0   0  42   2  37  24  10  44  39  32  26   0  40  13  32   5  10   0  28  32  34   0  23   0  44  14
  40  20  16   0  43   8  17   4   0   0  47  38  13  26   5   0   0   0   0  34  40  33  13  11   2
  37   0   0  31   9  35   0   8  20  49  46  19  24   5   0   0   0  38   0  14  35   0  42  31
  31  38  19   7   0  10   0  48  43   0  25   9   8  41   0  39   0  20  23   0   0  22   0
  14   0  42  50  20   0   0   9  22   0  47  16  29   0  34  18   0  16   0   0  12   0
   4   7  16  36  35  20  40   3  42   7  49  33  15  22  26   0  12  34  26   0  13
  27   0  36   0  17   0  46   5  47  43  16   0  10  16  44  37  40  11  33   0
   0   4  11  23   0  30  12  30   4  22  42  32  33  30   6  19   0   1   0
   0   0  16  30  44   9  35  35  25  16   0  24  38  14  46  30  35   0
  36  23  15   2   8  11   0  49   0   0   0  38   0  10  34  14   0
  50  20  46   0  21  27  11  50  36   0   0   0   0  47  16  36
   1   0  46   3  28   0   6  45  43  47  31  40  28  50  29
   0  39   0  12   0  13   0  16  45   0  45   0   0  36
   0   0  41   0   3   8  33  24   0   7  45   0  36
  35  40   6  50  15   0  44   0   0  28   0  17
   0  24   6  27   8  44  20   0   0  38   0
  16  50   8  45  21  46   4  41  19   7
   0  28   0   0  24  39   0   0   0
  48   1   6   1  31  48   0  29
  47   0   0   0   8   2   1
  41   0  40   0  41   0
   0  30  38  11  44
   0   5  33  31
  45  25   0
   0  21
  13

 319
  13   2  22   2  24   2  25  14  10  14   3   8  11   1   3  11  13  23   3   5  15  24   1   4   2   3  18   2   5  10  24  15   5  23   1   6  10  14   6  10  20  25   1  17  12   2   8   4  21  13  22   4   8  22  16  20  11   8  18   9  24  14   3  14  25  19  25  17  18  24   8  15   7   4  11  15   6  11  25  11
