  80 
  39   0  10  20  10   9  13   8  20  24  41  16  25  44   0   0   0   0   0   2  38   0  14  20  35  17   4  17   0   0  32  39   6  11  50  48   5  48   0  45   1  32   9  21  30   0  18  24  42   0   0   7  35  18  23  50  28   0   0   0   0  44  37  26  34  25   0   0  32   1  49   0  48  44   6  11  29  39  30   0
   0  45   0  18  38   0   6  12   0   0   0  40  33   0  26   0  14  38  29  19  26  11   0   0  18  24  23  47  27  25  47   0  33   0  31  17  50  16  30   3  10  43  47  43   2  11   0   0   0   0  41  36  42  45  43  46   6  19  23   0   0   9  20  27   8   0  29  33  14  47   0   0  32   0  24  30   4   4  47
   1  33   0  45  44  28   0  44   0  23  17  23  49  34  14   0   0   0   0  23   0   1  16   0  36  18   1   1   7  30  15  22  19   4   0  44  50  48   0  16  17  35  18  40   0   0  50   8  24  12   0  34  13  25  24  19   0   0  38   0  36   0   0  37  22  50  44  33   0   4  40  18   2  31  15  11  46  34
  50  50  16  12   0  40   0   0   0  24   7  33  46  13   6   0  22   4   6  26   0  26  33  27   6  17  38   2   5   0   2   0  49  32   0   9  29  32   0  25  45  13  48  37  45  42  44  31  38  12   0   0  19   0   0  34  21   0  35  18   9  31   0  21  34  43   4   0   0   9   0  49   0  26   0  33  43
  23  19  15  19  21   0  23  49  32  37  22   4  13  44  34  21  49  10   0   3  36  48   0  25  25  35  29  46   0  14  44  19  50   0   0  50  37   0  30  16   7   0  34   1   3  21  49  20   6   2   0  11  22   0  11   3   0   6  43  45   3   7   0  37   0   6  23  38   0  42   0  44   0  16   0  28
  26  37  40  17   0  14  28   0  24   0  16   0   0  16   0  27   0  40   0   0   1  44   1  50   0   5   0   0   4   0  50   3  10   0  17   0   4  13   0  16  49  37  29  10   0  28   0  11   0  15  46   8  30   0  48   0   5  42  38   0   6   0  49   0   0  21   0  23   2  45  31  11  13  36  14
  27  11   0   6   0   0  32  42   0  22   9  36  20  41  13  44  15  28  33  12  17   0   0  30  33  17  44  47  20  28   0  38  50  40  13   0   9  24  42  49   0  28  30   8   0  40  32  40  33  24   0  33  14  21  30   0   0   0   0   0  43  28  13   0   0  11  23  12   6  25  11  44  26  42
   0   3   9  15  15  29   0  39  44  38  50  11  35  22   7  30  42   0  42  36  17  19   9  25  46   3   0  23   0  48  45  13  33  49  46   0  39   0   0  37   0  21  17   0  50   8  36   7   7  45  11  11  27  26   0   0  35  50  21   1  47  50  47  48  38  17   0  41   0  25  21   0  45
   0  10  35  20   1   0  25   0  32  12  25   6  40  47  18   0  34   0  35  48  41  22   0   0   2   0  27  39  31   0  12  34   2   0   2  42   0  37  16  47   7  34  13   0   0  35  49  24   0   0   0   0  34   0  27  48  18   0   1   0   5   0  48  15   3  42   0  27  49  38   4  15
   3  36  27  40   0   2  43  13   0   8  36  14   0  44  19  46  34   4   7  10  16  24   7  44   0  41   0   0  13   7   3   0   3  14   2  35  18  26  10   2   0  46  11   1   0   0  41   0   9  17  23  12  29  22  15   7   0   8  48  19   0  34  50  17  12   2  32  43  28  40   0
  15   0   0  49  17  44  14  37   0  17  28  22  35  19   2  44   0   0  42   7  40   8  41   0   0  34  31  30   0   9  13   0   0   0  20  30   9  44  20  12  10  37  28  31  47   0   8  26   4   7   4  44  47  39   8  11   0   0   0  48   5   0  39  28  22  30   7  45   0  21
   0   0  50  20   0   0   2  32  38  40  37   0   0   0   0  22  30   2  45  35   0  45  20  29   3   0  38   0  15  16   6  46  11  26  42  35   2  29  15  29   0  38  23  24  10  42   0  37  32  14  13  24  48   0  41  33  21   9  48  43  19  19   8  36  27  11  15   0  36
  23  31  22  10  45   0   6  36  42  44  15  46  22  45   0  16  41  10  45   4  34  30  32  31  20   1  19  29  30  48   6  28  17   0   7  16  24   0   0  20  33   0   0  22  38   8   1   5   0   0  33  39   0  16   2   0  26   0  20   7   1  21   0  18  28   6   0  30
   0  30  49  34   8  35  36  38   4   4  49  28  10  10  10   0   0  33  17   0  37   0   0  44  38  36  28   0   0  35  11  29   0   0  25   9   0   0  44  38   0  27  36  35  37  17  11  18  23  10  12   7   3  28   0  15  38   8  43  15   7   0   0  29   1  22  30
  10  20   3   0  13  19   6  37  35  37  24  23   5  25  13   0   0  24  18  29   0  21   1  27   9  28  26   0  24   0  33  13  34   2  40   0  25  16  16  17   0   5  32  20  42  31   6  23   2  40  45   0  47  35  20  36  33   8  27  11   0   0   0  25  24  16
   4  40  35   0   2  21  47  47  31  26  27   9   0  47   0   0  47   8  47  44  21   0  21  17  39  12  30  16  29  22   0   0  31  23  26   6   0  12  34  42   6  29  23  42   0  17  18   0  46  13  38  50  39   0   0  42   0   6   0   4  28  29   6   3  40
  47  27   4   5   1  17   0  12   0   5  50  47  27  12  25   0  46  32  12  34  32   9  50  10   1  20  16   0  49  37  28   0   0   0   0  35  23   0  49   0   0  26   0   0  50   0  21  30  27  35   0   0   0  33  28   7   6  10   2  40  25   0   0   4
  39   0  37  32   4   0  34   0   0  50   1  22   0  35  25  21  45  17   0  37  19  48  20  33   0  27  44   0  35  47  32  17   0   3   0  21   0  20  24   4  26  50   6  10  36  38  21   3   0  20   0  29  25  22  23  13  13  24   0   0   5  36   0
  33   0  50   6   9   0   0  45  22  34   9  39   0   0  38  15  49  13  14   1   3  30  14  41   2  20  21   3   0   0   2  50   0  34  36  18  23  34  46  14  25  23   0  18   0  19  12  36   0   0  36  23  31  41   0   0  46   3   0  34   3  27
  33  39  13  18   7  30  37  23   0   0  27   0   0  40  34   9  39  40  17   8  29   3   0   0  43   0  29   0  42  50   0  24  39  39  45  40  18  49   0  36  11  30   6   9  37  29  36  48   3  11   0   0  17  18  36   2  28   7  19   0   0
   3  46  30  16   1   0   0   0   0   8  23  23  33  36  48  27   0   0  44   0  22  15  23   3  24  26   0  14  26   0   0  31  41  50   0   0  33  42  44   0  40   0   0  37   6  44   0  21  16  19   0  13  35   0   0   1   0  43  13   0
  31  12  39  14   0   5  50   0  26  40  39   3  39   0   0  31  44  43  23  11   0  43  34  33   0   0   0   6  30  10  13   0  37  35  31  26   9  12  15  30   0   0  17  21  14  12   0   1   0  40  43  11   0  25  45  48   0   4  22
  17  18  33   0  18  14  12   0  44  29   0   0   9  17  36  42  23  43   0   2  41   7  45  44   0  49   0  23  26   0  15  42  31  12   0   3  19   5  19  12   0  17  31   0  30   0  49  32  24   5  41  45  27  12  41  19  38  42
  13   0  12  45   0  14   0  28   0   0   4   6  45   0  11   0   9  28   6  34   0  34  19  37  37  25  42  37  10   0  44  10   0   0  14  50  16   0  50   0  43  11   0  47  40  23   0   0  18  30   8   0  19  17  15   7   5
  11  15  38   7   0  28   0   0  13   0  35  10  30  18   6   0   0  17   2  47  13  24   0   0   8  31   6  29  32  20  25  41   0   2  37  29   0   9  42  14   0   0   4  16  18   0  14  24   0  44  41  37   0  33   4   6
  20  31   0   4  30  18  27  34   0  22   0  48  39   4   0   6  33  21  16  19   0   8  28   0  33   8   5  32   9  43  48   1   0   0  33  48  25  15   0   7  36  46  18  35  30  44  14  19  37  25   9   0   0  43  32
  42   0   0  29   0  24   2  14  36  45   3   0  29  30  27  25   0  32   0  19  13   2  28  42   9  42   9  25  21  23  31  34   0   0   0  41  35   2   0   0  36  46  30  46   0  20   2   0  30   0  46  29  21   0
  46  33   6  41   1  50  49   4   0  11  34  27  35  34  33   0  47  22  49   0  17  42  14  27  37   0  38   0  32  29  47  14   1  14  21   3  29   0  14  47   6  34  34  19   0  31  30  34   0  10  22  10  32
  38   0   4  47  39   0   0   0  39  35   4   5  20  33  48   0  18   0  31  16  27  36  42  44  38  26   8   0   0   0  28   4  49  12  25  17  39  30   0   0  43  48  35   0  26   0  37  22  20  38  35   5
  30  20  24   0  35   2  33  21  32   0   0  15  18  12  48   0  15  48   0  27  11  17   0  37  45   0  16   0  29  38  25   0  50  36   5   9   0  20  12  19  35  32  15  23  23  45  28  25   2  39  45
   0  46  40  49  14  46  21   0   0   6  10  26   0  30   8   1  28  10   0   0  39   4   6   0   0  50   0  39  33  31  31  34  42   0  10  37  33  15  28  25   6  17   0  13   0  29   0   0   0   1
  45  12  37  41  38  26  43   5   2  34   0  25  18  18  44   0   0   1   0  18  29  49   0  48   0  26  17  24   0  28  16   0  46  41   0  11  17  47  38  41  49  34   6  42   2  42  47  28   1
  16   0  17   0  47   1  14  37  16  46  48   0  47  34  19   0  26   3   0  45  32   2  39  38  34  14   9  32  33  31  33   4  10   0   0   0  37  23   0  17  16  12  48   8   0  10   0  40
  50  47   1  19  43  30   5  17   0   8  24   4  44   9   0   3  48   0   6  23  49   0   2   0   0  38  32   0  40   0  32  22   0  37   0   0   6  43  23  42  35  40  17   0  22  46  12
  48  13   0  17   6   0  32   0   9  40   5  19  47  42  48   4  35  40  19  38  13  41   3   0  49  34  11  15   0   0  29   0  14  19   0  37   2   0  39  16  33   3   1   0   0   6
  15  27  28   2  35  12  36  21   0   0   0  14  38   0   0  10   0  18   0  46   0  48  16   0  44   5  37   0  21  32  48  30   0  11  30  42  18   3  16  38   0  17   0  26  47
   0   0   0   0   0  33   3  27  46   0   2   0   0  19   3  48   0   6  33   0  28   0   9  40   6   0  42  49  50   0   4   0  23  44  11  10  45  46  30   9   0   9  26  37
  42   0   0  12   0  33   0  44  32  27   0   0  41   0  43  47  30   9  14  28  31   0  25  48  43  25  25  18  25  24  36  37  47   0  26  50   5  24  30  39   0   2  30
   0   0   0   0  42  29   0  31  22  34  46   3  34  39  44   0   0  43  38  37   0  30   3   0  25   0   8  23  10  18  41  17  44  42   6  47  37  45   2   0  33  47
  26   8   0  29  38   5  11  23  12  48   0  18  26  21  49   3  50  49   0   0  42  12   8   0   0  42   4   0   2  26  47  48   0   6  47   1  34  22  16  30   4
  33   0   0   8  33  24  24  26  29   8  32  30  25   3  49  50   4  40   0  47  45  42  39   0   0  17  48  49  39  11  27  17   0   0  30  24   0  30  18  16
   0   0  38  27  42   0   6  21  48  30   0   0   7   0   0  44  43  15  37   7  13   0  37  16  43  18  17   2   0  39  28  48  27   0  14  38  40   6   0
   0   7  13  15   0   5   0  29  30   0   0  36   5  32  19  12   0   0  42  34  30   4   9  46  18   2   7  14   0   0   0   0  19  18  18  47   0   0
   0  26   3   7  34   0  18   9  29   9  14   5  30  45   0   0  48  31   0  44  11  19  42  23  29  42   0  48   0  45  21  21  36   0  40  21  36
  19   3  26   0  13   2   5   0   0  31   0   0  38  45   5  24  13   0  46   9  34  19  29   0  46   0  21  42  12  37   0  41  17  18  50  31
  12   2   5   0   0   0   0   0  25   4   0   0  10   6  37  26  29  42   3  21   0   8   0  16   3   0  27  31  36  40  10  33  26   0  36
  32   1   0   0  35   3   0  50   0  50  18   8  19  28  25  32  23  10   0  50  24  10  50  38   0   0  17   0   0  15  40   0   0  48
  10  16   0   0  11  14   0  41  20  38  32  39  34  27   0  26   3   0   5  37   0   0  25  31  23   0  30  18  10  35  19   0  28
  48   5   0  13  15  38  19  26  41  30  18  48  37   1  28   0   0  38   0   3   0   6  34   0   0   0  25  41   1   0  43  31
   2  45  37  28  12  33   0  39  37  12  28   0   6   7  40  40  12  21  15   0  38   0  26  12  24  49  46  26  38  26  36
  17  37  35  49  39   6  29  30  27  18  22  28   7  33  26   0  10   0  37  35  38   0   0  27   0   0  42  32  27   0
   0  21  38   0  11   5   0   0  39  44   0   8  46  40   0   0   0   0  27  28   0  17  22   0  35   0  19  32   0
  19   0   0  39  15   0   1  28  11  19   6  24  46  23  29   3   2  37  40  30   0   0  15  13   9   0   6  12
  14  46  33  25  16  50   5  40   0   1  30   4  13   0   0   0  43  46  46  48  37   4   9  48   2  46  30
  50  28  28  18  37   7   4  32   7  29   8   0  31  26  18   9   0   0   2   6  29  26  19  33   0  28
  27  31  37   0   5  13   0  29  39  15  19  18  19  29  12   0   0  33  27  29   0   0  16  15  19
  45  24  42  40  17   0  50  36  25  11   0  10  16   0   1  11  23  16   0  19  24   3  41  44
  43   6  24   4   0   0  45  34   0   0  35  24  22   7   1  19   0  16  34   0  20   1  34
  22  21   7   3  26  15  19  35  26  30   0  35  34  26  45   0  21  14  25   3   0  19
   5  25   0  16   4   4  45  20   1  33   0  24  28  19  30  12  35  20  29   0  37
   0  48  50   0  38  42  29  11   0  30   6   0   0  24  35  36   0  35   0  50
   3  26   1   0   8   3  41   0  50  25  15   0  46  34  34   0   8   0  19
  16   0  27   0  48   2  19  32   0   0  20  24   9  14  37   5  10  27
  23  10   0   1   7  36   2  27  21  10  24  36  50  44   0   1   1
  15  32  13   0   3  23   0   7   3  21  50  29   0  29  23  48
   7  20  49  28  33  48   0  23   0  50  16   3  29   4   0
   0  44   1   0  43  14   0   0  32  39  13  46  33   0
  43  41   1   0  35  42   6   6  48   8   0   9  11
  15   0  39  48  36  21  46  38   0  48  10   0
  15   1   0  48  44  11   0   0   8  14   0
  39   0  25  27  14  15  12  36  21  43
   0  11  33  20  28  46  49  23  22
  49   1  31   5  40  42  24  34
   0  35   0  34  43  29   0
  12   6  40  18  43   0
   8   7   0   0  45
  10  18  46  16
   4   0   1
  49  33
  39

 864
  25  10  16  19  16  24  12  11  23  18   2  21  13  18  22   1  19   7   6  15  14   7  10   6  11  18   1   8  25  19  18  22   8  14   8  14  25  17  18  25   5  14  14   2  19  12   6  22  15  15  23   4  16  19   6   2  22  25  23  16   9  19  14   7  22  25   3  13  21  13   2   6  24  18  17  24   5   8  10  22
