  80 
  37  30  12  10   0  38  35  11  16   0  11   4   0  42   6  34  27  31  44   1   2  38  19   0   0   0  44   0  33   0  25  22   0  42   0   2  13  33   0  10   0  11   0  19  48   0   9  44  21  31   0  19  39  10  20  50  14  23  15  11   2   0   0   0  18  45  20   0  43  19   0   4  26   0  42  45  25  35  13  23
  33  44   0   7  45  50  48  42   0  13   0   8  40   4  44   0  19  16  28   6   2   6  13  48   0  20   0   0  48  26  44   0  42  22  14  15  30   0   6  38  35  17   0  35  50   0  47  20  21   0  31  20  47   1  38   0  37   7  40  26  37  48  41  49   0  14   0  19  15   6  12  44   0  20   0  40   0  21   4
   4   1  39   0  47  22   4  27   0   9  32  13  43   0  45  27  48  45  16  28  19  37   0  38   5   4   0  12  32  32  21   0  24  23  32  23  26  14  13   0  28  47  45   0  30   8  14  49  18   0  33   2   0  24  36   0   0  37   0  39   0   0   0   3   0   1  14  46   3  16  38  47  23  17  19   0   8   1
   7   0   0   0   0  34  28  23   0  37   0   0  22  47  14   0  22   0  42   0  22  35  37  38  15  20  26  19   0  17  29  15  16  45   0  35  30  22  50  15  46   6  32  17  18  18   0  20   4   2  22   0   0  14  48  12  40  29  21  34  32  32  10  22  45  10  13  42  29   8   4  46   0  46  42   2  29
  46   0  19  32  27  42   0  13  41   0  45  10  34  30  50   9  48  30  20  20  19   0  48  13  45  43   0   7  25  29  38  30   0   0   0   0  26  24   0   0   5   6  39   7  45  42  33   0   0   3  43  20   0  11   0  23   6   0  14  37  24   0  47   0   0   0  36   0   0  22   6   0  19   0   0   4
  45   0  13   2   0  46   0  11  26  28  36   0   0  19  33   0  40   2  45   0   0  47  15  20  22  29  16  39   0   0   6  40  42  15  39  25   0  28   7  12   6  12  17   0  37   0   0   0   0   0  23   2   0  20   0  25   2   9  16   0   0  48  24   0   1  46   4  27  19   0  33  41  40  49  36
   9   0  21  39  41  33   4   0   0  13  12   5   0   0  18   3  46  19  30  17   0   0   3   9  50   0   8  28   0  14  25  47   0  39  36  33   4   0  32  33  26   7  29   0  30   0  42   9   5  36  20  10   4  43   0   0  36  48  39   0   0   0  12  40  29  37   0  35   0  40  34   3   7   9
  42   0   8  39  25  33   0  14  38  32   0  47  18  37  42  46   0   0  18  46  40   2  14  18   3   1  29   0  47  35   0   0  50  23  33  30  38  47   0  20  13  46   4   0  22  25  18   0   0  34  43  41  50   0  12  49  39   0  18  13   0   0   6  47  27  16  25   5  14   0  35  44  48
  45   0   0  13  24  35  19  26  43  22  22  49  23  30   1  46   0  36  11  40  43  25   7  16  38  41   0  31  25  44   0  13   0   5  33  15   0   0  47  28  44  26   0  38  39  35  38  27   0   0   0   0  20   0   6   8   6  16  44  41  17   0  48   6   0  19  46   4  11  40  17  41
   5   0  40   0  49  42  46  13   0   8  23   5  44  11  18  34  14  20  29  26   0   0   0  16  42   9  25   1  30   0  34   0  38  42   2  27  48   0   4  47  24  32  36  10  34  40   0  25  40   0   0  38  45   0  27  11   4   3   0  44  14  24  42   0  40  42   0   5   0   0  49
  45   0   0   0  34   0   1  37  47   0  33   0   6   0   0  32  36  25  47  44  12   0   0   5   0   0  43  50  27  37   0   0  33  48  16   0   0  22   7   6  46  43   0  37  33   0   0   0  38   1  17   3  34  26   0  31  22   1  26  16  38   8  26  36   0  50   0   0  11  25
   0   1  49   0   8   7   5   0   0  49  14  50   0   0  25   0  22  21   0  19  19  24  35  46  37  12  50  30  26  27   0   7  11  41   1   0   0  41  46  30  31   0  44   6  35  47  24  47   0   7   0   0  24   5   9  44   0  29   0  30  31  23   8   0   0   0  32  45   0
  48  28  40  46   0   8  18  31  36  29   8  15   0  24  12  16   0  29  26  27   9  12   0   0  49  13  26  27  36  17  46  38  40  43  22  20   0  27   0   0  19  26  49   5   0  36  43   5  27  22   0  44   0  13   0  11  37  41   0   0   8  38   0   0  11  10  25  48
  25  23  17   0  35  45  26  11  34  48   0   0  28  40   0  10   0  31  22   8  40   9  40  12   0  39   0  10  35   0   0   8   3  21  12   8  18   0   0  13   0  10   0  25  40   6   0  38  32  47   0   0  46  39  12   0  34  18  16   9   0  31  14  37   0  30   0
   9   7   0  24   0  21  13   2  31  15  10   0  18  39   6   9  20  47   9  40  22  29  22  40  33   3  32  37   3   0  10  34  48  42   0   3   0   2  50  40  15  21  16   0   0  48  44  12   0   0  43   6  27  40  32   8   0  34  36   7  17  23   0   0  42  34
  36  20   9  42   0   5  40  17  39  39   0  46   0  11   0   2  32  30   0  33  23  15   3  28  32   0  10   6  16  34  41  18  26  11  34  32   0  15  17  21  42   2  21  19  46  38   0   0  28  17  23   0  41   0  44   0   1  49  34   5  22  14  11  46  14
   0  12  27   0   0  40   8   0  29  21   0  41  25  38  49   9  21   0  45   0   5  40  19   0  13  50   0  45  21  25  10  13  49  40   0   7  30  23   0   1  33  29  13  37  10  48  26  17  29  22  19  26   0  44  11  36  34  10  35  32  12  24  28   0
   0  34  12   0   4  20  50   5  45   0  31   0   0  43  21  12  30  27  50  46  33  48   0  33  17  39  43   3   0  27   5  14   0   0  42  34   3   0  39  36   0   0  39   1   2   0  12   0   0  19   4  33   6  47   0  21   0  49   4  46  33  32  17
  41   0   0   0  27   5   0   9  42   8  12  47  37  42  27  41  13  35  26  41  43   0  35  46  14  19  48  36   0   0   6   5  45  37   8  34  43   0   0  47  33  25  46   0   0   0  38  29   0  12   4   0  17   6  43  19  41  32  11  24  29  31
   0  22   8   0  18   5  48  43   2  21  41  22  31   0  43  30  12   4  19  45  50   7   0   0  24   6  34  37  23  32   7   0   0  47   0  43  41   3  17  30   1  14   6   0  12  33  15  50   0   0  35  48   0  47  48  38  42  14  26  50   0
  32  45   0   0  17   0  49   0   0  39   0   9   6  38  50  40  45   4  12   0   0   0  14  19  46  11  29  12  18  24   0  45   9   0   0  23   0  42   0   0  42  12  45  26  26  13  22  33  14   7   6  24  38   0  46  41   5  44   1   2
   0   1  32   0   9  33  21  32   0   0   0   5   0   0  22   0  41   0  29   0   0  41   0  36  11   4  39   2  10   0   3  23   0  10  44  23  36   0  47   5  36  18  10  48  44  27  17  20   4   0  44   0  38  50  13   0  45  48   9
  17   7  27   0  16  12  46   0  50   0  29  31   0  48  21   0  18   0   0   0  28   0  10  35  17  45   0  12  36  27   0  46  24  13  35  49   0   0  14   5   3   2  44  16   0   0   0   0   1   0  39  21  37  50   3  12  21   7
   1   0  35   0   7  14   0  35   4  42  45   3   7  11   0   0   3  27   9   0  10   0  18  12   0   0   0  13  49  41  32   0  31  39  18   0   0  23  27  36  26  18  27   0  37   4   0   6   5   2  24  45   0   4  10  18  16
  41  44   1   0  37  27  26   5   0  45  34  45  20   0   0  44   0   0  41   0   2   9   0  33  39  35   8  19   0   8   9   9   4  35  22  46   3  11  31   0   5  11   8  46  22   0   0   0  41   0  26   0  36  21  16   0
  19  31  46  42  44   0   0  29   0   8  16   0  23  36   5  28  32  40  13  16   7  35  46  10  32  20  46  12  47   0  31  39   0   1   4  11   0   0  29  40   0  22  47   0  29   0   0  38  12  49  37  18  46  32  17
  22  35   5  35  36  38  36  15   0   0  15   6  19  19   0  11  38  34   8  20   6  24   0   0   9  32   1  40  34   5  11  22   8  36   4  28  23   6   0  45   0  11   0   0  41  40  17  41   4  44  15   0  15  19
  50  39   9  10  17   0   3  37   0   0  29  24  49  30  38   0  28   9   0   0  16  34   0  36  17  30  33  28  19  12   2   0  16  37   5   0  15  18  10  48   0   0  13  18   8  46   0  32   1  50   6  27  10
  16   0  17  47  11   0  34   0   6  24  32   2   0  48   7  16  40   0  23  37  17  29   0  34   1  15   0  18   7   0  48  19  28  27   0  45  23  46  30   7   0  39  41  13  19  23   4  50  12  47  31   0
  45  34  31  47  39   0  24  22  13  13  25  48   0  25  11  31   0  11  15  49   0   0  12   0  20  34  19   8   0  41  35  27   0  46   0  48  44  31   0  36  13  19  49  45   0  46  32  46  16  41  42
   0   0  30   0  29  46   0   0  26  36   0   0  47   0  28  37   5  23  24  13  29   0  16   8   0  36  16  37   0  46  33  23   9   3   0  42   0   0  18   3   2  32  44  34  32  40  25  48  35   1
   0  43  13  43  15   0  20   0  14  32  26   0  21   1  29  17  18   4   0   0   0   0   0   6   0   0  49   8  19  18   8  10   0  38  50   0   6  25   1  46  50  19  32   0   0   0  48   4  11
   0   0   0  34  13   0   0  27   0  19  21  13   0  49  32  11  32  37  44   0  16  32  22  40   8  38  19  27  12  35  11  43  18   0  35   0   7  44  50   0  47  47   0  30  33  38  32  45
   0   5  15  27  29   0  24  37   0  22  28   0   0  16  35  42   0   0   0   0  26  48  29  22   1   0  19  18   8  27  36   0  15  50   0   3   0  30   4  16  10   0   0  34   0   0   0
   5  16   0  28  22  46  23   0   0  32  21  45   7   0   0  14   0   0   4   0  13  18   0   0   0  32  11   9  48   0   0   4  36   0  48   5  34  50  10  26   0  25   4  32   0   0
  43  46   8  41  33   0   0   0  27  13  11  39  48  38   0  36  34   9  37  15  47   0   0   7   0  16  12  39   1   0  15  41  16   7   3  41   0   0   0  29  24  50  19   0   0
  31   0  19  37  10  14  17  35  50  42   3  12  43  38  12   0   0  49   0  29  31  44  44  40   0   0   0   0  26  22  21   5  16   0  23   0  16  43  46  14   0  45  50   0
  44   0  46  25  36   0   0  33  20  35  47  43   8  17  12  14   0  47  13   0  32  12   0  29   0  37  30  48   0  47  43   0   0  20  38  38  45  23  45  15  45  46  29
  15   0   0   0   0  47  15  13   0   2  15  24  31   8  38  40  19  14  43   0  26  17  24   0   0   0   9  11   0  21   0   0  14  41   0   5   4  31   9   0   0  46
  16  43  39   0   8   4  41   0  25  38   0   4   0  32   0  48  18  37  32  27   0   7   0   0   0  50   0  36   0   0  22  28   0  30   0   0  30  46   7  19  46
  16  42   0  27  14  39  16   0   0  42   0  11   1  27   0   0  21   4  50  18  42  21   7  46   0  10  27  28   0  38  40  26  13  43  14   0   0   2  21  24
  45  26   0   2   0   8  37  32  44  29  37  23   0  35  24  43   0   6  16  50   0   0  10   0  12   0  33   9  20  12  28   3  37  33  10  28  12  24  48
   0   0  12   5  37   0   9   0   5   0  16  12   0  32  44  23  25  31  21  25  43   0   4  43   7  29  49   4  21  32  17  28  40   0  46   0  13   0
   0  32   0  41  29  23  40   0  16  48  34  22   0  27  34   0  16   0  18   0  20  45  38   0  14  13  14  30   0  32  22  42  31   1  13  50   0
   6   0   0  39   0  48   0   7   5  29  39   0  37  25   0  24   0  33  29   6   0  48   0   5   9  12  16   0  43  50  17  18  33   0  46   3
  21  35  18  49  12  46  41  31  14   0  30  47  30   0  32  42   6   9   0  11   0   0   0  48  37   0  49  21  18  12   0  26   0  19   0
   0  20  14   0   5  50  49   0  16  48  19   0   3  27  44   0  42   0   8  46  16  13   0  38  32  22   0   9  20  24   0  10  48   0
   0  37   0   0  15   2   0  50  12  11  15  43   0  15   1   5   1  13  28   0   0   3   0   0  48  42   0  48  34   0   0  46  20
   8  10   0  27   0   0  46  48  28   0  12  12  49  37  46   1   0   0  18  37  12  23  40  37  21   6  24   1  13  48  10   0
  13  21   2   6  39  27   0  28   6   0   0  27   0  41   5   0  26   0  32  26  35  43  10   9  30   7   0  24  47   1  34
   0   0  34  43  11  22   0  32  13   0  40   0  44  34  49  36   0  24  15  21  24   0  49   0  12   4  26  31  40  15
   8  30  22   0  19  37   0  24  50   7   0  24  15  12  36   7  47  38  12  20   0   8  34  18  22   0  32  40  28
  29   2  15   0   3  45  34  33   0  33  12  33   0   0   1  30  27  32  21  32  28   0   0  17  33   6   0  16
   8  23  32   0  29  30  40  41  32   0  37   0  38  33  16  25   0  25   4  17   3   0  41   0  46  29  47
   0  50  40  17   6  12  17  44  28  39   4  25  28  14  27   0   0  50  46  31  36   7  21  31  20  15
  41  10  11  50  43  16  40  12   0  38   0   8  35  10  12  11  26  10  29   0   0  12   0   3  38
  29  37  10  35  15  24  23  44  30  49   0  39   2  21  50   1   0  12  34   0  38  45  35  17
   0   8   0  44  45  12  47  21   0   8  22  31  40   5  21   0   0  10  37   2   0   0  28
   0   0   0   0   0  41  31  34  44  49  18  24  32   0   0  34  18  23   0  20  27  44
   0  28   0   0  31  38  19   0  44   1  35  42  26  40  27   0   0  47  11  49  45
   4   0  19  30  20   1   0   0  42  41  20   7   0   0   4   0   7  49  25  25
  49   7   0   8   0  14  28  27  15  44   0  13  45   0   5   8  45   1   0
   0   0   0  44   6   0  36  35  49  37   0   0   8  14  15  14  38   0
   0  35  18   0  34   0   0  18  47  26   9   4  30   1  36  48  39
   0  15  50  14  47   0   0   0  26  39  34   0   7  47  28  17
  22   0  27  31   0  35  48   0  21   2   0   0  33  38   0
   0   0  11  49  35   0  14  11   0  32  37   0  23   0
   0   0  21   6   9   0  19  44  17  20  49  38   0
  27  30   0  35  36  35   0  20  32  32  24  32
   0   2   1  21  44   2  10   0  23   0  31
  48  32   0   0   0  49  40  33   0  47
  30   8  15  44  26   0   0   0  48
  28   7  40  25   0   0  24  27
  34  38  42   7  26   0   5
  26  21   0  36  49  32
   0   0   0  29   0
  50  33  28   4
  42  33  40
  13  39
   0

 659
   3  14  13  11   9  23  11   7  11   2   1  17  10   6  11  10  12  15  11   4   8  21   6  20   4   8  23  10  10   4   4   6  18  24  11  18   4  25  17  23  13  22  21  12   3  10  24   2  15   3   5  23  20  17  11  10  16  20  24  17  15   3  11  20   9  25  19  13  18  10  16  14  12  24  19   1  20  22  18  21
