  80 
  42  17  41   1  46  46  22   0  15   7  12   8   0  22  15   0   0  44  15   0  23  49   0   0   4   2  15  13  15   0   0   6  38   0   7   0   1   0   0  40  25  11   0  15  18  15  12  22   0   5   3  44  41  50  34  38  36   4  34  35  33   1  24  23  14   0  38  48   2  48  30  29   6  17  15   0  21   0  19  15
  46   9  13  47  49   0  21  24   0  24  25   0   5  16  21  39   0  13  42  36  15  46   0  26  15  31  16  15  34  10  45  32  17  16   0  32   8  42   2  32  12   0  20  12  34  40   0   2   3   0   0   0   0  16   8  12   0  44  46  22   0   0  47  21  48  17   0  35  28   0  29   0   0  17   0   0  17   0  18
  15  38  18  44  31  11   0   0  34   0   0   0  25  16  18   0  13   0  45  30   4  11  14  14   0  38  12  31  27  41  37   0   0  42  35  16  31   3  10  16  33  15  35   2  41   0  30  19  32  37  17   0  38  44   0   0   1   0   0  25  26  21  22  38   0   3   0   0  12   0   5   0   0   4  11  49  34  44
  17  23   0  38  39  14   0  40  10  16  39   2   7  30   5   0  24   0  11   0  10   0   0  33  37  39   0   3   8  13  20   0  14  15  39   9  42  24  33  16   0  29   0  32  25  50   0  35  15  24  13  34   7   5  14  27  33   8  20   0   0  48  42  25  47   1  26   0   6  14   0   0  42  33  29   1  39
  26  19  22  14  21   4  11  29   0  24   0   0   0   0  11  38  31  49  28  36  25   0   1  33  10   0  42  10  34  34  19  13  41  15   9   0   0  45  15   0  45  36   2   0   5  24   0  20   0  48  42  18  42  20   0  36  49  38  46  27  17  30  27  23  37  43  19  21  47  16  24  38   0   0   0   0
  49  23  21  17  26   0  37   0   0   0  49  20  38  40   8  20  32  28  16  28  47   0  25   0  19  38  24  49  18   9  41   1  41  34  14   0  33   8  12  35  44  44  44   0   0   0  14  26  16   3   0   0   8   0   0  30  31  22  17   0  19   6  47  19  34   1  43  21  40   1  25   5   0  24  29
  28  38   0  50   4   0   5  35   0   0   0  31  31  21   7  29  45  31  45  13   5  29  28  38  28   6  35   0  49  47   0  23   6  37  12  13  31   0   0  37   0  18  47  20  15  12  22  22   8   0   8  11  15  27  12  19  33   0  48  45  46  36  29   0   3  45  27  28  46   1  40   0  25  44
  44  15  47   0   0  35  49   4   0  16   0  32   9  16   0  45   0   0  27   0  38  23  22   0  27   0   0  15   0  49  16   1  10  27   3  26  36   1  32   0   9  41  33  11  40   0  13   0  18  35   0  44   0  12  21  24   9  15  11  24  49  11  43  46   0  10   0   0  12   0  30   0   4
  24   2  21  22  26  20   1  33  17  48  45  35  28  14   0  26  39   0   0  34   0   0   0  24   3  50  24  50   0  48  19   0  14  23  35  32   0  29  32  14  29  27   9  12   0  16  36  26   2  38   9  45   5  38   0  38  35   2   6  42   0  31  37  43   9   0   0  50  25   1  27  44
  14  17   9  21   0  18   9   0   0  16  49   4   1  14   0  12  43  21   0  15  49  10   4  14  36   0  45   9   0  38   0   0   0   0   5  41  28   0   0  42   0   0   1  14  32  17  36   0   0  11   6  38  30  28   0  43  23  23   0  44   0  29   3  33  12   0  45   5   0  11  13
   0   3   3  11  50  44   9  24  39  11  46  14   0  23  32  18   0  41  28  20  12   6   0  37   0   7  27  18  24   0  47  33  18  17  43  26   3  42  40  50   0  11  19   1  16   0  16  49   9  49  25  24   0  36  41   0  47  44   2  11  23  33  25   3  45  35  48   0   0  44
   0   0  21   0  20  46   0  47  25   8  46   2  20   2  14  43   9   2  46  35  41  28   6  26  26   0   5  44   0  19  38  22  17  42  35  44   7  40  48  29  50  14  29  20  19  19   0  13  10  14   0  21   0   0   0  38   5  25   0  49  15  41  17  20   0  33   4  33   4
  20   2  16  19  49   0  26   3  22   0  42   0  37  16  49  24   2   0   0   0   1   0   6  39   0  44  45  28  40  19  25  30  23  46  11   6  41   7   0  43   0  49  17  19  37   1  11   0  34  13  49  46  20   0   6  33  21  27  29   0  40  22   9   0  35   0  42  43
  16  37  39  16   8  26  16   4   1   9   0  28  19   0  44  35   1  32  11   0  27  36   0  37  24  45   0   0   2   0  34  24  34  20  20   3  43  18  47   1  31   3   9   0   5  32   0   0   0  40  44  41   0   0   0  16   4  42  13   0  27   1   0   4  19  34  35
  42  36   0  15  33   0  29   7   0   0  42  14   0  37  13  11   0  33  38   4   1  34   0  42  33  42   0  15   8  11   0   0  19  17   0  43  44  43   0   0   7   0  31   0  49  31   0   0   3  25  33  30   4  37   0  35   0   1   0   3   0   0   1   0  36   3
  30  18   9  42  35  33  15  41   9  36   0   0   0   8   0   0  47  45  20   7   1  19  21   0   7  19  30   0   0  13  18   0   1  41   4  27  48   0   8  29  17  34   0   0  32  25  20   8   7   6  29   0  30  45   0   9  29   0  25  14  39  41  40  15  33
   0   0  46  14  47   6  45  20  44  20  26  24  26   0  14  35  10  49  29  33  32   0  12  22  26   0  18  42  18   0  40  29   0  13   0  17   7   8   7  45  20  41   7  33  19   0  26  30   0  46  10  15   6  16   7  33  31   8   9   1   0   0   8   5
   0  28   0   8   0  39   1  23  49  40   0  41  36   0  12  35   0  25  45  17  18  50  12  18  31  21   1  47  20  34  44   9  41  32  29  33  11   0   0  17  18   0  41  50  50  29   8   0   0   7   2  47   0  38   0  46   0   0  19  49  35  35  16
  48  25  23   0   0  41   0  39   0   0  10  43   4  38  30   8  40  15  40   0  28   0   0   0  16  32   0  32   9  14   0  49   0  31   0   0  21   7   0  44   0  19  17  15   0  45  47   0  22  26  26  24   0  30   2  24  25  22   5   1  49  10
  21  48  14  40  21  19  24  10  27  44  41   0  35  40  30  35   0   0  23  18  10  15  14  39  24   0   4   0   0  33  15  15  15  29   4   0  34  22  47  37  31   0  48   3  14  49  23  49   0  26  32   0  14   4   6   7  22  22  37   0  21
   0  46   6   0   0  48   0  16   8  26  27  50  29   0  26  23   0   4   1  47  22  48  48   0   0  38   0  35   4  24  28  22  20   0  15  18  46  16  14   0  16   5  44   3  12   0  39  36  20  40   4   0  49  13  42   0   0   9   0  43
  10   9  30   2  29   6  24   0  25  28   0   0   2  29  37  36   0   0   0  49  18  49   0   8   0   0  47  26   0  11   0  19  50  19  32  18  16  44  43  23   0   2  16  29   4   8  37   0  34  37  22  18  13  49   0  46  21   0  45
  13  40   0   0  18  34  44  16  11  22  42  14   0  28  44  46  19   9  17  19  41   0   6   0  50  29  47  36  41  12  47  29   0  31   7  37  33  35  16  12  50  45   5   0  17  31  35  28  16  36  39  22  49   5  25   0  23   2
   0  24  15   0  19  34   0   0  33  39  16   0  49   0   1   9  21  42  25  17  43  36   0  49  49   0  21   0   7   0   0  18   0   3  23  33  18  23  45   0  49   0   3  11  44  43  10  31  47  39   0  42  20  31  27  13  32
   6  13   9  17   0  44   5  20  10  20  22   0  29  16  48  40  32   2  28   0  20   5  16  13  11  40  17   0   9   4  19  41  24  44  22  31   0   3  40  29   0  33   0  29  31  43  21   0  14   0   1  34  12  15  48   0
   0  20   0  35  10  49   6  34   6   0  11   0  17   0  31  38   4  30  48   0  41  21  33   8  19   0  34  34  48   0  49  32  31  45  12   0   0  43   0  45  10   7  42  33   0  13  12   0   0  29  10  40   0   0  14
   0   0   0  14  20  46  42   0   0   4   0  20   0   0   0  18  15   0  23  16  16  44  43  39  17   0  35  13  44   7  33  19   0   0   0  30  16  42   2   0   0  37  23   0   0  46  47   0  40   2   6   0  37  30
  50  14  23   0   0   8  18  18  47  14   0  20  38  25  15   3  21   0  10   7  17  13  35   0  21  43   0  50  47   0   0  23  24   0  26  30  30  10  15  43  43   0  45   0   0  26  30   0   8   0   8   0  47
  40   0   0  29  50  22  48  20   0  25  47   0   0   5  33  22   0   0  20  32   0   1  42   0   0   2  23  25   0   0  22  46  35   0  48  18  31  50  45   0  28   0   0   0  27  33   0  30   0  48  26   0
  33   0  13  48  26  43  25   0   0   2  26   0  24  38  23  45   0  17  36  31   0  16  22  47  42  38  31   0  43  21  20  27  11  19  45  12  49   0  48   5  32  22  37  47  32  42  13  23   0  10  50
   0  29  39   7  17  39  36  21   0  35  43  19   7   2   0   4   8   0   0   0   7   0   8   0  10  15   8   8  12  10   0  22   0  20   4  21  17   0  16  12  35  37  37  24  39   0  39  26  45  21
  36   0   0  12  11  14  50  38  24   0   4   2  14   0  11  44  13   8   0  27  24  16   0  17  29   0  49  23   0   3  25  42   0   0  42   0   0   2   0   0  22  29  22   0   0  39  43  44   9
  30  40  27  20  33  21   2  42   5  30   0  17   0  48   0   0  50  50  28  42  38  15  34  12  29  47  33   0  29  15  23  16   0  23   0   6   0  10  13  29   6  36   3   1  32  27  32  17
  19  17   0  33  18   5   3   6  26   9  37  47   4  44  38   0   0   0  47  35  40   3  46  42  50  35  43  37  21  29  24  18  22   5   1  10  14  38   0   0   8   0   0  25  15   0   9
  45  28  17   4  26   0  44  12  49   0  10   0   0  35   0  17   5  38   0   0   0  20   0   0  49  18   0   0  45  44  30  21  25   0  34  13  11  49  34   0  48  48   0  26  42   2
   8  21   0  26  33  35   0  40  44  29  32  20  27  26  33  22   0  37  47  40  27  27   7   0  36  23  33   0  47  36   0   0   0  11  30   3  29   0   0   0  36  34  11  22  15
  32  48  30  24  32  32  31   0  32  28   0  35  25   0   4  15   5  44  40   0  23  28  39   0  36  10  21  21   0   9  28   1   4  10  31  11   5   0   0  20   0  23   4  32
  23   3   0  46   0   0   0  23  28  33  31   0  24   0   0   0   9   0   9   0  30  13  10   0   0  35   0  23  43  19   0   0  13   0  33  25  23   0   2   0  29   8   0
  24  31   2  21  23  17   2  14   0  45   0   3   0  17  43  42  38  17   0   2   0   0  14  47  46  36   0   0  15  37  26  44  48  34  26   0   4  40   6   0   0  17
   0  32   0   0  13  41  46   0  19  40  27   0  19  12   0   0  41   0  46  23   0  40   0  43   0   0  44  46   6  16   7   9  39   3  11  38   0  18  47  30  26
  12  22   6  31  16  22  42  39   0   0  15   0   4   5  37  39   0  16   0   7  31  25  29   0   6   0   1  26  14  37   5  13   0  49  39  24   0   0  43  32
  45   0   0   0  38   8   6   0  22  34   0   0  19  15   0  33   6   0  20  22   0  16  47   0   5  35  26  34   0   9  26  38  31  10   5  43  21  33  50
  34   0  29  25  42  46   0  15   0   9  42   0  14  45   0   8   0  23   0   0  32   0  45  27   6  35   1   3  15  20   0  43   0  32   9  46  39  33
  50  30  29  35  47  40  19   9   0  17  19  36   7   6   0  16   3  18  26  41  49   9   0  29   7  29  10  36   0  20   1  25   0  15  22  37  22
   0  47  49  14   3  10   5   0  37  50  15   0  22   2  11   0   0  47  43  16   0  15  25  27   9  39  30  38   0   0  49  43   7  45   0  36
  34  23  11  46   0   0   9   0  50  44  29   0  10  42   0   8  26  20   3  30  17  36  27   0  38  45  15  17   0   0  48  35  37  29  47
   0  24  15  15   3   0  32  46  39  11  43   0   0   4   0   0  25   0   0  13  21  36  29  17   0  40  29  45  42   0   0  45  25  17
  29   0  48   2  37   7  45  33   1   9  33   4  48   0  46  30   0  50   9   0  39   0  37  38   0  35   3  21  30  27  31   0   0
  25  25  27  26   0  38   5  17  50  41  37  23   5  49   0   0  25  18  39  41  50  28  26   0   3  42   0  29   0   0  39  18
  25   0   0  36  31  26   0  24  37   0   2   0  46   0  41  21  28  29  42  21  19  22  30  32  12  14  26  22  13   0   0
  11  17   0   0  39   0   0  40  34  21  13   0  21  27   1   0   0  36  21   0  47   0  31   0  25   0   0  48  42  39
  38   9   0  34   6  12   0   6  18  46  44  22  31  37   0   0  47  23  42  37   4  30  39  26  39   0  32  18   9
   0  46  30  34  40  17   5   1   7   0   0  38   0  34  22   5   0   7  44   0  23   0  17  26   9   0   0   0
  33  33  38  46  38  26   0  25  48   0   0   3  12   6  31  26  22  27  45  45  35   1   0  19   9  17  40
  34   0   0  13  45  19   0   3   0  38  14  33  19   0  14  27  28   0  35   0  31  43  36  25  17   0
   0  19   2   3  37  21   0  43   0   1  12  20   9  42  41   0   0  15   0  37  48  14   0  30   2
  35  17  12   0  42   0   0  10  40  23   1  22  24  24   4  14  25  12  42  40  46  40  10  47
  12  44  18  50  11  27  24  27  29   0   0   0  22  40  24   7   0   0  47  48  10   9  32
  20   0   0  45  35  26  23  36   0  49   0  45  37  39   0  35   0  28   0  13  10  31
  10  23  42  46  27  25   4  36  28   8  50   2  49  47  49  37  50  41  48   0   0
   0  34  13   0   0  15  33  48   0   8  47  35   0  44  40   0   5   0  12   0
  49  38   0  38   2  18  32  28  37  13  36   0   0   8  39  39  28  20  43
  49  24   0   0  22   0  34  14  19  36   0  37  34  45   7  24   6  22
   1   4  48  12   7  36   0  34   8   0  11   0  17  14  46  47  19
   0  47  19   5  18  14  36  21   6   0  35   0   3   3   5   0
   0  39  19  26  50   0   7   0  18   0  32  34   5   4  33
  48   2  41  10   0   5   0   0  33   0  33   0   0   0
   0  35  47   0  29  47  50  34  35  39   5  14  47
  17  45  32  19   0   3  23   0   9   0  39   0
  31  19  29  15  36  15  23  32  27  48  32
   0  31  35   5  43   4   5  30  17   8
   6   9  21   0   0   5   5  41   0
   7  43  23  39  50  40  19  17
   0  22   0  47  17  28   0
  11  24  17   6   0   0
   0   0   7   8  16
  46  41  44   7
  27  14  12
   0   1
   0

 618
  23   4  11   2  10   2  19  16  17   8  12   2  10   8  10   3   1   2   5  22   3  20   1   5  22  22  23  15  20  12   3  11  21  12   1   6   2  17  24  13  10  24  24   6   3  10   9  22   9  17  14  14  19   8  10   6  25  15  14   5  24  22  11  20  16   1  25  11  16  20  17   2  12  14   4  16   1  12  12  13
